User	X	Y	MouseTimeStamp	MouseDownTimeStamp	MouseUpTimeStamp	SessionID
user6	1047	82	1271989005759	0	0	873d4d9f4d98906c50618f5db3c8
user6	1043	82	1271989005770	0	0	873d4d9f4d98906c50618f5db3c8
user6	1037	85	1271989005782	0	0	873d4d9f4d98906c50618f5db3c8
user6	1028	91	1271989005794	0	0	873d4d9f4d98906c50618f5db3c8
user6	1019	100	1271989005806	0	0	873d4d9f4d98906c50618f5db3c8
user6	1008	112	1271989005819	0	0	873d4d9f4d98906c50618f5db3c8
user6	1001	123	1271989005832	0	0	873d4d9f4d98906c50618f5db3c8
user6	995	132	1271989005843	0	0	873d4d9f4d98906c50618f5db3c8
user6	992	138	1271989005855	0	0	873d4d9f4d98906c50618f5db3c8
user6	990	142	1271989005867	0	0	873d4d9f4d98906c50618f5db3c8
user6	989	145	1271989005880	0	0	873d4d9f4d98906c50618f5db3c8
user6	988	147	1271989005892	0	0	873d4d9f4d98906c50618f5db3c8
user6	988	149	1271989005905	0	0	873d4d9f4d98906c50618f5db3c8
user6	988	151	1271989005917	0	0	873d4d9f4d98906c50618f5db3c8
user6	988	153	1271989005928	0	0	873d4d9f4d98906c50618f5db3c8
user6	988	156	1271989005941	0	0	873d4d9f4d98906c50618f5db3c8
user6	988	158	1271989005953	0	0	873d4d9f4d98906c50618f5db3c8
user6	988	159	1271989005965	0	0	873d4d9f4d98906c50618f5db3c8
user6	988	160	1271989005977	0	0	873d4d9f4d98906c50618f5db3c8
user6	988	161	1271989005990	0	0	873d4d9f4d98906c50618f5db3c8
user6	988	162	1271989006001	0	0	873d4d9f4d98906c50618f5db3c8
user6	988	164	1271989006051	0	0	873d4d9f4d98906c50618f5db3c8
user6	988	165	1271989006062	0	0	873d4d9f4d98906c50618f5db3c8
user6	988	168	1271989006075	0	0	873d4d9f4d98906c50618f5db3c8
user6	988	171	1271989006087	0	0	873d4d9f4d98906c50618f5db3c8
user6	988	172	1271989006099	0	0	873d4d9f4d98906c50618f5db3c8
user6	988	173	1271989006111	0	0	873d4d9f4d98906c50618f5db3c8
user6	988	174	1271989006124	0	0	873d4d9f4d98906c50618f5db3c8
user6	988	174	1271989006330	1271989006281	1271989006330	873d4d9f4d98906c50618f5db3c8
user6	988	176	1271989012875	0	0	873d4d9f4d98906c50618f5db3c8
user6	988	179	1271989012887	0	0	873d4d9f4d98906c50618f5db3c8
user6	988	184	1271989012900	0	0	873d4d9f4d98906c50618f5db3c8
user6	986	192	1271989012913	0	0	873d4d9f4d98906c50618f5db3c8
user6	985	201	1271989012924	0	0	873d4d9f4d98906c50618f5db3c8
user6	985	208	1271989012936	0	0	873d4d9f4d98906c50618f5db3c8
user6	985	213	1271989012949	0	0	873d4d9f4d98906c50618f5db3c8
user6	985	217	1271989012961	0	0	873d4d9f4d98906c50618f5db3c8
user6	985	222	1271989012974	0	0	873d4d9f4d98906c50618f5db3c8
user6	985	226	1271989012985	0	0	873d4d9f4d98906c50618f5db3c8
user6	985	230	1271989012997	0	0	873d4d9f4d98906c50618f5db3c8
user6	985	234	1271989013010	0	0	873d4d9f4d98906c50618f5db3c8
user6	985	239	1271989013023	0	0	873d4d9f4d98906c50618f5db3c8
user6	985	244	1271989013034	0	0	873d4d9f4d98906c50618f5db3c8
user6	985	250	1271989013047	0	0	873d4d9f4d98906c50618f5db3c8
user6	985	254	1271989013058	0	0	873d4d9f4d98906c50618f5db3c8
user6	985	256	1271989013071	0	0	873d4d9f4d98906c50618f5db3c8
user6	985	258	1271989013083	0	0	873d4d9f4d98906c50618f5db3c8
user6	985	259	1271989013217	0	0	873d4d9f4d98906c50618f5db3c8
user6	985	260	1271989013242	0	0	873d4d9f4d98906c50618f5db3c8
user6	986	262	1271989013266	0	0	873d4d9f4d98906c50618f5db3c8
user6	986	264	1271989013280	0	0	873d4d9f4d98906c50618f5db3c8
user6	987	265	1271989013289	0	0	873d4d9f4d98906c50618f5db3c8
user6	988	267	1271989013302	0	0	873d4d9f4d98906c50618f5db3c8
user6	988	268	1271989013315	0	0	873d4d9f4d98906c50618f5db3c8
user6	988	269	1271989013326	0	0	873d4d9f4d98906c50618f5db3c8
user6	988	269	1271989013520	1271989013459	1271989013520	873d4d9f4d98906c50618f5db3c8
user6	987	269	1271989016522	0	0	873d4d9f4d98906c50618f5db3c8
user6	983	269	1271989016532	0	0	873d4d9f4d98906c50618f5db3c8
user6	978	269	1271989016544	0	0	873d4d9f4d98906c50618f5db3c8
user6	969	268	1271989016556	0	0	873d4d9f4d98906c50618f5db3c8
user6	957	265	1271989016568	0	0	873d4d9f4d98906c50618f5db3c8
user6	937	261	1271989016581	0	0	873d4d9f4d98906c50618f5db3c8
user6	909	253	1271989016593	0	0	873d4d9f4d98906c50618f5db3c8
user6	873	242	1271989016605	0	0	873d4d9f4d98906c50618f5db3c8
user6	834	231	1271989016618	0	0	873d4d9f4d98906c50618f5db3c8
user6	795	220	1271989016631	0	0	873d4d9f4d98906c50618f5db3c8
user6	763	206	1271989016641	0	0	873d4d9f4d98906c50618f5db3c8
user6	734	190	1271989016655	0	0	873d4d9f4d98906c50618f5db3c8
user6	711	174	1271989016667	0	0	873d4d9f4d98906c50618f5db3c8
user6	699	164	1271989016679	0	0	873d4d9f4d98906c50618f5db3c8
user6	691	155	1271989016691	0	0	873d4d9f4d98906c50618f5db3c8
user6	687	145	1271989016702	0	0	873d4d9f4d98906c50618f5db3c8
user6	687	137	1271989016716	0	0	873d4d9f4d98906c50618f5db3c8
user6	688	128	1271989016728	0	0	873d4d9f4d98906c50618f5db3c8
user6	688	129	1271989016972	0	0	873d4d9f4d98906c50618f5db3c8
user6	687	131	1271989016984	0	0	873d4d9f4d98906c50618f5db3c8
user6	682	137	1271989016996	0	0	873d4d9f4d98906c50618f5db3c8
user6	673	144	1271989017007	0	0	873d4d9f4d98906c50618f5db3c8
user6	661	154	1271989017019	0	0	873d4d9f4d98906c50618f5db3c8
user6	649	163	1271989017033	0	0	873d4d9f4d98906c50618f5db3c8
user6	639	173	1271989017045	0	0	873d4d9f4d98906c50618f5db3c8
user6	628	179	1271989017057	0	0	873d4d9f4d98906c50618f5db3c8
user6	623	183	1271989017068	0	0	873d4d9f4d98906c50618f5db3c8
user6	621	184	1271989017079	0	0	873d4d9f4d98906c50618f5db3c8
user6	620	186	1271989017092	0	0	873d4d9f4d98906c50618f5db3c8
user6	619	186	1271989017105	0	0	873d4d9f4d98906c50618f5db3c8
user6	619	185	1271989018056	0	0	873d4d9f4d98906c50618f5db3c8
user6	619	186	1271989018605	0	0	873d4d9f4d98906c50618f5db3c8
user6	618	187	1271989018629	0	0	873d4d9f4d98906c50618f5db3c8
user6	616	188	1271989018642	0	0	873d4d9f4d98906c50618f5db3c8
user6	613	189	1271989018654	0	0	873d4d9f4d98906c50618f5db3c8
user6	611	190	1271989018667	0	0	873d4d9f4d98906c50618f5db3c8
user6	609	191	1271989018678	0	0	873d4d9f4d98906c50618f5db3c8
user6	607	192	1271989018690	0	0	873d4d9f4d98906c50618f5db3c8
user6	603	193	1271989018702	0	0	873d4d9f4d98906c50618f5db3c8
user6	601	194	1271989018714	0	0	873d4d9f4d98906c50618f5db3c8
user6	600	195	1271989018727	0	0	873d4d9f4d98906c50618f5db3c8
user6	598	195	1271989018739	0	0	873d4d9f4d98906c50618f5db3c8
user6	598	196	1271989018750	0	0	873d4d9f4d98906c50618f5db3c8
user6	597	196	1271989018763	0	0	873d4d9f4d98906c50618f5db3c8
user6	597	196	1271989019896	1271989019726	1271989019896	873d4d9f4d98906c50618f5db3c8
user6	601	198	1271989027893	0	0	873d4d9f4d98906c50618f5db3c8
user6	610	201	1271989027906	0	0	873d4d9f4d98906c50618f5db3c8
user6	618	208	1271989027918	0	0	873d4d9f4d98906c50618f5db3c8
user6	624	215	1271989027930	0	0	873d4d9f4d98906c50618f5db3c8
user6	630	223	1271989027941	0	0	873d4d9f4d98906c50618f5db3c8
user6	635	230	1271989027955	0	0	873d4d9f4d98906c50618f5db3c8
user6	637	235	1271989027968	0	0	873d4d9f4d98906c50618f5db3c8
user6	639	238	1271989027977	0	0	873d4d9f4d98906c50618f5db3c8
user6	640	240	1271989027992	0	0	873d4d9f4d98906c50618f5db3c8
user6	641	241	1271989028015	0	0	873d4d9f4d98906c50618f5db3c8
user6	641	242	1271989028052	0	0	873d4d9f4d98906c50618f5db3c8
user6	641	243	1271989028075	0	0	873d4d9f4d98906c50618f5db3c8
user6	642	244	1271989028089	0	0	873d4d9f4d98906c50618f5db3c8
user6	643	246	1271989028111	0	0	873d4d9f4d98906c50618f5db3c8
user6	644	246	1271989028136	0	0	873d4d9f4d98906c50618f5db3c8
user6	644	246	1271989028355	1271989028318	1271989028355	873d4d9f4d98906c50618f5db3c8
user6	642	247	1271989031453	0	0	873d4d9f4d98906c50618f5db3c8
user6	635	248	1271989031465	0	0	873d4d9f4d98906c50618f5db3c8
user6	625	250	1271989031478	0	0	873d4d9f4d98906c50618f5db3c8
user6	613	250	1271989031490	0	0	873d4d9f4d98906c50618f5db3c8
user6	599	248	1271989031501	0	0	873d4d9f4d98906c50618f5db3c8
user6	582	240	1271989031514	0	0	873d4d9f4d98906c50618f5db3c8
user6	564	223	1271989031529	0	0	873d4d9f4d98906c50618f5db3c8
user6	549	196	1271989031537	0	0	873d4d9f4d98906c50618f5db3c8
user6	537	165	1271989031550	0	0	873d4d9f4d98906c50618f5db3c8
user6	527	124	1271989031563	0	0	873d4d9f4d98906c50618f5db3c8
user6	520	80	1271989031575	0	0	873d4d9f4d98906c50618f5db3c8
user6	514	40	1271989031588	0	0	873d4d9f4d98906c50618f5db3c8
user6	513	11	1271989031599	0	0	873d4d9f4d98906c50618f5db3c8
user6	509	5	1271989031953	0	0	873d4d9f4d98906c50618f5db3c8
user6	509	6	1271989031965	0	0	873d4d9f4d98906c50618f5db3c8
user6	509	7	1271989031978	0	0	873d4d9f4d98906c50618f5db3c8
user6	509	9	1271989032001	0	0	873d4d9f4d98906c50618f5db3c8
user6	509	10	1271989032015	0	0	873d4d9f4d98906c50618f5db3c8
user6	509	12	1271989032027	0	0	873d4d9f4d98906c50618f5db3c8
user6	509	14	1271989032037	0	0	873d4d9f4d98906c50618f5db3c8
user6	509	17	1271989032050	0	0	873d4d9f4d98906c50618f5db3c8
user6	509	20	1271989032062	0	0	873d4d9f4d98906c50618f5db3c8
user6	509	22	1271989032075	0	0	873d4d9f4d98906c50618f5db3c8
user6	509	24	1271989032087	0	0	873d4d9f4d98906c50618f5db3c8
user6	510	26	1271989032098	0	0	873d4d9f4d98906c50618f5db3c8
user6	510	27	1271989032123	0	0	873d4d9f4d98906c50618f5db3c8
user6	511	29	1271989032136	0	0	873d4d9f4d98906c50618f5db3c8
user6	517	40	1271989032344	0	0	873d4d9f4d98906c50618f5db3c8
user6	520	42	1271989032720	0	0	873d4d9f4d98906c50618f5db3c8
user6	524	43	1271989032732	0	0	873d4d9f4d98906c50618f5db3c8
user6	531	47	1271989032745	0	0	873d4d9f4d98906c50618f5db3c8
user6	538	52	1271989032757	0	0	873d4d9f4d98906c50618f5db3c8
user6	545	55	1271989032769	0	0	873d4d9f4d98906c50618f5db3c8
user6	554	58	1271989032781	0	0	873d4d9f4d98906c50618f5db3c8
user6	558	59	1271989032793	0	0	873d4d9f4d98906c50618f5db3c8
user6	563	60	1271989032805	0	0	873d4d9f4d98906c50618f5db3c8
user6	566	61	1271989032818	0	0	873d4d9f4d98906c50618f5db3c8
user6	569	61	1271989032830	0	0	873d4d9f4d98906c50618f5db3c8
user6	571	61	1271989032842	0	0	873d4d9f4d98906c50618f5db3c8
user6	573	61	1271989032854	0	0	873d4d9f4d98906c50618f5db3c8
user6	574	61	1271989032867	0	0	873d4d9f4d98906c50618f5db3c8
user6	575	61	1271989032878	0	0	873d4d9f4d98906c50618f5db3c8
user6	576	61	1271989032891	0	0	873d4d9f4d98906c50618f5db3c8
user6	578	61	1271989032904	0	0	873d4d9f4d98906c50618f5db3c8
user6	579	60	1271989032915	0	0	873d4d9f4d98906c50618f5db3c8
user6	581	60	1271989032928	0	0	873d4d9f4d98906c50618f5db3c8
user6	582	60	1271989032940	0	0	873d4d9f4d98906c50618f5db3c8
user6	584	59	1271989032951	0	0	873d4d9f4d98906c50618f5db3c8
user6	586	58	1271989032963	0	0	873d4d9f4d98906c50618f5db3c8
user6	588	57	1271989032975	0	0	873d4d9f4d98906c50618f5db3c8
user6	589	56	1271989032987	0	0	873d4d9f4d98906c50618f5db3c8
user6	591	54	1271989032999	0	0	873d4d9f4d98906c50618f5db3c8
user6	592	53	1271989033012	0	0	873d4d9f4d98906c50618f5db3c8
user6	593	52	1271989033024	0	0	873d4d9f4d98906c50618f5db3c8
user6	593	51	1271989033037	0	0	873d4d9f4d98906c50618f5db3c8
user6	594	51	1271989033050	0	0	873d4d9f4d98906c50618f5db3c8
user6	594	51	1271989034938	1271989034816	1271989034938	873d4d9f4d98906c50618f5db3c8
user6	731	18	1271989052346	0	0	873d4d9f4d98906c50618f5db3c8
user6	717	33	1271989052358	0	0	873d4d9f4d98906c50618f5db3c8
user6	703	48	1271989052371	0	0	873d4d9f4d98906c50618f5db3c8
user6	689	64	1271989052383	0	0	873d4d9f4d98906c50618f5db3c8
user6	672	82	1271989052395	0	0	873d4d9f4d98906c50618f5db3c8
user6	658	97	1271989052407	0	0	873d4d9f4d98906c50618f5db3c8
user6	645	115	1271989052419	0	0	873d4d9f4d98906c50618f5db3c8
user6	634	132	1271989052431	0	0	873d4d9f4d98906c50618f5db3c8
user6	624	148	1271989052444	0	0	873d4d9f4d98906c50618f5db3c8
user6	617	161	1271989052456	0	0	873d4d9f4d98906c50618f5db3c8
user6	612	172	1271989052468	0	0	873d4d9f4d98906c50618f5db3c8
user6	608	182	1271989052480	0	0	873d4d9f4d98906c50618f5db3c8
user6	604	191	1271989052492	0	0	873d4d9f4d98906c50618f5db3c8
user6	602	200	1271989052505	0	0	873d4d9f4d98906c50618f5db3c8
user6	601	203	1271989052517	0	0	873d4d9f4d98906c50618f5db3c8
user6	600	205	1271989052528	0	0	873d4d9f4d98906c50618f5db3c8
user6	599	206	1271989052541	0	0	873d4d9f4d98906c50618f5db3c8
user6	598	206	1271989052870	0	0	873d4d9f4d98906c50618f5db3c8
user6	594	207	1271989052882	0	0	873d4d9f4d98906c50618f5db3c8
user6	591	212	1271989052895	0	0	873d4d9f4d98906c50618f5db3c8
user6	586	220	1271989052908	0	0	873d4d9f4d98906c50618f5db3c8
user6	581	228	1271989052919	0	0	873d4d9f4d98906c50618f5db3c8
user6	574	240	1271989052932	0	0	873d4d9f4d98906c50618f5db3c8
user6	568	252	1271989052943	0	0	873d4d9f4d98906c50618f5db3c8
user6	562	263	1271989052955	0	0	873d4d9f4d98906c50618f5db3c8
user6	558	271	1271989052969	0	0	873d4d9f4d98906c50618f5db3c8
user6	555	280	1271989052980	0	0	873d4d9f4d98906c50618f5db3c8
user6	552	283	1271989052991	0	0	873d4d9f4d98906c50618f5db3c8
user6	551	286	1271989053005	0	0	873d4d9f4d98906c50618f5db3c8
user6	551	287	1271989053016	0	0	873d4d9f4d98906c50618f5db3c8
user6	550	287	1271989053066	0	0	873d4d9f4d98906c50618f5db3c8
user6	550	288	1271989053103	0	0	873d4d9f4d98906c50618f5db3c8
user6	550	289	1271989053151	0	0	873d4d9f4d98906c50618f5db3c8
user6	550	290	1271989053175	0	0	873d4d9f4d98906c50618f5db3c8
user6	549	291	1271989053188	0	0	873d4d9f4d98906c50618f5db3c8
user6	548	292	1271989053211	0	0	873d4d9f4d98906c50618f5db3c8
user6	548	292	1271989070789	1271989070681	1271989070789	873d4d9f4d98906c50618f5db3c8
user6	550	292	1271989073036	0	0	873d4d9f4d98906c50618f5db3c8
user6	553	292	1271989073047	0	0	873d4d9f4d98906c50618f5db3c8
user6	555	292	1271989073058	0	0	873d4d9f4d98906c50618f5db3c8
user6	558	292	1271989073071	0	0	873d4d9f4d98906c50618f5db3c8
user6	560	292	1271989073083	0	0	873d4d9f4d98906c50618f5db3c8
user6	562	292	1271989073095	0	0	873d4d9f4d98906c50618f5db3c8
user6	565	293	1271989073107	0	0	873d4d9f4d98906c50618f5db3c8
user6	568	293	1271989073119	0	0	873d4d9f4d98906c50618f5db3c8
user6	570	293	1271989073131	0	0	873d4d9f4d98906c50618f5db3c8
user6	573	293	1271989073144	0	0	873d4d9f4d98906c50618f5db3c8
user6	578	293	1271989073157	0	0	873d4d9f4d98906c50618f5db3c8
user6	580	293	1271989073169	0	0	873d4d9f4d98906c50618f5db3c8
user6	583	293	1271989073181	0	0	873d4d9f4d98906c50618f5db3c8
user6	584	293	1271989073192	0	0	873d4d9f4d98906c50618f5db3c8
user6	586	293	1271989073205	0	0	873d4d9f4d98906c50618f5db3c8
user6	588	293	1271989073217	0	0	873d4d9f4d98906c50618f5db3c8
user6	589	294	1271989073231	0	0	873d4d9f4d98906c50618f5db3c8
user6	590	294	1271989073242	0	0	873d4d9f4d98906c50618f5db3c8
user6	591	294	1271989073253	0	0	873d4d9f4d98906c50618f5db3c8
user6	592	294	1271989073266	0	0	873d4d9f4d98906c50618f5db3c8
user6	593	294	1271989073279	0	0	873d4d9f4d98906c50618f5db3c8
user6	594	294	1271989073291	0	0	873d4d9f4d98906c50618f5db3c8
user6	595	294	1271989073303	0	0	873d4d9f4d98906c50618f5db3c8
user6	596	294	1271989073327	0	0	873d4d9f4d98906c50618f5db3c8
user6	598	294	1271989073351	0	0	873d4d9f4d98906c50618f5db3c8
user6	599	294	1271989073375	0	0	873d4d9f4d98906c50618f5db3c8
user6	602	294	1271989073387	0	0	873d4d9f4d98906c50618f5db3c8
user6	603	295	1271989073399	0	0	873d4d9f4d98906c50618f5db3c8
user6	604	295	1271989073412	0	0	873d4d9f4d98906c50618f5db3c8
user6	607	297	1271989073425	0	0	873d4d9f4d98906c50618f5db3c8
user6	608	297	1271989073437	0	0	873d4d9f4d98906c50618f5db3c8
user6	609	299	1271989073449	0	0	873d4d9f4d98906c50618f5db3c8
user6	610	300	1271989073461	0	0	873d4d9f4d98906c50618f5db3c8
user6	611	300	1271989073473	0	0	873d4d9f4d98906c50618f5db3c8
user6	612	300	1271989073521	0	0	873d4d9f4d98906c50618f5db3c8
user6	612	300	1271989073766	1271989073704	1271989073766	873d4d9f4d98906c50618f5db3c8
user6	612	299	1271989077228	0	0	873d4d9f4d98906c50618f5db3c8
user6	617	293	1271989077251	0	0	873d4d9f4d98906c50618f5db3c8
user6	626	281	1271989077264	0	0	873d4d9f4d98906c50618f5db3c8
user6	651	252	1271989077278	0	0	873d4d9f4d98906c50618f5db3c8
user6	681	222	1271989077288	0	0	873d4d9f4d98906c50618f5db3c8
user6	718	193	1271989077301	0	0	873d4d9f4d98906c50618f5db3c8
user6	757	168	1271989077313	0	0	873d4d9f4d98906c50618f5db3c8
user6	794	149	1271989077326	0	0	873d4d9f4d98906c50618f5db3c8
user6	831	134	1271989077338	0	0	873d4d9f4d98906c50618f5db3c8
user6	868	122	1271989077349	0	0	873d4d9f4d98906c50618f5db3c8
user6	904	111	1271989077361	0	0	873d4d9f4d98906c50618f5db3c8
user6	936	106	1271989077374	0	0	873d4d9f4d98906c50618f5db3c8
user6	962	104	1271989077387	0	0	873d4d9f4d98906c50618f5db3c8
user6	985	104	1271989077398	0	0	873d4d9f4d98906c50618f5db3c8
user6	998	104	1271989077410	0	0	873d4d9f4d98906c50618f5db3c8
user6	1008	104	1271989077423	0	0	873d4d9f4d98906c50618f5db3c8
user6	1013	104	1271989077435	0	0	873d4d9f4d98906c50618f5db3c8
user6	1016	104	1271989077448	0	0	873d4d9f4d98906c50618f5db3c8
user6	1018	104	1271989077459	0	0	873d4d9f4d98906c50618f5db3c8
user6	1019	104	1271989077470	0	0	873d4d9f4d98906c50618f5db3c8
user6	1021	104	1271989077716	0	0	873d4d9f4d98906c50618f5db3c8
user6	1027	103	1271989077728	0	0	873d4d9f4d98906c50618f5db3c8
user6	1036	98	1271989077740	0	0	873d4d9f4d98906c50618f5db3c8
user6	1046	94	1271989077752	0	0	873d4d9f4d98906c50618f5db3c8
user6	1057	87	1271989077765	0	0	873d4d9f4d98906c50618f5db3c8
user6	1069	80	1271989077776	0	0	873d4d9f4d98906c50618f5db3c8
user6	1079	73	1271989077789	0	0	873d4d9f4d98906c50618f5db3c8
user6	1085	69	1271989077803	0	0	873d4d9f4d98906c50618f5db3c8
user6	1088	68	1271989077814	0	0	873d4d9f4d98906c50618f5db3c8
user6	1091	68	1271989077825	0	0	873d4d9f4d98906c50618f5db3c8
user6	1090	68	1271989077898	0	0	873d4d9f4d98906c50618f5db3c8
user6	1087	68	1271989077911	0	0	873d4d9f4d98906c50618f5db3c8
user6	1085	68	1271989077923	0	0	873d4d9f4d98906c50618f5db3c8
user6	1084	68	1271989077934	0	0	873d4d9f4d98906c50618f5db3c8
user6	1082	68	1271989077947	0	0	873d4d9f4d98906c50618f5db3c8
user6	1080	68	1271989077960	0	0	873d4d9f4d98906c50618f5db3c8
user6	1079	68	1271989077972	0	0	873d4d9f4d98906c50618f5db3c8
user6	1078	69	1271989077984	0	0	873d4d9f4d98906c50618f5db3c8
user6	1076	70	1271989077996	0	0	873d4d9f4d98906c50618f5db3c8
user6	1075	71	1271989078008	0	0	873d4d9f4d98906c50618f5db3c8
user6	1074	72	1271989078021	0	0	873d4d9f4d98906c50618f5db3c8
user6	1073	73	1271989078032	0	0	873d4d9f4d98906c50618f5db3c8
user6	1073	74	1271989078056	0	0	873d4d9f4d98906c50618f5db3c8
user6	1072	74	1271989078179	0	0	873d4d9f4d98906c50618f5db3c8
user6	1072	75	1271989078191	0	0	873d4d9f4d98906c50618f5db3c8
user6	1072	77	1271989079226	0	0	873d4d9f4d98906c50618f5db3c8
user6	1073	78	1271989079239	0	0	873d4d9f4d98906c50618f5db3c8
user6	1073	79	1271989079251	0	0	873d4d9f4d98906c50618f5db3c8
user6	1073	81	1271989079263	0	0	873d4d9f4d98906c50618f5db3c8
user6	1071	82	1271989079276	0	0	873d4d9f4d98906c50618f5db3c8
user6	1056	92	1271989079289	0	0	873d4d9f4d98906c50618f5db3c8
user6	1010	118	1271989079302	0	0	873d4d9f4d98906c50618f5db3c8
user6	945	144	1271989079313	0	0	873d4d9f4d98906c50618f5db3c8
user6	873	170	1271989079324	0	0	873d4d9f4d98906c50618f5db3c8
user6	798	194	1271989079337	0	0	873d4d9f4d98906c50618f5db3c8
user6	721	207	1271989079350	0	0	873d4d9f4d98906c50618f5db3c8
user6	652	212	1271989079362	0	0	873d4d9f4d98906c50618f5db3c8
user6	590	208	1271989079373	0	0	873d4d9f4d98906c50618f5db3c8
user6	542	190	1271989079386	0	0	873d4d9f4d98906c50618f5db3c8
user6	509	170	1271989079400	0	0	873d4d9f4d98906c50618f5db3c8
user6	485	146	1271989079411	0	0	873d4d9f4d98906c50618f5db3c8
user6	473	127	1271989079423	0	0	873d4d9f4d98906c50618f5db3c8
user6	468	116	1271989079434	0	0	873d4d9f4d98906c50618f5db3c8
user6	466	110	1271989079447	0	0	873d4d9f4d98906c50618f5db3c8
user6	466	107	1271989079458	0	0	873d4d9f4d98906c50618f5db3c8
user6	470	104	1271989079471	0	0	873d4d9f4d98906c50618f5db3c8
user6	483	101	1271989079483	0	0	873d4d9f4d98906c50618f5db3c8
user6	484	101	1271989079581	0	0	873d4d9f4d98906c50618f5db3c8
user6	486	101	1271989079593	0	0	873d4d9f4d98906c50618f5db3c8
user6	488	100	1271989079605	0	0	873d4d9f4d98906c50618f5db3c8
user6	490	99	1271989079618	0	0	873d4d9f4d98906c50618f5db3c8
user6	493	97	1271989079629	0	0	873d4d9f4d98906c50618f5db3c8
user6	496	96	1271989079642	0	0	873d4d9f4d98906c50618f5db3c8
user6	498	95	1271989079654	0	0	873d4d9f4d98906c50618f5db3c8
user6	500	94	1271989079667	0	0	873d4d9f4d98906c50618f5db3c8
user6	502	93	1271989079679	0	0	873d4d9f4d98906c50618f5db3c8
user6	504	91	1271989079690	0	0	873d4d9f4d98906c50618f5db3c8
user6	506	90	1271989079702	0	0	873d4d9f4d98906c50618f5db3c8
user6	509	85	1271989079715	0	0	873d4d9f4d98906c50618f5db3c8
user6	513	78	1271989079727	0	0	873d4d9f4d98906c50618f5db3c8
user6	519	69	1271989079739	0	0	873d4d9f4d98906c50618f5db3c8
user6	524	60	1271989079752	0	0	873d4d9f4d98906c50618f5db3c8
user6	531	53	1271989079763	0	0	873d4d9f4d98906c50618f5db3c8
user6	535	47	1271989079776	0	0	873d4d9f4d98906c50618f5db3c8
user6	540	43	1271989079787	0	0	873d4d9f4d98906c50618f5db3c8
user6	546	41	1271989079801	0	0	873d4d9f4d98906c50618f5db3c8
user6	552	39	1271989079812	0	0	873d4d9f4d98906c50618f5db3c8
user6	559	39	1271989079825	0	0	873d4d9f4d98906c50618f5db3c8
user6	564	39	1271989079836	0	0	873d4d9f4d98906c50618f5db3c8
user6	571	40	1271989079849	0	0	873d4d9f4d98906c50618f5db3c8
user6	576	41	1271989079862	0	0	873d4d9f4d98906c50618f5db3c8
user6	579	42	1271989079874	0	0	873d4d9f4d98906c50618f5db3c8
user6	583	44	1271989079885	0	0	873d4d9f4d98906c50618f5db3c8
user6	584	46	1271989079898	0	0	873d4d9f4d98906c50618f5db3c8
user6	585	46	1271989079911	0	0	873d4d9f4d98906c50618f5db3c8
user6	586	47	1271989079923	0	0	873d4d9f4d98906c50618f5db3c8
user6	587	49	1271989079946	0	0	873d4d9f4d98906c50618f5db3c8
user6	588	49	1271989079959	0	0	873d4d9f4d98906c50618f5db3c8
user6	590	49	1271989079971	0	0	873d4d9f4d98906c50618f5db3c8
user6	591	50	1271989079983	0	0	873d4d9f4d98906c50618f5db3c8
user6	593	51	1271989079995	0	0	873d4d9f4d98906c50618f5db3c8
user6	595	51	1271989080008	0	0	873d4d9f4d98906c50618f5db3c8
user6	597	52	1271989080020	0	0	873d4d9f4d98906c50618f5db3c8
user6	598	52	1271989080032	0	0	873d4d9f4d98906c50618f5db3c8
user6	601	53	1271989080043	0	0	873d4d9f4d98906c50618f5db3c8
user6	603	54	1271989080056	0	0	873d4d9f4d98906c50618f5db3c8
user6	604	54	1271989080069	0	0	873d4d9f4d98906c50618f5db3c8
user6	606	54	1271989080081	0	0	873d4d9f4d98906c50618f5db3c8
user6	607	54	1271989080093	0	0	873d4d9f4d98906c50618f5db3c8
user6	608	54	1271989080105	0	0	873d4d9f4d98906c50618f5db3c8
user6	609	54	1271989080130	0	0	873d4d9f4d98906c50618f5db3c8
user6	608	54	1271989080909	0	0	873d4d9f4d98906c50618f5db3c8
user6	607	54	1271989080934	0	0	873d4d9f4d98906c50618f5db3c8
user6	605	54	1271989080945	0	0	873d4d9f4d98906c50618f5db3c8
user6	603	56	1271989080958	0	0	873d4d9f4d98906c50618f5db3c8
user6	601	57	1271989080971	0	0	873d4d9f4d98906c50618f5db3c8
user6	597	60	1271989080983	0	0	873d4d9f4d98906c50618f5db3c8
user6	591	63	1271989080995	0	0	873d4d9f4d98906c50618f5db3c8
user6	585	66	1271989081007	0	0	873d4d9f4d98906c50618f5db3c8
user6	579	69	1271989081020	0	0	873d4d9f4d98906c50618f5db3c8
user6	573	71	1271989081032	0	0	873d4d9f4d98906c50618f5db3c8
user6	569	71	1271989081044	0	0	873d4d9f4d98906c50618f5db3c8
user6	565	71	1271989081056	0	0	873d4d9f4d98906c50618f5db3c8
user6	561	71	1271989081069	0	0	873d4d9f4d98906c50618f5db3c8
user6	557	70	1271989081080	0	0	873d4d9f4d98906c50618f5db3c8
user6	554	69	1271989081092	0	0	873d4d9f4d98906c50618f5db3c8
user6	551	68	1271989081106	0	0	873d4d9f4d98906c50618f5db3c8
user6	549	68	1271989081118	0	0	873d4d9f4d98906c50618f5db3c8
user6	547	67	1271989081132	0	0	873d4d9f4d98906c50618f5db3c8
user6	547	66	1271989081153	0	0	873d4d9f4d98906c50618f5db3c8
user6	547	65	1271989081275	0	0	873d4d9f4d98906c50618f5db3c8
user6	546	65	1271989081299	0	0	873d4d9f4d98906c50618f5db3c8
user6	545	64	1271989081361	0	0	873d4d9f4d98906c50618f5db3c8
user6	545	63	1271989081372	0	0	873d4d9f4d98906c50618f5db3c8
user6	544	63	1271989081385	0	0	873d4d9f4d98906c50618f5db3c8
user6	544	62	1271989081397	0	0	873d4d9f4d98906c50618f5db3c8
user6	543	62	1271989081422	0	0	873d4d9f4d98906c50618f5db3c8
user6	543	62	1271989081677	1271989081629	1271989081677	873d4d9f4d98906c50618f5db3c8
