User	X	Y	MouseTimeStamp	MouseDownTimeStamp	MouseUpTimeStamp	SessionID
user6	638	113	1271809417664	0	0	dbf3a5c1cfc503719bd1742f93f8
user6	641	110	1271809417676	0	0	dbf3a5c1cfc503719bd1742f93f8
user6	651	104	1271809417688	0	0	dbf3a5c1cfc503719bd1742f93f8
user6	931	159	1271809417822	0	0	dbf3a5c1cfc503719bd1742f93f8
user6	952	177	1271809417824	0	0	dbf3a5c1cfc503719bd1742f93f8
user6	965	190	1271809417836	0	0	dbf3a5c1cfc503719bd1742f93f8
user6	976	207	1271809417848	0	0	dbf3a5c1cfc503719bd1742f93f8
user6	985	220	1271809417861	0	0	dbf3a5c1cfc503719bd1742f93f8
user6	988	233	1271809417872	0	0	dbf3a5c1cfc503719bd1742f93f8
user6	990	243	1271809417884	0	0	dbf3a5c1cfc503719bd1742f93f8
user6	990	251	1271809417896	0	0	dbf3a5c1cfc503719bd1742f93f8
user6	989	259	1271809417909	0	0	dbf3a5c1cfc503719bd1742f93f8
user6	984	263	1271809417920	0	0	dbf3a5c1cfc503719bd1742f93f8
user6	977	267	1271809417935	0	0	dbf3a5c1cfc503719bd1742f93f8
user6	975	267	1271809418104	0	0	dbf3a5c1cfc503719bd1742f93f8
user6	970	267	1271809418116	0	0	dbf3a5c1cfc503719bd1742f93f8
user6	962	267	1271809418128	0	0	dbf3a5c1cfc503719bd1742f93f8
user6	954	268	1271809418141	0	0	dbf3a5c1cfc503719bd1742f93f8
user6	944	268	1271809418152	0	0	dbf3a5c1cfc503719bd1742f93f8
user6	935	269	1271809418165	0	0	dbf3a5c1cfc503719bd1742f93f8
user6	926	272	1271809418177	0	0	dbf3a5c1cfc503719bd1742f93f8
user6	918	274	1271809418189	0	0	dbf3a5c1cfc503719bd1742f93f8
user6	912	276	1271809418201	0	0	dbf3a5c1cfc503719bd1742f93f8
user6	906	279	1271809418214	0	0	dbf3a5c1cfc503719bd1742f93f8
user6	900	282	1271809418225	0	0	dbf3a5c1cfc503719bd1742f93f8
user6	895	287	1271809418238	0	0	dbf3a5c1cfc503719bd1742f93f8
user6	892	290	1271809418250	0	0	dbf3a5c1cfc503719bd1742f93f8
user6	889	294	1271809418263	0	0	dbf3a5c1cfc503719bd1742f93f8
user6	888	295	1271809418274	0	0	dbf3a5c1cfc503719bd1742f93f8
user6	887	296	1271809418286	0	0	dbf3a5c1cfc503719bd1742f93f8
user6	886	296	1271809418725	0	0	dbf3a5c1cfc503719bd1742f93f8
user6	883	297	1271809418737	0	0	dbf3a5c1cfc503719bd1742f93f8
user6	877	299	1271809418750	0	0	dbf3a5c1cfc503719bd1742f93f8
user6	872	301	1271809418762	0	0	dbf3a5c1cfc503719bd1742f93f8
user6	864	304	1271809418773	0	0	dbf3a5c1cfc503719bd1742f93f8
user6	855	306	1271809418787	0	0	dbf3a5c1cfc503719bd1742f93f8
user6	848	310	1271809418798	0	0	dbf3a5c1cfc503719bd1742f93f8
user6	839	314	1271809418811	0	0	dbf3a5c1cfc503719bd1742f93f8
user6	832	317	1271809418823	0	0	dbf3a5c1cfc503719bd1742f93f8
user6	826	320	1271809418834	0	0	dbf3a5c1cfc503719bd1742f93f8
user6	821	321	1271809418847	0	0	dbf3a5c1cfc503719bd1742f93f8
user6	817	323	1271809418859	0	0	dbf3a5c1cfc503719bd1742f93f8
user6	814	325	1271809418871	0	0	dbf3a5c1cfc503719bd1742f93f8
user6	812	326	1271809418884	0	0	dbf3a5c1cfc503719bd1742f93f8
user6	811	327	1271809418895	0	0	dbf3a5c1cfc503719bd1742f93f8
user6	810	328	1271809418908	0	0	dbf3a5c1cfc503719bd1742f93f8
user6	809	328	1271809419944	0	0	dbf3a5c1cfc503719bd1742f93f8
user6	810	328	1271809420139	0	0	dbf3a5c1cfc503719bd1742f93f8
user6	818	318	1271809420151	0	0	dbf3a5c1cfc503719bd1742f93f8
user6	846	286	1271809420163	0	0	dbf3a5c1cfc503719bd1742f93f8
user6	876	256	1271809420176	0	0	dbf3a5c1cfc503719bd1742f93f8
user6	907	234	1271809420188	0	0	dbf3a5c1cfc503719bd1742f93f8
user6	945	214	1271809420200	0	0	dbf3a5c1cfc503719bd1742f93f8
user6	987	198	1271809420214	0	0	dbf3a5c1cfc503719bd1742f93f8
user6	1030	191	1271809420225	0	0	dbf3a5c1cfc503719bd1742f93f8
user6	1077	191	1271809420237	0	0	dbf3a5c1cfc503719bd1742f93f8
user6	1126	195	1271809420248	0	0	dbf3a5c1cfc503719bd1742f93f8
user6	1173	207	1271809420261	0	0	dbf3a5c1cfc503719bd1742f93f8
user6	1212	218	1271809420273	0	0	dbf3a5c1cfc503719bd1742f93f8
user6	1240	228	1271809420285	0	0	dbf3a5c1cfc503719bd1742f93f8
user6	1261	237	1271809420298	0	0	dbf3a5c1cfc503719bd1742f93f8
user6	1273	242	1271809420309	0	0	dbf3a5c1cfc503719bd1742f93f8
user6	1283	246	1271809420323	0	0	dbf3a5c1cfc503719bd1742f93f8
user6	1291	249	1271809420334	0	0	dbf3a5c1cfc503719bd1742f93f8
user6	1294	251	1271809420346	0	0	dbf3a5c1cfc503719bd1742f93f8
user6	1295	252	1271809420359	0	0	dbf3a5c1cfc503719bd1742f93f8
user6	1292	253	1271809420382	0	0	dbf3a5c1cfc503719bd1742f93f8
user6	1292	252	1271809420626	0	0	dbf3a5c1cfc503719bd1742f93f8
user6	1293	250	1271809420650	0	0	dbf3a5c1cfc503719bd1742f93f8
user6	1299	247	1271809420663	0	0	dbf3a5c1cfc503719bd1742f93f8
user6	1308	241	1271809420676	0	0	dbf3a5c1cfc503719bd1742f93f8
user6	1321	234	1271809420688	0	0	dbf3a5c1cfc503719bd1742f93f8
user6	1342	222	1271809420699	0	0	dbf3a5c1cfc503719bd1742f93f8
user6	1365	210	1271809420712	0	0	dbf3a5c1cfc503719bd1742f93f8
user6	1365	199	1271809420724	0	0	dbf3a5c1cfc503719bd1742f93f8
user6	1365	192	1271809420736	0	0	dbf3a5c1cfc503719bd1742f93f8
user6	1365	185	1271809420749	0	0	dbf3a5c1cfc503719bd1742f93f8
user6	1365	180	1271809420761	0	0	dbf3a5c1cfc503719bd1742f93f8
user6	1365	177	1271809420772	0	0	dbf3a5c1cfc503719bd1742f93f8
user6	1365	174	1271809420785	0	0	dbf3a5c1cfc503719bd1742f93f8
user6	1365	172	1271809420797	0	0	dbf3a5c1cfc503719bd1742f93f8
user6	1365	174	1271809420821	0	0	dbf3a5c1cfc503719bd1742f93f8
user6	1365	175	1271809421345	0	0	dbf3a5c1cfc503719bd1742f93f8
user6	1365	177	1271809421372	0	0	dbf3a5c1cfc503719bd1742f93f8
user6	1365	178	1271809421383	0	0	dbf3a5c1cfc503719bd1742f93f8
user6	1365	180	1271809421395	0	0	dbf3a5c1cfc503719bd1742f93f8
user6	1365	181	1271809421406	0	0	dbf3a5c1cfc503719bd1742f93f8
user6	1364	182	1271809421418	0	0	dbf3a5c1cfc503719bd1742f93f8
user6	1364	184	1271809421431	0	0	dbf3a5c1cfc503719bd1742f93f8
user6	1364	185	1271809421443	0	0	dbf3a5c1cfc503719bd1742f93f8
user6	1364	187	1271809421467	0	0	dbf3a5c1cfc503719bd1742f93f8
user6	1364	189	1271809421481	0	0	dbf3a5c1cfc503719bd1742f93f8
user6	1364	190	1271809421492	0	0	dbf3a5c1cfc503719bd1742f93f8
user6	1364	192	1271809421504	0	0	dbf3a5c1cfc503719bd1742f93f8
user6	1364	195	1271809421516	0	0	dbf3a5c1cfc503719bd1742f93f8
user6	1364	196	1271809421528	0	0	dbf3a5c1cfc503719bd1742f93f8
user6	1364	197	1271809421541	0	0	dbf3a5c1cfc503719bd1742f93f8
user6	1364	198	1271809421553	0	0	dbf3a5c1cfc503719bd1742f93f8
user6	1364	199	1271809421565	0	0	dbf3a5c1cfc503719bd1742f93f8
user6	1364	200	1271809421577	0	0	dbf3a5c1cfc503719bd1742f93f8
user6	1364	201	1271809421601	0	0	dbf3a5c1cfc503719bd1742f93f8
user6	1364	202	1271809421625	0	0	dbf3a5c1cfc503719bd1742f93f8
user6	1364	203	1271809421638	0	0	dbf3a5c1cfc503719bd1742f93f8
user6	1364	204	1271809421651	0	0	dbf3a5c1cfc503719bd1742f93f8
user6	1364	206	1271809421674	0	0	dbf3a5c1cfc503719bd1742f93f8
user6	1364	207	1271809421699	0	0	dbf3a5c1cfc503719bd1742f93f8
user6	1364	208	1271809421724	0	0	dbf3a5c1cfc503719bd1742f93f8
user6	1364	208	1271809421809	1271809421272	1271809421809	dbf3a5c1cfc503719bd1742f93f8
user6	1363	208	1271809430535	0	0	dbf3a5c1cfc503719bd1742f93f8
user6	1362	206	1271809430683	0	0	dbf3a5c1cfc503719bd1742f93f8
user6	1362	201	1271809430710	0	0	dbf3a5c1cfc503719bd1742f93f8
user6	1362	200	1271809430719	0	0	dbf3a5c1cfc503719bd1742f93f8
user6	1362	199	1271809430730	0	0	dbf3a5c1cfc503719bd1742f93f8
user6	1362	198	1271809430743	0	0	dbf3a5c1cfc503719bd1742f93f8
user6	1362	197	1271809430756	0	0	dbf3a5c1cfc503719bd1742f93f8
user6	1362	196	1271809430768	0	0	dbf3a5c1cfc503719bd1742f93f8
user6	1362	195	1271809430780	0	0	dbf3a5c1cfc503719bd1742f93f8
user6	1362	194	1271809430792	0	0	dbf3a5c1cfc503719bd1742f93f8
user6	1362	193	1271809430804	0	0	dbf3a5c1cfc503719bd1742f93f8
user6	1362	192	1271809430817	0	0	dbf3a5c1cfc503719bd1742f93f8
user6	1362	190	1271809430829	0	0	dbf3a5c1cfc503719bd1742f93f8
user6	1362	188	1271809430841	0	0	dbf3a5c1cfc503719bd1742f93f8
user6	1362	185	1271809430853	0	0	dbf3a5c1cfc503719bd1742f93f8
user6	1362	182	1271809430864	0	0	dbf3a5c1cfc503719bd1742f93f8
user6	1362	180	1271809430877	0	0	dbf3a5c1cfc503719bd1742f93f8
user6	1362	178	1271809430889	0	0	dbf3a5c1cfc503719bd1742f93f8
user6	1362	177	1271809430901	0	0	dbf3a5c1cfc503719bd1742f93f8
user6	1362	176	1271809430913	0	0	dbf3a5c1cfc503719bd1742f93f8
user6	1362	175	1271809430925	0	0	dbf3a5c1cfc503719bd1742f93f8
user6	1362	174	1271809431011	0	0	dbf3a5c1cfc503719bd1742f93f8
user6	1362	174	1271809431048	1271809430670	1271809431048	dbf3a5c1cfc503719bd1742f93f8
user6	1357	175	1271809431462	0	0	dbf3a5c1cfc503719bd1742f93f8
user6	1346	179	1271809431474	0	0	dbf3a5c1cfc503719bd1742f93f8
user6	1327	186	1271809431486	0	0	dbf3a5c1cfc503719bd1742f93f8
user6	1296	198	1271809431499	0	0	dbf3a5c1cfc503719bd1742f93f8
user6	1262	211	1271809431511	0	0	dbf3a5c1cfc503719bd1742f93f8
user6	1231	221	1271809431523	0	0	dbf3a5c1cfc503719bd1742f93f8
user6	1205	233	1271809431535	0	0	dbf3a5c1cfc503719bd1742f93f8
user6	1178	244	1271809431547	0	0	dbf3a5c1cfc503719bd1742f93f8
user6	1157	256	1271809431559	0	0	dbf3a5c1cfc503719bd1742f93f8
user6	1140	266	1271809431573	0	0	dbf3a5c1cfc503719bd1742f93f8
user6	1126	275	1271809431585	0	0	dbf3a5c1cfc503719bd1742f93f8
user6	1116	282	1271809431597	0	0	dbf3a5c1cfc503719bd1742f93f8
user6	1110	288	1271809431609	0	0	dbf3a5c1cfc503719bd1742f93f8
user6	1104	292	1271809431622	0	0	dbf3a5c1cfc503719bd1742f93f8
user6	1100	296	1271809431633	0	0	dbf3a5c1cfc503719bd1742f93f8
user6	1097	298	1271809431645	0	0	dbf3a5c1cfc503719bd1742f93f8
user6	1092	300	1271809431986	0	0	dbf3a5c1cfc503719bd1742f93f8
user6	1087	302	1271809431998	0	0	dbf3a5c1cfc503719bd1742f93f8
user6	1082	305	1271809432011	0	0	dbf3a5c1cfc503719bd1742f93f8
user6	1078	307	1271809432022	0	0	dbf3a5c1cfc503719bd1742f93f8
user6	1074	309	1271809432035	0	0	dbf3a5c1cfc503719bd1742f93f8
user6	1071	310	1271809432048	0	0	dbf3a5c1cfc503719bd1742f93f8
user6	1069	311	1271809432060	0	0	dbf3a5c1cfc503719bd1742f93f8
user6	1067	312	1271809432072	0	0	dbf3a5c1cfc503719bd1742f93f8
user6	1067	313	1271809432145	0	0	dbf3a5c1cfc503719bd1742f93f8
user6	1066	313	1271809432309	0	0	dbf3a5c1cfc503719bd1742f93f8
user6	1065	313	1271809435874	0	0	dbf3a5c1cfc503719bd1742f93f8
user6	1062	313	1271809435887	0	0	dbf3a5c1cfc503719bd1742f93f8
user6	1059	313	1271809435897	0	0	dbf3a5c1cfc503719bd1742f93f8
user6	1052	306	1271809435912	0	0	dbf3a5c1cfc503719bd1742f93f8
user6	1046	296	1271809435923	0	0	dbf3a5c1cfc503719bd1742f93f8
user6	1035	277	1271809435937	0	0	dbf3a5c1cfc503719bd1742f93f8
user6	1022	253	1271809435952	0	0	dbf3a5c1cfc503719bd1742f93f8
user6	1011	222	1271809435960	0	0	dbf3a5c1cfc503719bd1742f93f8
user6	1003	194	1271809435973	0	0	dbf3a5c1cfc503719bd1742f93f8
user6	997	172	1271809435985	0	0	dbf3a5c1cfc503719bd1742f93f8
user6	995	158	1271809435998	0	0	dbf3a5c1cfc503719bd1742f93f8
user6	993	148	1271809436009	0	0	dbf3a5c1cfc503719bd1742f93f8
user6	993	143	1271809436021	0	0	dbf3a5c1cfc503719bd1742f93f8
user6	992	139	1271809436033	0	0	dbf3a5c1cfc503719bd1742f93f8
user6	992	137	1271809436045	0	0	dbf3a5c1cfc503719bd1742f93f8
user6	992	135	1271809436057	0	0	dbf3a5c1cfc503719bd1742f93f8
user6	994	133	1271809436070	0	0	dbf3a5c1cfc503719bd1742f93f8
user6	999	132	1271809436082	0	0	dbf3a5c1cfc503719bd1742f93f8
user6	1002	132	1271809436093	0	0	dbf3a5c1cfc503719bd1742f93f8
user6	1004	132	1271809436106	0	0	dbf3a5c1cfc503719bd1742f93f8
user6	1001	135	1271809436326	0	0	dbf3a5c1cfc503719bd1742f93f8
user6	997	139	1271809436337	0	0	dbf3a5c1cfc503719bd1742f93f8
user6	993	142	1271809436351	0	0	dbf3a5c1cfc503719bd1742f93f8
user6	988	149	1271809436362	0	0	dbf3a5c1cfc503719bd1742f93f8
user6	984	154	1271809436373	0	0	dbf3a5c1cfc503719bd1742f93f8
user6	980	160	1271809436386	0	0	dbf3a5c1cfc503719bd1742f93f8
user6	977	165	1271809436400	0	0	dbf3a5c1cfc503719bd1742f93f8
user6	974	167	1271809436412	0	0	dbf3a5c1cfc503719bd1742f93f8
user6	972	170	1271809436424	0	0	dbf3a5c1cfc503719bd1742f93f8
user6	970	173	1271809436435	0	0	dbf3a5c1cfc503719bd1742f93f8
user6	969	175	1271809436448	0	0	dbf3a5c1cfc503719bd1742f93f8
user6	967	178	1271809436460	0	0	dbf3a5c1cfc503719bd1742f93f8
user6	966	182	1271809436472	0	0	dbf3a5c1cfc503719bd1742f93f8
user6	965	183	1271809436484	0	0	dbf3a5c1cfc503719bd1742f93f8
user6	965	184	1271809436496	0	0	dbf3a5c1cfc503719bd1742f93f8
user6	965	183	1271809436825	0	0	dbf3a5c1cfc503719bd1742f93f8
user6	965	182	1271809436838	0	0	dbf3a5c1cfc503719bd1742f93f8
user6	965	180	1271809436850	0	0	dbf3a5c1cfc503719bd1742f93f8
user6	965	178	1271809436862	0	0	dbf3a5c1cfc503719bd1742f93f8
user6	965	177	1271809436875	0	0	dbf3a5c1cfc503719bd1742f93f8
user6	965	176	1271809436889	0	0	dbf3a5c1cfc503719bd1742f93f8
user6	965	176	1271809437691	1271809437532	1271809437691	dbf3a5c1cfc503719bd1742f93f8
user6	967	176	1271809440897	0	0	dbf3a5c1cfc503719bd1742f93f8
user6	970	176	1271809440908	0	0	dbf3a5c1cfc503719bd1742f93f8
user6	971	176	1271809440921	0	0	dbf3a5c1cfc503719bd1742f93f8
user6	974	176	1271809440933	0	0	dbf3a5c1cfc503719bd1742f93f8
user6	975	176	1271809440945	0	0	dbf3a5c1cfc503719bd1742f93f8
user6	976	176	1271809440958	0	0	dbf3a5c1cfc503719bd1742f93f8
user6	977	176	1271809440970	0	0	dbf3a5c1cfc503719bd1742f93f8
user6	978	176	1271809440994	0	0	dbf3a5c1cfc503719bd1742f93f8
user6	979	176	1271809441006	0	0	dbf3a5c1cfc503719bd1742f93f8
user6	977	176	1271809441506	0	0	dbf3a5c1cfc503719bd1742f93f8
user6	974	176	1271809441517	0	0	dbf3a5c1cfc503719bd1742f93f8
user6	969	176	1271809441531	0	0	dbf3a5c1cfc503719bd1742f93f8
user6	962	176	1271809441542	0	0	dbf3a5c1cfc503719bd1742f93f8
user6	954	176	1271809441554	0	0	dbf3a5c1cfc503719bd1742f93f8
user6	945	176	1271809441565	0	0	dbf3a5c1cfc503719bd1742f93f8
user6	936	175	1271809441579	0	0	dbf3a5c1cfc503719bd1742f93f8
user6	927	172	1271809441591	0	0	dbf3a5c1cfc503719bd1742f93f8
user6	919	172	1271809441604	0	0	dbf3a5c1cfc503719bd1742f93f8
user6	913	172	1271809441615	0	0	dbf3a5c1cfc503719bd1742f93f8
user6	908	172	1271809441628	0	0	dbf3a5c1cfc503719bd1742f93f8
user6	904	172	1271809441641	0	0	dbf3a5c1cfc503719bd1742f93f8
user6	899	172	1271809441651	0	0	dbf3a5c1cfc503719bd1742f93f8
user6	897	172	1271809441664	0	0	dbf3a5c1cfc503719bd1742f93f8
user6	894	172	1271809441677	0	0	dbf3a5c1cfc503719bd1742f93f8
user6	892	172	1271809441689	0	0	dbf3a5c1cfc503719bd1742f93f8
user6	890	172	1271809441701	0	0	dbf3a5c1cfc503719bd1742f93f8
user6	887	171	1271809441713	0	0	dbf3a5c1cfc503719bd1742f93f8
user6	887	171	1271809441714	1271809441494	1271809441714	dbf3a5c1cfc503719bd1742f93f8
user6	884	170	1271809441726	0	0	dbf3a5c1cfc503719bd1742f93f8
user6	882	170	1271809441737	0	0	dbf3a5c1cfc503719bd1742f93f8
user6	886	167	1271809443584	0	0	dbf3a5c1cfc503719bd1742f93f8
user6	893	166	1271809443590	0	0	dbf3a5c1cfc503719bd1742f93f8
user6	899	166	1271809443603	0	0	dbf3a5c1cfc503719bd1742f93f8
user6	906	167	1271809443616	0	0	dbf3a5c1cfc503719bd1742f93f8
user6	913	171	1271809443627	0	0	dbf3a5c1cfc503719bd1742f93f8
user6	922	178	1271809443639	0	0	dbf3a5c1cfc503719bd1742f93f8
user6	929	184	1271809443651	0	0	dbf3a5c1cfc503719bd1742f93f8
user6	936	192	1271809443663	0	0	dbf3a5c1cfc503719bd1742f93f8
user6	944	200	1271809443675	0	0	dbf3a5c1cfc503719bd1742f93f8
user6	949	206	1271809443687	0	0	dbf3a5c1cfc503719bd1742f93f8
user6	955	212	1271809443700	0	0	dbf3a5c1cfc503719bd1742f93f8
user6	958	216	1271809443713	0	0	dbf3a5c1cfc503719bd1742f93f8
user6	961	218	1271809443724	0	0	dbf3a5c1cfc503719bd1742f93f8
user6	962	221	1271809443736	0	0	dbf3a5c1cfc503719bd1742f93f8
user6	963	221	1271809443748	0	0	dbf3a5c1cfc503719bd1742f93f8
user6	963	222	1271809443761	0	0	dbf3a5c1cfc503719bd1742f93f8
user6	964	222	1271809443774	0	0	dbf3a5c1cfc503719bd1742f93f8
user6	965	222	1271809443883	0	0	dbf3a5c1cfc503719bd1742f93f8
user6	965	223	1271809443968	0	0	dbf3a5c1cfc503719bd1742f93f8
user6	966	223	1271809443982	0	0	dbf3a5c1cfc503719bd1742f93f8
user6	966	224	1271809444003	0	0	dbf3a5c1cfc503719bd1742f93f8
user6	966	224	1271809444198	1271809444126	1271809444198	dbf3a5c1cfc503719bd1742f93f8
user6	968	223	1271809445590	0	0	dbf3a5c1cfc503719bd1742f93f8
user6	970	220	1271809445601	0	0	dbf3a5c1cfc503719bd1742f93f8
user6	972	218	1271809445613	0	0	dbf3a5c1cfc503719bd1742f93f8
user6	975	216	1271809445626	0	0	dbf3a5c1cfc503719bd1742f93f8
user6	977	214	1271809445639	0	0	dbf3a5c1cfc503719bd1742f93f8
user6	980	212	1271809445651	0	0	dbf3a5c1cfc503719bd1742f93f8
user6	983	209	1271809445662	0	0	dbf3a5c1cfc503719bd1742f93f8
user6	984	208	1271809445674	0	0	dbf3a5c1cfc503719bd1742f93f8
user6	987	206	1271809445687	0	0	dbf3a5c1cfc503719bd1742f93f8
user6	988	206	1271809445700	0	0	dbf3a5c1cfc503719bd1742f93f8
user6	989	205	1271809445712	0	0	dbf3a5c1cfc503719bd1742f93f8
user6	990	204	1271809445723	0	0	dbf3a5c1cfc503719bd1742f93f8
user6	991	203	1271809445736	0	0	dbf3a5c1cfc503719bd1742f93f8
user6	992	203	1271809445748	0	0	dbf3a5c1cfc503719bd1742f93f8
user6	993	202	1271809445760	0	0	dbf3a5c1cfc503719bd1742f93f8
user6	994	202	1271809445784	0	0	dbf3a5c1cfc503719bd1742f93f8
user6	994	200	1271809445797	0	0	dbf3a5c1cfc503719bd1742f93f8
user6	995	199	1271809445820	0	0	dbf3a5c1cfc503719bd1742f93f8
user6	996	197	1271809445833	0	0	dbf3a5c1cfc503719bd1742f93f8
user6	996	196	1271809445846	0	0	dbf3a5c1cfc503719bd1742f93f8
user6	996	194	1271809445858	0	0	dbf3a5c1cfc503719bd1742f93f8
user6	997	193	1271809445870	0	0	dbf3a5c1cfc503719bd1742f93f8
user6	997	192	1271809445882	0	0	dbf3a5c1cfc503719bd1742f93f8
user6	998	190	1271809445894	0	0	dbf3a5c1cfc503719bd1742f93f8
user6	999	189	1271809445907	0	0	dbf3a5c1cfc503719bd1742f93f8
user6	999	188	1271809445919	0	0	dbf3a5c1cfc503719bd1742f93f8
user6	999	186	1271809445931	0	0	dbf3a5c1cfc503719bd1742f93f8
user6	999	185	1271809445968	0	0	dbf3a5c1cfc503719bd1742f93f8
user6	1000	185	1271809445980	0	0	dbf3a5c1cfc503719bd1742f93f8
user6	1000	184	1271809446248	0	0	dbf3a5c1cfc503719bd1742f93f8
user6	1000	187	1271809455356	0	0	dbf3a5c1cfc503719bd1742f93f8
user6	997	201	1271809455381	0	0	dbf3a5c1cfc503719bd1742f93f8
user6	995	217	1271809455408	0	0	dbf3a5c1cfc503719bd1742f93f8
user6	995	224	1271809455415	0	0	dbf3a5c1cfc503719bd1742f93f8
user6	995	228	1271809455426	0	0	dbf3a5c1cfc503719bd1742f93f8
user6	995	231	1271809455439	0	0	dbf3a5c1cfc503719bd1742f93f8
user6	995	233	1271809455451	0	0	dbf3a5c1cfc503719bd1742f93f8
user6	995	235	1271809455463	0	0	dbf3a5c1cfc503719bd1742f93f8
user6	995	236	1271809455488	0	0	dbf3a5c1cfc503719bd1742f93f8
user6	995	237	1271809455500	0	0	dbf3a5c1cfc503719bd1742f93f8
user6	995	238	1271809455523	0	0	dbf3a5c1cfc503719bd1742f93f8
user6	995	239	1271809455573	0	0	dbf3a5c1cfc503719bd1742f93f8
user6	994	239	1271809455975	0	0	dbf3a5c1cfc503719bd1742f93f8
user6	993	240	1271809455987	0	0	dbf3a5c1cfc503719bd1742f93f8
user6	991	240	1271809455999	0	0	dbf3a5c1cfc503719bd1742f93f8
user6	989	241	1271809456012	0	0	dbf3a5c1cfc503719bd1742f93f8
user6	987	241	1271809456024	0	0	dbf3a5c1cfc503719bd1742f93f8
user6	986	241	1271809456035	0	0	dbf3a5c1cfc503719bd1742f93f8
user6	985	241	1271809456048	0	0	dbf3a5c1cfc503719bd1742f93f8
user6	985	242	1271809456097	0	0	dbf3a5c1cfc503719bd1742f93f8
user6	985	243	1271809456109	0	0	dbf3a5c1cfc503719bd1742f93f8
user6	985	244	1271809456122	0	0	dbf3a5c1cfc503719bd1742f93f8
user6	985	246	1271809456134	0	0	dbf3a5c1cfc503719bd1742f93f8
user6	985	247	1271809456146	0	0	dbf3a5c1cfc503719bd1742f93f8
user6	985	248	1271809456157	0	0	dbf3a5c1cfc503719bd1742f93f8
user6	985	251	1271809456171	0	0	dbf3a5c1cfc503719bd1742f93f8
user6	985	252	1271809456182	0	0	dbf3a5c1cfc503719bd1742f93f8
user6	985	254	1271809456195	0	0	dbf3a5c1cfc503719bd1742f93f8
user6	985	255	1271809456207	0	0	dbf3a5c1cfc503719bd1742f93f8
user6	986	257	1271809456221	0	0	dbf3a5c1cfc503719bd1742f93f8
user6	986	258	1271809456232	0	0	dbf3a5c1cfc503719bd1742f93f8
user6	986	259	1271809456243	0	0	dbf3a5c1cfc503719bd1742f93f8
user6	986	261	1271809456255	0	0	dbf3a5c1cfc503719bd1742f93f8
user6	987	262	1271809456267	0	0	dbf3a5c1cfc503719bd1742f93f8
user6	987	263	1271809456279	0	0	dbf3a5c1cfc503719bd1742f93f8
user6	987	264	1271809456293	0	0	dbf3a5c1cfc503719bd1742f93f8
user6	988	265	1271809456307	0	0	dbf3a5c1cfc503719bd1742f93f8
user6	988	267	1271809456315	0	0	dbf3a5c1cfc503719bd1742f93f8
user6	988	268	1271809456328	0	0	dbf3a5c1cfc503719bd1742f93f8
user6	988	269	1271809456341	0	0	dbf3a5c1cfc503719bd1742f93f8
user6	989	272	1271809456353	0	0	dbf3a5c1cfc503719bd1742f93f8
user6	989	273	1271809456377	0	0	dbf3a5c1cfc503719bd1742f93f8
user6	989	274	1271809456415	0	0	dbf3a5c1cfc503719bd1742f93f8
user6	989	274	1271809456682	1271809456608	1271809456682	dbf3a5c1cfc503719bd1742f93f8
user6	599	8	1271809467472	0	0	dbf3a5c1cfc503719bd1742f93f8
user6	632	28	1271809467483	0	0	dbf3a5c1cfc503719bd1742f93f8
user6	667	50	1271809467495	0	0	dbf3a5c1cfc503719bd1742f93f8
user6	849	186	1271809467619	0	0	dbf3a5c1cfc503719bd1742f93f8
user6	854	192	1271809467631	0	0	dbf3a5c1cfc503719bd1742f93f8
user6	856	196	1271809467640	0	0	dbf3a5c1cfc503719bd1742f93f8
user6	857	197	1271809467654	0	0	dbf3a5c1cfc503719bd1742f93f8
user6	858	197	1271809467665	0	0	dbf3a5c1cfc503719bd1742f93f8
user6	857	197	1271809468128	0	0	dbf3a5c1cfc503719bd1742f93f8
user6	856	197	1271809468180	0	0	dbf3a5c1cfc503719bd1742f93f8
user6	855	197	1271809468264	0	0	dbf3a5c1cfc503719bd1742f93f8
user6	853	198	1271809468275	0	0	dbf3a5c1cfc503719bd1742f93f8
user6	852	199	1271809468300	0	0	dbf3a5c1cfc503719bd1742f93f8
user6	850	200	1271809468313	0	0	dbf3a5c1cfc503719bd1742f93f8
user6	848	200	1271809468336	0	0	dbf3a5c1cfc503719bd1742f93f8
user6	950	172	1271809566148	0	0	dbf3a5c1cfc503719bd1742f93f8
user6	949	172	1271809568389	0	0	dbf3a5c1cfc503719bd1742f93f8
user6	949	173	1271809570193	0	0	dbf3a5c1cfc503719bd1742f93f8
user6	948	173	1271809570206	0	0	dbf3a5c1cfc503719bd1742f93f8
user6	948	175	1271809570217	0	0	dbf3a5c1cfc503719bd1742f93f8
user6	944	177	1271809570231	0	0	dbf3a5c1cfc503719bd1742f93f8
user6	926	188	1271809570242	0	0	dbf3a5c1cfc503719bd1742f93f8
user6	898	207	1271809570254	0	0	dbf3a5c1cfc503719bd1742f93f8
user6	883	214	1271809570266	0	0	dbf3a5c1cfc503719bd1742f93f8
user6	876	216	1271809570277	0	0	dbf3a5c1cfc503719bd1742f93f8
user6	868	218	1271809570290	0	0	dbf3a5c1cfc503719bd1742f93f8
user6	527	44	1271809581980	0	0	dbf3a5c1cfc503719bd1742f93f8
user6	502	18	1271809581991	0	0	dbf3a5c1cfc503719bd1742f93f8
user6	494	21	1271809582307	0	0	dbf3a5c1cfc503719bd1742f93f8
user6	503	42	1271809582310	0	0	dbf3a5c1cfc503719bd1742f93f8
user6	515	68	1271809582322	0	0	dbf3a5c1cfc503719bd1742f93f8
user6	893	87	1271809587795	0	0	dbf3a5c1cfc503719bd1742f93f8
user6	938	76	1271809587807	0	0	dbf3a5c1cfc503719bd1742f93f8
user6	981	68	1271809587821	0	0	dbf3a5c1cfc503719bd1742f93f8
user6	1024	63	1271809587832	0	0	dbf3a5c1cfc503719bd1742f93f8
user6	1059	57	1271809587843	0	0	dbf3a5c1cfc503719bd1742f93f8
user6	1086	53	1271809587856	0	0	dbf3a5c1cfc503719bd1742f93f8
user6	1103	51	1271809587868	0	0	dbf3a5c1cfc503719bd1742f93f8
user6	1116	49	1271809587881	0	0	dbf3a5c1cfc503719bd1742f93f8
user6	1126	47	1271809587893	0	0	dbf3a5c1cfc503719bd1742f93f8
user6	1133	45	1271809587904	0	0	dbf3a5c1cfc503719bd1742f93f8
user6	1133	44	1271809588099	0	0	dbf3a5c1cfc503719bd1742f93f8
user6	1133	42	1271809588111	0	0	dbf3a5c1cfc503719bd1742f93f8
user6	1133	41	1271809588124	0	0	dbf3a5c1cfc503719bd1742f93f8
user6	1133	39	1271809588136	0	0	dbf3a5c1cfc503719bd1742f93f8
user6	1137	32	1271809588148	0	0	dbf3a5c1cfc503719bd1742f93f8
user6	1151	21	1271809588160	0	0	dbf3a5c1cfc503719bd1742f93f8
user6	715	17	1271809602584	0	0	dbf3a5c1cfc503719bd1742f93f8
user6	605	46	1271809602607	0	0	dbf3a5c1cfc503719bd1742f93f8
user6	554	50	1271809602619	0	0	dbf3a5c1cfc503719bd1742f93f8
user6	517	47	1271809602632	0	0	dbf3a5c1cfc503719bd1742f93f8
user6	486	37	1271809602643	0	0	dbf3a5c1cfc503719bd1742f93f8
user6	465	26	1271809602655	0	0	dbf3a5c1cfc503719bd1742f93f8
user6	451	19	1271809602668	0	0	dbf3a5c1cfc503719bd1742f93f8
user6	443	14	1271809602680	0	0	dbf3a5c1cfc503719bd1742f93f8
user6	439	11	1271809602692	0	0	dbf3a5c1cfc503719bd1742f93f8
user6	438	9	1271809602706	0	0	dbf3a5c1cfc503719bd1742f93f8
user6	439	9	1271809602742	0	0	dbf3a5c1cfc503719bd1742f93f8
user6	441	8	1271809602753	0	0	dbf3a5c1cfc503719bd1742f93f8
user6	443	7	1271809602765	0	0	dbf3a5c1cfc503719bd1742f93f8
user6	445	7	1271809602777	0	0	dbf3a5c1cfc503719bd1742f93f8
user6	446	7	1271809602790	0	0	dbf3a5c1cfc503719bd1742f93f8
user6	447	6	1271809602803	0	0	dbf3a5c1cfc503719bd1742f93f8
user6	449	5	1271809602815	0	0	dbf3a5c1cfc503719bd1742f93f8
user6	453	4	1271809602826	0	0	dbf3a5c1cfc503719bd1742f93f8
user6	458	4	1271809602839	0	0	dbf3a5c1cfc503719bd1742f93f8
user6	529	5	1271809602924	0	0	dbf3a5c1cfc503719bd1742f93f8
user6	548	14	1271809602936	0	0	dbf3a5c1cfc503719bd1742f93f8
user6	564	23	1271809602948	0	0	dbf3a5c1cfc503719bd1742f93f8
user6	581	36	1271809602960	0	0	dbf3a5c1cfc503719bd1742f93f8
user6	599	53	1271809602973	0	0	dbf3a5c1cfc503719bd1742f93f8
user6	614	71	1271809602985	0	0	dbf3a5c1cfc503719bd1742f93f8
user6	521	472	1271809608095	0	0	dbf3a5c1cfc503719bd1742f93f8
user6	517	482	1271809608106	0	0	dbf3a5c1cfc503719bd1742f93f8
user6	515	492	1271809608118	0	0	dbf3a5c1cfc503719bd1742f93f8
user6	513	499	1271809608131	0	0	dbf3a5c1cfc503719bd1742f93f8
user6	512	503	1271809608143	0	0	dbf3a5c1cfc503719bd1742f93f8
user6	512	505	1271809608155	0	0	dbf3a5c1cfc503719bd1742f93f8
user6	512	506	1271809608167	0	0	dbf3a5c1cfc503719bd1742f93f8
user6	512	507	1271809608179	0	0	dbf3a5c1cfc503719bd1742f93f8
user6	512	508	1271809608204	0	0	dbf3a5c1cfc503719bd1742f93f8
user6	512	510	1271809608216	0	0	dbf3a5c1cfc503719bd1742f93f8
user6	512	511	1271809608227	0	0	dbf3a5c1cfc503719bd1742f93f8
user6	512	512	1271809608241	0	0	dbf3a5c1cfc503719bd1742f93f8
user6	512	515	1271809608253	0	0	dbf3a5c1cfc503719bd1742f93f8
user6	512	514	1271809608326	0	0	dbf3a5c1cfc503719bd1742f93f8
user6	512	512	1271809608338	0	0	dbf3a5c1cfc503719bd1742f93f8
user6	514	509	1271809608350	0	0	dbf3a5c1cfc503719bd1742f93f8
user6	517	505	1271809608363	0	0	dbf3a5c1cfc503719bd1742f93f8
user6	521	500	1271809608375	0	0	dbf3a5c1cfc503719bd1742f93f8
user6	524	495	1271809608387	0	0	dbf3a5c1cfc503719bd1742f93f8
user6	527	490	1271809608399	0	0	dbf3a5c1cfc503719bd1742f93f8
user6	529	489	1271809608410	0	0	dbf3a5c1cfc503719bd1742f93f8
user6	529	487	1271809608423	0	0	dbf3a5c1cfc503719bd1742f93f8
user6	529	487	1271809608841	1271809608835	1271809608841	dbf3a5c1cfc503719bd1742f93f8
user6	534	474	1271809612898	0	0	dbf3a5c1cfc503719bd1742f93f8
user6	547	443	1271809612910	0	0	dbf3a5c1cfc503719bd1742f93f8
user6	560	404	1271809612923	0	0	dbf3a5c1cfc503719bd1742f93f8
user6	575	364	1271809612935	0	0	dbf3a5c1cfc503719bd1742f93f8
user6	590	327	1271809612947	0	0	dbf3a5c1cfc503719bd1742f93f8
user6	602	296	1271809612958	0	0	dbf3a5c1cfc503719bd1742f93f8
user6	613	269	1271809612971	0	0	dbf3a5c1cfc503719bd1742f93f8
user6	623	253	1271809612982	0	0	dbf3a5c1cfc503719bd1742f93f8
user6	629	244	1271809612996	0	0	dbf3a5c1cfc503719bd1742f93f8
user6	634	239	1271809613007	0	0	dbf3a5c1cfc503719bd1742f93f8
user6	639	236	1271809613019	0	0	dbf3a5c1cfc503719bd1742f93f8
user6	643	235	1271809613033	0	0	dbf3a5c1cfc503719bd1742f93f8
user6	645	235	1271809613043	0	0	dbf3a5c1cfc503719bd1742f93f8
user6	646	235	1271809613055	0	0	dbf3a5c1cfc503719bd1742f93f8
user6	647	235	1271809613068	0	0	dbf3a5c1cfc503719bd1742f93f8
user6	648	235	1271809613080	0	0	dbf3a5c1cfc503719bd1742f93f8
user6	648	236	1271809613824	0	0	dbf3a5c1cfc503719bd1742f93f8
user6	647	236	1271809613836	0	0	dbf3a5c1cfc503719bd1742f93f8
user6	644	237	1271809613849	0	0	dbf3a5c1cfc503719bd1742f93f8
user6	641	238	1271809613860	0	0	dbf3a5c1cfc503719bd1742f93f8
user6	638	239	1271809613874	0	0	dbf3a5c1cfc503719bd1742f93f8
user6	635	239	1271809613885	0	0	dbf3a5c1cfc503719bd1742f93f8
user6	632	239	1271809613898	0	0	dbf3a5c1cfc503719bd1742f93f8
user6	629	238	1271809613910	0	0	dbf3a5c1cfc503719bd1742f93f8
user6	624	235	1271809613921	0	0	dbf3a5c1cfc503719bd1742f93f8
user6	620	233	1271809613936	0	0	dbf3a5c1cfc503719bd1742f93f8
user6	615	229	1271809613946	0	0	dbf3a5c1cfc503719bd1742f93f8
user6	613	226	1271809613959	0	0	dbf3a5c1cfc503719bd1742f93f8
user6	610	223	1271809613972	0	0	dbf3a5c1cfc503719bd1742f93f8
user6	608	222	1271809613983	0	0	dbf3a5c1cfc503719bd1742f93f8
user6	607	220	1271809613995	0	0	dbf3a5c1cfc503719bd1742f93f8
user6	606	220	1271809614008	0	0	dbf3a5c1cfc503719bd1742f93f8
user6	606	219	1271809614020	0	0	dbf3a5c1cfc503719bd1742f93f8
user6	606	218	1271809614080	0	0	dbf3a5c1cfc503719bd1742f93f8
user6	606	217	1271809614411	0	0	dbf3a5c1cfc503719bd1742f93f8
user6	605	217	1271809614872	0	0	dbf3a5c1cfc503719bd1742f93f8
user6	604	217	1271809614884	0	0	dbf3a5c1cfc503719bd1742f93f8
user6	602	217	1271809614896	0	0	dbf3a5c1cfc503719bd1742f93f8
user6	600	217	1271809614909	0	0	dbf3a5c1cfc503719bd1742f93f8
user6	599	217	1271809614922	0	0	dbf3a5c1cfc503719bd1742f93f8
user6	597	217	1271809614934	0	0	dbf3a5c1cfc503719bd1742f93f8
user6	595	215	1271809614946	0	0	dbf3a5c1cfc503719bd1742f93f8
user6	593	210	1271809614958	0	0	dbf3a5c1cfc503719bd1742f93f8
user6	592	201	1271809614970	0	0	dbf3a5c1cfc503719bd1742f93f8
user6	591	187	1271809614984	0	0	dbf3a5c1cfc503719bd1742f93f8
user6	591	166	1271809614995	0	0	dbf3a5c1cfc503719bd1742f93f8
user6	591	141	1271809615007	0	0	dbf3a5c1cfc503719bd1742f93f8
user6	592	121	1271809615020	0	0	dbf3a5c1cfc503719bd1742f93f8
user6	593	109	1271809615030	0	0	dbf3a5c1cfc503719bd1742f93f8
user6	594	100	1271809615043	0	0	dbf3a5c1cfc503719bd1742f93f8
user6	595	98	1271809615054	0	0	dbf3a5c1cfc503719bd1742f93f8
user6	595	96	1271809615067	0	0	dbf3a5c1cfc503719bd1742f93f8
user6	598	94	1271809615079	0	0	dbf3a5c1cfc503719bd1742f93f8
user6	600	92	1271809615091	0	0	dbf3a5c1cfc503719bd1742f93f8
user6	601	91	1271809615103	0	0	dbf3a5c1cfc503719bd1742f93f8
user6	602	91	1271809615116	0	0	dbf3a5c1cfc503719bd1742f93f8
user6	602	90	1271809615140	0	0	dbf3a5c1cfc503719bd1742f93f8
user6	602	89	1271809615166	0	0	dbf3a5c1cfc503719bd1742f93f8
user6	605	85	1271809615214	0	0	dbf3a5c1cfc503719bd1742f93f8
user6	607	80	1271809615226	0	0	dbf3a5c1cfc503719bd1742f93f8
user6	609	74	1271809615238	0	0	dbf3a5c1cfc503719bd1742f93f8
user6	610	67	1271809615252	0	0	dbf3a5c1cfc503719bd1742f93f8
user6	612	61	1271809615263	0	0	dbf3a5c1cfc503719bd1742f93f8
user6	613	57	1271809615276	0	0	dbf3a5c1cfc503719bd1742f93f8
user6	613	54	1271809615288	0	0	dbf3a5c1cfc503719bd1742f93f8
user6	613	51	1271809615300	0	0	dbf3a5c1cfc503719bd1742f93f8
user6	613	50	1271809615324	0	0	dbf3a5c1cfc503719bd1742f93f8
user6	613	50	1271809615702	1271809615614	1271809615702	dbf3a5c1cfc503719bd1742f93f8
user6	347	292	1271809640043	0	0	dbf3a5c1cfc503719bd1742f93f8
user6	349	291	1271809640056	0	0	dbf3a5c1cfc503719bd1742f93f8
user6	350	289	1271809640066	0	0	dbf3a5c1cfc503719bd1742f93f8
user6	352	284	1271809640078	0	0	dbf3a5c1cfc503719bd1742f93f8
user6	355	278	1271809640090	0	0	dbf3a5c1cfc503719bd1742f93f8
user6	360	267	1271809640103	0	0	dbf3a5c1cfc503719bd1742f93f8
user6	366	247	1271809640115	0	0	dbf3a5c1cfc503719bd1742f93f8
user6	377	216	1271809640127	0	0	dbf3a5c1cfc503719bd1742f93f8
user6	387	185	1271809640140	0	0	dbf3a5c1cfc503719bd1742f93f8
user6	395	157	1271809640153	0	0	dbf3a5c1cfc503719bd1742f93f8
user6	403	134	1271809640162	0	0	dbf3a5c1cfc503719bd1742f93f8
user6	408	123	1271809640176	0	0	dbf3a5c1cfc503719bd1742f93f8
user6	413	115	1271809640187	0	0	dbf3a5c1cfc503719bd1742f93f8
user6	416	111	1271809640199	0	0	dbf3a5c1cfc503719bd1742f93f8
user6	419	109	1271809640212	0	0	dbf3a5c1cfc503719bd1742f93f8
user6	421	108	1271809640224	0	0	dbf3a5c1cfc503719bd1742f93f8
user6	424	108	1271809640236	0	0	dbf3a5c1cfc503719bd1742f93f8
user6	426	108	1271809640247	0	0	dbf3a5c1cfc503719bd1742f93f8
user6	424	108	1271809640526	0	0	dbf3a5c1cfc503719bd1742f93f8
user6	421	108	1271809640529	0	0	dbf3a5c1cfc503719bd1742f93f8
user6	417	108	1271809640542	0	0	dbf3a5c1cfc503719bd1742f93f8
user6	411	108	1271809640554	0	0	dbf3a5c1cfc503719bd1742f93f8
user6	405	106	1271809640566	0	0	dbf3a5c1cfc503719bd1742f93f8
user6	396	100	1271809640577	0	0	dbf3a5c1cfc503719bd1742f93f8
user6	389	92	1271809640589	0	0	dbf3a5c1cfc503719bd1742f93f8
user6	381	83	1271809640601	0	0	dbf3a5c1cfc503719bd1742f93f8
user6	374	75	1271809640614	0	0	dbf3a5c1cfc503719bd1742f93f8
user6	370	68	1271809640626	0	0	dbf3a5c1cfc503719bd1742f93f8
user6	367	65	1271809640637	0	0	dbf3a5c1cfc503719bd1742f93f8
user6	366	63	1271809640650	0	0	dbf3a5c1cfc503719bd1742f93f8
user6	365	63	1271809640664	0	0	dbf3a5c1cfc503719bd1742f93f8
user6	365	62	1271809640736	0	0	dbf3a5c1cfc503719bd1742f93f8
user6	365	61	1271809640748	0	0	dbf3a5c1cfc503719bd1742f93f8
user6	367	59	1271809640760	0	0	dbf3a5c1cfc503719bd1742f93f8
user6	370	56	1271809640772	0	0	dbf3a5c1cfc503719bd1742f93f8
user6	374	54	1271809640785	0	0	dbf3a5c1cfc503719bd1742f93f8
user6	378	52	1271809640797	0	0	dbf3a5c1cfc503719bd1742f93f8
user6	384	52	1271809640809	0	0	dbf3a5c1cfc503719bd1742f93f8
user6	391	51	1271809640821	0	0	dbf3a5c1cfc503719bd1742f93f8
user6	398	50	1271809640834	0	0	dbf3a5c1cfc503719bd1742f93f8
user6	405	50	1271809640846	0	0	dbf3a5c1cfc503719bd1742f93f8
user6	413	50	1271809640860	0	0	dbf3a5c1cfc503719bd1742f93f8
user6	421	49	1271809640870	0	0	dbf3a5c1cfc503719bd1742f93f8
user6	428	49	1271809640881	0	0	dbf3a5c1cfc503719bd1742f93f8
user6	435	48	1271809640894	0	0	dbf3a5c1cfc503719bd1742f93f8
user6	440	48	1271809640907	0	0	dbf3a5c1cfc503719bd1742f93f8
user6	442	48	1271809640920	0	0	dbf3a5c1cfc503719bd1742f93f8
user6	443	48	1271809640932	0	0	dbf3a5c1cfc503719bd1742f93f8
user6	444	48	1271809640943	0	0	dbf3a5c1cfc503719bd1742f93f8
user6	445	48	1271809640956	0	0	dbf3a5c1cfc503719bd1742f93f8
user6	446	48	1271809640967	0	0	dbf3a5c1cfc503719bd1742f93f8
user6	446	49	1271809641005	0	0	dbf3a5c1cfc503719bd1742f93f8
user6	446	50	1271809641090	0	0	dbf3a5c1cfc503719bd1742f93f8
user6	446	50	1271809641297	1271809641223	1271809641297	dbf3a5c1cfc503719bd1742f93f8
user6	544	48	1271809642888	0	0	dbf3a5c1cfc503719bd1742f93f8
user6	543	47	1271809642958	0	0	dbf3a5c1cfc503719bd1742f93f8
user6	543	48	1271809643406	0	0	dbf3a5c1cfc503719bd1742f93f8
user6	543	50	1271809643418	0	0	dbf3a5c1cfc503719bd1742f93f8
user6	543	51	1271809643431	0	0	dbf3a5c1cfc503719bd1742f93f8
user6	543	55	1271809643442	0	0	dbf3a5c1cfc503719bd1742f93f8
user6	542	59	1271809643454	0	0	dbf3a5c1cfc503719bd1742f93f8
user6	541	64	1271809643468	0	0	dbf3a5c1cfc503719bd1742f93f8
user6	541	71	1271809643481	0	0	dbf3a5c1cfc503719bd1742f93f8
user6	540	81	1271809643491	0	0	dbf3a5c1cfc503719bd1742f93f8
user6	538	91	1271809643505	0	0	dbf3a5c1cfc503719bd1742f93f8
user6	537	99	1271809643518	0	0	dbf3a5c1cfc503719bd1742f93f8
user6	534	109	1271809643529	0	0	dbf3a5c1cfc503719bd1742f93f8
user6	532	117	1271809643540	0	0	dbf3a5c1cfc503719bd1742f93f8
user6	531	126	1271809643552	0	0	dbf3a5c1cfc503719bd1742f93f8
user6	529	133	1271809643565	0	0	dbf3a5c1cfc503719bd1742f93f8
user6	527	139	1271809643577	0	0	dbf3a5c1cfc503719bd1742f93f8
user6	526	143	1271809643589	0	0	dbf3a5c1cfc503719bd1742f93f8
user6	525	147	1271809643600	0	0	dbf3a5c1cfc503719bd1742f93f8
user6	525	149	1271809643614	0	0	dbf3a5c1cfc503719bd1742f93f8
user6	524	149	1271809643675	0	0	dbf3a5c1cfc503719bd1742f93f8
user6	522	149	1271809643968	0	0	dbf3a5c1cfc503719bd1742f93f8
user6	521	149	1271809643979	0	0	dbf3a5c1cfc503719bd1742f93f8
user6	519	149	1271809643991	0	0	dbf3a5c1cfc503719bd1742f93f8
user6	515	149	1271809644003	0	0	dbf3a5c1cfc503719bd1742f93f8
user6	510	152	1271809644017	0	0	dbf3a5c1cfc503719bd1742f93f8
user6	505	155	1271809644028	0	0	dbf3a5c1cfc503719bd1742f93f8
user6	500	157	1271809644039	0	0	dbf3a5c1cfc503719bd1742f93f8
user6	493	160	1271809644052	0	0	dbf3a5c1cfc503719bd1742f93f8
user6	483	162	1271809644064	0	0	dbf3a5c1cfc503719bd1742f93f8
user6	472	164	1271809644076	0	0	dbf3a5c1cfc503719bd1742f93f8
user6	460	165	1271809644089	0	0	dbf3a5c1cfc503719bd1742f93f8
user6	448	167	1271809644101	0	0	dbf3a5c1cfc503719bd1742f93f8
user6	438	167	1271809644113	0	0	dbf3a5c1cfc503719bd1742f93f8
user6	429	164	1271809644126	0	0	dbf3a5c1cfc503719bd1742f93f8
user6	422	159	1271809644138	0	0	dbf3a5c1cfc503719bd1742f93f8
user6	417	154	1271809644149	0	0	dbf3a5c1cfc503719bd1742f93f8
user6	413	149	1271809644161	0	0	dbf3a5c1cfc503719bd1742f93f8
user6	411	144	1271809644173	0	0	dbf3a5c1cfc503719bd1742f93f8
user6	410	142	1271809644186	0	0	dbf3a5c1cfc503719bd1742f93f8
user6	410	141	1271809644197	0	0	dbf3a5c1cfc503719bd1742f93f8
user6	410	140	1271809644210	0	0	dbf3a5c1cfc503719bd1742f93f8
user6	411	139	1271809644247	0	0	dbf3a5c1cfc503719bd1742f93f8
user6	414	138	1271809644259	0	0	dbf3a5c1cfc503719bd1742f93f8
user6	418	136	1271809644271	0	0	dbf3a5c1cfc503719bd1742f93f8
user6	424	133	1271809644284	0	0	dbf3a5c1cfc503719bd1742f93f8
user6	429	131	1271809644295	0	0	dbf3a5c1cfc503719bd1742f93f8
user6	436	128	1271809644308	0	0	dbf3a5c1cfc503719bd1742f93f8
user6	444	125	1271809644321	0	0	dbf3a5c1cfc503719bd1742f93f8
user6	453	123	1271809644333	0	0	dbf3a5c1cfc503719bd1742f93f8
user6	462	121	1271809644345	0	0	dbf3a5c1cfc503719bd1742f93f8
user6	472	119	1271809644357	0	0	dbf3a5c1cfc503719bd1742f93f8
user6	482	116	1271809644369	0	0	dbf3a5c1cfc503719bd1742f93f8
user6	493	114	1271809644382	0	0	dbf3a5c1cfc503719bd1742f93f8
user6	503	111	1271809644394	0	0	dbf3a5c1cfc503719bd1742f93f8
user6	512	109	1271809644406	0	0	dbf3a5c1cfc503719bd1742f93f8
user6	520	106	1271809644417	0	0	dbf3a5c1cfc503719bd1742f93f8
user6	527	102	1271809644430	0	0	dbf3a5c1cfc503719bd1742f93f8
user6	534	100	1271809644443	0	0	dbf3a5c1cfc503719bd1742f93f8
user6	539	96	1271809644455	0	0	dbf3a5c1cfc503719bd1742f93f8
user6	545	92	1271809644467	0	0	dbf3a5c1cfc503719bd1742f93f8
user6	550	87	1271809644479	0	0	dbf3a5c1cfc503719bd1742f93f8
user6	554	82	1271809644492	0	0	dbf3a5c1cfc503719bd1742f93f8
user6	556	78	1271809644503	0	0	dbf3a5c1cfc503719bd1742f93f8
user6	557	76	1271809644515	0	0	dbf3a5c1cfc503719bd1742f93f8
user6	557	74	1271809644528	0	0	dbf3a5c1cfc503719bd1742f93f8
user6	555	73	1271809644540	0	0	dbf3a5c1cfc503719bd1742f93f8
user6	548	73	1271809644552	0	0	dbf3a5c1cfc503719bd1742f93f8
user6	540	76	1271809644565	0	0	dbf3a5c1cfc503719bd1742f93f8
user6	536	80	1271809644576	0	0	dbf3a5c1cfc503719bd1742f93f8
user6	523	85	1271809644806	0	0	dbf3a5c1cfc503719bd1742f93f8
user6	500	94	1271809644823	0	0	dbf3a5c1cfc503719bd1742f93f8
user6	482	97	1271809644845	0	0	dbf3a5c1cfc503719bd1742f93f8
user6	472	97	1271809644864	0	0	dbf3a5c1cfc503719bd1742f93f8
user6	463	97	1271809644870	0	0	dbf3a5c1cfc503719bd1742f93f8
user6	454	96	1271809644884	0	0	dbf3a5c1cfc503719bd1742f93f8
user6	446	94	1271809644894	0	0	dbf3a5c1cfc503719bd1742f93f8
user6	436	92	1271809644906	0	0	dbf3a5c1cfc503719bd1742f93f8
user6	429	90	1271809644917	0	0	dbf3a5c1cfc503719bd1742f93f8
user6	424	88	1271809644930	0	0	dbf3a5c1cfc503719bd1742f93f8
user6	421	87	1271809644942	0	0	dbf3a5c1cfc503719bd1742f93f8
user6	420	87	1271809644954	0	0	dbf3a5c1cfc503719bd1742f93f8
user6	420	86	1271809644967	0	0	dbf3a5c1cfc503719bd1742f93f8
user6	419	86	1271809644979	0	0	dbf3a5c1cfc503719bd1742f93f8
user6	419	85	1271809645015	0	0	dbf3a5c1cfc503719bd1742f93f8
user6	419	83	1271809645051	0	0	dbf3a5c1cfc503719bd1742f93f8
user6	419	82	1271809645064	0	0	dbf3a5c1cfc503719bd1742f93f8
user6	419	80	1271809645076	0	0	dbf3a5c1cfc503719bd1742f93f8
user6	419	78	1271809645088	0	0	dbf3a5c1cfc503719bd1742f93f8
user6	420	75	1271809645101	0	0	dbf3a5c1cfc503719bd1742f93f8
user6	423	73	1271809645113	0	0	dbf3a5c1cfc503719bd1742f93f8
user6	424	71	1271809645124	0	0	dbf3a5c1cfc503719bd1742f93f8
user6	427	69	1271809645138	0	0	dbf3a5c1cfc503719bd1742f93f8
user6	428	68	1271809645150	0	0	dbf3a5c1cfc503719bd1742f93f8
user6	429	66	1271809645162	0	0	dbf3a5c1cfc503719bd1742f93f8
user6	430	66	1271809645174	0	0	dbf3a5c1cfc503719bd1742f93f8
user6	431	65	1271809645186	0	0	dbf3a5c1cfc503719bd1742f93f8
user6	432	65	1271809645199	0	0	dbf3a5c1cfc503719bd1742f93f8
user6	435	63	1271809645627	0	0	dbf3a5c1cfc503719bd1742f93f8
user6	437	62	1271809645637	0	0	dbf3a5c1cfc503719bd1742f93f8
user6	439	61	1271809645648	0	0	dbf3a5c1cfc503719bd1742f93f8
user6	440	60	1271809645661	0	0	dbf3a5c1cfc503719bd1742f93f8
user6	442	59	1271809645673	0	0	dbf3a5c1cfc503719bd1742f93f8
user6	443	59	1271809645685	0	0	dbf3a5c1cfc503719bd1742f93f8
user6	445	59	1271809645697	0	0	dbf3a5c1cfc503719bd1742f93f8
user6	446	59	1271809645710	0	0	dbf3a5c1cfc503719bd1742f93f8
user6	446	58	1271809645722	0	0	dbf3a5c1cfc503719bd1742f93f8
user6	447	58	1271809645748	0	0	dbf3a5c1cfc503719bd1742f93f8
user6	447	58	1271809645979	1271809645869	1271809645979	dbf3a5c1cfc503719bd1742f93f8
user6	423	73	1271809649226	0	0	dbf3a5c1cfc503719bd1742f93f8
user6	421	73	1271809649250	0	0	dbf3a5c1cfc503719bd1742f93f8
user6	419	71	1271809649294	0	0	dbf3a5c1cfc503719bd1742f93f8
user6	419	70	1271809649299	0	0	dbf3a5c1cfc503719bd1742f93f8
user6	419	68	1271809649323	0	0	dbf3a5c1cfc503719bd1742f93f8
user6	419	67	1271809651780	0	0	dbf3a5c1cfc503719bd1742f93f8
user6	421	66	1271809651795	0	0	dbf3a5c1cfc503719bd1742f93f8
user6	423	65	1271809651807	0	0	dbf3a5c1cfc503719bd1742f93f8
user6	425	63	1271809651819	0	0	dbf3a5c1cfc503719bd1742f93f8
user6	427	62	1271809651830	0	0	dbf3a5c1cfc503719bd1742f93f8
user6	430	60	1271809651843	0	0	dbf3a5c1cfc503719bd1742f93f8
user6	435	58	1271809651855	0	0	dbf3a5c1cfc503719bd1742f93f8
user6	441	55	1271809651868	0	0	dbf3a5c1cfc503719bd1742f93f8
user6	447	53	1271809651880	0	0	dbf3a5c1cfc503719bd1742f93f8
user6	454	52	1271809651892	0	0	dbf3a5c1cfc503719bd1742f93f8
user6	461	52	1271809651903	0	0	dbf3a5c1cfc503719bd1742f93f8
user6	471	52	1271809651916	0	0	dbf3a5c1cfc503719bd1742f93f8
user6	480	53	1271809651928	0	0	dbf3a5c1cfc503719bd1742f93f8
user6	492	57	1271809651940	0	0	dbf3a5c1cfc503719bd1742f93f8
user6	501	59	1271809651954	0	0	dbf3a5c1cfc503719bd1742f93f8
user6	510	61	1271809651965	0	0	dbf3a5c1cfc503719bd1742f93f8
user6	517	63	1271809651977	0	0	dbf3a5c1cfc503719bd1742f93f8
user6	522	65	1271809651989	0	0	dbf3a5c1cfc503719bd1742f93f8
user6	525	66	1271809652001	0	0	dbf3a5c1cfc503719bd1742f93f8
user6	527	66	1271809652013	0	0	dbf3a5c1cfc503719bd1742f93f8
user6	528	67	1271809652026	0	0	dbf3a5c1cfc503719bd1742f93f8
user6	529	67	1271809652038	0	0	dbf3a5c1cfc503719bd1742f93f8
user6	530	67	1271809652062	0	0	dbf3a5c1cfc503719bd1742f93f8
user6	532	66	1271809652075	0	0	dbf3a5c1cfc503719bd1742f93f8
user6	533	65	1271809652087	0	0	dbf3a5c1cfc503719bd1742f93f8
user6	534	64	1271809652099	0	0	dbf3a5c1cfc503719bd1742f93f8
user6	534	63	1271809652111	0	0	dbf3a5c1cfc503719bd1742f93f8
user6	536	62	1271809652123	0	0	dbf3a5c1cfc503719bd1742f93f8
user6	537	61	1271809652148	0	0	dbf3a5c1cfc503719bd1742f93f8
user6	537	60	1271809652160	0	0	dbf3a5c1cfc503719bd1742f93f8
user6	537	60	1271809652563	1271809652477	1271809652563	dbf3a5c1cfc503719bd1742f93f8
user6	535	59	1271809654563	0	0	dbf3a5c1cfc503719bd1742f93f8
user6	532	60	1271809654574	0	0	dbf3a5c1cfc503719bd1742f93f8
user6	528	62	1271809654588	0	0	dbf3a5c1cfc503719bd1742f93f8
user6	522	65	1271809654599	0	0	dbf3a5c1cfc503719bd1742f93f8
user6	518	67	1271809654610	0	0	dbf3a5c1cfc503719bd1742f93f8
user6	512	68	1271809654623	0	0	dbf3a5c1cfc503719bd1742f93f8
user6	508	68	1271809654636	0	0	dbf3a5c1cfc503719bd1742f93f8
user6	505	68	1271809654648	0	0	dbf3a5c1cfc503719bd1742f93f8
user6	502	68	1271809654660	0	0	dbf3a5c1cfc503719bd1742f93f8
user6	499	68	1271809654671	0	0	dbf3a5c1cfc503719bd1742f93f8
user6	495	68	1271809654684	0	0	dbf3a5c1cfc503719bd1742f93f8
user6	492	68	1271809654697	0	0	dbf3a5c1cfc503719bd1742f93f8
user6	489	66	1271809654709	0	0	dbf3a5c1cfc503719bd1742f93f8
user6	487	65	1271809654721	0	0	dbf3a5c1cfc503719bd1742f93f8
user6	484	64	1271809654732	0	0	dbf3a5c1cfc503719bd1742f93f8
user6	483	63	1271809654744	0	0	dbf3a5c1cfc503719bd1742f93f8
user6	481	62	1271809654758	0	0	dbf3a5c1cfc503719bd1742f93f8
user6	480	61	1271809654768	0	0	dbf3a5c1cfc503719bd1742f93f8
user6	479	61	1271809654781	0	0	dbf3a5c1cfc503719bd1742f93f8
user6	477	60	1271809654792	0	0	dbf3a5c1cfc503719bd1742f93f8
user6	476	60	1271809654805	0	0	dbf3a5c1cfc503719bd1742f93f8
user6	475	60	1271809654817	0	0	dbf3a5c1cfc503719bd1742f93f8
user6	475	60	1271809655025	1271809654964	1271809655025	dbf3a5c1cfc503719bd1742f93f8
user6	617	444	1271809707938	0	0	dbf3a5c1cfc503719bd1742f93f8
user6	615	444	1271809707950	0	0	dbf3a5c1cfc503719bd1742f93f8
user6	613	443	1271809707962	0	0	dbf3a5c1cfc503719bd1742f93f8
user6	609	440	1271809707974	0	0	dbf3a5c1cfc503719bd1742f93f8
user6	602	434	1271809707986	0	0	dbf3a5c1cfc503719bd1742f93f8
user6	595	422	1271809707998	0	0	dbf3a5c1cfc503719bd1742f93f8
user6	585	399	1271809708011	0	0	dbf3a5c1cfc503719bd1742f93f8
user6	576	364	1271809708023	0	0	dbf3a5c1cfc503719bd1742f93f8
user6	569	323	1271809708035	0	0	dbf3a5c1cfc503719bd1742f93f8
user6	563	283	1271809708046	0	0	dbf3a5c1cfc503719bd1742f93f8
user6	557	250	1271809708060	0	0	dbf3a5c1cfc503719bd1742f93f8
user6	554	229	1271809708073	0	0	dbf3a5c1cfc503719bd1742f93f8
user6	552	216	1271809708084	0	0	dbf3a5c1cfc503719bd1742f93f8
user6	549	209	1271809708096	0	0	dbf3a5c1cfc503719bd1742f93f8
user6	549	206	1271809708108	0	0	dbf3a5c1cfc503719bd1742f93f8
user6	549	205	1271809708132	0	0	dbf3a5c1cfc503719bd1742f93f8
user6	548	204	1271809708144	0	0	dbf3a5c1cfc503719bd1742f93f8
user6	546	204	1271809708157	0	0	dbf3a5c1cfc503719bd1742f93f8
user6	542	204	1271809708169	0	0	dbf3a5c1cfc503719bd1742f93f8
user6	539	204	1271809708181	0	0	dbf3a5c1cfc503719bd1742f93f8
user6	537	204	1271809708194	0	0	dbf3a5c1cfc503719bd1742f93f8
user6	534	205	1271809708206	0	0	dbf3a5c1cfc503719bd1742f93f8
user6	532	205	1271809708218	0	0	dbf3a5c1cfc503719bd1742f93f8
user6	531	205	1271809708242	0	0	dbf3a5c1cfc503719bd1742f93f8
user6	531	205	1271809708620	1271809708558	1271809708620	dbf3a5c1cfc503719bd1742f93f8
user6	532	205	1271809714034	0	0	dbf3a5c1cfc503719bd1742f93f8
user6	535	206	1271809714045	0	0	dbf3a5c1cfc503719bd1742f93f8
user6	539	209	1271809714058	0	0	dbf3a5c1cfc503719bd1742f93f8
user6	545	212	1271809714071	0	0	dbf3a5c1cfc503719bd1742f93f8
user6	554	215	1271809714083	0	0	dbf3a5c1cfc503719bd1742f93f8
user6	565	218	1271809714095	0	0	dbf3a5c1cfc503719bd1742f93f8
user6	577	222	1271809714106	0	0	dbf3a5c1cfc503719bd1742f93f8
user6	591	223	1271809714119	0	0	dbf3a5c1cfc503719bd1742f93f8
user6	605	224	1271809714132	0	0	dbf3a5c1cfc503719bd1742f93f8
user6	617	224	1271809714145	0	0	dbf3a5c1cfc503719bd1742f93f8
user6	629	224	1271809714155	0	0	dbf3a5c1cfc503719bd1742f93f8
user6	672	228	1271809714281	0	0	dbf3a5c1cfc503719bd1742f93f8
user6	672	229	1271809714350	0	0	dbf3a5c1cfc503719bd1742f93f8
user6	672	230	1271809714363	0	0	dbf3a5c1cfc503719bd1742f93f8
user6	672	232	1271809714376	0	0	dbf3a5c1cfc503719bd1742f93f8
user6	672	234	1271809714386	0	0	dbf3a5c1cfc503719bd1742f93f8
user6	671	235	1271809714401	0	0	dbf3a5c1cfc503719bd1742f93f8
user6	669	238	1271809714411	0	0	dbf3a5c1cfc503719bd1742f93f8
user6	667	240	1271809714424	0	0	dbf3a5c1cfc503719bd1742f93f8
user6	665	242	1271809714436	0	0	dbf3a5c1cfc503719bd1742f93f8
user6	661	244	1271809714449	0	0	dbf3a5c1cfc503719bd1742f93f8
user6	659	244	1271809714460	0	0	dbf3a5c1cfc503719bd1742f93f8
user6	657	244	1271809714473	0	0	dbf3a5c1cfc503719bd1742f93f8
user6	655	244	1271809714484	0	0	dbf3a5c1cfc503719bd1742f93f8
user6	653	244	1271809714496	0	0	dbf3a5c1cfc503719bd1742f93f8
user6	652	244	1271809714520	0	0	dbf3a5c1cfc503719bd1742f93f8
user6	652	244	1271809714825	1271809714764	1271809714825	dbf3a5c1cfc503719bd1742f93f8
user6	649	243	1271809718130	0	0	dbf3a5c1cfc503719bd1742f93f8
user6	644	239	1271809718143	0	0	dbf3a5c1cfc503719bd1742f93f8
user6	638	234	1271809718156	0	0	dbf3a5c1cfc503719bd1742f93f8
user6	631	228	1271809718167	0	0	dbf3a5c1cfc503719bd1742f93f8
user6	622	219	1271809718181	0	0	dbf3a5c1cfc503719bd1742f93f8
user6	609	205	1271809718191	0	0	dbf3a5c1cfc503719bd1742f93f8
user6	591	184	1271809718203	0	0	dbf3a5c1cfc503719bd1742f93f8
user6	572	156	1271809718217	0	0	dbf3a5c1cfc503719bd1742f93f8
user6	554	124	1271809718229	0	0	dbf3a5c1cfc503719bd1742f93f8
user6	540	92	1271809718240	0	0	dbf3a5c1cfc503719bd1742f93f8
user6	528	61	1271809718252	0	0	dbf3a5c1cfc503719bd1742f93f8
user6	519	42	1271809718265	0	0	dbf3a5c1cfc503719bd1742f93f8
user6	516	34	1271809718277	0	0	dbf3a5c1cfc503719bd1742f93f8
user6	514	29	1271809718288	0	0	dbf3a5c1cfc503719bd1742f93f8
user6	514	28	1271809718325	0	0	dbf3a5c1cfc503719bd1742f93f8
user6	514	29	1271809718580	0	0	dbf3a5c1cfc503719bd1742f93f8
user6	513	31	1271809718593	0	0	dbf3a5c1cfc503719bd1742f93f8
user6	513	32	1271809718618	0	0	dbf3a5c1cfc503719bd1742f93f8
user6	513	33	1271809718655	0	0	dbf3a5c1cfc503719bd1742f93f8
user6	513	35	1271809718667	0	0	dbf3a5c1cfc503719bd1742f93f8
user6	513	36	1271809718678	0	0	dbf3a5c1cfc503719bd1742f93f8
user6	513	38	1271809718692	0	0	dbf3a5c1cfc503719bd1742f93f8
user6	513	39	1271809718704	0	0	dbf3a5c1cfc503719bd1742f93f8
user6	513	41	1271809718716	0	0	dbf3a5c1cfc503719bd1742f93f8
user6	513	42	1271809718728	0	0	dbf3a5c1cfc503719bd1742f93f8
user6	513	43	1271809718739	0	0	dbf3a5c1cfc503719bd1742f93f8
user6	514	44	1271809718752	0	0	dbf3a5c1cfc503719bd1742f93f8
user6	514	45	1271809718764	0	0	dbf3a5c1cfc503719bd1742f93f8
user6	515	46	1271809718776	0	0	dbf3a5c1cfc503719bd1742f93f8
user6	516	47	1271809718789	0	0	dbf3a5c1cfc503719bd1742f93f8
user6	516	48	1271809718801	0	0	dbf3a5c1cfc503719bd1742f93f8
user6	517	48	1271809718813	0	0	dbf3a5c1cfc503719bd1742f93f8
user6	517	49	1271809718825	0	0	dbf3a5c1cfc503719bd1742f93f8
user6	518	50	1271809718837	0	0	dbf3a5c1cfc503719bd1742f93f8
user6	519	50	1271809718850	0	0	dbf3a5c1cfc503719bd1742f93f8
user6	519	51	1271809718898	0	0	dbf3a5c1cfc503719bd1742f93f8
user6	519	51	1271809720544	1271809720409	1271809720544	dbf3a5c1cfc503719bd1742f93f8
