User	X	Y	MouseTimeStamp	MouseDownTimeStamp	MouseUpTimeStamp	SessionID
user21	653	318	1271654457879	0	0	482c4841b1d010bac7802b2db310
user21	653	317	1271654457895	0	0	482c4841b1d010bac7802b2db310
user21	654	314	1271654457911	0	0	482c4841b1d010bac7802b2db310
user21	657	309	1271654457928	0	0	482c4841b1d010bac7802b2db310
user21	662	304	1271654457947	0	0	482c4841b1d010bac7802b2db310
user21	671	291	1271654457962	0	0	482c4841b1d010bac7802b2db310
user21	697	264	1271654457981	0	0	482c4841b1d010bac7802b2db310
user21	729	239	1271654457998	0	0	482c4841b1d010bac7802b2db310
user21	783	208	1271654458010	0	0	482c4841b1d010bac7802b2db310
user21	865	180	1271654458029	0	0	482c4841b1d010bac7802b2db310
user21	914	172	1271654458050	0	0	482c4841b1d010bac7802b2db310
user21	944	173	1271654458062	0	0	482c4841b1d010bac7802b2db310
user21	961	183	1271654458079	0	0	482c4841b1d010bac7802b2db310
user21	970	203	1271654458099	0	0	482c4841b1d010bac7802b2db310
user21	973	229	1271654458118	0	0	482c4841b1d010bac7802b2db310
user21	973	255	1271654458129	0	0	482c4841b1d010bac7802b2db310
user21	970	278	1271654458149	0	0	482c4841b1d010bac7802b2db310
user21	966	297	1271654458166	0	0	482c4841b1d010bac7802b2db310
user21	964	313	1271654458182	0	0	482c4841b1d010bac7802b2db310
user21	964	322	1271654458197	0	0	482c4841b1d010bac7802b2db310
user21	965	336	1271654458216	0	0	482c4841b1d010bac7802b2db310
user21	968	345	1271654458229	0	0	482c4841b1d010bac7802b2db310
user21	974	353	1271654458247	0	0	482c4841b1d010bac7802b2db310
user21	979	357	1271654458266	0	0	482c4841b1d010bac7802b2db310
user21	983	361	1271654458281	0	0	482c4841b1d010bac7802b2db310
user21	989	366	1271654458296	0	0	482c4841b1d010bac7802b2db310
user21	991	370	1271654458317	0	0	482c4841b1d010bac7802b2db310
user21	992	372	1271654458330	0	0	482c4841b1d010bac7802b2db310
user21	994	375	1271654458348	0	0	482c4841b1d010bac7802b2db310
user21	995	377	1271654458366	0	0	482c4841b1d010bac7802b2db310
user21	995	380	1271654458381	0	0	482c4841b1d010bac7802b2db310
user21	995	381	1271654458582	0	0	482c4841b1d010bac7802b2db310
user21	995	382	1271654458599	0	0	482c4841b1d010bac7802b2db310
user21	993	384	1271654458616	0	0	482c4841b1d010bac7802b2db310
user21	990	388	1271654458632	0	0	482c4841b1d010bac7802b2db310
user21	988	392	1271654458651	0	0	482c4841b1d010bac7802b2db310
user21	987	396	1271654458665	0	0	482c4841b1d010bac7802b2db310
user21	984	400	1271654458687	0	0	482c4841b1d010bac7802b2db310
user21	983	404	1271654458700	0	0	482c4841b1d010bac7802b2db310
user21	980	409	1271654458716	0	0	482c4841b1d010bac7802b2db310
user21	977	416	1271654458734	0	0	482c4841b1d010bac7802b2db310
user21	975	420	1271654458752	0	0	482c4841b1d010bac7802b2db310
user21	973	423	1271654458767	0	0	482c4841b1d010bac7802b2db310
user21	972	425	1271654458783	0	0	482c4841b1d010bac7802b2db310
user21	971	427	1271654458802	0	0	482c4841b1d010bac7802b2db310
user21	971	429	1271654458817	0	0	482c4841b1d010bac7802b2db310
user21	970	430	1271654458838	0	0	482c4841b1d010bac7802b2db310
user21	970	431	1271654458852	0	0	482c4841b1d010bac7802b2db310
user21	970	432	1271654458866	0	0	482c4841b1d010bac7802b2db310
user21	970	433	1271654458902	0	0	482c4841b1d010bac7802b2db310
user21	970	434	1271654458918	0	0	482c4841b1d010bac7802b2db310
user21	970	435	1271654458933	0	0	482c4841b1d010bac7802b2db310
user21	970	436	1271654458970	0	0	482c4841b1d010bac7802b2db310
user21	970	437	1271654458989	0	0	482c4841b1d010bac7802b2db310
user21	969	438	1271654458999	0	0	482c4841b1d010bac7802b2db310
user21	969	439	1271654459018	0	0	482c4841b1d010bac7802b2db310
user21	969	441	1271654459037	0	0	482c4841b1d010bac7802b2db310
user21	968	443	1271654459069	0	0	482c4841b1d010bac7802b2db310
user21	968	444	1271654459085	0	0	482c4841b1d010bac7802b2db310
user21	968	445	1271654459104	0	0	482c4841b1d010bac7802b2db310
user21	968	446	1271654459153	0	0	482c4841b1d010bac7802b2db310
user21	968	446	1271654459357	1271654459237	1271654459357	482c4841b1d010bac7802b2db310
user21	966	445	1271654461384	0	0	482c4841b1d010bac7802b2db310
user21	965	445	1271654461399	0	0	482c4841b1d010bac7802b2db310
user21	965	444	1271654461418	0	0	482c4841b1d010bac7802b2db310
user21	963	444	1271654461435	0	0	482c4841b1d010bac7802b2db310
user21	959	443	1271654461452	0	0	482c4841b1d010bac7802b2db310
user21	954	442	1271654461464	0	0	482c4841b1d010bac7802b2db310
user21	941	437	1271654461483	0	0	482c4841b1d010bac7802b2db310
user21	908	423	1271654461500	0	0	482c4841b1d010bac7802b2db310
user21	861	402	1271654461517	0	0	482c4841b1d010bac7802b2db310
user21	799	369	1271654461535	0	0	482c4841b1d010bac7802b2db310
user21	753	343	1271654461550	0	0	482c4841b1d010bac7802b2db310
user21	719	325	1271654461566	0	0	482c4841b1d010bac7802b2db310
user21	694	312	1271654461584	0	0	482c4841b1d010bac7802b2db310
user21	678	302	1271654461600	0	0	482c4841b1d010bac7802b2db310
user21	668	294	1271654461617	0	0	482c4841b1d010bac7802b2db310
user21	663	290	1271654461636	0	0	482c4841b1d010bac7802b2db310
user21	662	285	1271654461650	0	0	482c4841b1d010bac7802b2db310
user21	663	282	1271654461668	0	0	482c4841b1d010bac7802b2db310
user21	662	282	1271654461919	0	0	482c4841b1d010bac7802b2db310
user21	660	282	1271654461937	0	0	482c4841b1d010bac7802b2db310
user21	654	282	1271654461952	0	0	482c4841b1d010bac7802b2db310
user21	645	281	1271654461969	0	0	482c4841b1d010bac7802b2db310
user21	631	280	1271654461988	0	0	482c4841b1d010bac7802b2db310
user21	618	278	1271654462002	0	0	482c4841b1d010bac7802b2db310
user21	594	275	1271654462019	0	0	482c4841b1d010bac7802b2db310
user21	555	269	1271654462038	0	0	482c4841b1d010bac7802b2db310
user21	509	253	1271654462056	0	0	482c4841b1d010bac7802b2db310
user21	486	240	1271654462068	0	0	482c4841b1d010bac7802b2db310
user21	467	230	1271654462087	0	0	482c4841b1d010bac7802b2db310
user21	454	220	1271654462106	0	0	482c4841b1d010bac7802b2db310
user21	446	212	1271654462120	0	0	482c4841b1d010bac7802b2db310
user21	443	208	1271654462137	0	0	482c4841b1d010bac7802b2db310
user21	442	206	1271654462156	0	0	482c4841b1d010bac7802b2db310
user21	442	207	1271654462194	0	0	482c4841b1d010bac7802b2db310
user21	442	206	1271654462573	0	0	482c4841b1d010bac7802b2db310
user21	440	206	1271654462607	0	0	482c4841b1d010bac7802b2db310
user21	439	204	1271654462641	0	0	482c4841b1d010bac7802b2db310
user21	438	204	1271654462674	0	0	482c4841b1d010bac7802b2db310
user21	438	203	1271654462725	0	0	482c4841b1d010bac7802b2db310
user21	437	203	1271654462916	0	0	482c4841b1d010bac7802b2db310
user21	437	202	1271654463076	0	0	482c4841b1d010bac7802b2db310
user21	436	201	1271654463109	0	0	482c4841b1d010bac7802b2db310
user21	436	200	1271654463143	0	0	482c4841b1d010bac7802b2db310
user21	436	199	1271654463247	0	0	482c4841b1d010bac7802b2db310
user21	436	199	1271654463509	1271654463350	1271654463509	482c4841b1d010bac7802b2db310
user21	437	199	1271654473305	0	0	482c4841b1d010bac7802b2db310
user21	439	201	1271654473321	0	0	482c4841b1d010bac7802b2db310
user21	442	201	1271654473341	0	0	482c4841b1d010bac7802b2db310
user21	444	201	1271654473353	0	0	482c4841b1d010bac7802b2db310
user21	447	201	1271654473371	0	0	482c4841b1d010bac7802b2db310
user21	451	202	1271654473389	0	0	482c4841b1d010bac7802b2db310
user21	455	204	1271654473408	0	0	482c4841b1d010bac7802b2db310
user21	458	205	1271654473421	0	0	482c4841b1d010bac7802b2db310
user21	462	207	1271654473439	0	0	482c4841b1d010bac7802b2db310
user21	469	211	1271654473456	0	0	482c4841b1d010bac7802b2db310
user21	474	215	1271654473475	0	0	482c4841b1d010bac7802b2db310
user21	480	219	1271654473492	0	0	482c4841b1d010bac7802b2db310
user21	482	221	1271654473503	0	0	482c4841b1d010bac7802b2db310
user21	488	226	1271654473525	0	0	482c4841b1d010bac7802b2db310
user21	494	231	1271654473540	0	0	482c4841b1d010bac7802b2db310
user21	502	238	1271654473556	0	0	482c4841b1d010bac7802b2db310
user21	507	241	1271654473575	0	0	482c4841b1d010bac7802b2db310
user21	510	243	1271654473592	0	0	482c4841b1d010bac7802b2db310
user21	512	244	1271654473605	0	0	482c4841b1d010bac7802b2db310
user21	513	244	1271654473623	0	0	482c4841b1d010bac7802b2db310
user21	513	245	1271654473642	0	0	482c4841b1d010bac7802b2db310
user21	515	245	1271654473679	0	0	482c4841b1d010bac7802b2db310
user21	516	245	1271654473688	0	0	482c4841b1d010bac7802b2db310
user21	518	245	1271654473707	0	0	482c4841b1d010bac7802b2db310
user21	520	245	1271654473725	0	0	482c4841b1d010bac7802b2db310
user21	524	245	1271654473742	0	0	482c4841b1d010bac7802b2db310
user21	527	245	1271654473756	0	0	482c4841b1d010bac7802b2db310
user21	533	243	1271654473774	0	0	482c4841b1d010bac7802b2db310
user21	537	243	1271654473791	0	0	482c4841b1d010bac7802b2db310
user21	541	243	1271654473808	0	0	482c4841b1d010bac7802b2db310
user21	544	242	1271654473825	0	0	482c4841b1d010bac7802b2db310
user21	546	242	1271654473841	0	0	482c4841b1d010bac7802b2db310
user21	549	242	1271654473858	0	0	482c4841b1d010bac7802b2db310
user21	552	242	1271654473875	0	0	482c4841b1d010bac7802b2db310
user21	555	242	1271654473891	0	0	482c4841b1d010bac7802b2db310
user21	557	242	1271654473908	0	0	482c4841b1d010bac7802b2db310
user21	558	242	1271654473927	0	0	482c4841b1d010bac7802b2db310
user21	559	242	1271654473942	0	0	482c4841b1d010bac7802b2db310
user21	560	242	1271654473975	0	0	482c4841b1d010bac7802b2db310
user21	561	242	1271654474009	0	0	482c4841b1d010bac7802b2db310
user21	562	242	1271654474041	0	0	482c4841b1d010bac7802b2db310
user21	563	242	1271654474079	0	0	482c4841b1d010bac7802b2db310
user21	564	242	1271654474107	0	0	482c4841b1d010bac7802b2db310
user21	565	242	1271654474143	0	0	482c4841b1d010bac7802b2db310
user21	565	241	1271654474181	0	0	482c4841b1d010bac7802b2db310
user21	566	241	1271654474208	0	0	482c4841b1d010bac7802b2db310
user21	566	240	1271654474227	0	0	482c4841b1d010bac7802b2db310
user21	567	240	1271654474245	0	0	482c4841b1d010bac7802b2db310
user21	567	239	1271654474259	0	0	482c4841b1d010bac7802b2db310
user21	568	239	1271654474277	0	0	482c4841b1d010bac7802b2db310
user21	568	238	1271654474311	0	0	482c4841b1d010bac7802b2db310
user21	569	237	1271654474351	0	0	482c4841b1d010bac7802b2db310
user21	570	237	1271654474395	0	0	482c4841b1d010bac7802b2db310
user21	570	236	1271654474411	0	0	482c4841b1d010bac7802b2db310
user21	571	236	1271654474461	0	0	482c4841b1d010bac7802b2db310
user21	571	235	1271654474593	0	0	482c4841b1d010bac7802b2db310
user21	571	235	1271654474605	1271654474501	1271654474605	482c4841b1d010bac7802b2db310
user21	966	445	1271654461384	0	0	482c4841b1d010bac7802b2db310
user21	965	445	1271654461399	0	0	482c4841b1d010bac7802b2db310
user21	965	444	1271654461418	0	0	482c4841b1d010bac7802b2db310
user21	963	444	1271654461435	0	0	482c4841b1d010bac7802b2db310
user21	959	443	1271654461452	0	0	482c4841b1d010bac7802b2db310
user21	954	442	1271654461464	0	0	482c4841b1d010bac7802b2db310
user21	941	437	1271654461483	0	0	482c4841b1d010bac7802b2db310
user21	908	423	1271654461500	0	0	482c4841b1d010bac7802b2db310
user21	861	402	1271654461517	0	0	482c4841b1d010bac7802b2db310
user21	799	369	1271654461535	0	0	482c4841b1d010bac7802b2db310
user21	753	343	1271654461550	0	0	482c4841b1d010bac7802b2db310
user21	719	325	1271654461566	0	0	482c4841b1d010bac7802b2db310
user21	694	312	1271654461584	0	0	482c4841b1d010bac7802b2db310
user21	678	302	1271654461600	0	0	482c4841b1d010bac7802b2db310
user21	668	294	1271654461617	0	0	482c4841b1d010bac7802b2db310
user21	663	290	1271654461636	0	0	482c4841b1d010bac7802b2db310
user21	662	285	1271654461650	0	0	482c4841b1d010bac7802b2db310
user21	663	282	1271654461668	0	0	482c4841b1d010bac7802b2db310
user21	662	282	1271654461919	0	0	482c4841b1d010bac7802b2db310
user21	660	282	1271654461937	0	0	482c4841b1d010bac7802b2db310
user21	654	282	1271654461952	0	0	482c4841b1d010bac7802b2db310
user21	645	281	1271654461969	0	0	482c4841b1d010bac7802b2db310
user21	631	280	1271654461988	0	0	482c4841b1d010bac7802b2db310
user21	618	278	1271654462002	0	0	482c4841b1d010bac7802b2db310
user21	594	275	1271654462019	0	0	482c4841b1d010bac7802b2db310
user21	555	269	1271654462038	0	0	482c4841b1d010bac7802b2db310
user21	509	253	1271654462056	0	0	482c4841b1d010bac7802b2db310
user21	486	240	1271654462068	0	0	482c4841b1d010bac7802b2db310
user21	467	230	1271654462087	0	0	482c4841b1d010bac7802b2db310
user21	454	220	1271654462106	0	0	482c4841b1d010bac7802b2db310
user21	446	212	1271654462120	0	0	482c4841b1d010bac7802b2db310
user21	443	208	1271654462137	0	0	482c4841b1d010bac7802b2db310
user21	442	206	1271654462156	0	0	482c4841b1d010bac7802b2db310
user21	442	207	1271654462194	0	0	482c4841b1d010bac7802b2db310
user21	442	206	1271654462573	0	0	482c4841b1d010bac7802b2db310
user21	440	206	1271654462607	0	0	482c4841b1d010bac7802b2db310
user21	439	204	1271654462641	0	0	482c4841b1d010bac7802b2db310
user21	438	204	1271654462674	0	0	482c4841b1d010bac7802b2db310
user21	438	203	1271654462725	0	0	482c4841b1d010bac7802b2db310
user21	437	203	1271654462916	0	0	482c4841b1d010bac7802b2db310
user21	437	202	1271654463076	0	0	482c4841b1d010bac7802b2db310
user21	436	201	1271654463109	0	0	482c4841b1d010bac7802b2db310
user21	436	200	1271654463143	0	0	482c4841b1d010bac7802b2db310
user21	436	199	1271654463247	0	0	482c4841b1d010bac7802b2db310
user21	436	199	1271654463509	1271654463350	1271654463509	482c4841b1d010bac7802b2db310
user21	437	199	1271654473305	0	0	482c4841b1d010bac7802b2db310
user21	439	201	1271654473321	0	0	482c4841b1d010bac7802b2db310
user21	442	201	1271654473341	0	0	482c4841b1d010bac7802b2db310
user21	444	201	1271654473353	0	0	482c4841b1d010bac7802b2db310
user21	447	201	1271654473371	0	0	482c4841b1d010bac7802b2db310
user21	451	202	1271654473389	0	0	482c4841b1d010bac7802b2db310
user21	455	204	1271654473408	0	0	482c4841b1d010bac7802b2db310
user21	458	205	1271654473421	0	0	482c4841b1d010bac7802b2db310
user21	462	207	1271654473439	0	0	482c4841b1d010bac7802b2db310
user21	469	211	1271654473456	0	0	482c4841b1d010bac7802b2db310
user21	474	215	1271654473475	0	0	482c4841b1d010bac7802b2db310
user21	480	219	1271654473492	0	0	482c4841b1d010bac7802b2db310
user21	482	221	1271654473503	0	0	482c4841b1d010bac7802b2db310
user21	488	226	1271654473525	0	0	482c4841b1d010bac7802b2db310
user21	494	231	1271654473540	0	0	482c4841b1d010bac7802b2db310
user21	502	238	1271654473556	0	0	482c4841b1d010bac7802b2db310
user21	507	241	1271654473575	0	0	482c4841b1d010bac7802b2db310
user21	510	243	1271654473592	0	0	482c4841b1d010bac7802b2db310
user21	512	244	1271654473605	0	0	482c4841b1d010bac7802b2db310
user21	513	244	1271654473623	0	0	482c4841b1d010bac7802b2db310
user21	513	245	1271654473642	0	0	482c4841b1d010bac7802b2db310
user21	515	245	1271654473679	0	0	482c4841b1d010bac7802b2db310
user21	516	245	1271654473688	0	0	482c4841b1d010bac7802b2db310
user21	518	245	1271654473707	0	0	482c4841b1d010bac7802b2db310
user21	520	245	1271654473725	0	0	482c4841b1d010bac7802b2db310
user21	524	245	1271654473742	0	0	482c4841b1d010bac7802b2db310
user21	527	245	1271654473756	0	0	482c4841b1d010bac7802b2db310
user21	533	243	1271654473774	0	0	482c4841b1d010bac7802b2db310
user21	537	243	1271654473791	0	0	482c4841b1d010bac7802b2db310
user21	541	243	1271654473808	0	0	482c4841b1d010bac7802b2db310
user21	544	242	1271654473825	0	0	482c4841b1d010bac7802b2db310
user21	546	242	1271654473841	0	0	482c4841b1d010bac7802b2db310
user21	549	242	1271654473858	0	0	482c4841b1d010bac7802b2db310
user21	552	242	1271654473875	0	0	482c4841b1d010bac7802b2db310
user21	555	242	1271654473891	0	0	482c4841b1d010bac7802b2db310
user21	557	242	1271654473908	0	0	482c4841b1d010bac7802b2db310
user21	558	242	1271654473927	0	0	482c4841b1d010bac7802b2db310
user21	559	242	1271654473942	0	0	482c4841b1d010bac7802b2db310
user21	560	242	1271654473975	0	0	482c4841b1d010bac7802b2db310
user21	561	242	1271654474009	0	0	482c4841b1d010bac7802b2db310
user21	562	242	1271654474041	0	0	482c4841b1d010bac7802b2db310
user21	563	242	1271654474079	0	0	482c4841b1d010bac7802b2db310
user21	564	242	1271654474107	0	0	482c4841b1d010bac7802b2db310
user21	565	242	1271654474143	0	0	482c4841b1d010bac7802b2db310
user21	565	241	1271654474181	0	0	482c4841b1d010bac7802b2db310
user21	566	241	1271654474208	0	0	482c4841b1d010bac7802b2db310
user21	566	240	1271654474227	0	0	482c4841b1d010bac7802b2db310
user21	567	240	1271654474245	0	0	482c4841b1d010bac7802b2db310
user21	567	239	1271654474259	0	0	482c4841b1d010bac7802b2db310
user21	568	239	1271654474277	0	0	482c4841b1d010bac7802b2db310
user21	568	238	1271654474311	0	0	482c4841b1d010bac7802b2db310
user21	569	237	1271654474351	0	0	482c4841b1d010bac7802b2db310
user21	570	237	1271654474395	0	0	482c4841b1d010bac7802b2db310
user21	570	236	1271654474411	0	0	482c4841b1d010bac7802b2db310
user21	571	236	1271654474461	0	0	482c4841b1d010bac7802b2db310
user21	571	235	1271654474593	0	0	482c4841b1d010bac7802b2db310
user21	571	235	1271654474605	1271654474501	1271654474605	482c4841b1d010bac7802b2db310
user21	570	234	1271654474631	0	0	482c4841b1d010bac7802b2db310
user21	570	233	1271654475386	0	0	482c4841b1d010bac7802b2db310
user21	570	232	1271654475401	0	0	482c4841b1d010bac7802b2db310
user21	570	231	1271654475416	0	0	482c4841b1d010bac7802b2db310
user21	570	229	1271654475434	0	0	482c4841b1d010bac7802b2db310
user21	570	226	1271654475452	0	0	482c4841b1d010bac7802b2db310
user21	571	223	1271654475470	0	0	482c4841b1d010bac7802b2db310
user21	572	220	1271654475485	0	0	482c4841b1d010bac7802b2db310
user21	572	218	1271654475501	0	0	482c4841b1d010bac7802b2db310
user21	572	216	1271654475518	0	0	482c4841b1d010bac7802b2db310
user21	572	215	1271654475535	0	0	482c4841b1d010bac7802b2db310
user21	572	213	1271654475551	0	0	482c4841b1d010bac7802b2db310
user21	572	212	1271654475617	0	0	482c4841b1d010bac7802b2db310
user21	573	211	1271654475653	0	0	482c4841b1d010bac7802b2db310
user21	572	211	1271654476009	0	0	482c4841b1d010bac7802b2db310
user21	571	211	1271654476019	0	0	482c4841b1d010bac7802b2db310
user21	569	211	1271654476037	0	0	482c4841b1d010bac7802b2db310
user21	567	209	1271654476055	0	0	482c4841b1d010bac7802b2db310
user21	562	206	1271654476071	0	0	482c4841b1d010bac7802b2db310
user21	556	203	1271654476089	0	0	482c4841b1d010bac7802b2db310
user21	549	199	1271654476105	0	0	482c4841b1d010bac7802b2db310
user21	536	191	1271654476122	0	0	482c4841b1d010bac7802b2db310
user21	523	182	1271654476139	0	0	482c4841b1d010bac7802b2db310
user21	510	170	1271654476160	0	0	482c4841b1d010bac7802b2db310
user21	500	160	1271654476174	0	0	482c4841b1d010bac7802b2db310
user21	493	145	1271654476187	0	0	482c4841b1d010bac7802b2db310
user21	487	133	1271654476205	0	0	482c4841b1d010bac7802b2db310
user21	486	120	1271654476224	0	0	482c4841b1d010bac7802b2db310
user21	487	110	1271654476239	0	0	482c4841b1d010bac7802b2db310
user21	489	104	1271654476458	0	0	482c4841b1d010bac7802b2db310
user21	489	101	1271654476475	0	0	482c4841b1d010bac7802b2db310
user21	489	96	1271654476490	0	0	482c4841b1d010bac7802b2db310
user21	490	88	1271654476507	0	0	482c4841b1d010bac7802b2db310
user21	491	81	1271654476524	0	0	482c4841b1d010bac7802b2db310
user21	492	76	1271654476541	0	0	482c4841b1d010bac7802b2db310
user21	493	70	1271654476559	0	0	482c4841b1d010bac7802b2db310
user21	493	65	1271654476578	0	0	482c4841b1d010bac7802b2db310
user21	495	61	1271654476592	0	0	482c4841b1d010bac7802b2db310
user21	496	57	1271654476608	0	0	482c4841b1d010bac7802b2db310
user21	497	55	1271654476626	0	0	482c4841b1d010bac7802b2db310
user21	498	53	1271654476641	0	0	482c4841b1d010bac7802b2db310
user21	498	52	1271654476659	0	0	482c4841b1d010bac7802b2db310
user21	500	52	1271654476674	0	0	482c4841b1d010bac7802b2db310
user21	500	51	1271654476693	0	0	482c4841b1d010bac7802b2db310
user21	500	51	1271654477029	1271654476957	1271654477029	482c4841b1d010bac7802b2db310
user21	623	511	1271654507835	0	0	482c4841b1d010bac7802b2db310
user21	623	510	1271654508420	0	0	482c4841b1d010bac7802b2db310
user21	623	509	1271654508436	0	0	482c4841b1d010bac7802b2db310
user21	623	508	1271654508450	0	0	482c4841b1d010bac7802b2db310
user21	623	507	1271654508484	0	0	482c4841b1d010bac7802b2db310
user21	623	506	1271654508501	0	0	482c4841b1d010bac7802b2db310
user21	623	504	1271654508517	0	0	482c4841b1d010bac7802b2db310
user21	623	500	1271654508536	0	0	482c4841b1d010bac7802b2db310
user21	623	494	1271654508550	0	0	482c4841b1d010bac7802b2db310
user21	623	487	1271654508568	0	0	482c4841b1d010bac7802b2db310
user21	624	481	1271654508587	0	0	482c4841b1d010bac7802b2db310
user21	624	477	1271654508600	0	0	482c4841b1d010bac7802b2db310
user21	623	639	1271654509145	0	0	482c4841b1d010bac7802b2db310
user21	622	639	1271654509151	0	0	482c4841b1d010bac7802b2db310
user21	618	637	1271654509171	0	0	482c4841b1d010bac7802b2db310
user21	615	637	1271654509190	0	0	482c4841b1d010bac7802b2db310
user21	611	635	1271654509205	0	0	482c4841b1d010bac7802b2db310
user21	603	631	1271654509223	0	0	482c4841b1d010bac7802b2db310
user21	596	626	1271654509238	0	0	482c4841b1d010bac7802b2db310
user21	583	616	1271654509255	0	0	482c4841b1d010bac7802b2db310
user21	569	602	1271654509273	0	0	482c4841b1d010bac7802b2db310
user21	558	590	1271654509291	0	0	482c4841b1d010bac7802b2db310
user21	551	582	1271654509305	0	0	482c4841b1d010bac7802b2db310
user21	549	579	1271654509325	0	0	482c4841b1d010bac7802b2db310
user21	547	579	1271654509341	0	0	482c4841b1d010bac7802b2db310
user21	546	577	1271654509355	0	0	482c4841b1d010bac7802b2db310
user21	545	576	1271654509373	0	0	482c4841b1d010bac7802b2db310
user21	544	576	1271654509473	0	0	482c4841b1d010bac7802b2db310
user21	544	575	1271654509507	0	0	482c4841b1d010bac7802b2db310
user21	542	574	1271654509542	0	0	482c4841b1d010bac7802b2db310
user21	541	573	1271654509574	0	0	482c4841b1d010bac7802b2db310
user21	540	572	1271654509591	0	0	482c4841b1d010bac7802b2db310
user21	537	570	1271654509607	0	0	482c4841b1d010bac7802b2db310
user21	535	568	1271654509624	0	0	482c4841b1d010bac7802b2db310
user21	532	566	1271654509642	0	0	482c4841b1d010bac7802b2db310
user21	530	564	1271654509661	0	0	482c4841b1d010bac7802b2db310
user21	528	562	1271654509678	0	0	482c4841b1d010bac7802b2db310
user21	526	561	1271654509691	0	0	482c4841b1d010bac7802b2db310
user21	524	559	1271654509709	0	0	482c4841b1d010bac7802b2db310
user21	523	557	1271654509724	0	0	482c4841b1d010bac7802b2db310
user21	521	555	1271654509741	0	0	482c4841b1d010bac7802b2db310
user21	521	554	1271654509760	0	0	482c4841b1d010bac7802b2db310
user21	520	553	1271654509774	0	0	482c4841b1d010bac7802b2db310
user21	519	552	1271654509793	0	0	482c4841b1d010bac7802b2db310
user21	519	551	1271654509826	0	0	482c4841b1d010bac7802b2db310
user21	518	550	1271654509844	0	0	482c4841b1d010bac7802b2db310
user21	517	549	1271654509876	0	0	482c4841b1d010bac7802b2db310
user21	517	548	1271654509895	0	0	482c4841b1d010bac7802b2db310
user21	515	547	1271654509944	0	0	482c4841b1d010bac7802b2db310
user21	514	546	1271654510028	0	0	482c4841b1d010bac7802b2db310
user21	514	546	1271654510173	1271654510070	1271654510173	482c4841b1d010bac7802b2db310
user21	515	546	1271654519333	0	0	482c4841b1d010bac7802b2db310
user21	517	548	1271654519349	0	0	482c4841b1d010bac7802b2db310
user21	519	548	1271654519367	0	0	482c4841b1d010bac7802b2db310
user21	525	549	1271654519383	0	0	482c4841b1d010bac7802b2db310
user21	531	550	1271654519400	0	0	482c4841b1d010bac7802b2db310
user21	539	551	1271654519417	0	0	482c4841b1d010bac7802b2db310
user21	549	552	1271654519433	0	0	482c4841b1d010bac7802b2db310
user21	568	555	1271654519450	0	0	482c4841b1d010bac7802b2db310
user21	586	559	1271654519467	0	0	482c4841b1d010bac7802b2db310
user21	605	563	1271654519484	0	0	482c4841b1d010bac7802b2db310
user21	619	566	1271654519505	0	0	482c4841b1d010bac7802b2db310
user21	627	569	1271654519519	0	0	482c4841b1d010bac7802b2db310
user21	635	571	1271654519534	0	0	482c4841b1d010bac7802b2db310
user21	639	573	1271654519551	0	0	482c4841b1d010bac7802b2db310
user21	640	574	1271654519567	0	0	482c4841b1d010bac7802b2db310
user21	642	574	1271654519587	0	0	482c4841b1d010bac7802b2db310
user21	643	575	1271654519602	0	0	482c4841b1d010bac7802b2db310
user21	643	576	1271654519635	0	0	482c4841b1d010bac7802b2db310
user21	643	577	1271654519700	0	0	482c4841b1d010bac7802b2db310
user21	642	577	1271654519719	0	0	482c4841b1d010bac7802b2db310
user21	641	577	1271654519735	0	0	482c4841b1d010bac7802b2db310
user21	640	577	1271654519757	0	0	482c4841b1d010bac7802b2db310
user21	639	577	1271654519768	0	0	482c4841b1d010bac7802b2db310
user21	637	577	1271654519786	0	0	482c4841b1d010bac7802b2db310
user21	635	577	1271654519804	0	0	482c4841b1d010bac7802b2db310
user21	633	577	1271654519823	0	0	482c4841b1d010bac7802b2db310
user21	632	577	1271654519836	0	0	482c4841b1d010bac7802b2db310
user21	631	577	1271654519851	0	0	482c4841b1d010bac7802b2db310
user21	630	577	1271654519869	0	0	482c4841b1d010bac7802b2db310
user21	629	577	1271654519887	0	0	482c4841b1d010bac7802b2db310
user21	628	577	1271654519903	0	0	482c4841b1d010bac7802b2db310
user21	627	577	1271654519920	0	0	482c4841b1d010bac7802b2db310
user21	626	577	1271654519973	0	0	482c4841b1d010bac7802b2db310
user21	626	576	1271654520003	0	0	482c4841b1d010bac7802b2db310
user21	625	576	1271654520037	0	0	482c4841b1d010bac7802b2db310
user21	625	575	1271654520489	0	0	482c4841b1d010bac7802b2db310
user21	625	574	1271654520573	0	0	482c4841b1d010bac7802b2db310
user21	625	573	1271654520590	0	0	482c4841b1d010bac7802b2db310
user21	625	572	1271654520607	0	0	482c4841b1d010bac7802b2db310
user21	625	571	1271654520624	0	0	482c4841b1d010bac7802b2db310
user21	625	570	1271654520641	0	0	482c4841b1d010bac7802b2db310
user21	625	569	1271654520677	0	0	482c4841b1d010bac7802b2db310
user21	625	570	1271654520823	0	0	482c4841b1d010bac7802b2db310
user21	625	571	1271654520842	0	0	482c4841b1d010bac7802b2db310
user21	625	572	1271654520876	0	0	482c4841b1d010bac7802b2db310
user21	625	573	1271654520894	0	0	482c4841b1d010bac7802b2db310
user21	625	574	1271654520928	0	0	482c4841b1d010bac7802b2db310
user21	625	575	1271654520941	0	0	482c4841b1d010bac7802b2db310
user21	625	576	1271654520992	0	0	482c4841b1d010bac7802b2db310
user21	624	576	1271654521211	0	0	482c4841b1d010bac7802b2db310
user21	624	576	1271654521237	1271654521118	1271654521237	482c4841b1d010bac7802b2db310
user21	711	341	1271654564959	0	0	482c4841b1d010bac7802b2db310
user21	719	337	1271654564975	0	0	482c4841b1d010bac7802b2db310
user21	729	334	1271654564992	0	0	482c4841b1d010bac7802b2db310
user21	746	329	1271654565009	0	0	482c4841b1d010bac7802b2db310
user21	766	325	1271654565025	0	0	482c4841b1d010bac7802b2db310
user21	800	322	1271654565043	0	0	482c4841b1d010bac7802b2db310
user21	852	321	1271654565060	0	0	482c4841b1d010bac7802b2db310
user21	881	327	1271654565077	0	0	482c4841b1d010bac7802b2db310
user21	904	340	1271654565099	0	0	482c4841b1d010bac7802b2db310
user21	915	353	1271654565108	0	0	482c4841b1d010bac7802b2db310
user21	923	369	1271654565126	0	0	482c4841b1d010bac7802b2db310
user21	926	387	1271654565146	0	0	482c4841b1d010bac7802b2db310
user21	927	408	1271654565179	0	0	482c4841b1d010bac7802b2db310
user21	927	418	1271654565193	0	0	482c4841b1d010bac7802b2db310
user21	927	424	1271654565215	0	0	482c4841b1d010bac7802b2db310
user21	927	428	1271654565227	0	0	482c4841b1d010bac7802b2db310
user21	928	432	1271654565248	0	0	482c4841b1d010bac7802b2db310
user21	928	434	1271654565262	0	0	482c4841b1d010bac7802b2db310
user21	929	438	1271654565276	0	0	482c4841b1d010bac7802b2db310
user21	929	440	1271654565294	0	0	482c4841b1d010bac7802b2db310
user21	931	443	1271654565311	0	0	482c4841b1d010bac7802b2db310
user21	935	447	1271654565328	0	0	482c4841b1d010bac7802b2db310
user21	938	451	1271654565347	0	0	482c4841b1d010bac7802b2db310
user21	940	452	1271654565360	0	0	482c4841b1d010bac7802b2db310
user21	941	453	1271654565378	0	0	482c4841b1d010bac7802b2db310
user21	943	455	1271654565397	0	0	482c4841b1d010bac7802b2db310
user21	944	455	1271654565430	0	0	482c4841b1d010bac7802b2db310
user21	944	456	1271654565445	0	0	482c4841b1d010bac7802b2db310
user21	945	456	1271654565461	0	0	482c4841b1d010bac7802b2db310
user21	946	456	1271654565512	0	0	482c4841b1d010bac7802b2db310
user21	946	455	1271654565529	0	0	482c4841b1d010bac7802b2db310
user21	946	454	1271654565548	0	0	482c4841b1d010bac7802b2db310
user21	948	454	1271654565562	0	0	482c4841b1d010bac7802b2db310
user21	948	453	1271654565581	0	0	482c4841b1d010bac7802b2db310
user21	949	453	1271654565595	0	0	482c4841b1d010bac7802b2db310
user21	949	452	1271654565612	0	0	482c4841b1d010bac7802b2db310
user21	950	451	1271654565682	0	0	482c4841b1d010bac7802b2db310
user21	951	451	1271654565765	0	0	482c4841b1d010bac7802b2db310
user21	951	451	1271654565917	1271654565822	1271654565917	482c4841b1d010bac7802b2db310
user21	949	451	1271654567977	0	0	482c4841b1d010bac7802b2db310
user21	948	451	1271654568046	0	0	482c4841b1d010bac7802b2db310
user21	945	451	1271654568061	0	0	482c4841b1d010bac7802b2db310
user21	941	451	1271654568078	0	0	482c4841b1d010bac7802b2db310
user21	929	451	1271654568094	0	0	482c4841b1d010bac7802b2db310
user21	916	450	1271654568111	0	0	482c4841b1d010bac7802b2db310
user21	871	445	1271654568129	0	0	482c4841b1d010bac7802b2db310
user21	839	441	1271654568144	0	0	482c4841b1d010bac7802b2db310
user21	804	433	1271654568161	0	0	482c4841b1d010bac7802b2db310
user21	734	415	1271654568179	0	0	482c4841b1d010bac7802b2db310
user21	661	389	1271654568194	0	0	482c4841b1d010bac7802b2db310
user21	603	364	1271654568211	0	0	482c4841b1d010bac7802b2db310
user21	550	335	1271654568230	0	0	482c4841b1d010bac7802b2db310
user21	522	320	1271654568247	0	0	482c4841b1d010bac7802b2db310
user21	509	309	1271654568263	0	0	482c4841b1d010bac7802b2db310
user21	501	301	1271654568278	0	0	482c4841b1d010bac7802b2db310
user21	497	294	1271654568295	0	0	482c4841b1d010bac7802b2db310
user21	496	289	1271654568312	0	0	482c4841b1d010bac7802b2db310
user21	495	283	1271654568329	0	0	482c4841b1d010bac7802b2db310
user21	494	277	1271654568346	0	0	482c4841b1d010bac7802b2db310
user21	494	274	1271654568363	0	0	482c4841b1d010bac7802b2db310
user21	494	271	1271654568380	0	0	482c4841b1d010bac7802b2db310
user21	494	268	1271654568429	0	0	482c4841b1d010bac7802b2db310
user21	496	266	1271654568446	0	0	482c4841b1d010bac7802b2db310
user21	496	265	1271654568463	0	0	482c4841b1d010bac7802b2db310
user21	497	263	1271654568481	0	0	482c4841b1d010bac7802b2db310
user21	497	262	1271654568497	0	0	482c4841b1d010bac7802b2db310
user21	499	262	1271654568514	0	0	482c4841b1d010bac7802b2db310
user21	499	260	1271654568546	0	0	482c4841b1d010bac7802b2db310
user21	500	259	1271654568565	0	0	482c4841b1d010bac7802b2db310
user21	501	258	1271654568580	0	0	482c4841b1d010bac7802b2db310
user21	501	256	1271654568597	0	0	482c4841b1d010bac7802b2db310
user21	502	255	1271654568614	0	0	482c4841b1d010bac7802b2db310
user21	503	253	1271654568631	0	0	482c4841b1d010bac7802b2db310
user21	506	251	1271654568647	0	0	482c4841b1d010bac7802b2db310
user21	508	248	1271654568665	0	0	482c4841b1d010bac7802b2db310
user21	511	246	1271654568681	0	0	482c4841b1d010bac7802b2db310
user21	512	243	1271654568916	0	0	482c4841b1d010bac7802b2db310
user21	512	241	1271654568934	0	0	482c4841b1d010bac7802b2db310
user21	512	240	1271654568951	0	0	482c4841b1d010bac7802b2db310
user21	513	239	1271654568965	0	0	482c4841b1d010bac7802b2db310
user21	513	237	1271654568983	0	0	482c4841b1d010bac7802b2db310
user21	514	236	1271654569000	0	0	482c4841b1d010bac7802b2db310
user21	515	234	1271654569018	0	0	482c4841b1d010bac7802b2db310
user21	515	233	1271654569032	0	0	482c4841b1d010bac7802b2db310
user21	516	231	1271654569050	0	0	482c4841b1d010bac7802b2db310
user21	518	229	1271654569066	0	0	482c4841b1d010bac7802b2db310
user21	518	227	1271654569084	0	0	482c4841b1d010bac7802b2db310
user21	519	226	1271654569103	0	0	482c4841b1d010bac7802b2db310
user21	520	225	1271654569116	0	0	482c4841b1d010bac7802b2db310
user21	520	224	1271654569151	0	0	482c4841b1d010bac7802b2db310
user21	521	224	1271654569167	0	0	482c4841b1d010bac7802b2db310
user21	521	223	1271654569187	0	0	482c4841b1d010bac7802b2db310
user21	522	223	1271654569284	0	0	482c4841b1d010bac7802b2db310
user21	522	222	1271654569636	0	0	482c4841b1d010bac7802b2db310
user21	523	222	1271654569670	0	0	482c4841b1d010bac7802b2db310
user21	523	220	1271654569687	0	0	482c4841b1d010bac7802b2db310
user21	524	220	1271654569706	0	0	482c4841b1d010bac7802b2db310
user21	525	219	1271654569719	0	0	482c4841b1d010bac7802b2db310
user21	529	218	1271654569738	0	0	482c4841b1d010bac7802b2db310
user21	533	216	1271654569756	0	0	482c4841b1d010bac7802b2db310
user21	540	215	1271654569771	0	0	482c4841b1d010bac7802b2db310
user21	549	213	1271654569787	0	0	482c4841b1d010bac7802b2db310
user21	564	210	1271654569805	0	0	482c4841b1d010bac7802b2db310
user21	583	208	1271654569821	0	0	482c4841b1d010bac7802b2db310
user21	610	208	1271654569838	0	0	482c4841b1d010bac7802b2db310
user21	625	208	1271654569855	0	0	482c4841b1d010bac7802b2db310
user21	636	208	1271654569872	0	0	482c4841b1d010bac7802b2db310
user21	643	209	1271654569889	0	0	482c4841b1d010bac7802b2db310
user21	647	210	1271654569908	0	0	482c4841b1d010bac7802b2db310
user21	650	210	1271654569939	0	0	482c4841b1d010bac7802b2db310
user21	651	208	1271654570207	0	0	482c4841b1d010bac7802b2db310
user21	653	204	1271654570225	0	0	482c4841b1d010bac7802b2db310
user21	657	200	1271654570240	0	0	482c4841b1d010bac7802b2db310
user21	662	195	1271654570257	0	0	482c4841b1d010bac7802b2db310
user21	669	189	1271654570274	0	0	482c4841b1d010bac7802b2db310
user21	679	183	1271654570291	0	0	482c4841b1d010bac7802b2db310
user21	719	159	1271654570310	0	0	482c4841b1d010bac7802b2db310
user21	756	146	1271654570328	0	0	482c4841b1d010bac7802b2db310
user21	800	134	1271654570339	0	0	482c4841b1d010bac7802b2db310
user21	828	130	1271654570357	0	0	482c4841b1d010bac7802b2db310
user21	851	127	1271654570375	0	0	482c4841b1d010bac7802b2db310
user21	864	126	1271654570391	0	0	482c4841b1d010bac7802b2db310
user21	871	125	1271654570409	0	0	482c4841b1d010bac7802b2db310
user21	874	125	1271654570425	0	0	482c4841b1d010bac7802b2db310
user21	875	125	1271654570443	0	0	482c4841b1d010bac7802b2db310
user21	876	126	1271654570460	0	0	482c4841b1d010bac7802b2db310
user21	878	130	1271654570478	0	0	482c4841b1d010bac7802b2db310
user21	879	136	1271654570490	0	0	482c4841b1d010bac7802b2db310
user21	881	142	1271654570509	0	0	482c4841b1d010bac7802b2db310
user21	883	144	1271654570528	0	0	482c4841b1d010bac7802b2db310
user21	883	146	1271654570542	0	0	482c4841b1d010bac7802b2db310
user21	884	148	1271654570558	0	0	482c4841b1d010bac7802b2db310
user21	886	151	1271654570576	0	0	482c4841b1d010bac7802b2db310
user21	887	153	1271654570595	0	0	482c4841b1d010bac7802b2db310
user21	887	155	1271654570608	0	0	482c4841b1d010bac7802b2db310
user21	888	157	1271654570626	0	0	482c4841b1d010bac7802b2db310
user21	890	160	1271654570646	0	0	482c4841b1d010bac7802b2db310
user21	891	164	1271654570662	0	0	482c4841b1d010bac7802b2db310
user21	891	166	1271654570676	0	0	482c4841b1d010bac7802b2db310
user21	891	168	1271654570694	0	0	482c4841b1d010bac7802b2db310
user21	892	171	1271654570709	0	0	482c4841b1d010bac7802b2db310
user21	893	175	1271654570727	0	0	482c4841b1d010bac7802b2db310
user21	894	178	1271654570744	0	0	482c4841b1d010bac7802b2db310
user21	895	180	1271654570761	0	0	482c4841b1d010bac7802b2db310
user21	895	182	1271654570777	0	0	482c4841b1d010bac7802b2db310
user21	896	183	1271654570795	0	0	482c4841b1d010bac7802b2db310
user21	896	184	1271654570812	0	0	482c4841b1d010bac7802b2db310
user21	896	185	1271654570829	0	0	482c4841b1d010bac7802b2db310
user21	896	186	1271654571026	0	0	482c4841b1d010bac7802b2db310
user21	896	187	1271654571045	0	0	482c4841b1d010bac7802b2db310
user21	896	188	1271654571078	0	0	482c4841b1d010bac7802b2db310
user21	896	189	1271654571096	0	0	482c4841b1d010bac7802b2db310
user21	896	190	1271654571115	0	0	482c4841b1d010bac7802b2db310
user21	895	190	1271654571130	0	0	482c4841b1d010bac7802b2db310
user21	895	192	1271654571169	0	0	482c4841b1d010bac7802b2db310
user21	894	194	1271654571176	0	0	482c4841b1d010bac7802b2db310
user21	894	195	1271654571216	0	0	482c4841b1d010bac7802b2db310
user21	894	196	1271654571247	0	0	482c4841b1d010bac7802b2db310
user21	893	198	1271654571283	0	0	482c4841b1d010bac7802b2db310
user21	893	199	1271654571295	0	0	482c4841b1d010bac7802b2db310
user21	893	200	1271654571314	0	0	482c4841b1d010bac7802b2db310
user21	892	200	1271654571331	0	0	482c4841b1d010bac7802b2db310
user21	892	202	1271654571347	0	0	482c4841b1d010bac7802b2db310
user21	892	203	1271654571364	0	0	482c4841b1d010bac7802b2db310
user21	891	205	1271654571402	0	0	482c4841b1d010bac7802b2db310
user21	891	207	1271654571454	0	0	482c4841b1d010bac7802b2db310
user21	891	208	1271654571499	0	0	482c4841b1d010bac7802b2db310
user21	891	208	1271654571677	1271654571581	1271654571677	482c4841b1d010bac7802b2db310
user21	890	208	1271654571751	0	0	482c4841b1d010bac7802b2db310
user21	889	207	1271654571767	0	0	482c4841b1d010bac7802b2db310
user21	887	207	1271654572021	0	0	482c4841b1d010bac7802b2db310
user21	884	207	1271654572035	0	0	482c4841b1d010bac7802b2db310
user21	879	207	1271654572050	0	0	482c4841b1d010bac7802b2db310
user21	873	207	1271654572071	0	0	482c4841b1d010bac7802b2db310
user21	863	207	1271654572085	0	0	482c4841b1d010bac7802b2db310
user21	835	206	1271654572102	0	0	482c4841b1d010bac7802b2db310
user21	805	202	1271654572119	0	0	482c4841b1d010bac7802b2db310
user21	761	196	1271654572135	0	0	482c4841b1d010bac7802b2db310
user21	713	187	1271654572154	0	0	482c4841b1d010bac7802b2db310
user21	640	175	1271654572174	0	0	482c4841b1d010bac7802b2db310
user21	569	157	1271654572188	0	0	482c4841b1d010bac7802b2db310
user21	519	143	1271654572203	0	0	482c4841b1d010bac7802b2db310
user21	482	131	1271654572219	0	0	482c4841b1d010bac7802b2db310
user21	458	122	1271654572235	0	0	482c4841b1d010bac7802b2db310
user21	441	114	1271654572254	0	0	482c4841b1d010bac7802b2db310
user21	434	106	1271654572269	0	0	482c4841b1d010bac7802b2db310
user21	434	96	1271654572287	0	0	482c4841b1d010bac7802b2db310
user21	436	90	1271654572519	0	0	482c4841b1d010bac7802b2db310
user21	438	88	1271654572537	0	0	482c4841b1d010bac7802b2db310
user21	441	86	1271654572555	0	0	482c4841b1d010bac7802b2db310
user21	444	83	1271654572571	0	0	482c4841b1d010bac7802b2db310
user21	447	81	1271654572590	0	0	482c4841b1d010bac7802b2db310
user21	451	79	1271654572608	0	0	482c4841b1d010bac7802b2db310
user21	455	78	1271654572619	0	0	482c4841b1d010bac7802b2db310
user21	459	76	1271654572638	0	0	482c4841b1d010bac7802b2db310
user21	463	75	1271654572655	0	0	482c4841b1d010bac7802b2db310
user21	468	73	1271654572674	0	0	482c4841b1d010bac7802b2db310
user21	475	71	1271654572688	0	0	482c4841b1d010bac7802b2db310
user21	482	70	1271654572706	0	0	482c4841b1d010bac7802b2db310
user21	486	69	1271654572725	0	0	482c4841b1d010bac7802b2db310
user21	490	69	1271654572737	0	0	482c4841b1d010bac7802b2db310
user21	495	68	1271654572759	0	0	482c4841b1d010bac7802b2db310
user21	499	68	1271654572775	0	0	482c4841b1d010bac7802b2db310
user21	501	68	1271654572788	0	0	482c4841b1d010bac7802b2db310
user21	503	68	1271654572806	0	0	482c4841b1d010bac7802b2db310
user21	505	68	1271654572823	0	0	482c4841b1d010bac7802b2db310
user21	507	68	1271654572839	0	0	482c4841b1d010bac7802b2db310
user21	508	68	1271654572858	0	0	482c4841b1d010bac7802b2db310
user21	509	68	1271654572875	0	0	482c4841b1d010bac7802b2db310
user21	510	67	1271654572892	0	0	482c4841b1d010bac7802b2db310
user21	511	67	1271654572906	0	0	482c4841b1d010bac7802b2db310
user21	511	65	1271654572923	0	0	482c4841b1d010bac7802b2db310
user21	512	64	1271654572941	0	0	482c4841b1d010bac7802b2db310
user21	512	63	1271654572957	0	0	482c4841b1d010bac7802b2db310
user21	512	62	1271654572991	0	0	482c4841b1d010bac7802b2db310
user21	512	61	1271654573007	0	0	482c4841b1d010bac7802b2db310
user21	512	60	1271654573024	0	0	482c4841b1d010bac7802b2db310
user21	512	58	1271654573057	0	0	482c4841b1d010bac7802b2db310
user21	512	57	1271654573075	0	0	482c4841b1d010bac7802b2db310
user21	512	56	1271654573141	0	0	482c4841b1d010bac7802b2db310
user21	513	56	1271654573244	0	0	482c4841b1d010bac7802b2db310
user21	512	56	1271654573497	0	0	482c4841b1d010bac7802b2db310
user21	512	56	1271654574799	1271654574645	1271654574799	482c4841b1d010bac7802b2db310
user21	828	386	1271654749997	0	0	482c4841b1d010bac7802b2db310
user21	828	385	1271654750027	0	0	482c4841b1d010bac7802b2db310
user21	829	384	1271654750046	0	0	482c4841b1d010bac7802b2db310
user21	830	382	1271654750061	0	0	482c4841b1d010bac7802b2db310
user21	832	379	1271654750077	0	0	482c4841b1d010bac7802b2db310
user21	836	375	1271654750094	0	0	482c4841b1d010bac7802b2db310
user21	838	372	1271654750111	0	0	482c4841b1d010bac7802b2db310
user21	842	368	1271654750130	0	0	482c4841b1d010bac7802b2db310
user21	848	360	1271654750143	0	0	482c4841b1d010bac7802b2db310
user21	856	351	1271654750161	0	0	482c4841b1d010bac7802b2db310
user21	864	343	1271654750178	0	0	482c4841b1d010bac7802b2db310
user21	876	330	1271654750197	0	0	482c4841b1d010bac7802b2db310
user21	885	319	1271654750219	0	0	482c4841b1d010bac7802b2db310
user21	897	304	1271654750248	0	0	482c4841b1d010bac7802b2db310
user21	903	297	1271654750262	0	0	482c4841b1d010bac7802b2db310
user21	908	290	1271654750279	0	0	482c4841b1d010bac7802b2db310
user21	913	284	1271654750295	0	0	482c4841b1d010bac7802b2db310
user21	917	281	1271654750314	0	0	482c4841b1d010bac7802b2db310
user21	918	281	1271654750517	0	0	482c4841b1d010bac7802b2db310
user21	919	282	1271654750548	0	0	482c4841b1d010bac7802b2db310
user21	919	283	1271654750565	0	0	482c4841b1d010bac7802b2db310
user21	919	285	1271654750582	0	0	482c4841b1d010bac7802b2db310
user21	919	288	1271654750596	0	0	482c4841b1d010bac7802b2db310
user21	919	296	1271654750615	0	0	482c4841b1d010bac7802b2db310
user21	919	307	1271654750633	0	0	482c4841b1d010bac7802b2db310
user21	919	325	1271654750650	0	0	482c4841b1d010bac7802b2db310
user21	915	345	1271654750669	0	0	482c4841b1d010bac7802b2db310
user21	912	357	1271654750681	0	0	482c4841b1d010bac7802b2db310
user21	909	368	1271654750698	0	0	482c4841b1d010bac7802b2db310
user21	906	376	1271654750718	0	0	482c4841b1d010bac7802b2db310
user21	903	382	1271654750734	0	0	482c4841b1d010bac7802b2db310
user21	902	388	1271654750749	0	0	482c4841b1d010bac7802b2db310
user21	901	392	1271654750771	0	0	482c4841b1d010bac7802b2db310
user21	901	396	1271654750783	0	0	482c4841b1d010bac7802b2db310
user21	902	404	1271654750800	0	0	482c4841b1d010bac7802b2db310
user21	908	416	1271654750815	0	0	482c4841b1d010bac7802b2db310
user21	913	424	1271654750835	0	0	482c4841b1d010bac7802b2db310
user21	921	435	1271654750849	0	0	482c4841b1d010bac7802b2db310
user21	932	445	1271654750869	0	0	482c4841b1d010bac7802b2db310
user21	936	449	1271654750883	0	0	482c4841b1d010bac7802b2db310
user21	937	449	1271654751098	0	0	482c4841b1d010bac7802b2db310
user21	938	449	1271654751117	0	0	482c4841b1d010bac7802b2db310
user21	939	448	1271654751151	0	0	482c4841b1d010bac7802b2db310
user21	940	448	1271654751167	0	0	482c4841b1d010bac7802b2db310
user21	942	448	1271654751185	0	0	482c4841b1d010bac7802b2db310
user21	943	448	1271654751202	0	0	482c4841b1d010bac7802b2db310
user21	945	448	1271654751221	0	0	482c4841b1d010bac7802b2db310
user21	947	447	1271654751236	0	0	482c4841b1d010bac7802b2db310
user21	948	447	1271654751250	0	0	482c4841b1d010bac7802b2db310
user21	949	447	1271654751268	0	0	482c4841b1d010bac7802b2db310
user21	950	447	1271654751286	0	0	482c4841b1d010bac7802b2db310
user21	951	447	1271654751319	0	0	482c4841b1d010bac7802b2db310
user21	951	446	1271654751335	0	0	482c4841b1d010bac7802b2db310
user21	951	446	1271654751637	1271654751566	1271654751637	482c4841b1d010bac7802b2db310
user21	946	445	1271654754001	0	0	482c4841b1d010bac7802b2db310
user21	932	441	1271654754018	0	0	482c4841b1d010bac7802b2db310
user21	915	437	1271654754037	0	0	482c4841b1d010bac7802b2db310
user21	894	432	1271654754050	0	0	482c4841b1d010bac7802b2db310
user21	864	423	1271654754068	0	0	482c4841b1d010bac7802b2db310
user21	792	400	1271654754087	0	0	482c4841b1d010bac7802b2db310
user21	719	372	1271654754103	0	0	482c4841b1d010bac7802b2db310
user21	678	355	1271654754118	0	0	482c4841b1d010bac7802b2db310
user21	651	340	1271654754135	0	0	482c4841b1d010bac7802b2db310
user21	633	329	1271654754153	0	0	482c4841b1d010bac7802b2db310
user21	623	320	1271654754169	0	0	482c4841b1d010bac7802b2db310
user21	618	312	1271654754188	0	0	482c4841b1d010bac7802b2db310
user21	615	308	1271654754208	0	0	482c4841b1d010bac7802b2db310
user21	617	304	1271654754215	0	0	482c4841b1d010bac7802b2db310
user21	616	304	1271654754510	0	0	482c4841b1d010bac7802b2db310
user21	615	304	1271654754518	0	0	482c4841b1d010bac7802b2db310
user21	613	304	1271654754538	0	0	482c4841b1d010bac7802b2db310
user21	611	302	1271654754557	0	0	482c4841b1d010bac7802b2db310
user21	610	300	1271654754570	0	0	482c4841b1d010bac7802b2db310
user21	608	297	1271654754588	0	0	482c4841b1d010bac7802b2db310
user21	607	293	1271654754606	0	0	482c4841b1d010bac7802b2db310
user21	607	286	1271654754623	0	0	482c4841b1d010bac7802b2db310
user21	607	274	1271654754637	0	0	482c4841b1d010bac7802b2db310
user21	615	258	1271654754655	0	0	482c4841b1d010bac7802b2db310
user21	631	239	1271654754677	0	0	482c4841b1d010bac7802b2db310
user21	653	223	1271654754695	0	0	482c4841b1d010bac7802b2db310
user21	671	212	1271654754703	0	0	482c4841b1d010bac7802b2db310
user21	691	205	1271654754722	0	0	482c4841b1d010bac7802b2db310
user21	713	201	1271654754739	0	0	482c4841b1d010bac7802b2db310
user21	732	198	1271654754756	0	0	482c4841b1d010bac7802b2db310
user21	749	198	1271654754775	0	0	482c4841b1d010bac7802b2db310
user21	758	198	1271654754991	0	0	482c4841b1d010bac7802b2db310
user21	763	197	1271654755007	0	0	482c4841b1d010bac7802b2db310
user21	768	195	1271654755024	0	0	482c4841b1d010bac7802b2db310
user21	773	194	1271654755042	0	0	482c4841b1d010bac7802b2db310
user21	781	193	1271654755059	0	0	482c4841b1d010bac7802b2db310
user21	791	191	1271654755074	0	0	482c4841b1d010bac7802b2db310
user21	816	189	1271654755092	0	0	482c4841b1d010bac7802b2db310
user21	840	188	1271654755107	0	0	482c4841b1d010bac7802b2db310
user21	858	188	1271654755126	0	0	482c4841b1d010bac7802b2db310
user21	872	191	1271654755141	0	0	482c4841b1d010bac7802b2db310
user21	884	193	1271654755159	0	0	482c4841b1d010bac7802b2db310
user21	893	195	1271654755175	0	0	482c4841b1d010bac7802b2db310
user21	900	196	1271654755192	0	0	482c4841b1d010bac7802b2db310
user21	902	196	1271654755209	0	0	482c4841b1d010bac7802b2db310
user21	904	196	1271654755226	0	0	482c4841b1d010bac7802b2db310
user21	905	196	1271654755242	0	0	482c4841b1d010bac7802b2db310
user21	905	198	1271654755260	0	0	482c4841b1d010bac7802b2db310
user21	905	199	1271654755297	0	0	482c4841b1d010bac7802b2db310
user21	905	200	1271654755359	0	0	482c4841b1d010bac7802b2db310
user21	905	201	1271654755395	0	0	482c4841b1d010bac7802b2db310
user21	905	202	1271654755410	0	0	482c4841b1d010bac7802b2db310
user21	903	202	1271654755427	0	0	482c4841b1d010bac7802b2db310
user21	902	203	1271654755443	0	0	482c4841b1d010bac7802b2db310
user21	901	204	1271654755463	0	0	482c4841b1d010bac7802b2db310
user21	900	205	1271654755476	0	0	482c4841b1d010bac7802b2db310
user21	899	206	1271654755494	0	0	482c4841b1d010bac7802b2db310
user21	898	206	1271654755511	0	0	482c4841b1d010bac7802b2db310
user21	897	207	1271654755527	0	0	482c4841b1d010bac7802b2db310
user21	896	207	1271654755544	0	0	482c4841b1d010bac7802b2db310
user21	894	207	1271654755577	0	0	482c4841b1d010bac7802b2db310
user21	893	207	1271654755595	0	0	482c4841b1d010bac7802b2db310
user21	891	207	1271654755612	0	0	482c4841b1d010bac7802b2db310
user21	889	206	1271654755627	0	0	482c4841b1d010bac7802b2db310
user21	887	205	1271654755646	0	0	482c4841b1d010bac7802b2db310
user21	886	203	1271654755663	0	0	482c4841b1d010bac7802b2db310
user21	886	201	1271654755679	0	0	482c4841b1d010bac7802b2db310
user21	886	199	1271654755695	0	0	482c4841b1d010bac7802b2db310
user21	886	196	1271654755713	0	0	482c4841b1d010bac7802b2db310
user21	886	193	1271654755728	0	0	482c4841b1d010bac7802b2db310
user21	886	191	1271654755745	0	0	482c4841b1d010bac7802b2db310
user21	886	189	1271654755763	0	0	482c4841b1d010bac7802b2db310
user21	883	185	1271654755778	0	0	482c4841b1d010bac7802b2db310
user21	874	176	1271654755796	0	0	482c4841b1d010bac7802b2db310
user21	858	169	1271654755813	0	0	482c4841b1d010bac7802b2db310
user21	817	161	1271654755832	0	0	482c4841b1d010bac7802b2db310
user21	760	153	1271654755846	0	0	482c4841b1d010bac7802b2db310
user21	716	151	1271654755862	0	0	482c4841b1d010bac7802b2db310
user21	671	148	1271654755879	0	0	482c4841b1d010bac7802b2db310
user21	636	146	1271654755896	0	0	482c4841b1d010bac7802b2db310
user21	609	144	1271654755914	0	0	482c4841b1d010bac7802b2db310
user21	590	140	1271654755929	0	0	482c4841b1d010bac7802b2db310
user21	578	137	1271654755947	0	0	482c4841b1d010bac7802b2db310
user21	571	134	1271654755963	0	0	482c4841b1d010bac7802b2db310
user21	567	131	1271654755983	0	0	482c4841b1d010bac7802b2db310
user21	563	128	1271654756214	0	0	482c4841b1d010bac7802b2db310
user21	559	125	1271654756231	0	0	482c4841b1d010bac7802b2db310
user21	554	120	1271654756250	0	0	482c4841b1d010bac7802b2db310
user21	550	115	1271654756264	0	0	482c4841b1d010bac7802b2db310
user21	546	109	1271654756282	0	0	482c4841b1d010bac7802b2db310
user21	542	103	1271654756301	0	0	482c4841b1d010bac7802b2db310
user21	540	98	1271654756315	0	0	482c4841b1d010bac7802b2db310
user21	536	93	1271654756331	0	0	482c4841b1d010bac7802b2db310
user21	532	84	1271654756349	0	0	482c4841b1d010bac7802b2db310
user21	529	78	1271654756368	0	0	482c4841b1d010bac7802b2db310
user21	528	73	1271654756381	0	0	482c4841b1d010bac7802b2db310
user21	526	66	1271654756402	0	0	482c4841b1d010bac7802b2db310
user21	526	63	1271654756418	0	0	482c4841b1d010bac7802b2db310
user21	525	60	1271654756432	0	0	482c4841b1d010bac7802b2db310
user21	524	58	1271654756450	0	0	482c4841b1d010bac7802b2db310
user21	523	57	1271654756467	0	0	482c4841b1d010bac7802b2db310
user21	521	56	1271654756487	0	0	482c4841b1d010bac7802b2db310
user21	520	55	1271654756497	0	0	482c4841b1d010bac7802b2db310
user21	519	54	1271654756516	0	0	482c4841b1d010bac7802b2db310
user21	517	52	1271654756533	0	0	482c4841b1d010bac7802b2db310
user21	516	52	1271654756566	0	0	482c4841b1d010bac7802b2db310
user21	514	52	1271654756601	0	0	482c4841b1d010bac7802b2db310
user21	513	52	1271654756641	0	0	482c4841b1d010bac7802b2db310
user21	513	52	1271654757205	1271654757094	1271654757205	482c4841b1d010bac7802b2db310
user21	502	51	1271654760762	0	0	482c4841b1d010bac7802b2db310
user21	501	53	1271654760776	0	0	482c4841b1d010bac7802b2db310
user21	498	58	1271654760793	0	0	482c4841b1d010bac7802b2db310
user21	494	63	1271654760809	0	0	482c4841b1d010bac7802b2db310
user21	490	71	1271654760831	0	0	482c4841b1d010bac7802b2db310
user21	481	90	1271654760849	0	0	482c4841b1d010bac7802b2db310
user21	473	112	1271654760856	0	0	482c4841b1d010bac7802b2db310
user21	471	129	1271654760878	0	0	482c4841b1d010bac7802b2db310
user21	469	145	1271654760892	0	0	482c4841b1d010bac7802b2db310
user21	467	159	1271654760910	0	0	482c4841b1d010bac7802b2db310
user21	467	173	1271654760927	0	0	482c4841b1d010bac7802b2db310
user21	466	184	1271654760943	0	0	482c4841b1d010bac7802b2db310
user21	466	194	1271654760960	0	0	482c4841b1d010bac7802b2db310
user21	465	201	1271654760978	0	0	482c4841b1d010bac7802b2db310
user21	465	206	1271654760997	0	0	482c4841b1d010bac7802b2db310
user21	464	209	1271654761446	0	0	482c4841b1d010bac7802b2db310
user21	464	210	1271654761972	0	0	482c4841b1d010bac7802b2db310
user21	463	210	1271654761990	0	0	482c4841b1d010bac7802b2db310
user21	462	211	1271654762000	0	0	482c4841b1d010bac7802b2db310
user21	461	212	1271654762017	0	0	482c4841b1d010bac7802b2db310
user21	459	214	1271654762033	0	0	482c4841b1d010bac7802b2db310
user21	458	215	1271654762052	0	0	482c4841b1d010bac7802b2db310
user21	457	216	1271654762066	0	0	482c4841b1d010bac7802b2db310
user21	456	218	1271654762084	0	0	482c4841b1d010bac7802b2db310
user21	454	220	1271654762103	0	0	482c4841b1d010bac7802b2db310
user21	453	221	1271654762116	0	0	482c4841b1d010bac7802b2db310
user21	451	223	1271654762134	0	0	482c4841b1d010bac7802b2db310
user21	449	225	1271654762150	0	0	482c4841b1d010bac7802b2db310
user21	448	226	1271654762168	0	0	482c4841b1d010bac7802b2db310
user21	446	227	1271654762187	0	0	482c4841b1d010bac7802b2db310
user21	446	228	1271654762201	0	0	482c4841b1d010bac7802b2db310
user21	445	229	1271654762217	0	0	482c4841b1d010bac7802b2db310
user21	444	230	1271654762236	0	0	482c4841b1d010bac7802b2db310
user21	444	232	1271654762251	0	0	482c4841b1d010bac7802b2db310
user21	444	234	1271654762268	0	0	482c4841b1d010bac7802b2db310
user21	443	235	1271654762285	0	0	482c4841b1d010bac7802b2db310
user21	443	236	1271654762301	0	0	482c4841b1d010bac7802b2db310
user21	443	238	1271654762334	0	0	482c4841b1d010bac7802b2db310
user21	443	239	1271654762352	0	0	482c4841b1d010bac7802b2db310
user21	443	240	1271654762411	0	0	482c4841b1d010bac7802b2db310
user21	442	240	1271654762456	0	0	482c4841b1d010bac7802b2db310
user21	443	240	1271654763072	0	0	482c4841b1d010bac7802b2db310
user21	444	240	1271654763108	0	0	482c4841b1d010bac7802b2db310
user21	445	240	1271654763122	0	0	482c4841b1d010bac7802b2db310
user21	447	240	1271654763140	0	0	482c4841b1d010bac7802b2db310
user21	449	241	1271654763156	0	0	482c4841b1d010bac7802b2db310
user21	452	242	1271654763174	0	0	482c4841b1d010bac7802b2db310
user21	456	244	1271654763191	0	0	482c4841b1d010bac7802b2db310
user21	460	247	1271654763206	0	0	482c4841b1d010bac7802b2db310
user21	465	251	1271654763224	0	0	482c4841b1d010bac7802b2db310
user21	471	254	1271654763243	0	0	482c4841b1d010bac7802b2db310
user21	476	258	1271654763257	0	0	482c4841b1d010bac7802b2db310
user21	481	262	1271654763276	0	0	482c4841b1d010bac7802b2db310
user21	485	266	1271654763292	0	0	482c4841b1d010bac7802b2db310
user21	489	270	1271654763311	0	0	482c4841b1d010bac7802b2db310
user21	492	274	1271654763325	0	0	482c4841b1d010bac7802b2db310
user21	496	278	1271654763341	0	0	482c4841b1d010bac7802b2db310
user21	497	280	1271654763357	0	0	482c4841b1d010bac7802b2db310
user21	499	281	1271654763375	0	0	482c4841b1d010bac7802b2db310
user21	499	282	1271654763651	0	0	482c4841b1d010bac7802b2db310
user21	499	283	1271654763681	0	0	482c4841b1d010bac7802b2db310
user21	499	284	1271654763696	0	0	482c4841b1d010bac7802b2db310
user21	500	286	1271654763726	0	0	482c4841b1d010bac7802b2db310
user21	500	285	1271654763861	0	0	482c4841b1d010bac7802b2db310
user21	499	283	1271654763880	0	0	482c4841b1d010bac7802b2db310
user21	497	282	1271654763896	0	0	482c4841b1d010bac7802b2db310
user21	494	279	1271654763911	0	0	482c4841b1d010bac7802b2db310
user21	490	275	1271654763929	0	0	482c4841b1d010bac7802b2db310
user21	486	272	1271654763944	0	0	482c4841b1d010bac7802b2db310
user21	482	269	1271654763964	0	0	482c4841b1d010bac7802b2db310
user21	478	266	1271654763980	0	0	482c4841b1d010bac7802b2db310
user21	475	263	1271654764001	0	0	482c4841b1d010bac7802b2db310
user21	472	262	1271654764010	0	0	482c4841b1d010bac7802b2db310
user21	468	260	1271654764028	0	0	482c4841b1d010bac7802b2db310
user21	466	258	1271654764045	0	0	482c4841b1d010bac7802b2db310
user21	463	256	1271654764062	0	0	482c4841b1d010bac7802b2db310
user21	460	255	1271654764079	0	0	482c4841b1d010bac7802b2db310
user21	457	253	1271654764098	0	0	482c4841b1d010bac7802b2db310
user21	456	253	1271654764111	0	0	482c4841b1d010bac7802b2db310
user21	454	252	1271654764129	0	0	482c4841b1d010bac7802b2db310
user21	452	251	1271654764151	0	0	482c4841b1d010bac7802b2db310
user21	451	251	1271654764161	0	0	482c4841b1d010bac7802b2db310
user21	449	250	1271654764179	0	0	482c4841b1d010bac7802b2db310
user21	447	248	1271654764197	0	0	482c4841b1d010bac7802b2db310
user21	445	247	1271654764216	0	0	482c4841b1d010bac7802b2db310
user21	443	246	1271654764229	0	0	482c4841b1d010bac7802b2db310
user21	441	244	1271654764247	0	0	482c4841b1d010bac7802b2db310
user21	440	243	1271654764263	0	0	482c4841b1d010bac7802b2db310
user21	438	241	1271654764282	0	0	482c4841b1d010bac7802b2db310
user21	438	239	1271654764296	0	0	482c4841b1d010bac7802b2db310
user21	438	238	1271654764315	0	0	482c4841b1d010bac7802b2db310
user21	438	237	1271654764347	0	0	482c4841b1d010bac7802b2db310
user21	438	236	1271654764381	0	0	482c4841b1d010bac7802b2db310
user21	439	235	1271654764413	0	0	482c4841b1d010bac7802b2db310
user21	440	235	1271654764431	0	0	482c4841b1d010bac7802b2db310
user21	442	235	1271654764450	0	0	482c4841b1d010bac7802b2db310
user21	443	235	1271654764464	0	0	482c4841b1d010bac7802b2db310
user21	444	234	1271654764481	0	0	482c4841b1d010bac7802b2db310
user21	445	234	1271654764498	0	0	482c4841b1d010bac7802b2db310
user21	446	234	1271654764516	0	0	482c4841b1d010bac7802b2db310
user21	447	234	1271654764548	0	0	482c4841b1d010bac7802b2db310
user21	448	234	1271654764599	0	0	482c4841b1d010bac7802b2db310
user21	448	236	1271654764667	0	0	482c4841b1d010bac7802b2db310
user21	448	238	1271654764683	0	0	482c4841b1d010bac7802b2db310
user21	446	241	1271654764699	0	0	482c4841b1d010bac7802b2db310
user21	444	244	1271654764717	0	0	482c4841b1d010bac7802b2db310
user21	442	250	1271654764733	0	0	482c4841b1d010bac7802b2db310
user21	438	256	1271654764753	0	0	482c4841b1d010bac7802b2db310
user21	435	261	1271654764767	0	0	482c4841b1d010bac7802b2db310
user21	431	267	1271654764785	0	0	482c4841b1d010bac7802b2db310
user21	428	272	1271654764803	0	0	482c4841b1d010bac7802b2db310
user21	424	278	1271654764818	0	0	482c4841b1d010bac7802b2db310
user21	421	284	1271654764836	0	0	482c4841b1d010bac7802b2db310
user21	419	288	1271654764852	0	0	482c4841b1d010bac7802b2db310
user21	418	291	1271654764869	0	0	482c4841b1d010bac7802b2db310
user21	418	293	1271654764885	0	0	482c4841b1d010bac7802b2db310
user21	418	294	1271654764902	0	0	482c4841b1d010bac7802b2db310
user21	418	296	1271654764936	0	0	482c4841b1d010bac7802b2db310
user21	420	296	1271654764950	0	0	482c4841b1d010bac7802b2db310
user21	423	297	1271654764967	0	0	482c4841b1d010bac7802b2db310
user21	427	297	1271654764985	0	0	482c4841b1d010bac7802b2db310
user21	435	297	1271654765002	0	0	482c4841b1d010bac7802b2db310
user21	450	294	1271654765019	0	0	482c4841b1d010bac7802b2db310
user21	471	289	1271654765039	0	0	482c4841b1d010bac7802b2db310
user21	489	283	1271654765052	0	0	482c4841b1d010bac7802b2db310
user21	512	275	1271654765071	0	0	482c4841b1d010bac7802b2db310
user21	532	267	1271654765089	0	0	482c4841b1d010bac7802b2db310
user21	552	259	1271654765101	0	0	482c4841b1d010bac7802b2db310
user21	569	249	1271654765119	0	0	482c4841b1d010bac7802b2db310
user21	584	241	1271654765135	0	0	482c4841b1d010bac7802b2db310
user21	600	232	1271654765154	0	0	482c4841b1d010bac7802b2db310
user21	612	226	1271654765168	0	0	482c4841b1d010bac7802b2db310
user21	622	219	1271654765186	0	0	482c4841b1d010bac7802b2db310
user21	632	213	1271654765205	0	0	482c4841b1d010bac7802b2db310
user21	639	208	1271654765218	0	0	482c4841b1d010bac7802b2db310
user21	643	205	1271654765236	0	0	482c4841b1d010bac7802b2db310
user21	644	204	1271654765252	0	0	482c4841b1d010bac7802b2db310
user21	644	203	1271654765470	0	0	482c4841b1d010bac7802b2db310
user21	644	202	1271654765487	0	0	482c4841b1d010bac7802b2db310
user21	644	201	1271654765506	0	0	482c4841b1d010bac7802b2db310
user21	644	198	1271654765521	0	0	482c4841b1d010bac7802b2db310
user21	642	195	1271654765539	0	0	482c4841b1d010bac7802b2db310
user21	641	192	1271654765553	0	0	482c4841b1d010bac7802b2db310
user21	639	189	1271654765571	0	0	482c4841b1d010bac7802b2db310
user21	637	187	1271654765589	0	0	482c4841b1d010bac7802b2db310
user21	635	183	1271654765606	0	0	482c4841b1d010bac7802b2db310
user21	634	179	1271654765621	0	0	482c4841b1d010bac7802b2db310
user21	630	175	1271654765639	0	0	482c4841b1d010bac7802b2db310
user21	628	171	1271654765655	0	0	482c4841b1d010bac7802b2db310
user21	626	167	1271654765673	0	0	482c4841b1d010bac7802b2db310
user21	625	165	1271654765690	0	0	482c4841b1d010bac7802b2db310
user21	624	164	1271654765705	0	0	482c4841b1d010bac7802b2db310
user21	623	162	1271654765723	0	0	482c4841b1d010bac7802b2db310
user21	623	161	1271654765739	0	0	482c4841b1d010bac7802b2db310
user21	623	160	1271654765758	0	0	482c4841b1d010bac7802b2db310
user21	622	160	1271654765775	0	0	482c4841b1d010bac7802b2db310
user21	623	160	1271654765877	0	0	482c4841b1d010bac7802b2db310
user21	626	160	1271654765889	0	0	482c4841b1d010bac7802b2db310
user21	630	160	1271654765907	0	0	482c4841b1d010bac7802b2db310
user21	634	160	1271654765925	0	0	482c4841b1d010bac7802b2db310
user21	639	160	1271654765941	0	0	482c4841b1d010bac7802b2db310
user21	644	160	1271654765956	0	0	482c4841b1d010bac7802b2db310
user21	650	160	1271654765973	0	0	482c4841b1d010bac7802b2db310
user21	656	160	1271654765991	0	0	482c4841b1d010bac7802b2db310
user21	660	161	1271654766007	0	0	482c4841b1d010bac7802b2db310
user21	664	162	1271654766025	0	0	482c4841b1d010bac7802b2db310
user21	667	162	1271654766041	0	0	482c4841b1d010bac7802b2db310
user21	669	163	1271654766057	0	0	482c4841b1d010bac7802b2db310
user21	670	163	1271654766076	0	0	482c4841b1d010bac7802b2db310
user21	671	165	1271654766090	0	0	482c4841b1d010bac7802b2db310
user21	673	165	1271654766108	0	0	482c4841b1d010bac7802b2db310
user21	674	165	1271654766126	0	0	482c4841b1d010bac7802b2db310
user21	675	167	1271654766175	0	0	482c4841b1d010bac7802b2db310
user21	676	167	1271654766226	0	0	482c4841b1d010bac7802b2db310
user21	676	168	1271654766259	0	0	482c4841b1d010bac7802b2db310
user21	677	168	1271654766328	0	0	482c4841b1d010bac7802b2db310
user21	676	168	1271654766577	0	0	482c4841b1d010bac7802b2db310
user21	675	169	1271654766594	0	0	482c4841b1d010bac7802b2db310
user21	672	169	1271654766611	0	0	482c4841b1d010bac7802b2db310
user21	668	170	1271654766628	0	0	482c4841b1d010bac7802b2db310
user21	664	171	1271654766644	0	0	482c4841b1d010bac7802b2db310
user21	657	174	1271654766661	0	0	482c4841b1d010bac7802b2db310
user21	648	178	1271654766680	0	0	482c4841b1d010bac7802b2db310
user21	638	184	1271654766694	0	0	482c4841b1d010bac7802b2db310
user21	628	192	1271654766712	0	0	482c4841b1d010bac7802b2db310
user21	612	203	1271654766729	0	0	482c4841b1d010bac7802b2db310
user21	596	217	1271654766745	0	0	482c4841b1d010bac7802b2db310
user21	582	230	1271654766762	0	0	482c4841b1d010bac7802b2db310
user21	570	243	1271654766781	0	0	482c4841b1d010bac7802b2db310
user21	559	256	1271654766794	0	0	482c4841b1d010bac7802b2db310
user21	516	266	1271654766904	0	0	482c4841b1d010bac7802b2db310
user21	511	262	1271654766913	0	0	482c4841b1d010bac7802b2db310
user21	506	258	1271654766929	0	0	482c4841b1d010bac7802b2db310
user21	500	254	1271654766946	0	0	482c4841b1d010bac7802b2db310
user21	498	253	1271654766964	0	0	482c4841b1d010bac7802b2db310
user21	496	251	1271654766981	0	0	482c4841b1d010bac7802b2db310
user21	492	249	1271654766996	0	0	482c4841b1d010bac7802b2db310
user21	491	249	1271654767014	0	0	482c4841b1d010bac7802b2db310
user21	489	248	1271654767030	0	0	482c4841b1d010bac7802b2db310
user21	487	248	1271654767047	0	0	482c4841b1d010bac7802b2db310
user21	484	248	1271654767064	0	0	482c4841b1d010bac7802b2db310
user21	482	248	1271654767082	0	0	482c4841b1d010bac7802b2db310
user21	480	248	1271654767096	0	0	482c4841b1d010bac7802b2db310
user21	477	248	1271654767115	0	0	482c4841b1d010bac7802b2db310
user21	474	249	1271654767130	0	0	482c4841b1d010bac7802b2db310
user21	472	252	1271654767150	0	0	482c4841b1d010bac7802b2db310
user21	469	256	1271654767166	0	0	482c4841b1d010bac7802b2db310
user21	468	259	1271654767180	0	0	482c4841b1d010bac7802b2db310
user21	466	263	1271654767198	0	0	482c4841b1d010bac7802b2db310
user21	465	265	1271654767218	0	0	482c4841b1d010bac7802b2db310
user21	464	266	1271654767231	0	0	482c4841b1d010bac7802b2db310
user21	464	268	1271654767249	0	0	482c4841b1d010bac7802b2db310
user21	464	269	1271654767265	0	0	482c4841b1d010bac7802b2db310
user21	464	270	1271654767284	0	0	482c4841b1d010bac7802b2db310
user21	464	271	1271654767300	0	0	482c4841b1d010bac7802b2db310
user21	464	273	1271654767319	0	0	482c4841b1d010bac7802b2db310
user21	464	274	1271654767334	0	0	482c4841b1d010bac7802b2db310
user21	464	276	1271654767351	0	0	482c4841b1d010bac7802b2db310
user21	464	277	1271654767363	0	0	482c4841b1d010bac7802b2db310
user21	464	279	1271654767382	0	0	482c4841b1d010bac7802b2db310
user21	464	281	1271654767399	0	0	482c4841b1d010bac7802b2db310
user21	465	285	1271654767421	0	0	482c4841b1d010bac7802b2db310
user21	466	289	1271654767438	0	0	482c4841b1d010bac7802b2db310
user21	467	291	1271654767452	0	0	482c4841b1d010bac7802b2db310
user21	467	293	1271654767466	0	0	482c4841b1d010bac7802b2db310
user21	468	295	1271654767484	0	0	482c4841b1d010bac7802b2db310
user21	469	297	1271654767499	0	0	482c4841b1d010bac7802b2db310
user21	471	299	1271654767516	0	0	482c4841b1d010bac7802b2db310
user21	473	300	1271654767534	0	0	482c4841b1d010bac7802b2db310
user21	474	301	1271654767751	0	0	482c4841b1d010bac7802b2db310
user21	474	302	1271654767769	0	0	482c4841b1d010bac7802b2db310
user21	474	304	1271654767784	0	0	482c4841b1d010bac7802b2db310
user21	474	305	1271654767802	0	0	482c4841b1d010bac7802b2db310
user21	474	307	1271654767818	0	0	482c4841b1d010bac7802b2db310
user21	474	308	1271654767835	0	0	482c4841b1d010bac7802b2db310
user21	473	309	1271654767873	0	0	482c4841b1d010bac7802b2db310
user21	473	310	1271654767904	0	0	482c4841b1d010bac7802b2db310
user21	473	310	1271654768389	1271654768230	1271654768389	482c4841b1d010bac7802b2db310
user21	475	310	1271654774039	0	0	482c4841b1d010bac7802b2db310
user21	478	310	1271654774056	0	0	482c4841b1d010bac7802b2db310
user21	485	306	1271654774075	0	0	482c4841b1d010bac7802b2db310
user21	492	304	1271654774088	0	0	482c4841b1d010bac7802b2db310
user21	499	301	1271654774106	0	0	482c4841b1d010bac7802b2db310
user21	508	300	1271654774123	0	0	482c4841b1d010bac7802b2db310
user21	519	299	1271654774142	0	0	482c4841b1d010bac7802b2db310
user21	535	299	1271654774156	0	0	482c4841b1d010bac7802b2db310
user21	550	301	1271654774174	0	0	482c4841b1d010bac7802b2db310
user21	565	305	1271654774191	0	0	482c4841b1d010bac7802b2db310
user21	573	307	1271654774206	0	0	482c4841b1d010bac7802b2db310
user21	580	312	1271654774224	0	0	482c4841b1d010bac7802b2db310
user21	585	316	1271654774242	0	0	482c4841b1d010bac7802b2db310
user21	590	323	1271654774256	0	0	482c4841b1d010bac7802b2db310
user21	592	329	1271654774274	0	0	482c4841b1d010bac7802b2db310
user21	593	334	1271654774293	0	0	482c4841b1d010bac7802b2db310
user21	593	335	1271654774306	0	0	482c4841b1d010bac7802b2db310
user21	593	337	1271654774325	0	0	482c4841b1d010bac7802b2db310
user21	593	338	1271654774342	0	0	482c4841b1d010bac7802b2db310
user21	594	338	1271654774359	0	0	482c4841b1d010bac7802b2db310
user21	594	339	1271654774374	0	0	482c4841b1d010bac7802b2db310
user21	594	340	1271654774391	0	0	482c4841b1d010bac7802b2db310
user21	594	341	1271654774424	0	0	482c4841b1d010bac7802b2db310
user21	594	342	1271654774444	0	0	482c4841b1d010bac7802b2db310
user21	594	343	1271654774482	0	0	482c4841b1d010bac7802b2db310
user21	593	344	1271654774494	0	0	482c4841b1d010bac7802b2db310
user21	593	345	1271654774507	0	0	482c4841b1d010bac7802b2db310
user21	591	345	1271654774525	0	0	482c4841b1d010bac7802b2db310
user21	591	347	1271654774544	0	0	482c4841b1d010bac7802b2db310
user21	591	348	1271654774558	0	0	482c4841b1d010bac7802b2db310
user21	589	350	1271654774575	0	0	482c4841b1d010bac7802b2db310
user21	589	351	1271654774593	0	0	482c4841b1d010bac7802b2db310
user21	589	352	1271654774609	0	0	482c4841b1d010bac7802b2db310
user21	589	353	1271654774627	0	0	482c4841b1d010bac7802b2db310
user21	589	354	1271654774644	0	0	482c4841b1d010bac7802b2db310
user21	589	354	1271654775053	1271654774974	1271654775053	482c4841b1d010bac7802b2db310
user21	586	351	1271654783502	0	0	482c4841b1d010bac7802b2db310
user21	586	350	1271654783852	0	0	482c4841b1d010bac7802b2db310
user21	586	347	1271654783864	0	0	482c4841b1d010bac7802b2db310
user21	586	343	1271654783882	0	0	482c4841b1d010bac7802b2db310
user21	586	340	1271654783899	0	0	482c4841b1d010bac7802b2db310
user21	586	336	1271654783916	0	0	482c4841b1d010bac7802b2db310
user21	588	327	1271654783934	0	0	482c4841b1d010bac7802b2db310
user21	589	315	1271654783949	0	0	482c4841b1d010bac7802b2db310
user21	592	299	1271654783969	0	0	482c4841b1d010bac7802b2db310
user21	597	280	1271654783986	0	0	482c4841b1d010bac7802b2db310
user21	600	265	1271654784002	0	0	482c4841b1d010bac7802b2db310
user21	604	252	1271654784016	0	0	482c4841b1d010bac7802b2db310
user21	608	236	1271654784033	0	0	482c4841b1d010bac7802b2db310
user21	612	222	1271654784052	0	0	482c4841b1d010bac7802b2db310
user21	616	211	1271654784065	0	0	482c4841b1d010bac7802b2db310
user21	620	198	1271654784083	0	0	482c4841b1d010bac7802b2db310
user21	625	186	1271654784100	0	0	482c4841b1d010bac7802b2db310
user21	629	176	1271654784118	0	0	482c4841b1d010bac7802b2db310
user21	633	167	1271654784136	0	0	482c4841b1d010bac7802b2db310
user21	637	163	1271654784166	0	0	482c4841b1d010bac7802b2db310
user21	641	159	1271654784184	0	0	482c4841b1d010bac7802b2db310
user21	645	156	1271654784200	0	0	482c4841b1d010bac7802b2db310
user21	648	153	1271654784217	0	0	482c4841b1d010bac7802b2db310
user21	653	150	1271654784235	0	0	482c4841b1d010bac7802b2db310
user21	656	148	1271654784251	0	0	482c4841b1d010bac7802b2db310
user21	657	147	1271654784267	0	0	482c4841b1d010bac7802b2db310
user21	658	147	1271654784286	0	0	482c4841b1d010bac7802b2db310
user21	659	147	1271654784317	0	0	482c4841b1d010bac7802b2db310
user21	660	147	1271654784351	0	0	482c4841b1d010bac7802b2db310
user21	660	148	1271654784385	0	0	482c4841b1d010bac7802b2db310
user21	660	149	1271654784402	0	0	482c4841b1d010bac7802b2db310
user21	660	151	1271654784420	0	0	482c4841b1d010bac7802b2db310
user21	661	152	1271654784435	0	0	482c4841b1d010bac7802b2db310
user21	661	153	1271654784452	0	0	482c4841b1d010bac7802b2db310
user21	661	155	1271654784471	0	0	482c4841b1d010bac7802b2db310
user21	661	156	1271654784485	0	0	482c4841b1d010bac7802b2db310
user21	661	157	1271654784502	0	0	482c4841b1d010bac7802b2db310
user21	661	158	1271654784519	0	0	482c4841b1d010bac7802b2db310
user21	661	159	1271654784536	0	0	482c4841b1d010bac7802b2db310
user21	661	160	1271654784553	0	0	482c4841b1d010bac7802b2db310
user21	662	160	1271654784569	0	0	482c4841b1d010bac7802b2db310
user21	662	162	1271654784586	0	0	482c4841b1d010bac7802b2db310
user21	662	163	1271654784619	0	0	482c4841b1d010bac7802b2db310
user21	663	163	1271654784838	0	0	482c4841b1d010bac7802b2db310
user21	664	164	1271654784871	0	0	482c4841b1d010bac7802b2db310
user21	665	165	1271654784909	0	0	482c4841b1d010bac7802b2db310
user21	665	167	1271654784955	0	0	482c4841b1d010bac7802b2db310
user21	666	167	1271654784972	0	0	482c4841b1d010bac7802b2db310
user21	666	167	1271654785173	1271654785054	1271654785173	482c4841b1d010bac7802b2db310
user21	684	166	1271654786966	0	0	482c4841b1d010bac7802b2db310
user21	686	166	1271654787011	0	0	482c4841b1d010bac7802b2db310
user21	687	166	1271654787032	0	0	482c4841b1d010bac7802b2db310
user21	686	166	1271654787704	0	0	482c4841b1d010bac7802b2db310
user21	685	166	1271654787743	0	0	482c4841b1d010bac7802b2db310
user21	684	166	1271654787754	0	0	482c4841b1d010bac7802b2db310
user21	683	166	1271654787793	0	0	482c4841b1d010bac7802b2db310
user21	681	166	1271654787821	0	0	482c4841b1d010bac7802b2db310
user21	680	166	1271654787857	0	0	482c4841b1d010bac7802b2db310
user21	679	167	1271654787893	0	0	482c4841b1d010bac7802b2db310
user21	678	167	1271654791228	0	0	482c4841b1d010bac7802b2db310
user21	678	167	1271654791413	1271654791310	1271654791413	482c4841b1d010bac7802b2db310
user21	678	167	1271654794405	1271654794254	1271654794405	482c4841b1d010bac7802b2db310
user21	619	512	1271656900691	0	0	482c4841b1d010bac7802b2db310
user21	619	511	1271656900742	0	0	482c4841b1d010bac7802b2db310
user21	620	510	1271656900761	0	0	482c4841b1d010bac7802b2db310
user21	621	508	1271656900779	0	0	482c4841b1d010bac7802b2db310
user21	623	506	1271656900795	0	0	482c4841b1d010bac7802b2db310
user21	626	502	1271656900811	0	0	482c4841b1d010bac7802b2db310
user21	630	496	1271656900829	0	0	482c4841b1d010bac7802b2db310
user21	637	489	1271656900846	0	0	482c4841b1d010bac7802b2db310
user21	647	479	1271656900865	0	0	482c4841b1d010bac7802b2db310
user21	661	467	1271656900882	0	0	482c4841b1d010bac7802b2db310
user21	684	441	1271656900894	0	0	482c4841b1d010bac7802b2db310
user21	696	423	1271656900912	0	0	482c4841b1d010bac7802b2db310
user21	706	408	1271656900930	0	0	482c4841b1d010bac7802b2db310
user21	710	614	1271656902270	0	0	482c4841b1d010bac7802b2db310
user21	709	615	1271656902286	0	0	482c4841b1d010bac7802b2db310
user21	707	618	1271656902304	0	0	482c4841b1d010bac7802b2db310
user21	704	620	1271656902321	0	0	482c4841b1d010bac7802b2db310
user21	700	623	1271656902337	0	0	482c4841b1d010bac7802b2db310
user21	696	625	1271656902354	0	0	482c4841b1d010bac7802b2db310
user21	692	627	1271656902372	0	0	482c4841b1d010bac7802b2db310
user21	688	628	1271656902388	0	0	482c4841b1d010bac7802b2db310
user21	683	631	1271656902406	0	0	482c4841b1d010bac7802b2db310
user21	677	634	1271656902420	0	0	482c4841b1d010bac7802b2db310
user21	668	639	1271656902438	0	0	482c4841b1d010bac7802b2db310
user21	660	644	1271656902457	0	0	482c4841b1d010bac7802b2db310
user21	654	648	1271656902473	0	0	482c4841b1d010bac7802b2db310
user21	648	652	1271656902488	0	0	482c4841b1d010bac7802b2db310
user21	644	655	1271656902507	0	0	482c4841b1d010bac7802b2db310
user21	641	657	1271656902521	0	0	482c4841b1d010bac7802b2db310
user21	635	661	1271656902539	0	0	482c4841b1d010bac7802b2db310
user21	632	662	1271656902555	0	0	482c4841b1d010bac7802b2db310
user21	629	663	1271656902574	0	0	482c4841b1d010bac7802b2db310
user21	626	664	1271656902589	0	0	482c4841b1d010bac7802b2db310
user21	623	665	1271656902607	0	0	482c4841b1d010bac7802b2db310
user21	620	665	1271656902623	0	0	482c4841b1d010bac7802b2db310
user21	618	665	1271656902642	0	0	482c4841b1d010bac7802b2db310
user21	617	665	1271656902674	0	0	482c4841b1d010bac7802b2db310
user21	615	666	1271656902908	0	0	482c4841b1d010bac7802b2db310
user21	611	666	1271656902926	0	0	482c4841b1d010bac7802b2db310
user21	607	668	1271656902941	0	0	482c4841b1d010bac7802b2db310
user21	602	670	1271656902959	0	0	482c4841b1d010bac7802b2db310
user21	598	671	1271656902979	0	0	482c4841b1d010bac7802b2db310
user21	595	671	1271656902989	0	0	482c4841b1d010bac7802b2db310
user21	591	671	1271656903008	0	0	482c4841b1d010bac7802b2db310
user21	586	671	1271656903025	0	0	482c4841b1d010bac7802b2db310
user21	581	671	1271656903042	0	0	482c4841b1d010bac7802b2db310
user21	573	670	1271656903059	0	0	482c4841b1d010bac7802b2db310
user21	563	669	1271656903075	0	0	482c4841b1d010bac7802b2db310
user21	552	666	1271656903092	0	0	482c4841b1d010bac7802b2db310
user21	545	664	1271656903109	0	0	482c4841b1d010bac7802b2db310
user21	537	661	1271656903128	0	0	482c4841b1d010bac7802b2db310
user21	536	660	1271656903142	0	0	482c4841b1d010bac7802b2db310
user21	534	659	1271656903160	0	0	482c4841b1d010bac7802b2db310
user21	532	659	1271656903178	0	0	482c4841b1d010bac7802b2db310
user21	530	658	1271656903192	0	0	482c4841b1d010bac7802b2db310
user21	528	656	1271656903210	0	0	482c4841b1d010bac7802b2db310
user21	527	656	1271656903535	0	0	482c4841b1d010bac7802b2db310
user21	526	656	1271656903545	0	0	482c4841b1d010bac7802b2db310
user21	525	656	1271656903560	0	0	482c4841b1d010bac7802b2db310
user21	524	656	1271656903579	0	0	482c4841b1d010bac7802b2db310
user21	523	656	1271656903596	0	0	482c4841b1d010bac7802b2db310
user21	522	656	1271656903612	0	0	482c4841b1d010bac7802b2db310
user21	520	654	1271656903630	0	0	482c4841b1d010bac7802b2db310
user21	518	654	1271656903665	0	0	482c4841b1d010bac7802b2db310
user21	516	653	1271656903681	0	0	482c4841b1d010bac7802b2db310
user21	515	652	1271656903696	0	0	482c4841b1d010bac7802b2db310
user21	514	652	1271656903714	0	0	482c4841b1d010bac7802b2db310
user21	513	651	1271656903763	0	0	482c4841b1d010bac7802b2db310
user21	512	650	1271656903814	0	0	482c4841b1d010bac7802b2db310
user21	511	649	1271656903871	0	0	482c4841b1d010bac7802b2db310
user21	510	648	1271656903896	0	0	482c4841b1d010bac7802b2db310
user21	509	647	1271656903914	0	0	482c4841b1d010bac7802b2db310
user21	508	646	1271656903932	0	0	482c4841b1d010bac7802b2db310
user21	507	645	1271656903947	0	0	482c4841b1d010bac7802b2db310
user21	506	645	1271656903964	0	0	482c4841b1d010bac7802b2db310
user21	505	643	1271656903982	0	0	482c4841b1d010bac7802b2db310
user21	504	643	1271656903997	0	0	482c4841b1d010bac7802b2db310
user21	503	642	1271656904015	0	0	482c4841b1d010bac7802b2db310
user21	502	641	1271656904048	0	0	482c4841b1d010bac7802b2db310
user21	501	641	1271656904080	0	0	482c4841b1d010bac7802b2db310
user21	501	640	1271656904098	0	0	482c4841b1d010bac7802b2db310
user21	501	639	1271656904132	0	0	482c4841b1d010bac7802b2db310
user21	502	639	1271656904169	0	0	482c4841b1d010bac7802b2db310
user21	502	639	1271656906114	1271656905978	1271656906114	482c4841b1d010bac7802b2db310
user21	503	639	1271656927355	0	0	482c4841b1d010bac7802b2db310
user21	505	639	1271656927373	0	0	482c4841b1d010bac7802b2db310
user21	507	639	1271656927389	0	0	482c4841b1d010bac7802b2db310
user21	510	638	1271656927406	0	0	482c4841b1d010bac7802b2db310
user21	512	638	1271656927422	0	0	482c4841b1d010bac7802b2db310
user21	515	637	1271656927439	0	0	482c4841b1d010bac7802b2db310
user21	519	636	1271656927458	0	0	482c4841b1d010bac7802b2db310
user21	524	636	1271656927471	0	0	482c4841b1d010bac7802b2db310
user21	532	636	1271656927489	0	0	482c4841b1d010bac7802b2db310
user21	542	636	1271656927506	0	0	482c4841b1d010bac7802b2db310
user21	554	637	1271656927523	0	0	482c4841b1d010bac7802b2db310
user21	563	638	1271656927540	0	0	482c4841b1d010bac7802b2db310
user21	570	640	1271656927557	0	0	482c4841b1d010bac7802b2db310
user21	575	642	1271656927573	0	0	482c4841b1d010bac7802b2db310
user21	579	643	1271656927591	0	0	482c4841b1d010bac7802b2db310
user21	581	644	1271656927607	0	0	482c4841b1d010bac7802b2db310
user21	582	645	1271656927892	0	0	482c4841b1d010bac7802b2db310
user21	582	646	1271656927943	0	0	482c4841b1d010bac7802b2db310
user21	583	646	1271656927962	0	0	482c4841b1d010bac7802b2db310
user21	584	647	1271656927974	0	0	482c4841b1d010bac7802b2db310
user21	586	648	1271656927992	0	0	482c4841b1d010bac7802b2db310
user21	589	649	1271656928009	0	0	482c4841b1d010bac7802b2db310
user21	592	651	1271656928028	0	0	482c4841b1d010bac7802b2db310
user21	596	653	1271656928043	0	0	482c4841b1d010bac7802b2db310
user21	601	656	1271656928060	0	0	482c4841b1d010bac7802b2db310
user21	604	658	1271656928078	0	0	482c4841b1d010bac7802b2db310
user21	608	660	1271656928095	0	0	482c4841b1d010bac7802b2db310
user21	613	664	1271656928111	0	0	482c4841b1d010bac7802b2db310
user21	616	665	1271656928126	0	0	482c4841b1d010bac7802b2db310
user21	620	668	1271656928144	0	0	482c4841b1d010bac7802b2db310
user21	623	670	1271656928162	0	0	482c4841b1d010bac7802b2db310
user21	624	670	1271656928176	0	0	482c4841b1d010bac7802b2db310
user21	625	671	1271656928194	0	0	482c4841b1d010bac7802b2db310
user21	626	671	1271656928227	0	0	482c4841b1d010bac7802b2db310
user21	626	672	1271656928245	0	0	482c4841b1d010bac7802b2db310
user21	625	672	1271656930278	0	0	482c4841b1d010bac7802b2db310
user21	623	673	1271656930290	0	0	482c4841b1d010bac7802b2db310
user21	621	673	1271656930306	0	0	482c4841b1d010bac7802b2db310
user21	619	674	1271656930323	0	0	482c4841b1d010bac7802b2db310
user21	617	675	1271656930341	0	0	482c4841b1d010bac7802b2db310
user21	616	676	1271656930356	0	0	482c4841b1d010bac7802b2db310
user21	614	678	1271656930378	0	0	482c4841b1d010bac7802b2db310
user21	613	679	1271656930393	0	0	482c4841b1d010bac7802b2db310
user21	611	680	1271656930406	0	0	482c4841b1d010bac7802b2db310
user21	610	680	1271656930442	0	0	482c4841b1d010bac7802b2db310
user21	610	682	1271656930476	0	0	482c4841b1d010bac7802b2db310
user21	610	683	1271656930491	0	0	482c4841b1d010bac7802b2db310
user21	610	684	1271656930507	0	0	482c4841b1d010bac7802b2db310
user21	610	686	1271656930526	0	0	482c4841b1d010bac7802b2db310
user21	610	688	1271656930540	0	0	482c4841b1d010bac7802b2db310
user21	610	690	1271656930558	0	0	482c4841b1d010bac7802b2db310
user21	610	692	1271656930577	0	0	482c4841b1d010bac7802b2db310
user21	610	694	1271656930598	0	0	482c4841b1d010bac7802b2db310
user21	610	697	1271656930627	0	0	482c4841b1d010bac7802b2db310
user21	609	699	1271656930642	0	0	482c4841b1d010bac7802b2db310
user21	608	700	1271656930676	0	0	482c4841b1d010bac7802b2db310
user21	605	700	1271656930695	0	0	482c4841b1d010bac7802b2db310
user21	601	701	1271656930710	0	0	482c4841b1d010bac7802b2db310
user21	599	702	1271656930727	0	0	482c4841b1d010bac7802b2db310
user21	597	702	1271656930744	0	0	482c4841b1d010bac7802b2db310
user21	596	702	1271656930758	0	0	482c4841b1d010bac7802b2db310
user21	595	702	1271656930776	0	0	482c4841b1d010bac7802b2db310
user21	594	702	1271656930795	0	0	482c4841b1d010bac7802b2db310
user21	593	702	1271656930827	0	0	482c4841b1d010bac7802b2db310
user21	592	701	1271656930909	0	0	482c4841b1d010bac7802b2db310
user21	590	701	1271656930926	0	0	482c4841b1d010bac7802b2db310
user21	586	701	1271656930944	0	0	482c4841b1d010bac7802b2db310
user21	580	701	1271656930961	0	0	482c4841b1d010bac7802b2db310
user21	574	701	1271656930980	0	0	482c4841b1d010bac7802b2db310
user21	565	702	1271656930995	0	0	482c4841b1d010bac7802b2db310
user21	560	703	1271656931010	0	0	482c4841b1d010bac7802b2db310
user21	555	704	1271656931027	0	0	482c4841b1d010bac7802b2db310
user21	551	704	1271656931046	0	0	482c4841b1d010bac7802b2db310
user21	548	704	1271656931061	0	0	482c4841b1d010bac7802b2db310
user21	547	705	1271656931079	0	0	482c4841b1d010bac7802b2db310
user21	546	705	1271656931098	0	0	482c4841b1d010bac7802b2db310
user21	546	761	1271656931446	0	0	482c4841b1d010bac7802b2db310
user21	549	755	1271656931464	0	0	482c4841b1d010bac7802b2db310
user21	551	749	1271656931482	0	0	482c4841b1d010bac7802b2db310
user21	552	746	1271656931496	0	0	482c4841b1d010bac7802b2db310
user21	554	742	1271656931514	0	0	482c4841b1d010bac7802b2db310
user21	556	739	1271656931530	0	0	482c4841b1d010bac7802b2db310
user21	558	736	1271656931548	0	0	482c4841b1d010bac7802b2db310
user21	559	733	1271656931566	0	0	482c4841b1d010bac7802b2db310
user21	562	726	1271656931580	0	0	482c4841b1d010bac7802b2db310
user21	565	720	1271656931598	0	0	482c4841b1d010bac7802b2db310
user21	567	717	1271656931617	0	0	482c4841b1d010bac7802b2db310
user21	568	715	1271656931630	0	0	482c4841b1d010bac7802b2db310
user21	570	713	1271656931648	0	0	482c4841b1d010bac7802b2db310
user21	570	712	1271656931681	0	0	482c4841b1d010bac7802b2db310
user21	571	712	1271656931715	0	0	482c4841b1d010bac7802b2db310
user21	571	710	1271656931732	0	0	482c4841b1d010bac7802b2db310
user21	573	710	1271656931750	0	0	482c4841b1d010bac7802b2db310
user21	573	708	1271656931765	0	0	482c4841b1d010bac7802b2db310
user21	575	708	1271656931783	0	0	482c4841b1d010bac7802b2db310
user21	576	705	1271656931802	0	0	482c4841b1d010bac7802b2db310
user21	577	703	1271656931817	0	0	482c4841b1d010bac7802b2db310
user21	577	701	1271656931835	0	0	482c4841b1d010bac7802b2db310
user21	578	699	1271656931851	0	0	482c4841b1d010bac7802b2db310
user21	578	698	1271656931865	0	0	482c4841b1d010bac7802b2db310
user21	580	696	1271656931883	0	0	482c4841b1d010bac7802b2db310
user21	580	695	1271656931899	0	0	482c4841b1d010bac7802b2db310
user21	580	693	1271656931942	0	0	482c4841b1d010bac7802b2db310
user21	581	692	1271656931965	0	0	482c4841b1d010bac7802b2db310
user21	581	691	1271656932307	0	0	482c4841b1d010bac7802b2db310
user21	581	690	1271656932337	0	0	482c4841b1d010bac7802b2db310
user21	581	689	1271656932371	0	0	482c4841b1d010bac7802b2db310
user21	582	688	1271656932386	0	0	482c4841b1d010bac7802b2db310
user21	582	687	1271656932438	0	0	482c4841b1d010bac7802b2db310
user21	583	687	1271656932452	0	0	482c4841b1d010bac7802b2db310
user21	583	686	1271656932487	0	0	482c4841b1d010bac7802b2db310
user21	584	686	1271656932522	0	0	482c4841b1d010bac7802b2db310
user21	584	686	1271656932786	1271656932658	1271656932786	482c4841b1d010bac7802b2db310
