User	X	Y	MouseTimeStamp	MouseDownTimeStamp	MouseUpTimeStamp	SessionID
user11	463	627	1271910005148	0	0	3bed4861b556a980b8994d82cc81
user11	451	548	1271910005182	0	0	3bed4861b556a980b8994d82cc81
user11	451	541	1271910005184	0	0	3bed4861b556a980b8994d82cc81
user11	448	520	1271910005186	0	0	3bed4861b556a980b8994d82cc81
user11	443	492	1271910005194	0	0	3bed4861b556a980b8994d82cc81
user11	443	484	1271910005200	0	0	3bed4861b556a980b8994d82cc81
user11	443	468	1271910005207	0	0	3bed4861b556a980b8994d82cc81
user11	443	461	1271910005215	0	0	3bed4861b556a980b8994d82cc81
user11	443	447	1271910005223	0	0	3bed4861b556a980b8994d82cc81
user11	445	430	1271910005239	0	0	3bed4861b556a980b8994d82cc81
user11	446	424	1271910005240	0	0	3bed4861b556a980b8994d82cc81
user11	451	393	1271910005264	0	0	3bed4861b556a980b8994d82cc81
user11	454	377	1271910005283	0	0	3bed4861b556a980b8994d82cc81
user11	455	369	1271910005287	0	0	3bed4861b556a980b8994d82cc81
user11	456	366	1271910005295	0	0	3bed4861b556a980b8994d82cc81
user11	457	359	1271910005303	0	0	3bed4861b556a980b8994d82cc81
user11	457	356	1271910005312	0	0	3bed4861b556a980b8994d82cc81
user11	458	352	1271910005320	0	0	3bed4861b556a980b8994d82cc81
user11	459	352	1271910005327	0	0	3bed4861b556a980b8994d82cc81
user11	459	351	1271910005335	0	0	3bed4861b556a980b8994d82cc81
user11	460	350	1271910005344	0	0	3bed4861b556a980b8994d82cc81
user11	461	350	1271910005384	0	0	3bed4861b556a980b8994d82cc81
user11	462	350	1271910005400	0	0	3bed4861b556a980b8994d82cc81
user11	461	350	1271910005472	0	0	3bed4861b556a980b8994d82cc81
user11	460	350	1271910005488	0	0	3bed4861b556a980b8994d82cc81
user11	459	350	1271910005495	0	0	3bed4861b556a980b8994d82cc81
user11	456	350	1271910005503	0	0	3bed4861b556a980b8994d82cc81
user11	455	350	1271910005512	0	0	3bed4861b556a980b8994d82cc81
user11	449	350	1271910005520	0	0	3bed4861b556a980b8994d82cc81
user11	447	350	1271910005528	0	0	3bed4861b556a980b8994d82cc81
user11	441	350	1271910005535	0	0	3bed4861b556a980b8994d82cc81
user11	440	351	1271910005543	0	0	3bed4861b556a980b8994d82cc81
user11	437	353	1271910005552	0	0	3bed4861b556a980b8994d82cc81
user11	436	353	1271910005560	0	0	3bed4861b556a980b8994d82cc81
user11	435	353	1271910005568	0	0	3bed4861b556a980b8994d82cc81
user11	434	353	1271910005575	0	0	3bed4861b556a980b8994d82cc81
user11	433	353	1271910005591	0	0	3bed4861b556a980b8994d82cc81
user11	432	353	1271910005608	0	0	3bed4861b556a980b8994d82cc81
user11	431	354	1271910005616	0	0	3bed4861b556a980b8994d82cc81
user11	432	354	1271910005791	0	0	3bed4861b556a980b8994d82cc81
user11	434	354	1271910005808	0	0	3bed4861b556a980b8994d82cc81
user11	438	354	1271910005816	0	0	3bed4861b556a980b8994d82cc81
user11	440	354	1271910005824	0	0	3bed4861b556a980b8994d82cc81
user11	447	352	1271910005831	0	0	3bed4861b556a980b8994d82cc81
user11	450	352	1271910005839	0	0	3bed4861b556a980b8994d82cc81
user11	460	349	1271910005848	0	0	3bed4861b556a980b8994d82cc81
user11	465	347	1271910005856	0	0	3bed4861b556a980b8994d82cc81
user11	485	340	1271910005864	0	0	3bed4861b556a980b8994d82cc81
user11	507	331	1271910005871	0	0	3bed4861b556a980b8994d82cc81
user11	518	328	1271910005879	0	0	3bed4861b556a980b8994d82cc81
user11	546	321	1271910005888	0	0	3bed4861b556a980b8994d82cc81
user11	555	317	1271910005896	0	0	3bed4861b556a980b8994d82cc81
user11	583	309	1271910005904	0	0	3bed4861b556a980b8994d82cc81
user11	593	305	1271910005911	0	0	3bed4861b556a980b8994d82cc81
user11	618	298	1271910005919	0	0	3bed4861b556a980b8994d82cc81
user11	628	295	1271910005927	0	0	3bed4861b556a980b8994d82cc81
user11	648	286	1271910005936	0	0	3bed4861b556a980b8994d82cc81
user11	675	273	1271910005944	0	0	3bed4861b556a980b8994d82cc81
user11	683	268	1271910005951	0	0	3bed4861b556a980b8994d82cc81
user11	711	258	1271910005959	0	0	3bed4861b556a980b8994d82cc81
user11	722	254	1271910005967	0	0	3bed4861b556a980b8994d82cc81
user11	750	243	1271910005976	0	0	3bed4861b556a980b8994d82cc81
user11	760	240	1271910005984	0	0	3bed4861b556a980b8994d82cc81
user11	790	228	1271910005992	0	0	3bed4861b556a980b8994d82cc81
user11	820	216	1271910005999	0	0	3bed4861b556a980b8994d82cc81
user11	831	213	1271910006007	0	0	3bed4861b556a980b8994d82cc81
user11	852	203	1271910006016	0	0	3bed4861b556a980b8994d82cc81
user11	859	200	1271910006024	0	0	3bed4861b556a980b8994d82cc81
user11	877	194	1271910006032	0	0	3bed4861b556a980b8994d82cc81
user11	881	192	1271910006039	0	0	3bed4861b556a980b8994d82cc81
user11	882	193	1271910006047	0	0	3bed4861b556a980b8994d82cc81
user11	881	194	1271910006056	0	0	3bed4861b556a980b8994d82cc81
user11	887	191	1271910006064	0	0	3bed4861b556a980b8994d82cc81
user11	892	188	1271910006072	0	0	3bed4861b556a980b8994d82cc81
user11	891	188	1271910006079	0	0	3bed4861b556a980b8994d82cc81
user11	893	185	1271910006095	0	0	3bed4861b556a980b8994d82cc81
user11	897	183	1271910006104	0	0	3bed4861b556a980b8994d82cc81
user11	897	182	1271910006112	0	0	3bed4861b556a980b8994d82cc81
user11	899	181	1271910006119	0	0	3bed4861b556a980b8994d82cc81
user11	899	180	1271910006127	0	0	3bed4861b556a980b8994d82cc81
user11	899	179	1271910006192	0	0	3bed4861b556a980b8994d82cc81
user11	898	179	1271910006200	0	0	3bed4861b556a980b8994d82cc81
user11	898	178	1271910006207	0	0	3bed4861b556a980b8994d82cc81
user11	896	177	1271910006215	0	0	3bed4861b556a980b8994d82cc81
user11	896	176	1271910006224	0	0	3bed4861b556a980b8994d82cc81
user11	894	174	1271910006232	0	0	3bed4861b556a980b8994d82cc81
user11	893	174	1271910006240	0	0	3bed4861b556a980b8994d82cc81
user11	890	171	1271910006247	0	0	3bed4861b556a980b8994d82cc81
user11	887	171	1271910006255	0	0	3bed4861b556a980b8994d82cc81
user11	882	169	1271910006264	0	0	3bed4861b556a980b8994d82cc81
user11	873	169	1271910006272	0	0	3bed4861b556a980b8994d82cc81
user11	870	168	1271910006280	0	0	3bed4861b556a980b8994d82cc81
user11	859	166	1271910006287	0	0	3bed4861b556a980b8994d82cc81
user11	855	166	1271910006295	0	0	3bed4861b556a980b8994d82cc81
user11	845	164	1271910006303	0	0	3bed4861b556a980b8994d82cc81
user11	842	164	1271910006312	0	0	3bed4861b556a980b8994d82cc81
user11	834	163	1271910006320	0	0	3bed4861b556a980b8994d82cc81
user11	828	160	1271910006327	0	0	3bed4861b556a980b8994d82cc81
user11	826	159	1271910006335	0	0	3bed4861b556a980b8994d82cc81
user11	822	157	1271910006343	0	0	3bed4861b556a980b8994d82cc81
user11	820	157	1271910006352	0	0	3bed4861b556a980b8994d82cc81
user11	819	156	1271910006360	0	0	3bed4861b556a980b8994d82cc81
user11	818	156	1271910006367	0	0	3bed4861b556a980b8994d82cc81
user11	817	156	1271910006375	0	0	3bed4861b556a980b8994d82cc81
user11	816	156	1271910006383	0	0	3bed4861b556a980b8994d82cc81
user11	815	156	1271910006408	0	0	3bed4861b556a980b8994d82cc81
user11	815	157	1271910006423	0	0	3bed4861b556a980b8994d82cc81
user11	814	157	1271910006432	0	0	3bed4861b556a980b8994d82cc81
user11	814	158	1271910006440	0	0	3bed4861b556a980b8994d82cc81
user11	814	159	1271910006455	0	0	3bed4861b556a980b8994d82cc81
user11	813	159	1271910006463	0	0	3bed4861b556a980b8994d82cc81
user11	813	161	1271910006471	0	0	3bed4861b556a980b8994d82cc81
user11	811	163	1271910006488	0	0	3bed4861b556a980b8994d82cc81
user11	811	165	1271910006495	0	0	3bed4861b556a980b8994d82cc81
user11	809	167	1271910006503	0	0	3bed4861b556a980b8994d82cc81
user11	808	168	1271910006511	0	0	3bed4861b556a980b8994d82cc81
user11	808	170	1271910006520	0	0	3bed4861b556a980b8994d82cc81
user11	806	173	1271910006528	0	0	3bed4861b556a980b8994d82cc81
user11	805	174	1271910006552	0	0	3bed4861b556a980b8994d82cc81
user11	804	174	1271910006600	0	0	3bed4861b556a980b8994d82cc81
user11	804	175	1271910006608	0	0	3bed4861b556a980b8994d82cc81
user11	803	175	1271910006616	0	0	3bed4861b556a980b8994d82cc81
user11	803	175	1271910006950	1271910006800	1271910006950	3bed4861b556a980b8994d82cc81
user11	803	175	1271910006951	0	0	3bed4861b556a980b8994d82cc81
user11	803	175	1271910008708	0	0	3bed4861b556a980b8994d82cc81
user11	803	176	1271910009558	0	0	3bed4861b556a980b8994d82cc81
user11	802	176	1271910009573	0	0	3bed4861b556a980b8994d82cc81
user11	801	176	1271910009581	0	0	3bed4861b556a980b8994d82cc81
user11	795	179	1271910009589	0	0	3bed4861b556a980b8994d82cc81
user11	793	180	1271910009597	0	0	3bed4861b556a980b8994d82cc81
user11	787	183	1271910009605	0	0	3bed4861b556a980b8994d82cc81
user11	784	184	1271910009613	0	0	3bed4861b556a980b8994d82cc81
user11	779	187	1271910009621	0	0	3bed4861b556a980b8994d82cc81
user11	773	208	1271910009693	0	0	3bed4861b556a980b8994d82cc81
user11	773	213	1271910009700	0	0	3bed4861b556a980b8994d82cc81
user11	777	221	1271910009709	0	0	3bed4861b556a980b8994d82cc81
user11	778	231	1271910009717	0	0	3bed4861b556a980b8994d82cc81
user11	778	235	1271910009725	0	0	3bed4861b556a980b8994d82cc81
user11	778	243	1271910009733	0	0	3bed4861b556a980b8994d82cc81
user11	778	246	1271910009741	0	0	3bed4861b556a980b8994d82cc81
user11	777	251	1271910009749	0	0	3bed4861b556a980b8994d82cc81
user11	776	253	1271910009757	0	0	3bed4861b556a980b8994d82cc81
user11	775	255	1271910009765	0	0	3bed4861b556a980b8994d82cc81
user11	774	257	1271910009773	0	0	3bed4861b556a980b8994d82cc81
user11	774	256	1271910009829	0	0	3bed4861b556a980b8994d82cc81
user11	774	255	1271910009837	0	0	3bed4861b556a980b8994d82cc81
user11	774	253	1271910009845	0	0	3bed4861b556a980b8994d82cc81
user11	774	252	1271910009853	0	0	3bed4861b556a980b8994d82cc81
user11	774	249	1271910009861	0	0	3bed4861b556a980b8994d82cc81
user11	774	247	1271910009868	0	0	3bed4861b556a980b8994d82cc81
user11	774	243	1271910009877	0	0	3bed4861b556a980b8994d82cc81
user11	774	241	1271910009885	0	0	3bed4861b556a980b8994d82cc81
user11	774	237	1271910009893	0	0	3bed4861b556a980b8994d82cc81
user11	774	234	1271910009901	0	0	3bed4861b556a980b8994d82cc81
user11	774	233	1271910009909	0	0	3bed4861b556a980b8994d82cc81
user11	774	229	1271910009917	0	0	3bed4861b556a980b8994d82cc81
user11	774	227	1271910009925	0	0	3bed4861b556a980b8994d82cc81
user11	774	223	1271910009933	0	0	3bed4861b556a980b8994d82cc81
user11	774	221	1271910009949	0	0	3bed4861b556a980b8994d82cc81
user11	774	220	1271910009956	0	0	3bed4861b556a980b8994d82cc81
user11	774	219	1271910009965	0	0	3bed4861b556a980b8994d82cc81
user11	774	218	1271910009989	0	0	3bed4861b556a980b8994d82cc81
user11	774	217	1271910010013	0	0	3bed4861b556a980b8994d82cc81
user11	775	217	1271910010021	0	0	3bed4861b556a980b8994d82cc81
user11	775	216	1271910010029	0	0	3bed4861b556a980b8994d82cc81
user11	776	216	1271910010045	0	0	3bed4861b556a980b8994d82cc81
user11	775	216	1271910010147	0	0	3bed4861b556a980b8994d82cc81
user11	775	216	1271910010238	0	0	3bed4861b556a980b8994d82cc81
user11	774	216	1271910010242	0	0	3bed4861b556a980b8994d82cc81
user11	774	217	1271910010250	0	0	3bed4861b556a980b8994d82cc81
user11	773	218	1271910010306	0	0	3bed4861b556a980b8994d82cc81
user11	772	220	1271910010323	0	0	3bed4861b556a980b8994d82cc81
user11	770	222	1271910010330	0	0	3bed4861b556a980b8994d82cc81
user11	770	223	1271910010338	0	0	3bed4861b556a980b8994d82cc81
user11	770	223	1271910010341	1271910010235	1271910010341	3bed4861b556a980b8994d82cc81
user11	770	223	1271910010342	0	0	3bed4861b556a980b8994d82cc81
user11	769	224	1271910010346	0	0	3bed4861b556a980b8994d82cc81
user11	769	226	1271910010354	0	0	3bed4861b556a980b8994d82cc81
user11	769	228	1271910010370	0	0	3bed4861b556a980b8994d82cc81
user11	769	229	1271910010386	0	0	3bed4861b556a980b8994d82cc81
user11	769	230	1271910010403	0	0	3bed4861b556a980b8994d82cc81
user11	769	231	1271910010418	0	0	3bed4861b556a980b8994d82cc81
user11	769	232	1271910010426	0	0	3bed4861b556a980b8994d82cc81
user11	770	232	1271910010443	0	0	3bed4861b556a980b8994d82cc81
user11	771	232	1271910010458	0	0	3bed4861b556a980b8994d82cc81
user11	772	232	1271910010474	0	0	3bed4861b556a980b8994d82cc81
user11	771	232	1271910010498	0	0	3bed4861b556a980b8994d82cc81
user11	770	232	1271910010506	0	0	3bed4861b556a980b8994d82cc81
user11	768	232	1271910010514	0	0	3bed4861b556a980b8994d82cc81
user11	767	232	1271910010523	0	0	3bed4861b556a980b8994d82cc81
user11	765	232	1271910010531	0	0	3bed4861b556a980b8994d82cc81
user11	765	231	1271910010538	0	0	3bed4861b556a980b8994d82cc81
user11	763	230	1271910010546	0	0	3bed4861b556a980b8994d82cc81
user11	759	228	1271910010554	0	0	3bed4861b556a980b8994d82cc81
user11	759	227	1271910010563	0	0	3bed4861b556a980b8994d82cc81
user11	758	227	1271910010571	0	0	3bed4861b556a980b8994d82cc81
user11	757	227	1271910013626	0	0	3bed4861b556a980b8994d82cc81
user11	756	227	1271910013634	0	0	3bed4861b556a980b8994d82cc81
user11	757	227	1271910013666	0	0	3bed4861b556a980b8994d82cc81
user11	758	227	1271910013682	0	0	3bed4861b556a980b8994d82cc81
user11	761	227	1271910013690	0	0	3bed4861b556a980b8994d82cc81
user11	761	228	1271910013699	0	0	3bed4861b556a980b8994d82cc81
user11	763	230	1271910013706	0	0	3bed4861b556a980b8994d82cc81
user11	764	230	1271910013714	0	0	3bed4861b556a980b8994d82cc81
user11	766	232	1271910013722	0	0	3bed4861b556a980b8994d82cc81
user11	768	233	1271910013739	0	0	3bed4861b556a980b8994d82cc81
user11	769	233	1271910013746	0	0	3bed4861b556a980b8994d82cc81
user11	771	233	1271910013762	0	0	3bed4861b556a980b8994d82cc81
user11	771	234	1271910013770	0	0	3bed4861b556a980b8994d82cc81
user11	772	234	1271910013779	0	0	3bed4861b556a980b8994d82cc81
user11	774	236	1271910013794	0	0	3bed4861b556a980b8994d82cc81
user11	776	237	1271910013802	0	0	3bed4861b556a980b8994d82cc81
user11	778	239	1271910013810	0	0	3bed4861b556a980b8994d82cc81
user11	780	241	1271910013819	0	0	3bed4861b556a980b8994d82cc81
user11	781	241	1271910013826	0	0	3bed4861b556a980b8994d82cc81
user11	781	242	1271910013834	0	0	3bed4861b556a980b8994d82cc81
user11	782	243	1271910013842	0	0	3bed4861b556a980b8994d82cc81
user11	783	244	1271910013850	0	0	3bed4861b556a980b8994d82cc81
user11	783	245	1271910013858	0	0	3bed4861b556a980b8994d82cc81
user11	784	246	1271910013874	0	0	3bed4861b556a980b8994d82cc81
user11	785	247	1271910013882	0	0	3bed4861b556a980b8994d82cc81
user11	787	248	1271910013890	0	0	3bed4861b556a980b8994d82cc81
user11	787	249	1271910013898	0	0	3bed4861b556a980b8994d82cc81
user11	789	250	1271910013907	0	0	3bed4861b556a980b8994d82cc81
user11	790	250	1271910013914	0	0	3bed4861b556a980b8994d82cc81
user11	791	251	1271910013930	0	0	3bed4861b556a980b8994d82cc81
user11	792	252	1271910013947	0	0	3bed4861b556a980b8994d82cc81
user11	792	253	1271910013962	0	0	3bed4861b556a980b8994d82cc81
user11	793	253	1271910013970	0	0	3bed4861b556a980b8994d82cc81
user11	794	255	1271910013978	0	0	3bed4861b556a980b8994d82cc81
user11	796	256	1271910013987	0	0	3bed4861b556a980b8994d82cc81
user11	799	260	1271910013994	0	0	3bed4861b556a980b8994d82cc81
user11	800	260	1271910014002	0	0	3bed4861b556a980b8994d82cc81
user11	804	263	1271910014010	0	0	3bed4861b556a980b8994d82cc81
user11	807	265	1271910014018	0	0	3bed4861b556a980b8994d82cc81
user11	807	265	1271910014022	0	0	3bed4861b556a980b8994d82cc81
user11	808	266	1271910014027	0	0	3bed4861b556a980b8994d82cc81
user11	811	269	1271910014034	0	0	3bed4861b556a980b8994d82cc81
user11	813	270	1271910014042	0	0	3bed4861b556a980b8994d82cc81
user11	817	273	1271910014050	0	0	3bed4861b556a980b8994d82cc81
user11	818	274	1271910014058	0	0	3bed4861b556a980b8994d82cc81
user11	822	277	1271910014066	0	0	3bed4861b556a980b8994d82cc81
user11	825	279	1271910014075	0	0	3bed4861b556a980b8994d82cc81
user11	826	280	1271910014082	0	0	3bed4861b556a980b8994d82cc81
user11	828	280	1271910014090	0	0	3bed4861b556a980b8994d82cc81
user11	828	281	1271910014218	0	0	3bed4861b556a980b8994d82cc81
user11	828	282	1271910014235	0	0	3bed4861b556a980b8994d82cc81
user11	828	284	1271910014250	0	0	3bed4861b556a980b8994d82cc81
user11	828	286	1271910014266	0	0	3bed4861b556a980b8994d82cc81
user11	828	287	1271910014274	0	0	3bed4861b556a980b8994d82cc81
user11	828	289	1271910014283	0	0	3bed4861b556a980b8994d82cc81
user11	828	290	1271910014298	0	0	3bed4861b556a980b8994d82cc81
user11	828	289	1271910014394	0	0	3bed4861b556a980b8994d82cc81
user11	828	288	1271910014403	0	0	3bed4861b556a980b8994d82cc81
user11	828	287	1271910014426	0	0	3bed4861b556a980b8994d82cc81
user11	828	286	1271910014434	0	0	3bed4861b556a980b8994d82cc81
user11	828	285	1271910014450	0	0	3bed4861b556a980b8994d82cc81
user11	828	284	1271910014466	0	0	3bed4861b556a980b8994d82cc81
user11	828	283	1271910014474	0	0	3bed4861b556a980b8994d82cc81
user11	828	282	1271910014491	0	0	3bed4861b556a980b8994d82cc81
user11	828	281	1271910014506	0	0	3bed4861b556a980b8994d82cc81
user11	828	280	1271910014522	0	0	3bed4861b556a980b8994d82cc81
user11	828	279	1271910014538	0	0	3bed4861b556a980b8994d82cc81
user11	828	278	1271910014546	0	0	3bed4861b556a980b8994d82cc81
user11	828	278	1271910015675	1271910015475	1271910015675	3bed4861b556a980b8994d82cc81
user11	587	262	1271910025649	0	0	3bed4861b556a980b8994d82cc81
user11	587	256	1271910025671	0	0	3bed4861b556a980b8994d82cc81
user11	587	250	1271910025716	0	0	3bed4861b556a980b8994d82cc81
user11	587	239	1271910025726	0	0	3bed4861b556a980b8994d82cc81
user11	587	232	1271910025739	0	0	3bed4861b556a980b8994d82cc81
user11	586	232	1271910026043	0	0	3bed4861b556a980b8994d82cc81
user11	583	232	1271910026051	0	0	3bed4861b556a980b8994d82cc81
user11	582	232	1271910026060	0	0	3bed4861b556a980b8994d82cc81
user11	581	232	1271910026068	0	0	3bed4861b556a980b8994d82cc81
user11	581	232	1271910026070	0	0	3bed4861b556a980b8994d82cc81
user11	580	232	1271910026119	0	0	3bed4861b556a980b8994d82cc81
user11	576	232	1271910026120	0	0	3bed4861b556a980b8994d82cc81
user11	574	233	1271910026123	0	0	3bed4861b556a980b8994d82cc81
user11	573	233	1271910026131	0	0	3bed4861b556a980b8994d82cc81
user11	572	233	1271910026140	0	0	3bed4861b556a980b8994d82cc81
user11	571	233	1271910026148	0	0	3bed4861b556a980b8994d82cc81
user11	570	233	1271910026163	0	0	3bed4861b556a980b8994d82cc81
user11	568	234	1271910026180	0	0	3bed4861b556a980b8994d82cc81
user11	566	235	1271910026188	0	0	3bed4861b556a980b8994d82cc81
user11	563	238	1271910026196	0	0	3bed4861b556a980b8994d82cc81
user11	561	239	1271910026203	0	0	3bed4861b556a980b8994d82cc81
user11	555	241	1271910026211	0	0	3bed4861b556a980b8994d82cc81
user11	544	244	1271910026220	0	0	3bed4861b556a980b8994d82cc81
user11	539	246	1271910026228	0	0	3bed4861b556a980b8994d82cc81
user11	521	251	1271910026236	0	0	3bed4861b556a980b8994d82cc81
user11	514	252	1271910026243	0	0	3bed4861b556a980b8994d82cc81
user11	493	255	1271910026251	0	0	3bed4861b556a980b8994d82cc81
user11	482	257	1271910026260	0	0	3bed4861b556a980b8994d82cc81
user11	452	260	1271910026268	0	0	3bed4861b556a980b8994d82cc81
user11	419	260	1271910026276	0	0	3bed4861b556a980b8994d82cc81
user11	407	260	1271910026284	0	0	3bed4861b556a980b8994d82cc81
user11	383	260	1271910026291	0	0	3bed4861b556a980b8994d82cc81
user11	374	260	1271910026300	0	0	3bed4861b556a980b8994d82cc81
user11	345	257	1271910026308	0	0	3bed4861b556a980b8994d82cc81
user11	337	255	1271910026316	0	0	3bed4861b556a980b8994d82cc81
user11	312	250	1271910026324	0	0	3bed4861b556a980b8994d82cc81
user11	305	249	1271910026331	0	0	3bed4861b556a980b8994d82cc81
user11	284	245	1271910026339	0	0	3bed4861b556a980b8994d82cc81
user11	261	236	1271910026348	0	0	3bed4861b556a980b8994d82cc81
user11	253	234	1271910026356	0	0	3bed4861b556a980b8994d82cc81
user11	233	228	1271910026364	0	0	3bed4861b556a980b8994d82cc81
user11	227	225	1271910026371	0	0	3bed4861b556a980b8994d82cc81
user11	213	219	1271910026379	0	0	3bed4861b556a980b8994d82cc81
user11	206	215	1271910026388	0	0	3bed4861b556a980b8994d82cc81
user11	194	209	1271910026396	0	0	3bed4861b556a980b8994d82cc81
user11	186	203	1271910026404	0	0	3bed4861b556a980b8994d82cc81
user11	183	200	1271910026411	0	0	3bed4861b556a980b8994d82cc81
user11	178	193	1271910026419	0	0	3bed4861b556a980b8994d82cc81
user11	177	191	1271910026428	0	0	3bed4861b556a980b8994d82cc81
user11	176	187	1271910026436	0	0	3bed4861b556a980b8994d82cc81
user11	176	185	1271910026444	0	0	3bed4861b556a980b8994d82cc81
user11	176	184	1271910026451	0	0	3bed4861b556a980b8994d82cc81
user11	177	183	1271910026459	0	0	3bed4861b556a980b8994d82cc81
user11	178	183	1271910026476	0	0	3bed4861b556a980b8994d82cc81
user11	179	183	1271910026484	0	0	3bed4861b556a980b8994d82cc81
user11	181	185	1271910026492	0	0	3bed4861b556a980b8994d82cc81
user11	182	187	1271910026499	0	0	3bed4861b556a980b8994d82cc81
user11	184	189	1271910026508	0	0	3bed4861b556a980b8994d82cc81
user11	186	191	1271910026516	0	0	3bed4861b556a980b8994d82cc81
user11	187	193	1271910026524	0	0	3bed4861b556a980b8994d82cc81
user11	189	194	1271910026532	0	0	3bed4861b556a980b8994d82cc81
user11	189	195	1271910026539	0	0	3bed4861b556a980b8994d82cc81
user11	191	196	1271910026547	0	0	3bed4861b556a980b8994d82cc81
user11	191	197	1271910026556	0	0	3bed4861b556a980b8994d82cc81
user11	192	197	1271910026564	0	0	3bed4861b556a980b8994d82cc81
user11	193	198	1271910026572	0	0	3bed4861b556a980b8994d82cc81
user11	195	200	1271910026579	0	0	3bed4861b556a980b8994d82cc81
user11	196	200	1271910026587	0	0	3bed4861b556a980b8994d82cc81
user11	197	202	1271910026596	0	0	3bed4861b556a980b8994d82cc81
user11	198	203	1271910026604	0	0	3bed4861b556a980b8994d82cc81
user11	198	204	1271910026612	0	0	3bed4861b556a980b8994d82cc81
user11	198	203	1271910026700	0	0	3bed4861b556a980b8994d82cc81
user11	197	202	1271910026716	0	0	3bed4861b556a980b8994d82cc81
user11	197	201	1271910026724	0	0	3bed4861b556a980b8994d82cc81
user11	196	200	1271910026732	0	0	3bed4861b556a980b8994d82cc81
user11	195	198	1271910026740	0	0	3bed4861b556a980b8994d82cc81
user11	194	196	1271910026747	0	0	3bed4861b556a980b8994d82cc81
user11	194	195	1271910026755	0	0	3bed4861b556a980b8994d82cc81
user11	193	193	1271910026764	0	0	3bed4861b556a980b8994d82cc81
user11	192	191	1271910026772	0	0	3bed4861b556a980b8994d82cc81
user11	192	190	1271910026780	0	0	3bed4861b556a980b8994d82cc81
user11	191	189	1271910026787	0	0	3bed4861b556a980b8994d82cc81
user11	190	189	1271910026795	0	0	3bed4861b556a980b8994d82cc81
user11	190	188	1271910026804	0	0	3bed4861b556a980b8994d82cc81
user11	190	188	1271910027062	1271910026909	1271910027062	3bed4861b556a980b8994d82cc81
user11	190	188	1271910027063	0	0	3bed4861b556a980b8994d82cc81
user11	502	207	1271910093259	0	0	3bed4861b556a980b8994d82cc81
user11	503	214	1271910093283	0	0	3bed4861b556a980b8994d82cc81
user11	504	228	1271910093325	0	0	3bed4861b556a980b8994d82cc81
user11	502	238	1271910093353	0	0	3bed4861b556a980b8994d82cc81
user11	502	245	1271910093379	0	0	3bed4861b556a980b8994d82cc81
user11	502	245	1271910093387	0	0	3bed4861b556a980b8994d82cc81
user11	502	245	1271910093838	0	0	3bed4861b556a980b8994d82cc81
user11	500	245	1271910095238	0	0	3bed4861b556a980b8994d82cc81
user11	498	245	1271910095246	0	0	3bed4861b556a980b8994d82cc81
user11	496	243	1271910095253	0	0	3bed4861b556a980b8994d82cc81
user11	495	239	1271910095261	0	0	3bed4861b556a980b8994d82cc81
user11	493	232	1271910095269	0	0	3bed4861b556a980b8994d82cc81
user11	493	232	1271910095272	0	0	3bed4861b556a980b8994d82cc81
user11	491	228	1271910095277	0	0	3bed4861b556a980b8994d82cc81
user11	486	221	1271910095286	0	0	3bed4861b556a980b8994d82cc81
user11	484	220	1271910095293	0	0	3bed4861b556a980b8994d82cc81
user11	480	216	1271910095301	0	0	3bed4861b556a980b8994d82cc81
user11	477	215	1271910095309	0	0	3bed4861b556a980b8994d82cc81
user11	470	212	1271910095317	0	0	3bed4861b556a980b8994d82cc81
user11	466	211	1271910095326	0	0	3bed4861b556a980b8994d82cc81
user11	460	211	1271910095333	0	0	3bed4861b556a980b8994d82cc81
user11	454	211	1271910095341	0	0	3bed4861b556a980b8994d82cc81
user11	452	213	1271910095349	0	0	3bed4861b556a980b8994d82cc81
user11	445	216	1271910095357	0	0	3bed4861b556a980b8994d82cc81
user11	443	217	1271910095366	0	0	3bed4861b556a980b8994d82cc81
user11	438	222	1271910095373	0	0	3bed4861b556a980b8994d82cc81
user11	435	223	1271910095381	0	0	3bed4861b556a980b8994d82cc81
user11	430	228	1271910095389	0	0	3bed4861b556a980b8994d82cc81
user11	425	232	1271910095397	0	0	3bed4861b556a980b8994d82cc81
user11	424	232	1271910095405	0	0	3bed4861b556a980b8994d82cc81
user11	419	235	1271910095414	0	0	3bed4861b556a980b8994d82cc81
user11	417	236	1271910095429	0	0	3bed4861b556a980b8994d82cc81
user11	416	236	1271910095437	0	0	3bed4861b556a980b8994d82cc81
user11	416	235	1271910095549	0	0	3bed4861b556a980b8994d82cc81
user11	416	234	1271910095557	0	0	3bed4861b556a980b8994d82cc81
user11	417	232	1271910095566	0	0	3bed4861b556a980b8994d82cc81
user11	417	229	1271910095573	0	0	3bed4861b556a980b8994d82cc81
user11	416	228	1271910095581	0	0	3bed4861b556a980b8994d82cc81
user11	415	225	1271910095589	0	0	3bed4861b556a980b8994d82cc81
user11	412	220	1271910095597	0	0	3bed4861b556a980b8994d82cc81
user11	412	218	1271910095605	0	0	3bed4861b556a980b8994d82cc81
user11	410	215	1271910095613	0	0	3bed4861b556a980b8994d82cc81
user11	408	213	1271910095622	0	0	3bed4861b556a980b8994d82cc81
user11	408	210	1271910095629	0	0	3bed4861b556a980b8994d82cc81
user11	407	207	1271910095637	0	0	3bed4861b556a980b8994d82cc81
user11	407	204	1271910095645	0	0	3bed4861b556a980b8994d82cc81
user11	406	201	1271910095653	0	0	3bed4861b556a980b8994d82cc81
user11	405	200	1271910095662	0	0	3bed4861b556a980b8994d82cc81
user11	404	198	1271910095669	0	0	3bed4861b556a980b8994d82cc81
user11	404	197	1271910095677	0	0	3bed4861b556a980b8994d82cc81
user11	401	195	1271910095685	0	0	3bed4861b556a980b8994d82cc81
user11	399	193	1271910095702	0	0	3bed4861b556a980b8994d82cc81
user11	398	193	1271910095709	0	0	3bed4861b556a980b8994d82cc81
user11	397	194	1271910095790	0	0	3bed4861b556a980b8994d82cc81
user11	397	195	1271910095805	0	0	3bed4861b556a980b8994d82cc81
user11	396	195	1271910095813	0	0	3bed4861b556a980b8994d82cc81
user11	396	196	1271910095821	0	0	3bed4861b556a980b8994d82cc81
user11	395	196	1271910095973	0	0	3bed4861b556a980b8994d82cc81
user11	395	196	1271910096199	1271910096021	1271910096199	3bed4861b556a980b8994d82cc81
user11	395	196	1271910096200	0	0	3bed4861b556a980b8994d82cc81
user11	395	194	1271910116257	0	0	3bed4861b556a980b8994d82cc81
user11	392	194	1271910116265	0	0	3bed4861b556a980b8994d82cc81
user11	389	193	1271910116274	0	0	3bed4861b556a980b8994d82cc81
user11	386	193	1271910116282	0	0	3bed4861b556a980b8994d82cc81
user11	382	191	1271910116290	0	0	3bed4861b556a980b8994d82cc81
user11	381	190	1271910116297	0	0	3bed4861b556a980b8994d82cc81
user11	378	189	1271910116305	0	0	3bed4861b556a980b8994d82cc81
user11	377	188	1271910116322	0	0	3bed4861b556a980b8994d82cc81
user11	376	187	1271910116330	0	0	3bed4861b556a980b8994d82cc81
user11	372	185	1271910116345	0	0	3bed4861b556a980b8994d82cc81
user11	370	184	1271910116354	0	0	3bed4861b556a980b8994d82cc81
user11	365	182	1271910116362	0	0	3bed4861b556a980b8994d82cc81
user11	363	182	1271910116370	0	0	3bed4861b556a980b8994d82cc81
user11	357	180	1271910116377	0	0	3bed4861b556a980b8994d82cc81
user11	354	179	1271910116385	0	0	3bed4861b556a980b8994d82cc81
user11	351	179	1271910116394	0	0	3bed4861b556a980b8994d82cc81
user11	348	178	1271910116402	0	0	3bed4861b556a980b8994d82cc81
user11	347	178	1271910116410	0	0	3bed4861b556a980b8994d82cc81
user11	346	178	1271910116417	0	0	3bed4861b556a980b8994d82cc81
user11	345	178	1271910116425	0	0	3bed4861b556a980b8994d82cc81
user11	343	179	1271910116498	0	0	3bed4861b556a980b8994d82cc81
user11	342	179	1271910116505	0	0	3bed4861b556a980b8994d82cc81
user11	341	180	1271910116513	0	0	3bed4861b556a980b8994d82cc81
user11	340	182	1271910116522	0	0	3bed4861b556a980b8994d82cc81
user11	338	182	1271910116530	0	0	3bed4861b556a980b8994d82cc81
user11	334	186	1271910116538	0	0	3bed4861b556a980b8994d82cc81
user11	332	187	1271910116545	0	0	3bed4861b556a980b8994d82cc81
user11	331	189	1271910116553	0	0	3bed4861b556a980b8994d82cc81
user11	327	190	1271910116561	0	0	3bed4861b556a980b8994d82cc81
user11	327	191	1271910116570	0	0	3bed4861b556a980b8994d82cc81
user11	324	191	1271910116578	0	0	3bed4861b556a980b8994d82cc81
user11	323	191	1271910116585	0	0	3bed4861b556a980b8994d82cc81
user11	322	191	1271910116593	0	0	3bed4861b556a980b8994d82cc81
user11	322	192	1271910116770	0	0	3bed4861b556a980b8994d82cc81
user11	321	192	1271910116778	0	0	3bed4861b556a980b8994d82cc81
user11	320	192	1271910116786	0	0	3bed4861b556a980b8994d82cc81
user11	319	192	1271910116801	0	0	3bed4861b556a980b8994d82cc81
user11	320	192	1271910116929	0	0	3bed4861b556a980b8994d82cc81
user11	321	192	1271910116954	0	0	3bed4861b556a980b8994d82cc81
user11	322	192	1271910116969	0	0	3bed4861b556a980b8994d82cc81
user11	323	192	1271910117026	0	0	3bed4861b556a980b8994d82cc81
user11	324	192	1271910117041	0	0	3bed4861b556a980b8994d82cc81
user11	325	192	1271910117066	0	0	3bed4861b556a980b8994d82cc81
user11	325	192	1271910117315	1271910117138	1271910117315	3bed4861b556a980b8994d82cc81
user11	325	192	1271910117316	0	0	3bed4861b556a980b8994d82cc81
user11	326	192	1271910117354	0	0	3bed4861b556a980b8994d82cc81
user11	327	192	1271910117377	0	0	3bed4861b556a980b8994d82cc81
user11	328	192	1271910117385	0	0	3bed4861b556a980b8994d82cc81
user11	329	193	1271910117402	0	0	3bed4861b556a980b8994d82cc81
user11	331	193	1271910117410	0	0	3bed4861b556a980b8994d82cc81
user11	334	194	1271910117417	0	0	3bed4861b556a980b8994d82cc81
user11	335	195	1271910117425	0	0	3bed4861b556a980b8994d82cc81
user11	338	196	1271910117433	0	0	3bed4861b556a980b8994d82cc81
user11	343	199	1271910117442	0	0	3bed4861b556a980b8994d82cc81
user11	344	200	1271910117450	0	0	3bed4861b556a980b8994d82cc81
user11	348	202	1271910117457	0	0	3bed4861b556a980b8994d82cc81
user11	348	203	1271910117465	0	0	3bed4861b556a980b8994d82cc81
user11	350	204	1271910117473	0	0	3bed4861b556a980b8994d82cc81
user11	351	205	1271910117482	0	0	3bed4861b556a980b8994d82cc81
user11	352	205	1271910117498	0	0	3bed4861b556a980b8994d82cc81
user11	353	205	1271910117553	0	0	3bed4861b556a980b8994d82cc81
user11	354	205	1271910117585	0	0	3bed4861b556a980b8994d82cc81
user11	355	205	1271910117602	0	0	3bed4861b556a980b8994d82cc81
user11	356	205	1271910117610	0	0	3bed4861b556a980b8994d82cc81
user11	357	205	1271910117618	0	0	3bed4861b556a980b8994d82cc81
user11	356	205	1271910117954	0	0	3bed4861b556a980b8994d82cc81
user11	354	205	1271910117969	0	0	3bed4861b556a980b8994d82cc81
user11	353	205	1271910117986	0	0	3bed4861b556a980b8994d82cc81
user11	352	205	1271910117994	0	0	3bed4861b556a980b8994d82cc81
user11	352	206	1271910118225	0	0	3bed4861b556a980b8994d82cc81
user11	352	206	1271910118411	1271910118266	1271910118411	3bed4861b556a980b8994d82cc81
user11	352	206	1271910118412	0	0	3bed4861b556a980b8994d82cc81
user11	351	206	1271910118490	0	0	3bed4861b556a980b8994d82cc81
user11	350	206	1271910118522	0	0	3bed4861b556a980b8994d82cc81
user11	349	205	1271910118538	0	0	3bed4861b556a980b8994d82cc81
user11	354	205	1271910117585	0	0	3bed4861b556a980b8994d82cc81
user11	355	205	1271910117602	0	0	3bed4861b556a980b8994d82cc81
user11	356	205	1271910117610	0	0	3bed4861b556a980b8994d82cc81
user11	357	205	1271910117618	0	0	3bed4861b556a980b8994d82cc81
user11	356	205	1271910117954	0	0	3bed4861b556a980b8994d82cc81
user11	354	205	1271910117969	0	0	3bed4861b556a980b8994d82cc81
user11	353	205	1271910117986	0	0	3bed4861b556a980b8994d82cc81
user11	352	205	1271910117994	0	0	3bed4861b556a980b8994d82cc81
user11	352	206	1271910118225	0	0	3bed4861b556a980b8994d82cc81
user11	352	206	1271910118411	1271910118266	1271910118411	3bed4861b556a980b8994d82cc81
user11	352	206	1271910118412	0	0	3bed4861b556a980b8994d82cc81
user11	351	206	1271910118490	0	0	3bed4861b556a980b8994d82cc81
user11	350	206	1271910118522	0	0	3bed4861b556a980b8994d82cc81
user11	349	205	1271910118538	0	0	3bed4861b556a980b8994d82cc81
user11	347	205	1271910118553	0	0	3bed4861b556a980b8994d82cc81
user11	347	204	1271910118561	0	0	3bed4861b556a980b8994d82cc81
user11	345	203	1271910118570	0	0	3bed4861b556a980b8994d82cc81
user11	344	203	1271910118578	0	0	3bed4861b556a980b8994d82cc81
user11	342	203	1271910118585	0	0	3bed4861b556a980b8994d82cc81
user11	341	202	1271910118593	0	0	3bed4861b556a980b8994d82cc81
user11	339	201	1271910118601	0	0	3bed4861b556a980b8994d82cc81
user11	337	200	1271910118610	0	0	3bed4861b556a980b8994d82cc81
user11	335	200	1271910118618	0	0	3bed4861b556a980b8994d82cc81
user11	334	199	1271910118625	0	0	3bed4861b556a980b8994d82cc81
user11	332	198	1271910118633	0	0	3bed4861b556a980b8994d82cc81
user11	330	198	1271910118641	0	0	3bed4861b556a980b8994d82cc81
user11	328	197	1271910118658	0	0	3bed4861b556a980b8994d82cc81
user11	328	196	1271910118665	0	0	3bed4861b556a980b8994d82cc81
user11	327	196	1271910118793	0	0	3bed4861b556a980b8994d82cc81
user11	326	195	1271910118809	0	0	3bed4861b556a980b8994d82cc81
user11	325	195	1271910118826	0	0	3bed4861b556a980b8994d82cc81
user11	324	195	1271910118841	0	0	3bed4861b556a980b8994d82cc81
user11	324	194	1271910118849	0	0	3bed4861b556a980b8994d82cc81
user11	323	194	1271910118858	0	0	3bed4861b556a980b8994d82cc81
user11	322	194	1271910118866	0	0	3bed4861b556a980b8994d82cc81
user11	322	193	1271910118873	0	0	3bed4861b556a980b8994d82cc81
user11	321	192	1271910118881	0	0	3bed4861b556a980b8994d82cc81
user11	320	192	1271910118906	0	0	3bed4861b556a980b8994d82cc81
user11	320	191	1271910118914	0	0	3bed4861b556a980b8994d82cc81
user11	319	191	1271910118921	0	0	3bed4861b556a980b8994d82cc81
user11	318	190	1271910118929	0	0	3bed4861b556a980b8994d82cc81
user11	317	190	1271910118937	0	0	3bed4861b556a980b8994d82cc81
user11	317	189	1271910118946	0	0	3bed4861b556a980b8994d82cc81
user11	317	188	1271910119089	0	0	3bed4861b556a980b8994d82cc81
user11	318	188	1271910119106	0	0	3bed4861b556a980b8994d82cc81
user11	319	188	1271910119122	0	0	3bed4861b556a980b8994d82cc81
user11	318	187	1271910119234	0	0	3bed4861b556a980b8994d82cc81
user11	317	187	1271910119242	0	0	3bed4861b556a980b8994d82cc81
user11	316	187	1271910119249	0	0	3bed4861b556a980b8994d82cc81
user11	313	187	1271910119257	0	0	3bed4861b556a980b8994d82cc81
user11	310	187	1271910119265	0	0	3bed4861b556a980b8994d82cc81
user11	308	187	1271910119274	0	0	3bed4861b556a980b8994d82cc81
user11	307	186	1271910119282	0	0	3bed4861b556a980b8994d82cc81
user11	306	186	1271910119290	0	0	3bed4861b556a980b8994d82cc81
user11	306	186	1271910119642	1271910119466	1271910119642	3bed4861b556a980b8994d82cc81
user11	306	186	1271910119644	0	0	3bed4861b556a980b8994d82cc81
user11	307	186	1271910119673	0	0	3bed4861b556a980b8994d82cc81
user11	308	186	1271910119681	0	0	3bed4861b556a980b8994d82cc81
user11	312	186	1271910119698	0	0	3bed4861b556a980b8994d82cc81
user11	313	186	1271910119706	0	0	3bed4861b556a980b8994d82cc81
user11	318	186	1271910119713	0	0	3bed4861b556a980b8994d82cc81
user11	325	186	1271910119721	0	0	3bed4861b556a980b8994d82cc81
user11	327	187	1271910119729	0	0	3bed4861b556a980b8994d82cc81
user11	331	189	1271910119738	0	0	3bed4861b556a980b8994d82cc81
user11	332	189	1271910119746	0	0	3bed4861b556a980b8994d82cc81
user11	333	190	1271910119753	0	0	3bed4861b556a980b8994d82cc81
user11	334	190	1271910119761	0	0	3bed4861b556a980b8994d82cc81
user11	336	191	1271910121688	0	0	3bed4861b556a980b8994d82cc81
user11	338	192	1271910121696	0	0	3bed4861b556a980b8994d82cc81
user11	341	194	1271910121704	0	0	3bed4861b556a980b8994d82cc81
user11	345	196	1271910121711	0	0	3bed4861b556a980b8994d82cc81
user11	355	206	1271910121720	0	0	3bed4861b556a980b8994d82cc81
user11	371	222	1271910121728	0	0	3bed4861b556a980b8994d82cc81
user11	376	230	1271910121736	0	0	3bed4861b556a980b8994d82cc81
user11	393	251	1271910121744	0	0	3bed4861b556a980b8994d82cc81
user11	399	257	1271910121751	0	0	3bed4861b556a980b8994d82cc81
user11	419	273	1271910121760	0	0	3bed4861b556a980b8994d82cc81
user11	427	278	1271910121768	0	0	3bed4861b556a980b8994d82cc81
user11	456	290	1271910121776	0	0	3bed4861b556a980b8994d82cc81
user11	467	293	1271910121784	0	0	3bed4861b556a980b8994d82cc81
user11	498	301	1271910121791	0	0	3bed4861b556a980b8994d82cc81
user11	532	304	1271910121800	0	0	3bed4861b556a980b8994d82cc81
user11	541	306	1271910121808	0	0	3bed4861b556a980b8994d82cc81
user11	564	310	1271910121816	0	0	3bed4861b556a980b8994d82cc81
user11	570	312	1271910121824	0	0	3bed4861b556a980b8994d82cc81
user11	581	315	1271910121831	0	0	3bed4861b556a980b8994d82cc81
user11	584	316	1271910121839	0	0	3bed4861b556a980b8994d82cc81
user11	588	316	1271910121848	0	0	3bed4861b556a980b8994d82cc81
user11	590	316	1271910121856	0	0	3bed4861b556a980b8994d82cc81
user11	591	316	1271910121864	0	0	3bed4861b556a980b8994d82cc81
user11	591	315	1271910121872	0	0	3bed4861b556a980b8994d82cc81
user11	591	314	1271910121879	0	0	3bed4861b556a980b8994d82cc81
user11	591	313	1271910121896	0	0	3bed4861b556a980b8994d82cc81
user11	591	312	1271910121944	0	0	3bed4861b556a980b8994d82cc81
user11	590	311	1271910121959	0	0	3bed4861b556a980b8994d82cc81
user11	589	310	1271910121968	0	0	3bed4861b556a980b8994d82cc81
user11	589	309	1271910121976	0	0	3bed4861b556a980b8994d82cc81
user11	587	308	1271910121984	0	0	3bed4861b556a980b8994d82cc81
user11	585	306	1271910121999	0	0	3bed4861b556a980b8994d82cc81
user11	582	303	1271910122016	0	0	3bed4861b556a980b8994d82cc81
user11	581	302	1271910122024	0	0	3bed4861b556a980b8994d82cc81
user11	577	298	1271910122032	0	0	3bed4861b556a980b8994d82cc81
user11	575	296	1271910122040	0	0	3bed4861b556a980b8994d82cc81
user11	569	291	1271910122047	0	0	3bed4861b556a980b8994d82cc81
user11	565	285	1271910122056	0	0	3bed4861b556a980b8994d82cc81
user11	563	282	1271910122064	0	0	3bed4861b556a980b8994d82cc81
user11	558	275	1271910122072	0	0	3bed4861b556a980b8994d82cc81
user11	556	273	1271910122080	0	0	3bed4861b556a980b8994d82cc81
user11	553	268	1271910122087	0	0	3bed4861b556a980b8994d82cc81
user11	551	266	1271910122096	0	0	3bed4861b556a980b8994d82cc81
user11	549	264	1271910122104	0	0	3bed4861b556a980b8994d82cc81
user11	547	260	1271910122112	0	0	3bed4861b556a980b8994d82cc81
user11	546	260	1271910122120	0	0	3bed4861b556a980b8994d82cc81
user11	544	258	1271910122127	0	0	3bed4861b556a980b8994d82cc81
user11	544	257	1271910122144	0	0	3bed4861b556a980b8994d82cc81
user11	543	257	1271910122152	0	0	3bed4861b556a980b8994d82cc81
user11	543	256	1271910122160	0	0	3bed4861b556a980b8994d82cc81
user11	543	255	1271910122176	0	0	3bed4861b556a980b8994d82cc81
user11	543	254	1271910122184	0	0	3bed4861b556a980b8994d82cc81
user11	542	253	1271910122200	0	0	3bed4861b556a980b8994d82cc81
user11	542	252	1271910122207	0	0	3bed4861b556a980b8994d82cc81
user11	542	251	1271910122215	0	0	3bed4861b556a980b8994d82cc81
user11	541	249	1271910122224	0	0	3bed4861b556a980b8994d82cc81
user11	541	246	1271910122232	0	0	3bed4861b556a980b8994d82cc81
user11	540	244	1271910122240	0	0	3bed4861b556a980b8994d82cc81
user11	540	243	1271910122248	0	0	3bed4861b556a980b8994d82cc81
user11	539	239	1271910122266	0	0	3bed4861b556a980b8994d82cc81
user11	538	237	1271910122272	0	0	3bed4861b556a980b8994d82cc81
user11	538	236	1271910122288	0	0	3bed4861b556a980b8994d82cc81
user11	539	236	1271910122512	0	0	3bed4861b556a980b8994d82cc81
user11	539	235	1271910122520	0	0	3bed4861b556a980b8994d82cc81
user11	540	234	1271910122528	0	0	3bed4861b556a980b8994d82cc81
user11	541	234	1271910122623	0	0	3bed4861b556a980b8994d82cc81
user11	541	233	1271910122631	0	0	3bed4861b556a980b8994d82cc81
user11	541	232	1271910122648	0	0	3bed4861b556a980b8994d82cc81
user11	541	232	1271910122905	1271910122792	1271910122905	3bed4861b556a980b8994d82cc81
user11	541	232	1271910122908	0	0	3bed4861b556a980b8994d82cc81
user11	542	232	1271910122924	0	0	3bed4861b556a980b8994d82cc81
user11	543	232	1271910122944	0	0	3bed4861b556a980b8994d82cc81
user11	544	232	1271910122959	0	0	3bed4861b556a980b8994d82cc81
user11	545	232	1271910122976	0	0	3bed4861b556a980b8994d82cc81
user11	546	233	1271910122984	0	0	3bed4861b556a980b8994d82cc81
user11	548	233	1271910122992	0	0	3bed4861b556a980b8994d82cc81
user11	551	235	1271910122999	0	0	3bed4861b556a980b8994d82cc81
user11	553	236	1271910123008	0	0	3bed4861b556a980b8994d82cc81
user11	561	238	1271910123016	0	0	3bed4861b556a980b8994d82cc81
user11	570	243	1271910123024	0	0	3bed4861b556a980b8994d82cc81
user11	576	244	1271910123032	0	0	3bed4861b556a980b8994d82cc81
user11	592	250	1271910123040	0	0	3bed4861b556a980b8994d82cc81
user11	599	252	1271910123047	0	0	3bed4861b556a980b8994d82cc81
user11	616	254	1271910123056	0	0	3bed4861b556a980b8994d82cc81
user11	623	255	1271910123064	0	0	3bed4861b556a980b8994d82cc81
user11	642	259	1271910123072	0	0	3bed4861b556a980b8994d82cc81
user11	648	260	1271910123080	0	0	3bed4861b556a980b8994d82cc81
user11	663	262	1271910123087	0	0	3bed4861b556a980b8994d82cc81
user11	675	265	1271910123096	0	0	3bed4861b556a980b8994d82cc81
user11	679	266	1271910123104	0	0	3bed4861b556a980b8994d82cc81
user11	691	268	1271910123112	0	0	3bed4861b556a980b8994d82cc81
user11	696	269	1271910123126	0	0	3bed4861b556a980b8994d82cc81
user11	706	271	1271910123129	0	0	3bed4861b556a980b8994d82cc81
user11	712	272	1271910123136	0	0	3bed4861b556a980b8994d82cc81
user11	723	274	1271910123144	0	0	3bed4861b556a980b8994d82cc81
user11	735	275	1271910123152	0	0	3bed4861b556a980b8994d82cc81
user11	740	276	1271910123160	0	0	3bed4861b556a980b8994d82cc81
user11	751	278	1271910123167	0	0	3bed4861b556a980b8994d82cc81
user11	756	279	1271910123176	0	0	3bed4861b556a980b8994d82cc81
user11	763	280	1271910123184	0	0	3bed4861b556a980b8994d82cc81
user11	765	281	1271910123192	0	0	3bed4861b556a980b8994d82cc81
user11	769	281	1271910123200	0	0	3bed4861b556a980b8994d82cc81
user11	770	281	1271910123207	0	0	3bed4861b556a980b8994d82cc81
user11	772	281	1271910123216	0	0	3bed4861b556a980b8994d82cc81
user11	772	282	1271910123232	0	0	3bed4861b556a980b8994d82cc81
user11	772	283	1271910123248	0	0	3bed4861b556a980b8994d82cc81
user11	770	283	1271910123255	0	0	3bed4861b556a980b8994d82cc81
user11	769	284	1271910123264	0	0	3bed4861b556a980b8994d82cc81
user11	768	284	1271910123335	0	0	3bed4861b556a980b8994d82cc81
user11	769	284	1271910123424	0	0	3bed4861b556a980b8994d82cc81
user11	769	283	1271910123432	0	0	3bed4861b556a980b8994d82cc81
user11	770	283	1271910123448	0	0	3bed4861b556a980b8994d82cc81
user11	771	283	1271910123576	0	0	3bed4861b556a980b8994d82cc81
user11	772	283	1271910123591	0	0	3bed4861b556a980b8994d82cc81
user11	775	283	1271910123608	0	0	3bed4861b556a980b8994d82cc81
user11	776	283	1271910123617	0	0	3bed4861b556a980b8994d82cc81
user11	780	283	1271910123623	0	0	3bed4861b556a980b8994d82cc81
user11	782	283	1271910123631	0	0	3bed4861b556a980b8994d82cc81
user11	786	283	1271910123640	0	0	3bed4861b556a980b8994d82cc81
user11	787	282	1271910123648	0	0	3bed4861b556a980b8994d82cc81
user11	790	281	1271910123656	0	0	3bed4861b556a980b8994d82cc81
user11	791	281	1271910123664	0	0	3bed4861b556a980b8994d82cc81
user11	794	280	1271910123671	0	0	3bed4861b556a980b8994d82cc81
user11	795	279	1271910123680	0	0	3bed4861b556a980b8994d82cc81
user11	795	278	1271910123720	0	0	3bed4861b556a980b8994d82cc81
user11	795	277	1271910123736	0	0	3bed4861b556a980b8994d82cc81
user11	794	277	1271910123744	0	0	3bed4861b556a980b8994d82cc81
user11	793	276	1271910123751	0	0	3bed4861b556a980b8994d82cc81
user11	792	275	1271910123760	0	0	3bed4861b556a980b8994d82cc81
user11	791	274	1271910123768	0	0	3bed4861b556a980b8994d82cc81
user11	789	273	1271910123776	0	0	3bed4861b556a980b8994d82cc81
user11	785	272	1271910123784	0	0	3bed4861b556a980b8994d82cc81
user11	784	271	1271910123791	0	0	3bed4861b556a980b8994d82cc81
user11	776	269	1271910123800	0	0	3bed4861b556a980b8994d82cc81
user11	768	269	1271910123808	0	0	3bed4861b556a980b8994d82cc81
user11	764	269	1271910123816	0	0	3bed4861b556a980b8994d82cc81
user11	755	271	1271910123824	0	0	3bed4861b556a980b8994d82cc81
user11	751	271	1271910123831	0	0	3bed4861b556a980b8994d82cc81
user11	738	273	1271910123839	0	0	3bed4861b556a980b8994d82cc81
user11	734	274	1271910123848	0	0	3bed4861b556a980b8994d82cc81
user11	722	275	1271910123856	0	0	3bed4861b556a980b8994d82cc81
user11	711	275	1271910123864	0	0	3bed4861b556a980b8994d82cc81
user11	708	275	1271910123872	0	0	3bed4861b556a980b8994d82cc81
user11	701	276	1271910123879	0	0	3bed4861b556a980b8994d82cc81
user11	699	276	1271910123888	0	0	3bed4861b556a980b8994d82cc81
user11	692	276	1271910123896	0	0	3bed4861b556a980b8994d82cc81
user11	690	276	1271910123904	0	0	3bed4861b556a980b8994d82cc81
user11	680	275	1271910123912	0	0	3bed4861b556a980b8994d82cc81
user11	676	273	1271910123919	0	0	3bed4861b556a980b8994d82cc81
user11	663	271	1271910123928	0	0	3bed4861b556a980b8994d82cc81
user11	649	267	1271910123936	0	0	3bed4861b556a980b8994d82cc81
user11	645	265	1271910123944	0	0	3bed4861b556a980b8994d82cc81
user11	632	260	1271910123952	0	0	3bed4861b556a980b8994d82cc81
user11	628	257	1271910123959	0	0	3bed4861b556a980b8994d82cc81
user11	613	251	1271910123967	0	0	3bed4861b556a980b8994d82cc81
user11	607	248	1271910123976	0	0	3bed4861b556a980b8994d82cc81
user11	593	242	1271910123984	0	0	3bed4861b556a980b8994d82cc81
user11	577	237	1271910123992	0	0	3bed4861b556a980b8994d82cc81
user11	568	235	1271910123999	0	0	3bed4861b556a980b8994d82cc81
user11	553	233	1271910124008	0	0	3bed4861b556a980b8994d82cc81
user11	545	232	1271910124016	0	0	3bed4861b556a980b8994d82cc81
user11	525	225	1271910124024	0	0	3bed4861b556a980b8994d82cc81
user11	517	222	1271910124032	0	0	3bed4861b556a980b8994d82cc81
user11	495	214	1271910124040	0	0	3bed4861b556a980b8994d82cc81
user11	488	211	1271910124047	0	0	3bed4861b556a980b8994d82cc81
user11	465	201	1271910124056	0	0	3bed4861b556a980b8994d82cc81
user11	442	190	1271910124064	0	0	3bed4861b556a980b8994d82cc81
user11	434	187	1271910124072	0	0	3bed4861b556a980b8994d82cc81
user11	416	180	1271910124080	0	0	3bed4861b556a980b8994d82cc81
user11	410	176	1271910124087	0	0	3bed4861b556a980b8994d82cc81
user11	398	171	1271910124096	0	0	3bed4861b556a980b8994d82cc81
user11	394	169	1271910124104	0	0	3bed4861b556a980b8994d82cc81
user11	389	165	1271910124112	0	0	3bed4861b556a980b8994d82cc81
user11	388	165	1271910124127	0	0	3bed4861b556a980b8994d82cc81
user11	388	164	1271910124144	0	0	3bed4861b556a980b8994d82cc81
user11	389	163	1271910124152	0	0	3bed4861b556a980b8994d82cc81
user11	390	162	1271910124168	0	0	3bed4861b556a980b8994d82cc81
user11	391	160	1271910124176	0	0	3bed4861b556a980b8994d82cc81
user11	394	158	1271910124184	0	0	3bed4861b556a980b8994d82cc81
user11	398	155	1271910124192	0	0	3bed4861b556a980b8994d82cc81
user11	399	154	1271910124200	0	0	3bed4861b556a980b8994d82cc81
user11	403	148	1271910124207	0	0	3bed4861b556a980b8994d82cc81
user11	404	146	1271910124215	0	0	3bed4861b556a980b8994d82cc81
user11	409	141	1271910124224	0	0	3bed4861b556a980b8994d82cc81
user11	411	136	1271910124232	0	0	3bed4861b556a980b8994d82cc81
user11	416	125	1271910124240	0	0	3bed4861b556a980b8994d82cc81
user11	418	120	1271910124248	0	0	3bed4861b556a980b8994d82cc81
user11	420	108	1271910124255	0	0	3bed4861b556a980b8994d82cc81
user11	420	99	1271910124264	0	0	3bed4861b556a980b8994d82cc81
user11	420	94	1271910124272	0	0	3bed4861b556a980b8994d82cc81
user11	415	82	1271910124280	0	0	3bed4861b556a980b8994d82cc81
user11	413	77	1271910124288	0	0	3bed4861b556a980b8994d82cc81
user11	405	64	1271910124295	0	0	3bed4861b556a980b8994d82cc81
user11	401	59	1271910124304	0	0	3bed4861b556a980b8994d82cc81
user11	392	47	1271910124312	0	0	3bed4861b556a980b8994d82cc81
user11	384	36	1271910124320	0	0	3bed4861b556a980b8994d82cc81
user11	381	33	1271910124328	0	0	3bed4861b556a980b8994d82cc81
user11	374	23	1271910124335	0	0	3bed4861b556a980b8994d82cc81
user11	372	19	1271910124344	0	0	3bed4861b556a980b8994d82cc81
user11	367	13	1271910124352	0	0	3bed4861b556a980b8994d82cc81
user11	366	12	1271910124360	0	0	3bed4861b556a980b8994d82cc81
user11	365	9	1271910124368	0	0	3bed4861b556a980b8994d82cc81
user11	365	8	1271910124375	0	0	3bed4861b556a980b8994d82cc81
user11	365	7	1271910124392	0	0	3bed4861b556a980b8994d82cc81
user11	366	7	1271910124440	0	0	3bed4861b556a980b8994d82cc81
user11	367	7	1271910124456	0	0	3bed4861b556a980b8994d82cc81
user11	370	8	1271910124463	0	0	3bed4861b556a980b8994d82cc81
user11	371	9	1271910124472	0	0	3bed4861b556a980b8994d82cc81
user11	373	11	1271910124480	0	0	3bed4861b556a980b8994d82cc81
user11	374	12	1271910124488	0	0	3bed4861b556a980b8994d82cc81
user11	377	16	1271910124496	0	0	3bed4861b556a980b8994d82cc81
user11	378	17	1271910124503	0	0	3bed4861b556a980b8994d82cc81
user11	383	23	1271910124512	0	0	3bed4861b556a980b8994d82cc81
user11	386	28	1271910124520	0	0	3bed4861b556a980b8994d82cc81
user11	386	31	1271910124528	0	0	3bed4861b556a980b8994d82cc81
user11	389	36	1271910124536	0	0	3bed4861b556a980b8994d82cc81
user11	390	38	1271910124543	0	0	3bed4861b556a980b8994d82cc81
user11	392	42	1271910124552	0	0	3bed4861b556a980b8994d82cc81
user11	393	45	1271910124560	0	0	3bed4861b556a980b8994d82cc81
user11	394	48	1271910124568	0	0	3bed4861b556a980b8994d82cc81
user11	394	51	1271910124576	0	0	3bed4861b556a980b8994d82cc81
user11	394	52	1271910124583	0	0	3bed4861b556a980b8994d82cc81
user11	394	54	1271910124591	0	0	3bed4861b556a980b8994d82cc81
user11	394	55	1271910124600	0	0	3bed4861b556a980b8994d82cc81
user11	394	56	1271910124608	0	0	3bed4861b556a980b8994d82cc81
user11	394	58	1271910124623	0	0	3bed4861b556a980b8994d82cc81
user11	393	58	1271910124631	0	0	3bed4861b556a980b8994d82cc81
user11	392	59	1271910124760	0	0	3bed4861b556a980b8994d82cc81
user11	391	59	1271910124768	0	0	3bed4861b556a980b8994d82cc81
user11	389	59	1271910124776	0	0	3bed4861b556a980b8994d82cc81
user11	388	59	1271910124785	0	0	3bed4861b556a980b8994d82cc81
user11	386	59	1271910124791	0	0	3bed4861b556a980b8994d82cc81
user11	385	59	1271910124799	0	0	3bed4861b556a980b8994d82cc81
user11	385	60	1271910125024	0	0	3bed4861b556a980b8994d82cc81
user11	386	60	1271910125032	0	0	3bed4861b556a980b8994d82cc81
user11	387	60	1271910125272	0	0	3bed4861b556a980b8994d82cc81
user11	388	60	1271910125288	0	0	3bed4861b556a980b8994d82cc81
user11	388	59	1271910125295	0	0	3bed4861b556a980b8994d82cc81
user11	389	59	1271910125304	0	0	3bed4861b556a980b8994d82cc81
user11	389	58	1271910125312	0	0	3bed4861b556a980b8994d82cc81
user11	389	57	1271910125328	0	0	3bed4861b556a980b8994d82cc81
user11	389	56	1271910125335	0	0	3bed4861b556a980b8994d82cc81
user11	389	55	1271910125440	0	0	3bed4861b556a980b8994d82cc81
user11	389	55	1271910127442	1271910127208	1271910127442	3bed4861b556a980b8994d82cc81
user11	484	54	1271910149815	0	0	3bed4861b556a980b8994d82cc81
user11	483	55	1271910149971	0	0	3bed4861b556a980b8994d82cc81
user11	482	56	1271910149988	0	0	3bed4861b556a980b8994d82cc81
user11	482	58	1271910150003	0	0	3bed4861b556a980b8994d82cc81
user11	481	61	1271910150019	0	0	3bed4861b556a980b8994d82cc81
user11	481	62	1271910150028	0	0	3bed4861b556a980b8994d82cc81
user11	479	66	1271910150036	0	0	3bed4861b556a980b8994d82cc81
user11	478	72	1271910150044	0	0	3bed4861b556a980b8994d82cc81
user11	477	74	1271910150051	0	0	3bed4861b556a980b8994d82cc81
user11	475	84	1271910150059	0	0	3bed4861b556a980b8994d82cc81
user11	474	89	1271910150068	0	0	3bed4861b556a980b8994d82cc81
user11	472	101	1271910150076	0	0	3bed4861b556a980b8994d82cc81
user11	471	107	1271910150082	0	0	3bed4861b556a980b8994d82cc81
user11	466	139	1271910150087	0	0	3bed4861b556a980b8994d82cc81
user11	465	145	1271910150089	0	0	3bed4861b556a980b8994d82cc81
user11	463	158	1271910150097	0	0	3bed4861b556a980b8994d82cc81
user11	463	165	1271910150105	0	0	3bed4861b556a980b8994d82cc81
user11	463	176	1271910150113	0	0	3bed4861b556a980b8994d82cc81
user11	463	180	1271910150121	0	0	3bed4861b556a980b8994d82cc81
user11	465	189	1271910150129	0	0	3bed4861b556a980b8994d82cc81
user11	466	193	1271910150137	0	0	3bed4861b556a980b8994d82cc81
user11	471	199	1271910150145	0	0	3bed4861b556a980b8994d82cc81
user11	474	202	1271910150153	0	0	3bed4861b556a980b8994d82cc81
user11	475	204	1271910150161	0	0	3bed4861b556a980b8994d82cc81
user11	477	205	1271910150169	0	0	3bed4861b556a980b8994d82cc81
user11	477	206	1271910150177	0	0	3bed4861b556a980b8994d82cc81
user11	476	206	1271910150193	0	0	3bed4861b556a980b8994d82cc81
user11	475	206	1271910150209	0	0	3bed4861b556a980b8994d82cc81
user11	474	206	1271910150217	0	0	3bed4861b556a980b8994d82cc81
user11	473	206	1271910150233	0	0	3bed4861b556a980b8994d82cc81
user11	472	206	1271910150241	0	0	3bed4861b556a980b8994d82cc81
user11	472	207	1271910150249	0	0	3bed4861b556a980b8994d82cc81
user11	471	209	1271910150257	0	0	3bed4861b556a980b8994d82cc81
user11	471	210	1271910150265	0	0	3bed4861b556a980b8994d82cc81
user11	469	212	1271910150273	0	0	3bed4861b556a980b8994d82cc81
user11	467	214	1271910150281	0	0	3bed4861b556a980b8994d82cc81
user11	466	216	1271910150289	0	0	3bed4861b556a980b8994d82cc81
user11	465	219	1271910150297	0	0	3bed4861b556a980b8994d82cc81
user11	464	219	1271910150305	0	0	3bed4861b556a980b8994d82cc81
user11	463	223	1271910150313	0	0	3bed4861b556a980b8994d82cc81
user11	461	224	1271910150321	0	0	3bed4861b556a980b8994d82cc81
user11	458	228	1271910150329	0	0	3bed4861b556a980b8994d82cc81
user11	454	234	1271910150336	0	0	3bed4861b556a980b8994d82cc81
user11	451	236	1271910150345	0	0	3bed4861b556a980b8994d82cc81
user11	446	245	1271910150353	0	0	3bed4861b556a980b8994d82cc81
user11	442	249	1271910150361	0	0	3bed4861b556a980b8994d82cc81
user11	432	260	1271910150369	0	0	3bed4861b556a980b8994d82cc81
user11	429	264	1271910150377	0	0	3bed4861b556a980b8994d82cc81
user11	420	276	1271910150385	0	0	3bed4861b556a980b8994d82cc81
user11	416	282	1271910150393	0	0	3bed4861b556a980b8994d82cc81
user11	408	293	1271910150401	0	0	3bed4861b556a980b8994d82cc81
user11	399	305	1271910150409	0	0	3bed4861b556a980b8994d82cc81
user11	396	308	1271910150417	0	0	3bed4861b556a980b8994d82cc81
user11	391	318	1271910150425	0	0	3bed4861b556a980b8994d82cc81
user11	389	321	1271910150433	0	0	3bed4861b556a980b8994d82cc81
user11	387	328	1271910150441	0	0	3bed4861b556a980b8994d82cc81
user11	386	331	1271910150449	0	0	3bed4861b556a980b8994d82cc81
user11	385	334	1271910150457	0	0	3bed4861b556a980b8994d82cc81
user11	386	333	1271910150504	0	0	3bed4861b556a980b8994d82cc81
user11	386	332	1271910150513	0	0	3bed4861b556a980b8994d82cc81
user11	387	331	1271910150521	0	0	3bed4861b556a980b8994d82cc81
user11	388	330	1271910150529	0	0	3bed4861b556a980b8994d82cc81
user11	389	330	1271910150537	0	0	3bed4861b556a980b8994d82cc81
user11	389	329	1271910150545	0	0	3bed4861b556a980b8994d82cc81
user11	390	329	1271910151521	0	0	3bed4861b556a980b8994d82cc81
user11	390	328	1271910151529	0	0	3bed4861b556a980b8994d82cc81
user11	391	328	1271910151569	0	0	3bed4861b556a980b8994d82cc81
user11	392	328	1271910151601	0	0	3bed4861b556a980b8994d82cc81
user11	393	328	1271910151625	0	0	3bed4861b556a980b8994d82cc81
user11	392	328	1271910151857	0	0	3bed4861b556a980b8994d82cc81
user11	391	328	1271910151873	0	0	3bed4861b556a980b8994d82cc81
user11	390	329	1271910151881	0	0	3bed4861b556a980b8994d82cc81
user11	388	331	1271910151897	0	0	3bed4861b556a980b8994d82cc81
user11	387	334	1271910151905	0	0	3bed4861b556a980b8994d82cc81
user11	386	334	1271910151913	0	0	3bed4861b556a980b8994d82cc81
user11	383	338	1271910151921	0	0	3bed4861b556a980b8994d82cc81
user11	382	340	1271910151929	0	0	3bed4861b556a980b8994d82cc81
user11	378	345	1271910151937	0	0	3bed4861b556a980b8994d82cc81
user11	376	348	1271910151945	0	0	3bed4861b556a980b8994d82cc81
user11	366	355	1271910151953	0	0	3bed4861b556a980b8994d82cc81
user11	360	359	1271910151960	0	0	3bed4861b556a980b8994d82cc81
user11	346	372	1271910151969	0	0	3bed4861b556a980b8994d82cc81
user11	321	388	1271910151977	0	0	3bed4861b556a980b8994d82cc81
user11	314	394	1271910151985	0	0	3bed4861b556a980b8994d82cc81
user11	292	411	1271910151993	0	0	3bed4861b556a980b8994d82cc81
user11	285	418	1271910152001	0	0	3bed4861b556a980b8994d82cc81
user11	268	436	1271910152009	0	0	3bed4861b556a980b8994d82cc81
user11	262	441	1271910152017	0	0	3bed4861b556a980b8994d82cc81
user11	251	454	1271910152025	0	0	3bed4861b556a980b8994d82cc81
user11	243	466	1271910152033	0	0	3bed4861b556a980b8994d82cc81
user11	241	468	1271910152041	0	0	3bed4861b556a980b8994d82cc81
user11	238	473	1271910152049	0	0	3bed4861b556a980b8994d82cc81
user11	238	472	1271910152081	0	0	3bed4861b556a980b8994d82cc81
user11	238	471	1271910152089	0	0	3bed4861b556a980b8994d82cc81
user11	239	469	1271910152097	0	0	3bed4861b556a980b8994d82cc81
user11	241	467	1271910152105	0	0	3bed4861b556a980b8994d82cc81
user11	242	466	1271910152113	0	0	3bed4861b556a980b8994d82cc81
user11	243	464	1271910152121	0	0	3bed4861b556a980b8994d82cc81
user11	244	463	1271910152128	0	0	3bed4861b556a980b8994d82cc81
user11	244	460	1271910152137	0	0	3bed4861b556a980b8994d82cc81
user11	244	459	1271910152153	0	0	3bed4861b556a980b8994d82cc81
user11	244	458	1271910152161	0	0	3bed4861b556a980b8994d82cc81
user11	244	457	1271910152169	0	0	3bed4861b556a980b8994d82cc81
user11	244	456	1271910152185	0	0	3bed4861b556a980b8994d82cc81
user11	244	455	1271910152201	0	0	3bed4861b556a980b8994d82cc81
user11	243	455	1271910152209	0	0	3bed4861b556a980b8994d82cc81
user11	243	454	1271910152321	0	0	3bed4861b556a980b8994d82cc81
user11	243	453	1271910152329	0	0	3bed4861b556a980b8994d82cc81
user11	243	452	1271910152345	0	0	3bed4861b556a980b8994d82cc81
user11	243	451	1271910152353	0	0	3bed4861b556a980b8994d82cc81
user11	243	450	1271910152361	0	0	3bed4861b556a980b8994d82cc81
user11	242	449	1271910152369	0	0	3bed4861b556a980b8994d82cc81
user11	242	447	1271910152377	0	0	3bed4861b556a980b8994d82cc81
user11	241	447	1271910152385	0	0	3bed4861b556a980b8994d82cc81
user11	241	446	1271910152393	0	0	3bed4861b556a980b8994d82cc81
user11	240	446	1271910152409	0	0	3bed4861b556a980b8994d82cc81
user11	240	446	1271910152659	1271910152514	1271910152659	3bed4861b556a980b8994d82cc81
user11	240	446	1271910152660	0	0	3bed4861b556a980b8994d82cc81
user11	239	446	1271910152817	0	0	3bed4861b556a980b8994d82cc81
user11	238	445	1271910152825	0	0	3bed4861b556a980b8994d82cc81
user11	237	445	1271910152841	0	0	3bed4861b556a980b8994d82cc81
user11	236	445	1271910165340	0	0	3bed4861b556a980b8994d82cc81
user11	234	441	1271910165348	0	0	3bed4861b556a980b8994d82cc81
user11	233	430	1271910165356	0	0	3bed4861b556a980b8994d82cc81
user11	232	427	1271910165364	0	0	3bed4861b556a980b8994d82cc81
user11	231	421	1271910165372	0	0	3bed4861b556a980b8994d82cc81
user11	231	420	1271910165380	0	0	3bed4861b556a980b8994d82cc81
user11	231	419	1271910165388	0	0	3bed4861b556a980b8994d82cc81
user11	232	419	1271910165404	0	0	3bed4861b556a980b8994d82cc81
user11	233	419	1271910165420	0	0	3bed4861b556a980b8994d82cc81
user11	236	419	1271910165428	0	0	3bed4861b556a980b8994d82cc81
user11	238	421	1271910165444	0	0	3bed4861b556a980b8994d82cc81
user11	239	422	1271910165452	0	0	3bed4861b556a980b8994d82cc81
user11	245	425	1271910165460	0	0	3bed4861b556a980b8994d82cc81
user11	252	433	1271910165468	0	0	3bed4861b556a980b8994d82cc81
user11	256	437	1271910165476	0	0	3bed4861b556a980b8994d82cc81
user11	266	447	1271910165484	0	0	3bed4861b556a980b8994d82cc81
user11	272	451	1271910165492	0	0	3bed4861b556a980b8994d82cc81
user11	289	461	1271910165501	0	0	3bed4861b556a980b8994d82cc81
user11	298	465	1271910165508	0	0	3bed4861b556a980b8994d82cc81
user11	327	476	1271910165516	0	0	3bed4861b556a980b8994d82cc81
user11	337	480	1271910165524	0	0	3bed4861b556a980b8994d82cc81
user11	365	487	1271910165532	0	0	3bed4861b556a980b8994d82cc81
user11	394	492	1271910165540	0	0	3bed4861b556a980b8994d82cc81
user11	404	494	1271910165548	0	0	3bed4861b556a980b8994d82cc81
user11	428	498	1271910165556	0	0	3bed4861b556a980b8994d82cc81
user11	434	498	1271910165564	0	0	3bed4861b556a980b8994d82cc81
user11	454	498	1271910165572	0	0	3bed4861b556a980b8994d82cc81
user11	462	498	1271910165580	0	0	3bed4861b556a980b8994d82cc81
user11	476	495	1271910165588	0	0	3bed4861b556a980b8994d82cc81
user11	480	495	1271910165596	0	0	3bed4861b556a980b8994d82cc81
user11	487	492	1271910165604	0	0	3bed4861b556a980b8994d82cc81
user11	489	491	1271910165612	0	0	3bed4861b556a980b8994d82cc81
user11	490	490	1271910165620	0	0	3bed4861b556a980b8994d82cc81
user11	490	489	1271910165628	0	0	3bed4861b556a980b8994d82cc81
user11	491	489	1271910165636	0	0	3bed4861b556a980b8994d82cc81
user11	491	487	1271910165644	0	0	3bed4861b556a980b8994d82cc81
user11	491	486	1271910165660	0	0	3bed4861b556a980b8994d82cc81
user11	491	485	1271910165740	0	0	3bed4861b556a980b8994d82cc81
user11	491	484	1271910165756	0	0	3bed4861b556a980b8994d82cc81
user11	491	483	1271910165764	0	0	3bed4861b556a980b8994d82cc81
user11	491	482	1271910165788	0	0	3bed4861b556a980b8994d82cc81
user11	491	481	1271910165804	0	0	3bed4861b556a980b8994d82cc81
user11	491	480	1271910165812	0	0	3bed4861b556a980b8994d82cc81
user11	491	479	1271910165820	0	0	3bed4861b556a980b8994d82cc81
user11	491	479	1271910165824	0	0	3bed4861b556a980b8994d82cc81
user11	490	477	1271910165828	0	0	3bed4861b556a980b8994d82cc81
user11	489	476	1271910165948	0	0	3bed4861b556a980b8994d82cc81
user11	489	475	1271910165964	0	0	3bed4861b556a980b8994d82cc81
user11	488	473	1271910165972	0	0	3bed4861b556a980b8994d82cc81
user11	488	473	1271910166334	1271910166172	1271910166334	3bed4861b556a980b8994d82cc81
