User	X	Y	MouseTimeStamp	MouseDownTimeStamp	MouseUpTimeStamp	SessionID
user9	12	369	1272689527968	0	0	234c38217e5c7844570c1ec9c0ad
user9	42	339	1272689527968	0	0	234c38217e5c7844570c1ec9c0ad
user9	231	174	1272689528015	0	0	234c38217e5c7844570c1ec9c0ad
user9	264	150	1272689528031	0	0	234c38217e5c7844570c1ec9c0ad
user9	296	131	1272689528031	0	0	234c38217e5c7844570c1ec9c0ad
user9	330	116	1272689528046	0	0	234c38217e5c7844570c1ec9c0ad
user9	362	99	1272689528046	0	0	234c38217e5c7844570c1ec9c0ad
user9	388	88	1272689528062	0	0	234c38217e5c7844570c1ec9c0ad
user9	415	78	1272689528062	0	0	234c38217e5c7844570c1ec9c0ad
user9	441	71	1272689528078	0	0	234c38217e5c7844570c1ec9c0ad
user9	463	69	1272689528078	0	0	234c38217e5c7844570c1ec9c0ad
user9	482	66	1272689528093	0	0	234c38217e5c7844570c1ec9c0ad
user9	498	65	1272689528093	0	0	234c38217e5c7844570c1ec9c0ad
user9	509	65	1272689528109	0	0	234c38217e5c7844570c1ec9c0ad
user9	518	65	1272689528109	0	0	234c38217e5c7844570c1ec9c0ad
user9	527	65	1272689528125	0	0	234c38217e5c7844570c1ec9c0ad
user9	533	67	1272689528125	0	0	234c38217e5c7844570c1ec9c0ad
user9	538	72	1272689528140	0	0	234c38217e5c7844570c1ec9c0ad
user9	542	77	1272689528140	0	0	234c38217e5c7844570c1ec9c0ad
user9	549	82	1272689528156	0	0	234c38217e5c7844570c1ec9c0ad
user9	554	88	1272689528156	0	0	234c38217e5c7844570c1ec9c0ad
user9	562	94	1272689528171	0	0	234c38217e5c7844570c1ec9c0ad
user9	574	97	1272689528171	0	0	234c38217e5c7844570c1ec9c0ad
user9	584	98	1272689528187	0	0	234c38217e5c7844570c1ec9c0ad
user9	595	95	1272689528187	0	0	234c38217e5c7844570c1ec9c0ad
user9	608	90	1272689528203	0	0	234c38217e5c7844570c1ec9c0ad
user9	622	80	1272689528203	0	0	234c38217e5c7844570c1ec9c0ad
user9	634	71	1272689528218	0	0	234c38217e5c7844570c1ec9c0ad
user9	648	62	1272689528218	0	0	234c38217e5c7844570c1ec9c0ad
user9	662	53	1272689528234	0	0	234c38217e5c7844570c1ec9c0ad
user9	674	42	1272689528234	0	0	234c38217e5c7844570c1ec9c0ad
user9	686	33	1272689528250	0	0	234c38217e5c7844570c1ec9c0ad
user9	696	26	1272689528250	0	0	234c38217e5c7844570c1ec9c0ad
user9	705	19	1272689528265	0	0	234c38217e5c7844570c1ec9c0ad
user9	714	14	1272689528265	0	0	234c38217e5c7844570c1ec9c0ad
user9	721	10	1272689528281	0	0	234c38217e5c7844570c1ec9c0ad
user9	728	7	1272689528281	0	0	234c38217e5c7844570c1ec9c0ad
user9	749	8	1272689528312	0	0	234c38217e5c7844570c1ec9c0ad
user9	754	11	1272689528312	0	0	234c38217e5c7844570c1ec9c0ad
user9	759	16	1272689528328	0	0	234c38217e5c7844570c1ec9c0ad
user9	763	21	1272689528328	0	0	234c38217e5c7844570c1ec9c0ad
user9	766	27	1272689528343	0	0	234c38217e5c7844570c1ec9c0ad
user9	768	34	1272689528343	0	0	234c38217e5c7844570c1ec9c0ad
user9	770	42	1272689528359	0	0	234c38217e5c7844570c1ec9c0ad
user9	775	50	1272689528359	0	0	234c38217e5c7844570c1ec9c0ad
user9	779	60	1272689528375	0	0	234c38217e5c7844570c1ec9c0ad
user9	784	69	1272689528390	0	0	234c38217e5c7844570c1ec9c0ad
user9	788	78	1272689528390	0	0	234c38217e5c7844570c1ec9c0ad
user9	793	88	1272689528406	0	0	234c38217e5c7844570c1ec9c0ad
user9	798	96	1272689528406	0	0	234c38217e5c7844570c1ec9c0ad
user9	802	102	1272689528421	0	0	234c38217e5c7844570c1ec9c0ad
user9	806	108	1272689528421	0	0	234c38217e5c7844570c1ec9c0ad
user9	810	113	1272689528437	0	0	234c38217e5c7844570c1ec9c0ad
user9	812	117	1272689528437	0	0	234c38217e5c7844570c1ec9c0ad
user9	814	118	1272689528453	0	0	234c38217e5c7844570c1ec9c0ad
user9	814	120	1272689528453	0	0	234c38217e5c7844570c1ec9c0ad
user9	815	121	1272689528468	0	0	234c38217e5c7844570c1ec9c0ad
user9	815	122	1272689528468	0	0	234c38217e5c7844570c1ec9c0ad
user9	814	122	1272689528546	0	0	234c38217e5c7844570c1ec9c0ad
user9	814	122	1272689528578	0	0	234c38217e5c7844570c1ec9c0ad
user9	814	123	1272689528593	0	0	234c38217e5c7844570c1ec9c0ad
user9	814	125	1272689528609	0	0	234c38217e5c7844570c1ec9c0ad
user9	814	126	1272689528609	0	0	234c38217e5c7844570c1ec9c0ad
user9	814	128	1272689528625	0	0	234c38217e5c7844570c1ec9c0ad
user9	814	130	1272689528625	0	0	234c38217e5c7844570c1ec9c0ad
user9	814	132	1272689528640	0	0	234c38217e5c7844570c1ec9c0ad
user9	814	134	1272689528640	0	0	234c38217e5c7844570c1ec9c0ad
user9	813	135	1272689528656	0	0	234c38217e5c7844570c1ec9c0ad
user9	812	136	1272689528671	0	0	234c38217e5c7844570c1ec9c0ad
user9	811	136	1272689528671	0	0	234c38217e5c7844570c1ec9c0ad
user9	811	137	1272689528687	0	0	234c38217e5c7844570c1ec9c0ad
user9	810	138	1272689528703	0	0	234c38217e5c7844570c1ec9c0ad
user9	810	138	1272689528718	0	0	234c38217e5c7844570c1ec9c0ad
user9	809	138	1272689528734	0	0	234c38217e5c7844570c1ec9c0ad
user9	809	139	1272689528750	0	0	234c38217e5c7844570c1ec9c0ad
user9	807	140	1272689528765	0	0	234c38217e5c7844570c1ec9c0ad
user9	807	141	1272689528765	0	0	234c38217e5c7844570c1ec9c0ad
user9	806	141	1272689528781	0	0	234c38217e5c7844570c1ec9c0ad
user9	806	142	1272689528781	0	0	234c38217e5c7844570c1ec9c0ad
user9	805	142	1272689528796	0	0	234c38217e5c7844570c1ec9c0ad
user9	804	145	1272689528796	0	0	234c38217e5c7844570c1ec9c0ad
user9	804	148	1272689528812	0	0	234c38217e5c7844570c1ec9c0ad
user9	803	152	1272689528812	0	0	234c38217e5c7844570c1ec9c0ad
user9	802	158	1272689528828	0	0	234c38217e5c7844570c1ec9c0ad
user9	802	162	1272689528828	0	0	234c38217e5c7844570c1ec9c0ad
user9	801	167	1272689528843	0	0	234c38217e5c7844570c1ec9c0ad
user9	801	170	1272689528843	0	0	234c38217e5c7844570c1ec9c0ad
user9	800	173	1272689528859	0	0	234c38217e5c7844570c1ec9c0ad
user9	799	174	1272689528859	0	0	234c38217e5c7844570c1ec9c0ad
user9	798	174	1272689528875	0	0	234c38217e5c7844570c1ec9c0ad
user9	798	175	1272689528875	0	0	234c38217e5c7844570c1ec9c0ad
user9	798	175	1272689528890	0	0	234c38217e5c7844570c1ec9c0ad
user9	798	176	1272689528906	0	0	234c38217e5c7844570c1ec9c0ad
user9	798	176	1272689529312	1272689529156	1272689529312	234c38217e5c7844570c1ec9c0ad
user9	798	176	1272689531171	0	0	234c38217e5c7844570c1ec9c0ad
user9	799	178	1272689558890	0	0	234c38217e5c7844570c1ec9c0ad
user9	804	182	1272689558906	0	0	234c38217e5c7844570c1ec9c0ad
user9	814	194	1272689558921	0	0	234c38217e5c7844570c1ec9c0ad
user9	819	199	1272689558937	0	0	234c38217e5c7844570c1ec9c0ad
user9	824	210	1272689558937	0	0	234c38217e5c7844570c1ec9c0ad
user9	824	214	1272689558953	0	0	234c38217e5c7844570c1ec9c0ad
user9	826	226	1272689558968	0	0	234c38217e5c7844570c1ec9c0ad
user9	826	234	1272689558984	0	0	234c38217e5c7844570c1ec9c0ad
user9	828	239	1272689558984	0	0	234c38217e5c7844570c1ec9c0ad
user9	829	243	1272689559000	0	0	234c38217e5c7844570c1ec9c0ad
user9	830	246	1272689559000	0	0	234c38217e5c7844570c1ec9c0ad
user9	830	247	1272689559015	0	0	234c38217e5c7844570c1ec9c0ad
user9	830	248	1272689559015	0	0	234c38217e5c7844570c1ec9c0ad
user9	830	249	1272689559171	0	0	234c38217e5c7844570c1ec9c0ad
user9	830	252	1272689559187	0	0	234c38217e5c7844570c1ec9c0ad
user9	830	262	1272689559203	0	0	234c38217e5c7844570c1ec9c0ad
user9	830	269	1272689559203	0	0	234c38217e5c7844570c1ec9c0ad
user9	830	274	1272689559203	0	0	234c38217e5c7844570c1ec9c0ad
user9	830	278	1272689559218	0	0	234c38217e5c7844570c1ec9c0ad
user9	830	282	1272689559234	0	0	234c38217e5c7844570c1ec9c0ad
user9	829	283	1272689559250	0	0	234c38217e5c7844570c1ec9c0ad
user9	828	284	1272689559250	0	0	234c38217e5c7844570c1ec9c0ad
user9	828	283	1272689559328	0	0	234c38217e5c7844570c1ec9c0ad
user9	828	282	1272689559343	0	0	234c38217e5c7844570c1ec9c0ad
user9	829	282	1272689559406	0	0	234c38217e5c7844570c1ec9c0ad
user9	829	282	1272689559421	0	0	234c38217e5c7844570c1ec9c0ad
user9	829	281	1272689559437	0	0	234c38217e5c7844570c1ec9c0ad
user9	830	280	1272689559453	0	0	234c38217e5c7844570c1ec9c0ad
user9	830	279	1272689559453	0	0	234c38217e5c7844570c1ec9c0ad
user9	830	278	1272689559468	0	0	234c38217e5c7844570c1ec9c0ad
user9	830	278	1272689559484	0	0	234c38217e5c7844570c1ec9c0ad
user9	830	278	1272689559703	1272689559546	1272689559703	234c38217e5c7844570c1ec9c0ad
user9	805	284	1272689565468	0	0	234c38217e5c7844570c1ec9c0ad
user9	806	284	1272689568187	0	0	234c38217e5c7844570c1ec9c0ad
user9	814	288	1272689568250	0	0	234c38217e5c7844570c1ec9c0ad
user9	820	289	1272689568281	0	0	234c38217e5c7844570c1ec9c0ad
user9	820	288	1272689568718	0	0	234c38217e5c7844570c1ec9c0ad
user9	809	287	1272689568796	0	0	234c38217e5c7844570c1ec9c0ad
user9	807	287	1272689568828	0	0	234c38217e5c7844570c1ec9c0ad
user9	808	287	1272689568875	0	0	234c38217e5c7844570c1ec9c0ad
user9	809	287	1272689568906	0	0	234c38217e5c7844570c1ec9c0ad
user9	808	287	1272689569203	0	0	234c38217e5c7844570c1ec9c0ad
user9	808	286	1272689569281	0	0	234c38217e5c7844570c1ec9c0ad
user9	807	286	1272689569375	0	0	234c38217e5c7844570c1ec9c0ad
user9	806	286	1272689569406	0	0	234c38217e5c7844570c1ec9c0ad
user9	806	286	1272689569437	0	0	234c38217e5c7844570c1ec9c0ad
user9	805	286	1272689569500	0	0	234c38217e5c7844570c1ec9c0ad
user9	804	286	1272689569531	0	0	234c38217e5c7844570c1ec9c0ad
user9	803	286	1272689569531	0	0	234c38217e5c7844570c1ec9c0ad
user9	802	286	1272689569906	0	0	234c38217e5c7844570c1ec9c0ad
user9	732	262	1272689569968	0	0	234c38217e5c7844570c1ec9c0ad
user9	620	234	1272689570000	0	0	234c38217e5c7844570c1ec9c0ad
user9	496	198	1272689570031	0	0	234c38217e5c7844570c1ec9c0ad
user9	436	186	1272689570062	0	0	234c38217e5c7844570c1ec9c0ad
user9	418	182	1272689570093	0	0	234c38217e5c7844570c1ec9c0ad
user9	417	182	1272689570296	0	0	234c38217e5c7844570c1ec9c0ad
user9	415	184	1272689570328	0	0	234c38217e5c7844570c1ec9c0ad
user9	414	186	1272689570359	0	0	234c38217e5c7844570c1ec9c0ad
user9	414	187	1272689570390	0	0	234c38217e5c7844570c1ec9c0ad
user9	413	188	1272689570421	0	0	234c38217e5c7844570c1ec9c0ad
user9	413	188	1272689570687	1272689570531	1272689570687	234c38217e5c7844570c1ec9c0ad
user9	414	188	1272689597953	0	0	234c38217e5c7844570c1ec9c0ad
user9	454	190	1272689598031	0	0	234c38217e5c7844570c1ec9c0ad
user9	474	191	1272689598062	0	0	234c38217e5c7844570c1ec9c0ad
user9	505	198	1272689598093	0	0	234c38217e5c7844570c1ec9c0ad
user9	538	206	1272689598125	0	0	234c38217e5c7844570c1ec9c0ad
user9	573	217	1272689598156	0	0	234c38217e5c7844570c1ec9c0ad
user9	594	221	1272689598187	0	0	234c38217e5c7844570c1ec9c0ad
user9	605	224	1272689598203	0	0	234c38217e5c7844570c1ec9c0ad
user9	609	226	1272689598218	0	0	234c38217e5c7844570c1ec9c0ad
user9	610	228	1272689598250	0	0	234c38217e5c7844570c1ec9c0ad
user9	610	230	1272689598265	0	0	234c38217e5c7844570c1ec9c0ad
user9	606	232	1272689598281	0	0	234c38217e5c7844570c1ec9c0ad
user9	603	233	1272689598312	0	0	234c38217e5c7844570c1ec9c0ad
user9	590	234	1272689598328	0	0	234c38217e5c7844570c1ec9c0ad
user9	576	234	1272689598359	0	0	234c38217e5c7844570c1ec9c0ad
user9	564	234	1272689598375	0	0	234c38217e5c7844570c1ec9c0ad
user9	549	234	1272689598390	0	0	234c38217e5c7844570c1ec9c0ad
user9	534	234	1272689598421	0	0	234c38217e5c7844570c1ec9c0ad
user9	523	233	1272689598437	0	0	234c38217e5c7844570c1ec9c0ad
user9	507	230	1272689598468	0	0	234c38217e5c7844570c1ec9c0ad
user9	499	229	1272689598484	0	0	234c38217e5c7844570c1ec9c0ad
user9	493	229	1272689598500	0	0	234c38217e5c7844570c1ec9c0ad
user9	490	228	1272689598531	0	0	234c38217e5c7844570c1ec9c0ad
user9	489	228	1272689598531	0	0	234c38217e5c7844570c1ec9c0ad
user9	486	228	1272689598546	0	0	234c38217e5c7844570c1ec9c0ad
user9	483	228	1272689598578	0	0	234c38217e5c7844570c1ec9c0ad
user9	482	228	1272689598593	0	0	234c38217e5c7844570c1ec9c0ad
user9	482	227	1272689598890	0	0	234c38217e5c7844570c1ec9c0ad
user9	482	225	1272689598968	0	0	234c38217e5c7844570c1ec9c0ad
user9	481	225	1272689598968	0	0	234c38217e5c7844570c1ec9c0ad
user9	481	224	1272689599234	0	0	234c38217e5c7844570c1ec9c0ad
user9	481	222	1272689599312	0	0	234c38217e5c7844570c1ec9c0ad
user9	481	222	1272689599531	1272689599390	1272689599531	234c38217e5c7844570c1ec9c0ad
user9	481	222	1272689604406	0	0	234c38217e5c7844570c1ec9c0ad
user9	481	221	1272689613296	0	0	234c38217e5c7844570c1ec9c0ad
user9	484	218	1272689613359	0	0	234c38217e5c7844570c1ec9c0ad
user9	483	217	1272689613390	0	0	234c38217e5c7844570c1ec9c0ad
user9	482	212	1272689613421	0	0	234c38217e5c7844570c1ec9c0ad
user9	482	210	1272689613421	0	0	234c38217e5c7844570c1ec9c0ad
user9	482	210	1272689613453	0	0	234c38217e5c7844570c1ec9c0ad
user9	482	210	1272689628609	0	0	234c38217e5c7844570c1ec9c0ad
user9	485	210	1272689628671	0	0	234c38217e5c7844570c1ec9c0ad
user9	486	210	1272689632531	0	0	234c38217e5c7844570c1ec9c0ad
user9	486	211	1272689641875	0	0	234c38217e5c7844570c1ec9c0ad
user9	486	212	1272689646921	0	0	234c38217e5c7844570c1ec9c0ad
user9	486	210	1272689648156	0	0	234c38217e5c7844570c1ec9c0ad
user9	484	197	1272689648218	0	0	234c38217e5c7844570c1ec9c0ad
user9	483	188	1272689648250	0	0	234c38217e5c7844570c1ec9c0ad
user9	484	179	1272689648281	0	0	234c38217e5c7844570c1ec9c0ad
user9	490	166	1272689648312	0	0	234c38217e5c7844570c1ec9c0ad
user9	493	157	1272689648343	0	0	234c38217e5c7844570c1ec9c0ad
user9	494	150	1272689648375	0	0	234c38217e5c7844570c1ec9c0ad
user9	494	146	1272689648390	0	0	234c38217e5c7844570c1ec9c0ad
user9	494	146	1272689649015	0	0	234c38217e5c7844570c1ec9c0ad
user9	477	138	1272689649078	0	0	234c38217e5c7844570c1ec9c0ad
user9	467	136	1272689649109	0	0	234c38217e5c7844570c1ec9c0ad
user9	462	133	1272689649140	0	0	234c38217e5c7844570c1ec9c0ad
user9	460	131	1272689649171	0	0	234c38217e5c7844570c1ec9c0ad
user9	459	130	1272689649203	0	0	234c38217e5c7844570c1ec9c0ad
user9	458	128	1272689649234	0	0	234c38217e5c7844570c1ec9c0ad
user9	458	128	1272689649234	0	0	234c38217e5c7844570c1ec9c0ad
user9	458	126	1272689649250	0	0	234c38217e5c7844570c1ec9c0ad
user9	456	123	1272689649281	0	0	234c38217e5c7844570c1ec9c0ad
user9	453	116	1272689649296	0	0	234c38217e5c7844570c1ec9c0ad
user9	452	112	1272689649312	0	0	234c38217e5c7844570c1ec9c0ad
user9	449	105	1272689649343	0	0	234c38217e5c7844570c1ec9c0ad
user9	445	98	1272689649359	0	0	234c38217e5c7844570c1ec9c0ad
user9	442	94	1272689649375	0	0	234c38217e5c7844570c1ec9c0ad
user9	440	91	1272689649406	0	0	234c38217e5c7844570c1ec9c0ad
user9	440	90	1272689649421	0	0	234c38217e5c7844570c1ec9c0ad
user9	440	87	1272689649453	0	0	234c38217e5c7844570c1ec9c0ad
user9	440	86	1272689649468	0	0	234c38217e5c7844570c1ec9c0ad
user9	440	84	1272689649484	0	0	234c38217e5c7844570c1ec9c0ad
user9	442	82	1272689649484	0	0	234c38217e5c7844570c1ec9c0ad
user9	444	79	1272689649515	0	0	234c38217e5c7844570c1ec9c0ad
user9	449	75	1272689649531	0	0	234c38217e5c7844570c1ec9c0ad
user9	454	71	1272689649546	0	0	234c38217e5c7844570c1ec9c0ad
user9	458	69	1272689649578	0	0	234c38217e5c7844570c1ec9c0ad
user9	462	64	1272689649593	0	0	234c38217e5c7844570c1ec9c0ad
user9	465	62	1272689649625	0	0	234c38217e5c7844570c1ec9c0ad
user9	466	60	1272689649640	0	0	234c38217e5c7844570c1ec9c0ad
user9	466	60	1272689649984	1272689649875	1272689649984	234c38217e5c7844570c1ec9c0ad
user9	318	115	1272689658640	0	0	234c38217e5c7844570c1ec9c0ad
user9	319	115	1272689660828	0	0	234c38217e5c7844570c1ec9c0ad
user9	329	118	1272689660890	0	0	234c38217e5c7844570c1ec9c0ad
user9	331	118	1272689660890	0	0	234c38217e5c7844570c1ec9c0ad
user9	336	118	1272689660921	0	0	234c38217e5c7844570c1ec9c0ad
user9	341	120	1272689660937	0	0	234c38217e5c7844570c1ec9c0ad
user9	345	121	1272689660968	0	0	234c38217e5c7844570c1ec9c0ad
user9	352	123	1272689660984	0	0	234c38217e5c7844570c1ec9c0ad
user9	356	126	1272689661015	0	0	234c38217e5c7844570c1ec9c0ad
user9	360	127	1272689661031	0	0	234c38217e5c7844570c1ec9c0ad
user9	362	128	1272689661062	0	0	234c38217e5c7844570c1ec9c0ad
user9	364	130	1272689661078	0	0	234c38217e5c7844570c1ec9c0ad
user9	365	130	1272689661093	0	0	234c38217e5c7844570c1ec9c0ad
user9	366	131	1272689661109	0	0	234c38217e5c7844570c1ec9c0ad
user9	367	132	1272689661125	0	0	234c38217e5c7844570c1ec9c0ad
user9	368	133	1272689661140	0	0	234c38217e5c7844570c1ec9c0ad
user9	369	134	1272689661156	0	0	234c38217e5c7844570c1ec9c0ad
user9	370	132	1272689661953	0	0	234c38217e5c7844570c1ec9c0ad
user9	377	123	1272689662015	0	0	234c38217e5c7844570c1ec9c0ad
user9	378	121	1272689662015	0	0	234c38217e5c7844570c1ec9c0ad
user9	379	118	1272689662046	0	0	234c38217e5c7844570c1ec9c0ad
user9	379	114	1272689662062	0	0	234c38217e5c7844570c1ec9c0ad
user9	379	111	1272689662093	0	0	234c38217e5c7844570c1ec9c0ad
user9	379	110	1272689662125	0	0	234c38217e5c7844570c1ec9c0ad
user9	379	109	1272689662125	0	0	234c38217e5c7844570c1ec9c0ad
user9	379	106	1272689662500	0	0	234c38217e5c7844570c1ec9c0ad
user9	375	98	1272689662546	0	0	234c38217e5c7844570c1ec9c0ad
user9	374	97	1272689662546	0	0	234c38217e5c7844570c1ec9c0ad
user9	373	91	1272689662578	0	0	234c38217e5c7844570c1ec9c0ad
user9	371	86	1272689662609	0	0	234c38217e5c7844570c1ec9c0ad
user9	369	81	1272689662640	0	0	234c38217e5c7844570c1ec9c0ad
user9	368	78	1272689662656	0	0	234c38217e5c7844570c1ec9c0ad
user9	367	75	1272689662687	0	0	234c38217e5c7844570c1ec9c0ad
user9	367	74	1272689662703	0	0	234c38217e5c7844570c1ec9c0ad
user9	367	73	1272689662718	0	0	234c38217e5c7844570c1ec9c0ad
user9	367	72	1272689662734	0	0	234c38217e5c7844570c1ec9c0ad
user9	367	70	1272689662750	0	0	234c38217e5c7844570c1ec9c0ad
user9	368	67	1272689662765	0	0	234c38217e5c7844570c1ec9c0ad
user9	370	64	1272689662781	0	0	234c38217e5c7844570c1ec9c0ad
user9	370	62	1272689662796	0	0	234c38217e5c7844570c1ec9c0ad
user9	371	58	1272689662812	0	0	234c38217e5c7844570c1ec9c0ad
user9	373	55	1272689662828	0	0	234c38217e5c7844570c1ec9c0ad
user9	373	54	1272689662859	0	0	234c38217e5c7844570c1ec9c0ad
user9	373	54	1272689662875	0	0	234c38217e5c7844570c1ec9c0ad
user9	374	54	1272689663296	0	0	234c38217e5c7844570c1ec9c0ad
user9	430	56	1272689663359	0	0	234c38217e5c7844570c1ec9c0ad
user9	438	57	1272689663359	0	0	234c38217e5c7844570c1ec9c0ad
user9	466	59	1272689663390	0	0	234c38217e5c7844570c1ec9c0ad
user9	478	60	1272689663421	0	0	234c38217e5c7844570c1ec9c0ad
user9	480	60	1272689663437	0	0	234c38217e5c7844570c1ec9c0ad
user9	479	60	1272689663531	0	0	234c38217e5c7844570c1ec9c0ad
user9	478	59	1272689663562	0	0	234c38217e5c7844570c1ec9c0ad
user9	478	59	1272689663578	0	0	234c38217e5c7844570c1ec9c0ad
user9	478	58	1272689663625	0	0	234c38217e5c7844570c1ec9c0ad
user9	476	57	1272689663656	0	0	234c38217e5c7844570c1ec9c0ad
user9	474	56	1272689663687	0	0	234c38217e5c7844570c1ec9c0ad
user9	473	54	1272689663703	0	0	234c38217e5c7844570c1ec9c0ad
user9	472	54	1272689663734	0	0	234c38217e5c7844570c1ec9c0ad
user9	472	54	1272689663953	1272689663843	1272689663953	234c38217e5c7844570c1ec9c0ad
user9	470	198	1272689670640	0	0	234c38217e5c7844570c1ec9c0ad
user9	470	199	1272689675546	0	0	234c38217e5c7844570c1ec9c0ad
user9	478	218	1272689675609	0	0	234c38217e5c7844570c1ec9c0ad
user9	478	220	1272689675640	0	0	234c38217e5c7844570c1ec9c0ad
user9	478	218	1272689681828	0	0	234c38217e5c7844570c1ec9c0ad
user9	489	185	1272689681890	0	0	234c38217e5c7844570c1ec9c0ad
user9	492	159	1272689681921	0	0	234c38217e5c7844570c1ec9c0ad
user9	488	145	1272689681953	0	0	234c38217e5c7844570c1ec9c0ad
user9	478	132	1272689681968	0	0	234c38217e5c7844570c1ec9c0ad
user9	458	115	1272689682000	0	0	234c38217e5c7844570c1ec9c0ad
user9	435	106	1272689682031	0	0	234c38217e5c7844570c1ec9c0ad
user9	411	97	1272689682046	0	0	234c38217e5c7844570c1ec9c0ad
user9	398	90	1272689682062	0	0	234c38217e5c7844570c1ec9c0ad
user9	383	85	1272689682078	0	0	234c38217e5c7844570c1ec9c0ad
user9	371	79	1272689682109	0	0	234c38217e5c7844570c1ec9c0ad
user9	367	76	1272689682109	0	0	234c38217e5c7844570c1ec9c0ad
user9	361	70	1272689682125	0	0	234c38217e5c7844570c1ec9c0ad
user9	356	66	1272689682140	0	0	234c38217e5c7844570c1ec9c0ad
user9	356	65	1272689682156	0	0	234c38217e5c7844570c1ec9c0ad
user9	356	64	1272689682203	0	0	234c38217e5c7844570c1ec9c0ad
user9	357	63	1272689682218	0	0	234c38217e5c7844570c1ec9c0ad
user9	359	61	1272689682234	0	0	234c38217e5c7844570c1ec9c0ad
user9	362	59	1272689682250	0	0	234c38217e5c7844570c1ec9c0ad
user9	365	58	1272689682265	0	0	234c38217e5c7844570c1ec9c0ad
user9	366	58	1272689682265	0	0	234c38217e5c7844570c1ec9c0ad
user9	367	56	1272689682296	0	0	234c38217e5c7844570c1ec9c0ad
user9	370	54	1272689682312	0	0	234c38217e5c7844570c1ec9c0ad
user9	373	54	1272689682328	0	0	234c38217e5c7844570c1ec9c0ad
user9	378	53	1272689682343	0	0	234c38217e5c7844570c1ec9c0ad
user9	381	53	1272689682359	0	0	234c38217e5c7844570c1ec9c0ad
user9	384	53	1272689682375	0	0	234c38217e5c7844570c1ec9c0ad
user9	385	52	1272689682390	0	0	234c38217e5c7844570c1ec9c0ad
user9	386	52	1272689682453	0	0	234c38217e5c7844570c1ec9c0ad
user9	390	52	1272689682468	0	0	234c38217e5c7844570c1ec9c0ad
user9	396	52	1272689682500	0	0	234c38217e5c7844570c1ec9c0ad
user9	404	52	1272689682515	0	0	234c38217e5c7844570c1ec9c0ad
user9	410	51	1272689682515	0	0	234c38217e5c7844570c1ec9c0ad
user9	422	51	1272689682531	0	0	234c38217e5c7844570c1ec9c0ad
user9	434	51	1272689682546	0	0	234c38217e5c7844570c1ec9c0ad
user9	444	51	1272689682562	0	0	234c38217e5c7844570c1ec9c0ad
user9	447	51	1272689682562	0	0	234c38217e5c7844570c1ec9c0ad
user9	453	51	1272689682578	0	0	234c38217e5c7844570c1ec9c0ad
user9	456	52	1272689682609	0	0	234c38217e5c7844570c1ec9c0ad
user9	457	52	1272689682625	0	0	234c38217e5c7844570c1ec9c0ad
user9	457	52	1272689687937	1272689687781	1272689687937	234c38217e5c7844570c1ec9c0ad
user9	554	118	1272689693078	0	0	234c38217e5c7844570c1ec9c0ad
user9	554	117	1272689694734	0	0	234c38217e5c7844570c1ec9c0ad
user9	541	105	1272689694781	0	0	234c38217e5c7844570c1ec9c0ad
user9	525	94	1272689694812	0	0	234c38217e5c7844570c1ec9c0ad
user9	506	82	1272689694843	0	0	234c38217e5c7844570c1ec9c0ad
user9	490	74	1272689694875	0	0	234c38217e5c7844570c1ec9c0ad
user9	479	68	1272689694890	0	0	234c38217e5c7844570c1ec9c0ad
user9	475	65	1272689694921	0	0	234c38217e5c7844570c1ec9c0ad
user9	474	64	1272689694937	0	0	234c38217e5c7844570c1ec9c0ad
user9	474	64	1272689696625	1272689696453	1272689696625	234c38217e5c7844570c1ec9c0ad
user9	180	294	1272689700390	0	0	234c38217e5c7844570c1ec9c0ad
user9	180	294	1272689708375	0	0	234c38217e5c7844570c1ec9c0ad
user9	197	310	1272689708437	0	0	234c38217e5c7844570c1ec9c0ad
user9	208	318	1272689708468	0	0	234c38217e5c7844570c1ec9c0ad
user9	210	318	1272689708468	0	0	234c38217e5c7844570c1ec9c0ad
user9	223	323	1272689708500	0	0	234c38217e5c7844570c1ec9c0ad
user9	236	326	1272689708515	0	0	234c38217e5c7844570c1ec9c0ad
user9	250	330	1272689708546	0	0	234c38217e5c7844570c1ec9c0ad
user9	265	331	1272689708578	0	0	234c38217e5c7844570c1ec9c0ad
user9	272	333	1272689708578	0	0	234c38217e5c7844570c1ec9c0ad
user9	281	333	1272689708593	0	0	234c38217e5c7844570c1ec9c0ad
user9	295	334	1272689708609	0	0	234c38217e5c7844570c1ec9c0ad
user9	304	334	1272689708640	0	0	234c38217e5c7844570c1ec9c0ad
user9	311	334	1272689708656	0	0	234c38217e5c7844570c1ec9c0ad
user9	316	334	1272689708656	0	0	234c38217e5c7844570c1ec9c0ad
user9	321	334	1272689708671	0	0	234c38217e5c7844570c1ec9c0ad
user9	324	334	1272689708687	0	0	234c38217e5c7844570c1ec9c0ad
user9	326	335	1272689708703	0	0	234c38217e5c7844570c1ec9c0ad
user9	328	335	1272689708718	0	0	234c38217e5c7844570c1ec9c0ad
user9	329	334	1272689713687	0	0	234c38217e5c7844570c1ec9c0ad
user9	343	313	1272689713750	0	0	234c38217e5c7844570c1ec9c0ad
user9	365	286	1272689713781	0	0	234c38217e5c7844570c1ec9c0ad
user9	388	252	1272689713812	0	0	234c38217e5c7844570c1ec9c0ad
user9	393	243	1272689713812	0	0	234c38217e5c7844570c1ec9c0ad
user9	407	218	1272689713828	0	0	234c38217e5c7844570c1ec9c0ad
user9	414	188	1272689713875	0	0	234c38217e5c7844570c1ec9c0ad
user9	414	181	1272689713875	0	0	234c38217e5c7844570c1ec9c0ad
user9	411	162	1272689713890	0	0	234c38217e5c7844570c1ec9c0ad
user9	409	150	1272689713921	0	0	234c38217e5c7844570c1ec9c0ad
user9	406	138	1272689713937	0	0	234c38217e5c7844570c1ec9c0ad
user9	400	123	1272689713953	0	0	234c38217e5c7844570c1ec9c0ad
user9	398	117	1272689713968	0	0	234c38217e5c7844570c1ec9c0ad
user9	396	112	1272689713984	0	0	234c38217e5c7844570c1ec9c0ad
user9	396	108	1272689714000	0	0	234c38217e5c7844570c1ec9c0ad
user9	396	105	1272689714015	0	0	234c38217e5c7844570c1ec9c0ad
user9	397	105	1272689715468	0	0	234c38217e5c7844570c1ec9c0ad
user9	409	100	1272689715515	0	0	234c38217e5c7844570c1ec9c0ad
user9	418	98	1272689715546	0	0	234c38217e5c7844570c1ec9c0ad
user9	429	94	1272689715578	0	0	234c38217e5c7844570c1ec9c0ad
user9	434	90	1272689715593	0	0	234c38217e5c7844570c1ec9c0ad
user9	442	86	1272689715625	0	0	234c38217e5c7844570c1ec9c0ad
user9	447	80	1272689715656	0	0	234c38217e5c7844570c1ec9c0ad
user9	452	75	1272689715671	0	0	234c38217e5c7844570c1ec9c0ad
user9	453	72	1272689715687	0	0	234c38217e5c7844570c1ec9c0ad
user9	453	71	1272689715687	0	0	234c38217e5c7844570c1ec9c0ad
user9	454	70	1272689715718	0	0	234c38217e5c7844570c1ec9c0ad
user9	455	68	1272689715734	0	0	234c38217e5c7844570c1ec9c0ad
user9	455	66	1272689715750	0	0	234c38217e5c7844570c1ec9c0ad
user9	455	66	1272689715765	0	0	234c38217e5c7844570c1ec9c0ad
user9	455	63	1272689715781	0	0	234c38217e5c7844570c1ec9c0ad
user9	455	62	1272689715796	0	0	234c38217e5c7844570c1ec9c0ad
user9	455	60	1272689715828	0	0	234c38217e5c7844570c1ec9c0ad
user9	455	59	1272689715828	0	0	234c38217e5c7844570c1ec9c0ad
user9	455	58	1272689715843	0	0	234c38217e5c7844570c1ec9c0ad
user9	455	57	1272689715875	0	0	234c38217e5c7844570c1ec9c0ad
user9	455	56	1272689715890	0	0	234c38217e5c7844570c1ec9c0ad
user9	455	56	1272689716515	1272689716171	1272689716515	234c38217e5c7844570c1ec9c0ad
user9	470	278	1272689723062	0	0	234c38217e5c7844570c1ec9c0ad
user9	470	280	1272689728437	0	0	234c38217e5c7844570c1ec9c0ad
user9	469	286	1272689728515	0	0	234c38217e5c7844570c1ec9c0ad
user9	469	287	1272689728515	0	0	234c38217e5c7844570c1ec9c0ad
user9	469	288	1272689728546	0	0	234c38217e5c7844570c1ec9c0ad
user9	467	290	1272689728578	0	0	234c38217e5c7844570c1ec9c0ad
user9	463	302	1272689728609	0	0	234c38217e5c7844570c1ec9c0ad
user9	462	309	1272689728640	0	0	234c38217e5c7844570c1ec9c0ad
user9	461	314	1272689728656	0	0	234c38217e5c7844570c1ec9c0ad
user9	460	316	1272689728687	0	0	234c38217e5c7844570c1ec9c0ad
user9	460	315	1272689731140	0	0	234c38217e5c7844570c1ec9c0ad
user9	464	250	1272689731203	0	0	234c38217e5c7844570c1ec9c0ad
user9	466	207	1272689731234	0	0	234c38217e5c7844570c1ec9c0ad
user9	461	162	1272689731265	0	0	234c38217e5c7844570c1ec9c0ad
user9	447	133	1272689731296	0	0	234c38217e5c7844570c1ec9c0ad
user9	442	126	1272689731296	0	0	234c38217e5c7844570c1ec9c0ad
user9	429	106	1272689731328	0	0	234c38217e5c7844570c1ec9c0ad
user9	422	94	1272689731359	0	0	234c38217e5c7844570c1ec9c0ad
user9	420	88	1272689731375	0	0	234c38217e5c7844570c1ec9c0ad
user9	419	86	1272689731406	0	0	234c38217e5c7844570c1ec9c0ad
user9	418	86	1272689731421	0	0	234c38217e5c7844570c1ec9c0ad
user9	415	85	1272689731453	0	0	234c38217e5c7844570c1ec9c0ad
user9	409	83	1272689731468	0	0	234c38217e5c7844570c1ec9c0ad
user9	407	83	1272689731484	0	0	234c38217e5c7844570c1ec9c0ad
user9	406	83	1272689731546	0	0	234c38217e5c7844570c1ec9c0ad
user9	406	82	1272689731562	0	0	234c38217e5c7844570c1ec9c0ad
user9	406	82	1272689731578	0	0	234c38217e5c7844570c1ec9c0ad
user9	406	82	1272689731609	0	0	234c38217e5c7844570c1ec9c0ad
user9	409	78	1272689731625	0	0	234c38217e5c7844570c1ec9c0ad
user9	410	74	1272689731656	0	0	234c38217e5c7844570c1ec9c0ad
user9	413	73	1272689731656	0	0	234c38217e5c7844570c1ec9c0ad
user9	419	69	1272689731671	0	0	234c38217e5c7844570c1ec9c0ad
user9	431	63	1272689731703	0	0	234c38217e5c7844570c1ec9c0ad
user9	434	62	1272689731703	0	0	234c38217e5c7844570c1ec9c0ad
user9	440	62	1272689731718	0	0	234c38217e5c7844570c1ec9c0ad
user9	442	62	1272689731718	0	0	234c38217e5c7844570c1ec9c0ad
user9	444	62	1272689731750	0	0	234c38217e5c7844570c1ec9c0ad
user9	445	62	1272689731765	0	0	234c38217e5c7844570c1ec9c0ad
user9	445	62	1272689731875	0	0	234c38217e5c7844570c1ec9c0ad
user9	446	61	1272689731906	0	0	234c38217e5c7844570c1ec9c0ad
user9	446	61	1272689732125	1272689731968	1272689732125	234c38217e5c7844570c1ec9c0ad
user9	555	280	1272689739328	0	0	234c38217e5c7844570c1ec9c0ad
user9	558	201	1272689739375	0	0	234c38217e5c7844570c1ec9c0ad
user9	548	167	1272689739406	0	0	234c38217e5c7844570c1ec9c0ad
user9	536	150	1272689739437	0	0	234c38217e5c7844570c1ec9c0ad
user9	522	142	1272689739453	0	0	234c38217e5c7844570c1ec9c0ad
user9	506	133	1272689739484	0	0	234c38217e5c7844570c1ec9c0ad
user9	494	129	1272689739500	0	0	234c38217e5c7844570c1ec9c0ad
user9	490	128	1272689739531	0	0	234c38217e5c7844570c1ec9c0ad
user9	490	128	1272689739546	0	0	234c38217e5c7844570c1ec9c0ad
user9	490	126	1272689739843	0	0	234c38217e5c7844570c1ec9c0ad
user9	480	93	1272689739906	0	0	234c38217e5c7844570c1ec9c0ad
user9	478	86	1272689739953	0	0	234c38217e5c7844570c1ec9c0ad
user9	478	85	1272689739984	0	0	234c38217e5c7844570c1ec9c0ad
user9	477	85	1272689740015	0	0	234c38217e5c7844570c1ec9c0ad
user9	477	83	1272689740171	0	0	234c38217e5c7844570c1ec9c0ad
user9	475	79	1272689740234	0	0	234c38217e5c7844570c1ec9c0ad
user9	474	78	1272689740234	0	0	234c38217e5c7844570c1ec9c0ad
user9	473	74	1272689740281	0	0	234c38217e5c7844570c1ec9c0ad
user9	473	72	1272689740281	0	0	234c38217e5c7844570c1ec9c0ad
user9	472	68	1272689740328	0	0	234c38217e5c7844570c1ec9c0ad
user9	472	66	1272689740328	0	0	234c38217e5c7844570c1ec9c0ad
user9	471	66	1272689740359	0	0	234c38217e5c7844570c1ec9c0ad
user9	470	63	1272689740375	0	0	234c38217e5c7844570c1ec9c0ad
user9	470	62	1272689740406	0	0	234c38217e5c7844570c1ec9c0ad
user9	470	61	1272689740421	0	0	234c38217e5c7844570c1ec9c0ad
user9	470	60	1272689740531	0	0	234c38217e5c7844570c1ec9c0ad
user9	469	59	1272689740546	0	0	234c38217e5c7844570c1ec9c0ad
user9	469	58	1272689740562	0	0	234c38217e5c7844570c1ec9c0ad
user9	469	58	1272689740843	1272689740687	1272689740843	234c38217e5c7844570c1ec9c0ad
user9	187	356	1272689746343	0	0	234c38217e5c7844570c1ec9c0ad
user9	189	354	1272689753843	0	0	234c38217e5c7844570c1ec9c0ad
user9	255	294	1272689753921	0	0	234c38217e5c7844570c1ec9c0ad
user9	285	258	1272689753953	0	0	234c38217e5c7844570c1ec9c0ad
user9	305	226	1272689753984	0	0	234c38217e5c7844570c1ec9c0ad
user9	319	202	1272689754015	0	0	234c38217e5c7844570c1ec9c0ad
user9	322	189	1272689754046	0	0	234c38217e5c7844570c1ec9c0ad
user9	322	184	1272689754078	0	0	234c38217e5c7844570c1ec9c0ad
user9	322	182	1272689754093	0	0	234c38217e5c7844570c1ec9c0ad
user9	324	182	1272689754359	0	0	234c38217e5c7844570c1ec9c0ad
user9	363	163	1272689754437	0	0	234c38217e5c7844570c1ec9c0ad
user9	394	134	1272689754500	0	0	234c38217e5c7844570c1ec9c0ad
user9	413	114	1272689754531	0	0	234c38217e5c7844570c1ec9c0ad
user9	424	99	1272689754562	0	0	234c38217e5c7844570c1ec9c0ad
user9	430	90	1272689754593	0	0	234c38217e5c7844570c1ec9c0ad
user9	436	86	1272689754625	0	0	234c38217e5c7844570c1ec9c0ad
user9	438	83	1272689754640	0	0	234c38217e5c7844570c1ec9c0ad
user9	438	82	1272689754671	0	0	234c38217e5c7844570c1ec9c0ad
user9	439	82	1272689754687	0	0	234c38217e5c7844570c1ec9c0ad
user9	440	81	1272689754718	0	0	234c38217e5c7844570c1ec9c0ad
user9	440	80	1272689754750	0	0	234c38217e5c7844570c1ec9c0ad
user9	440	79	1272689754781	0	0	234c38217e5c7844570c1ec9c0ad
user9	440	78	1272689754812	0	0	234c38217e5c7844570c1ec9c0ad
user9	440	77	1272689754843	0	0	234c38217e5c7844570c1ec9c0ad
user9	440	75	1272689754859	0	0	234c38217e5c7844570c1ec9c0ad
user9	440	73	1272689754890	0	0	234c38217e5c7844570c1ec9c0ad
user9	440	71	1272689754921	0	0	234c38217e5c7844570c1ec9c0ad
user9	440	70	1272689754937	0	0	234c38217e5c7844570c1ec9c0ad
user9	440	69	1272689754937	0	0	234c38217e5c7844570c1ec9c0ad
user9	439	68	1272689754968	0	0	234c38217e5c7844570c1ec9c0ad
user9	439	67	1272689754968	0	0	234c38217e5c7844570c1ec9c0ad
user9	438	66	1272689754984	0	0	234c38217e5c7844570c1ec9c0ad
user9	439	64	1272689755015	0	0	234c38217e5c7844570c1ec9c0ad
user9	443	62	1272689755031	0	0	234c38217e5c7844570c1ec9c0ad
user9	447	61	1272689755046	0	0	234c38217e5c7844570c1ec9c0ad
user9	450	58	1272689755078	0	0	234c38217e5c7844570c1ec9c0ad
user9	454	57	1272689755093	0	0	234c38217e5c7844570c1ec9c0ad
user9	454	57	1272689755125	0	0	234c38217e5c7844570c1ec9c0ad
user9	454	57	1272689755390	1272689755250	1272689755390	234c38217e5c7844570c1ec9c0ad
user9	305	265	1272689763500	0	0	234c38217e5c7844570c1ec9c0ad
user9	306	264	1272689765484	0	0	234c38217e5c7844570c1ec9c0ad
user9	346	220	1272689765562	0	0	234c38217e5c7844570c1ec9c0ad
user9	376	184	1272689765593	0	0	234c38217e5c7844570c1ec9c0ad
user9	396	151	1272689765625	0	0	234c38217e5c7844570c1ec9c0ad
user9	406	131	1272689765656	0	0	234c38217e5c7844570c1ec9c0ad
user9	414	117	1272689765687	0	0	234c38217e5c7844570c1ec9c0ad
user9	418	111	1272689765718	0	0	234c38217e5c7844570c1ec9c0ad
user9	424	102	1272689765734	0	0	234c38217e5c7844570c1ec9c0ad
user9	426	98	1272689765765	0	0	234c38217e5c7844570c1ec9c0ad
user9	429	96	1272689765765	0	0	234c38217e5c7844570c1ec9c0ad
user9	431	93	1272689765781	0	0	234c38217e5c7844570c1ec9c0ad
user9	433	92	1272689765781	0	0	234c38217e5c7844570c1ec9c0ad
user9	435	90	1272689765812	0	0	234c38217e5c7844570c1ec9c0ad
user9	437	86	1272689765828	0	0	234c38217e5c7844570c1ec9c0ad
user9	439	82	1272689765859	0	0	234c38217e5c7844570c1ec9c0ad
user9	439	80	1272689765875	0	0	234c38217e5c7844570c1ec9c0ad
user9	439	79	1272689765875	0	0	234c38217e5c7844570c1ec9c0ad
user9	438	78	1272689765906	0	0	234c38217e5c7844570c1ec9c0ad
user9	438	77	1272689765937	0	0	234c38217e5c7844570c1ec9c0ad
user9	438	76	1272689765984	0	0	234c38217e5c7844570c1ec9c0ad
user9	438	74	1272689766015	0	0	234c38217e5c7844570c1ec9c0ad
user9	438	74	1272689766031	0	0	234c38217e5c7844570c1ec9c0ad
user9	438	72	1272689766046	0	0	234c38217e5c7844570c1ec9c0ad
user9	440	71	1272689766078	0	0	234c38217e5c7844570c1ec9c0ad
user9	442	70	1272689766093	0	0	234c38217e5c7844570c1ec9c0ad
user9	445	69	1272689766125	0	0	234c38217e5c7844570c1ec9c0ad
user9	447	69	1272689766140	0	0	234c38217e5c7844570c1ec9c0ad
user9	451	68	1272689766156	0	0	234c38217e5c7844570c1ec9c0ad
user9	452	68	1272689766375	0	0	234c38217e5c7844570c1ec9c0ad
user9	453	66	1272689766406	0	0	234c38217e5c7844570c1ec9c0ad
user9	455	62	1272689766437	0	0	234c38217e5c7844570c1ec9c0ad
user9	458	59	1272689766468	0	0	234c38217e5c7844570c1ec9c0ad
user9	458	57	1272689766500	0	0	234c38217e5c7844570c1ec9c0ad
user9	459	56	1272689766531	0	0	234c38217e5c7844570c1ec9c0ad
user9	459	56	1272689767765	1272689767609	1272689767765	234c38217e5c7844570c1ec9c0ad
user9	467	354	1272689772890	0	0	234c38217e5c7844570c1ec9c0ad
user9	467	353	1272689779718	0	0	234c38217e5c7844570c1ec9c0ad
user9	482	302	1272689779781	0	0	234c38217e5c7844570c1ec9c0ad
user9	492	252	1272689779812	0	0	234c38217e5c7844570c1ec9c0ad
user9	493	197	1272689779843	0	0	234c38217e5c7844570c1ec9c0ad
user9	493	122	1272689779875	0	0	234c38217e5c7844570c1ec9c0ad
user9	493	79	1272689779890	0	0	234c38217e5c7844570c1ec9c0ad
user9	478	22	1272689779937	0	0	234c38217e5c7844570c1ec9c0ad
user9	471	9	1272689779953	0	0	234c38217e5c7844570c1ec9c0ad
user9	454	4	1272689780812	0	0	234c38217e5c7844570c1ec9c0ad
user9	454	5	1272689780843	0	0	234c38217e5c7844570c1ec9c0ad
user9	454	6	1272689782171	0	0	234c38217e5c7844570c1ec9c0ad
user9	452	7	1272689782234	0	0	234c38217e5c7844570c1ec9c0ad
user9	452	8	1272689783468	0	0	234c38217e5c7844570c1ec9c0ad
user9	451	14	1272689783531	0	0	234c38217e5c7844570c1ec9c0ad
user9	451	18	1272689783562	0	0	234c38217e5c7844570c1ec9c0ad
user9	451	21	1272689783593	0	0	234c38217e5c7844570c1ec9c0ad
user9	451	22	1272689783625	0	0	234c38217e5c7844570c1ec9c0ad
user9	451	25	1272689783656	0	0	234c38217e5c7844570c1ec9c0ad
user9	456	34	1272689783687	0	0	234c38217e5c7844570c1ec9c0ad
user9	458	38	1272689783687	0	0	234c38217e5c7844570c1ec9c0ad
user9	460	42	1272689783703	0	0	234c38217e5c7844570c1ec9c0ad
user9	461	43	1272689783703	0	0	234c38217e5c7844570c1ec9c0ad
user9	462	46	1272689783718	0	0	234c38217e5c7844570c1ec9c0ad
user9	462	46	1272689783750	0	0	234c38217e5c7844570c1ec9c0ad
user9	464	50	1272689783765	0	0	234c38217e5c7844570c1ec9c0ad
user9	466	54	1272689783781	0	0	234c38217e5c7844570c1ec9c0ad
user9	467	58	1272689783796	0	0	234c38217e5c7844570c1ec9c0ad
user9	467	60	1272689783796	0	0	234c38217e5c7844570c1ec9c0ad
user9	468	62	1272689783828	0	0	234c38217e5c7844570c1ec9c0ad
user9	468	62	1272689784296	1272689784125	1272689784296	234c38217e5c7844570c1ec9c0ad
