User	X	Y	MouseTimeStamp	MouseDownTimeStamp	MouseUpTimeStamp	SessionID
user10	236	397	1269042493093	0	0	8d342bfc8ba4b0816fb276a0d4da
user10	261	394	1269042493105	0	0	8d342bfc8ba4b0816fb276a0d4da
user10	359	379	1269042493144	0	0	8d342bfc8ba4b0816fb276a0d4da
user10	410	376	1269042493189	0	0	8d342bfc8ba4b0816fb276a0d4da
user10	411	377	1269042493600	0	0	8d342bfc8ba4b0816fb276a0d4da
user10	411	378	1269042493608	0	0	8d342bfc8ba4b0816fb276a0d4da
user10	412	379	1269042493616	0	0	8d342bfc8ba4b0816fb276a0d4da
user10	413	380	1269042493624	0	0	8d342bfc8ba4b0816fb276a0d4da
user10	413	380	1269042493632	0	0	8d342bfc8ba4b0816fb276a0d4da
user10	413	381	1269042493634	0	0	8d342bfc8ba4b0816fb276a0d4da
user10	413	383	1269042493640	0	0	8d342bfc8ba4b0816fb276a0d4da
user10	415	385	1269042493651	0	0	8d342bfc8ba4b0816fb276a0d4da
user10	416	386	1269042493658	0	0	8d342bfc8ba4b0816fb276a0d4da
user10	416	388	1269042493664	0	0	8d342bfc8ba4b0816fb276a0d4da
user10	419	390	1269042493672	0	0	8d342bfc8ba4b0816fb276a0d4da
user10	421	392	1269042493680	0	0	8d342bfc8ba4b0816fb276a0d4da
user10	422	394	1269042493688	0	0	8d342bfc8ba4b0816fb276a0d4da
user10	424	397	1269042493696	0	0	8d342bfc8ba4b0816fb276a0d4da
user10	426	401	1269042493704	0	0	8d342bfc8ba4b0816fb276a0d4da
user10	426	404	1269042493712	0	0	8d342bfc8ba4b0816fb276a0d4da
user10	427	409	1269042493720	0	0	8d342bfc8ba4b0816fb276a0d4da
user10	429	415	1269042493728	0	0	8d342bfc8ba4b0816fb276a0d4da
user10	430	423	1269042493736	0	0	8d342bfc8ba4b0816fb276a0d4da
user10	432	432	1269042493744	0	0	8d342bfc8ba4b0816fb276a0d4da
user10	434	440	1269042493752	0	0	8d342bfc8ba4b0816fb276a0d4da
user10	437	449	1269042493760	0	0	8d342bfc8ba4b0816fb276a0d4da
user10	440	458	1269042493768	0	0	8d342bfc8ba4b0816fb276a0d4da
user10	443	466	1269042493776	0	0	8d342bfc8ba4b0816fb276a0d4da
user10	447	474	1269042493784	0	0	8d342bfc8ba4b0816fb276a0d4da
user10	450	479	1269042493793	0	0	8d342bfc8ba4b0816fb276a0d4da
user10	455	483	1269042493800	0	0	8d342bfc8ba4b0816fb276a0d4da
user10	461	487	1269042493808	0	0	8d342bfc8ba4b0816fb276a0d4da
user10	465	493	1269042493817	0	0	8d342bfc8ba4b0816fb276a0d4da
user10	469	498	1269042493824	0	0	8d342bfc8ba4b0816fb276a0d4da
user10	473	502	1269042493833	0	0	8d342bfc8ba4b0816fb276a0d4da
user10	477	507	1269042493840	0	0	8d342bfc8ba4b0816fb276a0d4da
user10	480	510	1269042493848	0	0	8d342bfc8ba4b0816fb276a0d4da
user10	485	514	1269042493856	0	0	8d342bfc8ba4b0816fb276a0d4da
user10	488	519	1269042493864	0	0	8d342bfc8ba4b0816fb276a0d4da
user10	490	523	1269042493872	0	0	8d342bfc8ba4b0816fb276a0d4da
user10	493	525	1269042493880	0	0	8d342bfc8ba4b0816fb276a0d4da
user10	496	526	1269042493889	0	0	8d342bfc8ba4b0816fb276a0d4da
user10	498	528	1269042493896	0	0	8d342bfc8ba4b0816fb276a0d4da
user10	501	529	1269042493905	0	0	8d342bfc8ba4b0816fb276a0d4da
user10	504	529	1269042493913	0	0	8d342bfc8ba4b0816fb276a0d4da
user10	509	529	1269042493920	0	0	8d342bfc8ba4b0816fb276a0d4da
user10	513	529	1269042493928	0	0	8d342bfc8ba4b0816fb276a0d4da
user10	519	529	1269042493936	0	0	8d342bfc8ba4b0816fb276a0d4da
user10	524	529	1269042493944	0	0	8d342bfc8ba4b0816fb276a0d4da
user10	530	529	1269042493952	0	0	8d342bfc8ba4b0816fb276a0d4da
user10	535	529	1269042493960	0	0	8d342bfc8ba4b0816fb276a0d4da
user10	540	529	1269042493968	0	0	8d342bfc8ba4b0816fb276a0d4da
user10	545	529	1269042493976	0	0	8d342bfc8ba4b0816fb276a0d4da
user10	549	529	1269042493984	0	0	8d342bfc8ba4b0816fb276a0d4da
user10	551	529	1269042493992	0	0	8d342bfc8ba4b0816fb276a0d4da
user10	555	529	1269042494000	0	0	8d342bfc8ba4b0816fb276a0d4da
user10	557	529	1269042494008	0	0	8d342bfc8ba4b0816fb276a0d4da
user10	559	529	1269042494016	0	0	8d342bfc8ba4b0816fb276a0d4da
user10	561	530	1269042494024	0	0	8d342bfc8ba4b0816fb276a0d4da
user10	563	531	1269042494032	0	0	8d342bfc8ba4b0816fb276a0d4da
user10	567	532	1269042494042	0	0	8d342bfc8ba4b0816fb276a0d4da
user10	569	532	1269042494049	0	0	8d342bfc8ba4b0816fb276a0d4da
user10	572	533	1269042494056	0	0	8d342bfc8ba4b0816fb276a0d4da
user10	576	534	1269042494065	0	0	8d342bfc8ba4b0816fb276a0d4da
user10	580	535	1269042494072	0	0	8d342bfc8ba4b0816fb276a0d4da
user10	585	535	1269042494080	0	0	8d342bfc8ba4b0816fb276a0d4da
user10	589	535	1269042494088	0	0	8d342bfc8ba4b0816fb276a0d4da
user10	594	535	1269042494097	0	0	8d342bfc8ba4b0816fb276a0d4da
user10	601	536	1269042494104	0	0	8d342bfc8ba4b0816fb276a0d4da
user10	608	536	1269042494112	0	0	8d342bfc8ba4b0816fb276a0d4da
user10	614	536	1269042494120	0	0	8d342bfc8ba4b0816fb276a0d4da
user10	621	536	1269042494128	0	0	8d342bfc8ba4b0816fb276a0d4da
user10	629	534	1269042494136	0	0	8d342bfc8ba4b0816fb276a0d4da
user10	638	533	1269042494144	0	0	8d342bfc8ba4b0816fb276a0d4da
user10	644	533	1269042494152	0	0	8d342bfc8ba4b0816fb276a0d4da
user10	652	533	1269042494162	0	0	8d342bfc8ba4b0816fb276a0d4da
user10	658	533	1269042494168	0	0	8d342bfc8ba4b0816fb276a0d4da
user10	663	533	1269042494177	0	0	8d342bfc8ba4b0816fb276a0d4da
user10	667	533	1269042494186	0	0	8d342bfc8ba4b0816fb276a0d4da
user10	671	534	1269042494192	0	0	8d342bfc8ba4b0816fb276a0d4da
user10	674	535	1269042494200	0	0	8d342bfc8ba4b0816fb276a0d4da
user10	677	537	1269042494208	0	0	8d342bfc8ba4b0816fb276a0d4da
user10	679	539	1269042494219	0	0	8d342bfc8ba4b0816fb276a0d4da
user10	681	540	1269042494227	0	0	8d342bfc8ba4b0816fb276a0d4da
user10	683	540	1269042494233	0	0	8d342bfc8ba4b0816fb276a0d4da
user10	684	540	1269042494240	0	0	8d342bfc8ba4b0816fb276a0d4da
user10	686	542	1269042494248	0	0	8d342bfc8ba4b0816fb276a0d4da
user10	689	543	1269042494256	0	0	8d342bfc8ba4b0816fb276a0d4da
user10	691	546	1269042494264	0	0	8d342bfc8ba4b0816fb276a0d4da
user10	694	546	1269042494272	0	0	8d342bfc8ba4b0816fb276a0d4da
user10	696	548	1269042494280	0	0	8d342bfc8ba4b0816fb276a0d4da
user10	698	549	1269042494288	0	0	8d342bfc8ba4b0816fb276a0d4da
user10	700	550	1269042494298	0	0	8d342bfc8ba4b0816fb276a0d4da
user10	701	553	1269042494304	0	0	8d342bfc8ba4b0816fb276a0d4da
user10	703	554	1269042494312	0	0	8d342bfc8ba4b0816fb276a0d4da
user10	705	556	1269042494320	0	0	8d342bfc8ba4b0816fb276a0d4da
user10	707	558	1269042494328	0	0	8d342bfc8ba4b0816fb276a0d4da
user10	709	559	1269042494336	0	0	8d342bfc8ba4b0816fb276a0d4da
user10	711	561	1269042494344	0	0	8d342bfc8ba4b0816fb276a0d4da
user10	713	563	1269042494353	0	0	8d342bfc8ba4b0816fb276a0d4da
user10	716	564	1269042494360	0	0	8d342bfc8ba4b0816fb276a0d4da
user10	717	567	1269042494368	0	0	8d342bfc8ba4b0816fb276a0d4da
user10	719	568	1269042494376	0	0	8d342bfc8ba4b0816fb276a0d4da
user10	720	570	1269042494384	0	0	8d342bfc8ba4b0816fb276a0d4da
user10	722	571	1269042494392	0	0	8d342bfc8ba4b0816fb276a0d4da
user10	723	573	1269042494400	0	0	8d342bfc8ba4b0816fb276a0d4da
user10	724	573	1269042494408	0	0	8d342bfc8ba4b0816fb276a0d4da
user10	725	574	1269042494416	0	0	8d342bfc8ba4b0816fb276a0d4da
user10	727	574	1269042494424	0	0	8d342bfc8ba4b0816fb276a0d4da
user10	728	575	1269042494432	0	0	8d342bfc8ba4b0816fb276a0d4da
user10	729	576	1269042494440	0	0	8d342bfc8ba4b0816fb276a0d4da
user10	730	576	1269042494456	0	0	8d342bfc8ba4b0816fb276a0d4da
user10	731	576	1269042494480	0	0	8d342bfc8ba4b0816fb276a0d4da
user10	731	577	1269042494488	0	0	8d342bfc8ba4b0816fb276a0d4da
user10	732	577	1269042494496	0	0	8d342bfc8ba4b0816fb276a0d4da
user10	732	576	1269042494560	0	0	8d342bfc8ba4b0816fb276a0d4da
user10	732	575	1269042494584	0	0	8d342bfc8ba4b0816fb276a0d4da
user10	731	575	1269042494592	0	0	8d342bfc8ba4b0816fb276a0d4da
user10	730	575	1269042494608	0	0	8d342bfc8ba4b0816fb276a0d4da
user10	730	574	1269042494616	0	0	8d342bfc8ba4b0816fb276a0d4da
user10	729	573	1269042494752	0	0	8d342bfc8ba4b0816fb276a0d4da
user10	726	571	1269042494760	0	0	8d342bfc8ba4b0816fb276a0d4da
user10	721	568	1269042494768	0	0	8d342bfc8ba4b0816fb276a0d4da
user10	717	564	1269042494776	0	0	8d342bfc8ba4b0816fb276a0d4da
user10	712	557	1269042494784	0	0	8d342bfc8ba4b0816fb276a0d4da
user10	708	551	1269042494792	0	0	8d342bfc8ba4b0816fb276a0d4da
user10	705	545	1269042494800	0	0	8d342bfc8ba4b0816fb276a0d4da
user10	704	539	1269042494808	0	0	8d342bfc8ba4b0816fb276a0d4da
user10	703	531	1269042494816	0	0	8d342bfc8ba4b0816fb276a0d4da
user10	703	523	1269042494824	0	0	8d342bfc8ba4b0816fb276a0d4da
user10	703	513	1269042494832	0	0	8d342bfc8ba4b0816fb276a0d4da
user10	702	503	1269042494840	0	0	8d342bfc8ba4b0816fb276a0d4da
user10	702	491	1269042494848	0	0	8d342bfc8ba4b0816fb276a0d4da
user10	702	478	1269042494856	0	0	8d342bfc8ba4b0816fb276a0d4da
user10	700	461	1269042494866	0	0	8d342bfc8ba4b0816fb276a0d4da
user10	700	433	1269042494872	0	0	8d342bfc8ba4b0816fb276a0d4da
user10	698	406	1269042494882	0	0	8d342bfc8ba4b0816fb276a0d4da
user10	697	375	1269042494889	0	0	8d342bfc8ba4b0816fb276a0d4da
user10	695	345	1269042494897	0	0	8d342bfc8ba4b0816fb276a0d4da
user10	695	315	1269042494904	0	0	8d342bfc8ba4b0816fb276a0d4da
user10	693	282	1269042494913	0	0	8d342bfc8ba4b0816fb276a0d4da
user10	690	251	1269042494922	0	0	8d342bfc8ba4b0816fb276a0d4da
user10	687	230	1269042494928	0	0	8d342bfc8ba4b0816fb276a0d4da
user10	683	212	1269042494937	0	0	8d342bfc8ba4b0816fb276a0d4da
user10	679	197	1269042494944	0	0	8d342bfc8ba4b0816fb276a0d4da
user10	675	185	1269042494952	0	0	8d342bfc8ba4b0816fb276a0d4da
user10	671	177	1269042494961	0	0	8d342bfc8ba4b0816fb276a0d4da
user10	669	168	1269042494968	0	0	8d342bfc8ba4b0816fb276a0d4da
user10	668	164	1269042494976	0	0	8d342bfc8ba4b0816fb276a0d4da
user10	667	161	1269042494984	0	0	8d342bfc8ba4b0816fb276a0d4da
user10	666	159	1269042494992	0	0	8d342bfc8ba4b0816fb276a0d4da
user10	665	158	1269042495000	0	0	8d342bfc8ba4b0816fb276a0d4da
user10	665	157	1269042495008	0	0	8d342bfc8ba4b0816fb276a0d4da
user10	665	155	1269042495016	0	0	8d342bfc8ba4b0816fb276a0d4da
user10	664	153	1269042495024	0	0	8d342bfc8ba4b0816fb276a0d4da
user10	664	152	1269042495032	0	0	8d342bfc8ba4b0816fb276a0d4da
user10	664	150	1269042495040	0	0	8d342bfc8ba4b0816fb276a0d4da
user10	663	148	1269042495048	0	0	8d342bfc8ba4b0816fb276a0d4da
user10	662	147	1269042495058	0	0	8d342bfc8ba4b0816fb276a0d4da
user10	662	145	1269042495065	0	0	8d342bfc8ba4b0816fb276a0d4da
user10	661	144	1269042495073	0	0	8d342bfc8ba4b0816fb276a0d4da
user10	660	142	1269042495080	0	0	8d342bfc8ba4b0816fb276a0d4da
user10	659	141	1269042495088	0	0	8d342bfc8ba4b0816fb276a0d4da
user10	658	140	1269042495098	0	0	8d342bfc8ba4b0816fb276a0d4da
user10	656	140	1269042495104	0	0	8d342bfc8ba4b0816fb276a0d4da
user10	656	139	1269042495112	0	0	8d342bfc8ba4b0816fb276a0d4da
user10	655	138	1269042495121	0	0	8d342bfc8ba4b0816fb276a0d4da
user10	653	138	1269042495128	0	0	8d342bfc8ba4b0816fb276a0d4da
user10	653	137	1269042495136	0	0	8d342bfc8ba4b0816fb276a0d4da
user10	652	137	1269042495144	0	0	8d342bfc8ba4b0816fb276a0d4da
user10	651	137	1269042495160	0	0	8d342bfc8ba4b0816fb276a0d4da
user10	650	137	1269042495168	0	0	8d342bfc8ba4b0816fb276a0d4da
user10	649	137	1269042495184	0	0	8d342bfc8ba4b0816fb276a0d4da
user10	648	138	1269042495208	0	0	8d342bfc8ba4b0816fb276a0d4da
user10	647	139	1269042495224	0	0	8d342bfc8ba4b0816fb276a0d4da
user10	646	141	1269042495233	0	0	8d342bfc8ba4b0816fb276a0d4da
user10	646	142	1269042495240	0	0	8d342bfc8ba4b0816fb276a0d4da
user10	645	144	1269042495249	0	0	8d342bfc8ba4b0816fb276a0d4da
user10	643	147	1269042495259	0	0	8d342bfc8ba4b0816fb276a0d4da
user10	642	148	1269042495266	0	0	8d342bfc8ba4b0816fb276a0d4da
user10	641	150	1269042495272	0	0	8d342bfc8ba4b0816fb276a0d4da
user10	640	152	1269042495280	0	0	8d342bfc8ba4b0816fb276a0d4da
user10	638	155	1269042495288	0	0	8d342bfc8ba4b0816fb276a0d4da
user10	637	157	1269042495296	0	0	8d342bfc8ba4b0816fb276a0d4da
user10	636	158	1269042495304	0	0	8d342bfc8ba4b0816fb276a0d4da
user10	635	161	1269042495312	0	0	8d342bfc8ba4b0816fb276a0d4da
user10	634	162	1269042495321	0	0	8d342bfc8ba4b0816fb276a0d4da
user10	633	163	1269042495328	0	0	8d342bfc8ba4b0816fb276a0d4da
user10	633	165	1269042495337	0	0	8d342bfc8ba4b0816fb276a0d4da
user10	632	166	1269042495352	0	0	8d342bfc8ba4b0816fb276a0d4da
user10	631	167	1269042495360	0	0	8d342bfc8ba4b0816fb276a0d4da
user10	631	168	1269042495368	0	0	8d342bfc8ba4b0816fb276a0d4da
user10	631	170	1269042495376	0	0	8d342bfc8ba4b0816fb276a0d4da
user10	631	172	1269042495384	0	0	8d342bfc8ba4b0816fb276a0d4da
user10	630	173	1269042495392	0	0	8d342bfc8ba4b0816fb276a0d4da
user10	629	175	1269042495400	0	0	8d342bfc8ba4b0816fb276a0d4da
user10	629	176	1269042495408	0	0	8d342bfc8ba4b0816fb276a0d4da
user10	628	176	1269042495416	0	0	8d342bfc8ba4b0816fb276a0d4da
user10	628	177	1269042495424	0	0	8d342bfc8ba4b0816fb276a0d4da
user10	628	178	1269042495472	0	0	8d342bfc8ba4b0816fb276a0d4da
user10	628	178	1269042495649	1269042495552	1269042495649	8d342bfc8ba4b0816fb276a0d4da
user10	628	179	1269042502224	0	0	8d342bfc8ba4b0816fb276a0d4da
user10	629	182	1269042502235	0	0	8d342bfc8ba4b0816fb276a0d4da
user10	631	186	1269042502241	0	0	8d342bfc8ba4b0816fb276a0d4da
user10	636	191	1269042502251	0	0	8d342bfc8ba4b0816fb276a0d4da
user10	640	197	1269042502260	0	0	8d342bfc8ba4b0816fb276a0d4da
user10	646	204	1269042502270	0	0	8d342bfc8ba4b0816fb276a0d4da
user10	652	213	1269042502276	0	0	8d342bfc8ba4b0816fb276a0d4da
user10	658	223	1269042502286	0	0	8d342bfc8ba4b0816fb276a0d4da
user10	663	230	1269042502290	0	0	8d342bfc8ba4b0816fb276a0d4da
user10	666	238	1269042502299	0	0	8d342bfc8ba4b0816fb276a0d4da
user10	670	246	1269042502308	0	0	8d342bfc8ba4b0816fb276a0d4da
user10	674	253	1269042502312	0	0	8d342bfc8ba4b0816fb276a0d4da
user10	677	260	1269042502322	0	0	8d342bfc8ba4b0816fb276a0d4da
user10	681	266	1269042502335	0	0	8d342bfc8ba4b0816fb276a0d4da
user10	685	271	1269042502339	0	0	8d342bfc8ba4b0816fb276a0d4da
user10	686	278	1269042502347	0	0	8d342bfc8ba4b0816fb276a0d4da
user10	688	284	1269042502355	0	0	8d342bfc8ba4b0816fb276a0d4da
user10	690	288	1269042502362	0	0	8d342bfc8ba4b0816fb276a0d4da
user10	691	290	1269042502370	0	0	8d342bfc8ba4b0816fb276a0d4da
user10	691	292	1269042502378	0	0	8d342bfc8ba4b0816fb276a0d4da
user10	691	294	1269042502385	0	0	8d342bfc8ba4b0816fb276a0d4da
user10	691	295	1269042502400	0	0	8d342bfc8ba4b0816fb276a0d4da
user10	690	295	1269042502408	0	0	8d342bfc8ba4b0816fb276a0d4da
user10	689	295	1269042502424	0	0	8d342bfc8ba4b0816fb276a0d4da
user10	689	294	1269042502472	0	0	8d342bfc8ba4b0816fb276a0d4da
user10	689	293	1269042502480	0	0	8d342bfc8ba4b0816fb276a0d4da
user10	689	292	1269042502488	0	0	8d342bfc8ba4b0816fb276a0d4da
user10	688	292	1269042502496	0	0	8d342bfc8ba4b0816fb276a0d4da
user10	688	290	1269042502505	0	0	8d342bfc8ba4b0816fb276a0d4da
user10	686	289	1269042502512	0	0	8d342bfc8ba4b0816fb276a0d4da
user10	685	288	1269042502520	0	0	8d342bfc8ba4b0816fb276a0d4da
user10	685	286	1269042502528	0	0	8d342bfc8ba4b0816fb276a0d4da
user10	684	286	1269042502536	0	0	8d342bfc8ba4b0816fb276a0d4da
user10	683	284	1269042502544	0	0	8d342bfc8ba4b0816fb276a0d4da
user10	682	283	1269042502552	0	0	8d342bfc8ba4b0816fb276a0d4da
user10	681	282	1269042502560	0	0	8d342bfc8ba4b0816fb276a0d4da
user10	679	281	1269042502568	0	0	8d342bfc8ba4b0816fb276a0d4da
user10	679	280	1269042502576	0	0	8d342bfc8ba4b0816fb276a0d4da
user10	678	279	1269042502584	0	0	8d342bfc8ba4b0816fb276a0d4da
user10	678	278	1269042502592	0	0	8d342bfc8ba4b0816fb276a0d4da
user10	677	278	1269042502600	0	0	8d342bfc8ba4b0816fb276a0d4da
user10	676	278	1269042502608	0	0	8d342bfc8ba4b0816fb276a0d4da
user10	676	278	1269042502761	1269042502664	1269042502761	8d342bfc8ba4b0816fb276a0d4da
user10	279	57	1269042511640	0	0	8d342bfc8ba4b0816fb276a0d4da
user10	278	57	1269042512079	0	0	8d342bfc8ba4b0816fb276a0d4da
user10	277	57	1269042512094	0	0	8d342bfc8ba4b0816fb276a0d4da
user10	276	57	1269042512097	0	0	8d342bfc8ba4b0816fb276a0d4da
user10	275	57	1269042512111	0	0	8d342bfc8ba4b0816fb276a0d4da
user10	274	57	1269042512126	0	0	8d342bfc8ba4b0816fb276a0d4da
user10	272	57	1269042512129	0	0	8d342bfc8ba4b0816fb276a0d4da
user10	270	57	1269042512150	0	0	8d342bfc8ba4b0816fb276a0d4da
user10	269	57	1269042512153	0	0	8d342bfc8ba4b0816fb276a0d4da
user10	267	57	1269042512166	0	0	8d342bfc8ba4b0816fb276a0d4da
user10	266	57	1269042512169	0	0	8d342bfc8ba4b0816fb276a0d4da
user10	265	57	1269042512182	0	0	8d342bfc8ba4b0816fb276a0d4da
user10	264	57	1269042512185	0	0	8d342bfc8ba4b0816fb276a0d4da
user10	262	57	1269042512201	0	0	8d342bfc8ba4b0816fb276a0d4da
user10	261	57	1269042512216	0	0	8d342bfc8ba4b0816fb276a0d4da
user10	260	57	1269042512230	0	0	8d342bfc8ba4b0816fb276a0d4da
user10	259	57	1269042512247	0	0	8d342bfc8ba4b0816fb276a0d4da
user10	259	58	1269042512671	0	0	8d342bfc8ba4b0816fb276a0d4da
user10	259	60	1269042512685	0	0	8d342bfc8ba4b0816fb276a0d4da
user10	260	63	1269042512688	0	0	8d342bfc8ba4b0816fb276a0d4da
user10	260	65	1269042512703	0	0	8d342bfc8ba4b0816fb276a0d4da
user10	263	69	1269042512707	0	0	8d342bfc8ba4b0816fb276a0d4da
user10	264	72	1269042512713	0	0	8d342bfc8ba4b0816fb276a0d4da
user10	266	78	1269042512727	0	0	8d342bfc8ba4b0816fb276a0d4da
user10	270	83	1269042512730	0	0	8d342bfc8ba4b0816fb276a0d4da
user10	273	96	1269042512746	0	0	8d342bfc8ba4b0816fb276a0d4da
user10	278	107	1269042512760	0	0	8d342bfc8ba4b0816fb276a0d4da
user10	281	114	1269042512775	0	0	8d342bfc8ba4b0816fb276a0d4da
user10	285	124	1269042512778	0	0	8d342bfc8ba4b0816fb276a0d4da
user10	287	134	1269042512789	0	0	8d342bfc8ba4b0816fb276a0d4da
user10	291	155	1269042512801	0	0	8d342bfc8ba4b0816fb276a0d4da
user10	294	166	1269042512815	0	0	8d342bfc8ba4b0816fb276a0d4da
user10	295	177	1269042512817	0	0	8d342bfc8ba4b0816fb276a0d4da
user10	295	188	1269042512827	0	0	8d342bfc8ba4b0816fb276a0d4da
user10	297	207	1269042512840	0	0	8d342bfc8ba4b0816fb276a0d4da
user10	298	215	1269042512852	0	0	8d342bfc8ba4b0816fb276a0d4da
user10	298	223	1269042512863	0	0	8d342bfc8ba4b0816fb276a0d4da
user10	300	231	1269042512866	0	0	8d342bfc8ba4b0816fb276a0d4da
user10	301	238	1269042512877	0	0	8d342bfc8ba4b0816fb276a0d4da
user10	301	242	1269042512880	0	0	8d342bfc8ba4b0816fb276a0d4da
user10	302	246	1269042512890	0	0	8d342bfc8ba4b0816fb276a0d4da
user10	302	249	1269042512901	0	0	8d342bfc8ba4b0816fb276a0d4da
user10	302	252	1269042512904	0	0	8d342bfc8ba4b0816fb276a0d4da
user10	302	255	1269042512914	0	0	8d342bfc8ba4b0816fb276a0d4da
user10	303	258	1269042512922	0	0	8d342bfc8ba4b0816fb276a0d4da
user10	303	260	1269042512932	0	0	8d342bfc8ba4b0816fb276a0d4da
user10	303	262	1269042512942	0	0	8d342bfc8ba4b0816fb276a0d4da
user10	303	264	1269042512947	0	0	8d342bfc8ba4b0816fb276a0d4da
user10	304	265	1269042512956	0	0	8d342bfc8ba4b0816fb276a0d4da
user10	304	267	1269042512966	0	0	8d342bfc8ba4b0816fb276a0d4da
user10	305	268	1269042512975	0	0	8d342bfc8ba4b0816fb276a0d4da
user10	305	268	1269042514047	0	0	8d342bfc8ba4b0816fb276a0d4da
user10	305	268	1269042514062	0	0	8d342bfc8ba4b0816fb276a0d4da
user10	307	266	1269042514138	0	0	8d342bfc8ba4b0816fb276a0d4da
user10	309	265	1269042514144	0	0	8d342bfc8ba4b0816fb276a0d4da
user10	320	260	1269042514161	0	0	8d342bfc8ba4b0816fb276a0d4da
user10	336	248	1269042514176	0	0	8d342bfc8ba4b0816fb276a0d4da
user10	346	242	1269042514188	0	0	8d342bfc8ba4b0816fb276a0d4da
user10	356	234	1269042514192	0	0	8d342bfc8ba4b0816fb276a0d4da
user10	365	226	1269042514202	0	0	8d342bfc8ba4b0816fb276a0d4da
user10	374	218	1269042514214	0	0	8d342bfc8ba4b0816fb276a0d4da
user10	384	211	1269042514216	0	0	8d342bfc8ba4b0816fb276a0d4da
user10	393	203	1269042514228	0	0	8d342bfc8ba4b0816fb276a0d4da
user10	409	188	1269042514240	0	0	8d342bfc8ba4b0816fb276a0d4da
user10	415	182	1269042514252	0	0	8d342bfc8ba4b0816fb276a0d4da
user10	424	171	1269042514264	0	0	8d342bfc8ba4b0816fb276a0d4da
user10	428	166	1269042514277	0	0	8d342bfc8ba4b0816fb276a0d4da
user10	430	164	1269042514286	0	0	8d342bfc8ba4b0816fb276a0d4da
user10	432	161	1269042514288	0	0	8d342bfc8ba4b0816fb276a0d4da
user10	432	158	1269042514298	0	0	8d342bfc8ba4b0816fb276a0d4da
user10	434	155	1269042514308	0	0	8d342bfc8ba4b0816fb276a0d4da
user10	434	154	1269042514317	0	0	8d342bfc8ba4b0816fb276a0d4da
user10	435	151	1269042514327	0	0	8d342bfc8ba4b0816fb276a0d4da
user10	435	149	1269042514329	0	0	8d342bfc8ba4b0816fb276a0d4da
user10	436	147	1269042514342	0	0	8d342bfc8ba4b0816fb276a0d4da
user10	436	146	1269042514344	0	0	8d342bfc8ba4b0816fb276a0d4da
user10	437	144	1269042514353	0	0	8d342bfc8ba4b0816fb276a0d4da
user10	437	142	1269042514364	0	0	8d342bfc8ba4b0816fb276a0d4da
user10	438	141	1269042514374	0	0	8d342bfc8ba4b0816fb276a0d4da
user10	439	140	1269042514376	0	0	8d342bfc8ba4b0816fb276a0d4da
user10	440	139	1269042514385	0	0	8d342bfc8ba4b0816fb276a0d4da
user10	440	138	1269042514397	0	0	8d342bfc8ba4b0816fb276a0d4da
user10	441	135	1269042514406	0	0	8d342bfc8ba4b0816fb276a0d4da
user10	443	132	1269042514417	0	0	8d342bfc8ba4b0816fb276a0d4da
user10	445	130	1269042514427	0	0	8d342bfc8ba4b0816fb276a0d4da
user10	447	127	1269042514435	0	0	8d342bfc8ba4b0816fb276a0d4da
user10	448	126	1269042514445	0	0	8d342bfc8ba4b0816fb276a0d4da
user10	451	123	1269042514457	0	0	8d342bfc8ba4b0816fb276a0d4da
user10	453	122	1269042514466	0	0	8d342bfc8ba4b0816fb276a0d4da
user10	455	119	1269042514480	0	0	8d342bfc8ba4b0816fb276a0d4da
user10	456	118	1269042514490	0	0	8d342bfc8ba4b0816fb276a0d4da
user10	457	118	1269042514499	0	0	8d342bfc8ba4b0816fb276a0d4da
user10	457	116	1269042514509	0	0	8d342bfc8ba4b0816fb276a0d4da
user10	459	114	1269042514520	0	0	8d342bfc8ba4b0816fb276a0d4da
user10	461	112	1269042514531	0	0	8d342bfc8ba4b0816fb276a0d4da
user10	461	111	1269042514541	0	0	8d342bfc8ba4b0816fb276a0d4da
user10	462	110	1269042514543	0	0	8d342bfc8ba4b0816fb276a0d4da
user10	463	109	1269042514559	0	0	8d342bfc8ba4b0816fb276a0d4da
user10	463	108	1269042514571	0	0	8d342bfc8ba4b0816fb276a0d4da
user10	463	107	1269042514607	0	0	8d342bfc8ba4b0816fb276a0d4da
user10	464	107	1269042514617	0	0	8d342bfc8ba4b0816fb276a0d4da
user10	464	106	1269042514627	0	0	8d342bfc8ba4b0816fb276a0d4da
user10	464	104	1269042514639	0	0	8d342bfc8ba4b0816fb276a0d4da
user10	465	104	1269042514649	0	0	8d342bfc8ba4b0816fb276a0d4da
user10	465	103	1269042514663	0	0	8d342bfc8ba4b0816fb276a0d4da
user10	465	103	1269042514792	1269042514687	1269042514792	8d342bfc8ba4b0816fb276a0d4da
user10	567	210	1269042518525	0	0	8d342bfc8ba4b0816fb276a0d4da
user10	565	209	1269042518567	0	0	8d342bfc8ba4b0816fb276a0d4da
user10	564	209	1269042518577	0	0	8d342bfc8ba4b0816fb276a0d4da
user10	563	209	1269042518587	0	0	8d342bfc8ba4b0816fb276a0d4da
user10	561	209	1269042518596	0	0	8d342bfc8ba4b0816fb276a0d4da
user10	558	208	1269042518605	0	0	8d342bfc8ba4b0816fb276a0d4da
user10	555	207	1269042518607	0	0	8d342bfc8ba4b0816fb276a0d4da
user10	552	206	1269042518617	0	0	8d342bfc8ba4b0816fb276a0d4da
user10	548	205	1269042518625	0	0	8d342bfc8ba4b0816fb276a0d4da
user10	543	203	1269042518637	0	0	8d342bfc8ba4b0816fb276a0d4da
user10	536	201	1269042518639	0	0	8d342bfc8ba4b0816fb276a0d4da
user10	530	199	1269042518648	0	0	8d342bfc8ba4b0816fb276a0d4da
user10	523	196	1269042518659	0	0	8d342bfc8ba4b0816fb276a0d4da
user10	516	194	1269042518670	0	0	8d342bfc8ba4b0816fb276a0d4da
user10	509	191	1269042518672	0	0	8d342bfc8ba4b0816fb276a0d4da
user10	501	187	1269042518680	0	0	8d342bfc8ba4b0816fb276a0d4da
user10	495	183	1269042518690	0	0	8d342bfc8ba4b0816fb276a0d4da
user10	489	180	1269042518702	0	0	8d342bfc8ba4b0816fb276a0d4da
user10	485	177	1269042518704	0	0	8d342bfc8ba4b0816fb276a0d4da
user10	482	175	1269042518712	0	0	8d342bfc8ba4b0816fb276a0d4da
user10	478	171	1269042518722	0	0	8d342bfc8ba4b0816fb276a0d4da
user10	476	170	1269042518729	0	0	8d342bfc8ba4b0816fb276a0d4da
user10	475	170	1269042518737	0	0	8d342bfc8ba4b0816fb276a0d4da
user10	473	168	1269042518745	0	0	8d342bfc8ba4b0816fb276a0d4da
user10	472	167	1269042518753	0	0	8d342bfc8ba4b0816fb276a0d4da
user10	470	166	1269042518761	0	0	8d342bfc8ba4b0816fb276a0d4da
user10	470	165	1269042518770	0	0	8d342bfc8ba4b0816fb276a0d4da
user10	469	165	1269042518783	0	0	8d342bfc8ba4b0816fb276a0d4da
user10	469	164	1269042518791	0	0	8d342bfc8ba4b0816fb276a0d4da
user10	468	163	1269042518815	0	0	8d342bfc8ba4b0816fb276a0d4da
user10	467	162	1269042518831	0	0	8d342bfc8ba4b0816fb276a0d4da
user10	466	161	1269042518840	0	0	8d342bfc8ba4b0816fb276a0d4da
user10	466	160	1269042518850	0	0	8d342bfc8ba4b0816fb276a0d4da
user10	464	159	1269042518858	0	0	8d342bfc8ba4b0816fb276a0d4da
user10	463	158	1269042518871	0	0	8d342bfc8ba4b0816fb276a0d4da
user10	463	157	1269042518887	0	0	8d342bfc8ba4b0816fb276a0d4da
user10	463	157	1269042519055	1269042518943	1269042519055	8d342bfc8ba4b0816fb276a0d4da
