User	X	Y	MouseTimeStamp	MouseDownTimeStamp	MouseUpTimeStamp	SessionID
user9	838	446	1273015942968	0	0	5a8cfacfb10fd0478aea09f1fd3a
user9	838	446	1273015943500	0	0	5a8cfacfb10fd0478aea09f1fd3a
user9	838	446	1273015969718	0	0	5a8cfacfb10fd0478aea09f1fd3a
user9	839	446	1273015969750	0	0	5a8cfacfb10fd0478aea09f1fd3a
user9	840	446	1273015969765	0	0	5a8cfacfb10fd0478aea09f1fd3a
user9	842	445	1273015969781	0	0	5a8cfacfb10fd0478aea09f1fd3a
user9	843	444	1273015969796	0	0	5a8cfacfb10fd0478aea09f1fd3a
user9	845	443	1273015969812	0	0	5a8cfacfb10fd0478aea09f1fd3a
user9	846	442	1273015969812	0	0	5a8cfacfb10fd0478aea09f1fd3a
user9	848	441	1273015969828	0	0	5a8cfacfb10fd0478aea09f1fd3a
user9	850	441	1273015969828	0	0	5a8cfacfb10fd0478aea09f1fd3a
user9	852	440	1273015969843	0	0	5a8cfacfb10fd0478aea09f1fd3a
user9	854	439	1273015969859	0	0	5a8cfacfb10fd0478aea09f1fd3a
user9	855	439	1273015969875	0	0	5a8cfacfb10fd0478aea09f1fd3a
user9	857	438	1273015969890	0	0	5a8cfacfb10fd0478aea09f1fd3a
user9	858	438	1273015969906	0	0	5a8cfacfb10fd0478aea09f1fd3a
user9	859	438	1273015969906	0	0	5a8cfacfb10fd0478aea09f1fd3a
user9	860	437	1273015969921	0	0	5a8cfacfb10fd0478aea09f1fd3a
user9	861	437	1273015969937	0	0	5a8cfacfb10fd0478aea09f1fd3a
user9	859	436	1273015970906	0	0	5a8cfacfb10fd0478aea09f1fd3a
user9	854	434	1273015970921	0	0	5a8cfacfb10fd0478aea09f1fd3a
user9	846	431	1273015970937	0	0	5a8cfacfb10fd0478aea09f1fd3a
user9	829	426	1273015970953	0	0	5a8cfacfb10fd0478aea09f1fd3a
user9	802	418	1273015970968	0	0	5a8cfacfb10fd0478aea09f1fd3a
user9	774	409	1273015970984	0	0	5a8cfacfb10fd0478aea09f1fd3a
user9	753	404	1273015970984	0	0	5a8cfacfb10fd0478aea09f1fd3a
user9	740	401	1273015970984	0	0	5a8cfacfb10fd0478aea09f1fd3a
user9	730	398	1273015971000	0	0	5a8cfacfb10fd0478aea09f1fd3a
user9	723	398	1273015971015	0	0	5a8cfacfb10fd0478aea09f1fd3a
user9	719	397	1273015971031	0	0	5a8cfacfb10fd0478aea09f1fd3a
user9	717	395	1273015971046	0	0	5a8cfacfb10fd0478aea09f1fd3a
user9	716	395	1273015971046	0	0	5a8cfacfb10fd0478aea09f1fd3a
user9	713	392	1273015971328	0	0	5a8cfacfb10fd0478aea09f1fd3a
user9	703	386	1273015971343	0	0	5a8cfacfb10fd0478aea09f1fd3a
user9	688	376	1273015971359	0	0	5a8cfacfb10fd0478aea09f1fd3a
user9	658	356	1273015971375	0	0	5a8cfacfb10fd0478aea09f1fd3a
user9	594	310	1273015971390	0	0	5a8cfacfb10fd0478aea09f1fd3a
user9	566	290	1273015971406	0	0	5a8cfacfb10fd0478aea09f1fd3a
user9	544	272	1273015971421	0	0	5a8cfacfb10fd0478aea09f1fd3a
user9	530	258	1273015971437	0	0	5a8cfacfb10fd0478aea09f1fd3a
user9	522	248	1273015971437	0	0	5a8cfacfb10fd0478aea09f1fd3a
user9	518	242	1273015971453	0	0	5a8cfacfb10fd0478aea09f1fd3a
user9	518	241	1273015971468	0	0	5a8cfacfb10fd0478aea09f1fd3a
user9	511	238	1273015971687	0	0	5a8cfacfb10fd0478aea09f1fd3a
user9	502	236	1273015971703	0	0	5a8cfacfb10fd0478aea09f1fd3a
user9	490	234	1273015971718	0	0	5a8cfacfb10fd0478aea09f1fd3a
user9	473	233	1273015971734	0	0	5a8cfacfb10fd0478aea09f1fd3a
user9	453	231	1273015971750	0	0	5a8cfacfb10fd0478aea09f1fd3a
user9	413	231	1273015971765	0	0	5a8cfacfb10fd0478aea09f1fd3a
user9	398	231	1273015971765	0	0	5a8cfacfb10fd0478aea09f1fd3a
user9	384	232	1273015971781	0	0	5a8cfacfb10fd0478aea09f1fd3a
user9	374	233	1273015971796	0	0	5a8cfacfb10fd0478aea09f1fd3a
user9	365	234	1273015971812	0	0	5a8cfacfb10fd0478aea09f1fd3a
user9	358	234	1273015971812	0	0	5a8cfacfb10fd0478aea09f1fd3a
user9	353	234	1273015971828	0	0	5a8cfacfb10fd0478aea09f1fd3a
user9	351	234	1273015971843	0	0	5a8cfacfb10fd0478aea09f1fd3a
user9	350	234	1273015971859	0	0	5a8cfacfb10fd0478aea09f1fd3a
user9	350	234	1273015972078	0	0	5a8cfacfb10fd0478aea09f1fd3a
user9	349	234	1273015972093	0	0	5a8cfacfb10fd0478aea09f1fd3a
user9	348	232	1273015972109	0	0	5a8cfacfb10fd0478aea09f1fd3a
user9	343	230	1273015972125	0	0	5a8cfacfb10fd0478aea09f1fd3a
user9	338	227	1273015972140	0	0	5a8cfacfb10fd0478aea09f1fd3a
user9	332	224	1273015972156	0	0	5a8cfacfb10fd0478aea09f1fd3a
user9	325	220	1273015972171	0	0	5a8cfacfb10fd0478aea09f1fd3a
user9	318	217	1273015972171	0	0	5a8cfacfb10fd0478aea09f1fd3a
user9	311	215	1273015972187	0	0	5a8cfacfb10fd0478aea09f1fd3a
user9	306	214	1273015972203	0	0	5a8cfacfb10fd0478aea09f1fd3a
user9	302	214	1273015972203	0	0	5a8cfacfb10fd0478aea09f1fd3a
user9	300	214	1273015972218	0	0	5a8cfacfb10fd0478aea09f1fd3a
user9	298	214	1273015972234	0	0	5a8cfacfb10fd0478aea09f1fd3a
user9	298	214	1273015972250	0	0	5a8cfacfb10fd0478aea09f1fd3a
user9	297	214	1273015972265	0	0	5a8cfacfb10fd0478aea09f1fd3a
user9	297	214	1273015972281	0	0	5a8cfacfb10fd0478aea09f1fd3a
user9	296	215	1273015972828	0	0	5a8cfacfb10fd0478aea09f1fd3a
user9	295	215	1273015972859	0	0	5a8cfacfb10fd0478aea09f1fd3a
user9	294	216	1273015972875	0	0	5a8cfacfb10fd0478aea09f1fd3a
user9	294	217	1273015972890	0	0	5a8cfacfb10fd0478aea09f1fd3a
user9	293	217	1273015972906	0	0	5a8cfacfb10fd0478aea09f1fd3a
user9	292	218	1273015972906	0	0	5a8cfacfb10fd0478aea09f1fd3a
user9	291	218	1273015972921	0	0	5a8cfacfb10fd0478aea09f1fd3a
user9	290	219	1273015972921	0	0	5a8cfacfb10fd0478aea09f1fd3a
user9	290	220	1273015972937	0	0	5a8cfacfb10fd0478aea09f1fd3a
user9	288	220	1273015972953	0	0	5a8cfacfb10fd0478aea09f1fd3a
user9	287	222	1273015972968	0	0	5a8cfacfb10fd0478aea09f1fd3a
user9	286	222	1273015972984	0	0	5a8cfacfb10fd0478aea09f1fd3a
user9	285	223	1273015972984	0	0	5a8cfacfb10fd0478aea09f1fd3a
user9	284	223	1273015973000	0	0	5a8cfacfb10fd0478aea09f1fd3a
user9	282	225	1273015973015	0	0	5a8cfacfb10fd0478aea09f1fd3a
user9	281	226	1273015973031	0	0	5a8cfacfb10fd0478aea09f1fd3a
user9	280	226	1273015973046	0	0	5a8cfacfb10fd0478aea09f1fd3a
user9	279	226	1273015973062	0	0	5a8cfacfb10fd0478aea09f1fd3a
user9	278	227	1273015973078	0	0	5a8cfacfb10fd0478aea09f1fd3a
user9	278	228	1273015973093	0	0	5a8cfacfb10fd0478aea09f1fd3a
user9	277	229	1273015973093	0	0	5a8cfacfb10fd0478aea09f1fd3a
user9	276	229	1273015973125	0	0	5a8cfacfb10fd0478aea09f1fd3a
user9	275	229	1273015973140	0	0	5a8cfacfb10fd0478aea09f1fd3a
user9	275	228	1273015973312	0	0	5a8cfacfb10fd0478aea09f1fd3a
user9	275	227	1273015973328	0	0	5a8cfacfb10fd0478aea09f1fd3a
user9	276	227	1273015973359	0	0	5a8cfacfb10fd0478aea09f1fd3a
user9	276	226	1273015973375	0	0	5a8cfacfb10fd0478aea09f1fd3a
user9	276	226	1273015973437	0	0	5a8cfacfb10fd0478aea09f1fd3a
user9	277	226	1273015973453	0	0	5a8cfacfb10fd0478aea09f1fd3a
user9	277	225	1273015973484	0	0	5a8cfacfb10fd0478aea09f1fd3a
user9	277	224	1273015973484	0	0	5a8cfacfb10fd0478aea09f1fd3a
user9	278	224	1273015973500	0	0	5a8cfacfb10fd0478aea09f1fd3a
user9	278	223	1273015973515	0	0	5a8cfacfb10fd0478aea09f1fd3a
user9	280	222	1273015973531	0	0	5a8cfacfb10fd0478aea09f1fd3a
user9	280	222	1273015973546	0	0	5a8cfacfb10fd0478aea09f1fd3a
user9	281	222	1273015973562	0	0	5a8cfacfb10fd0478aea09f1fd3a
user9	281	221	1273015973578	0	0	5a8cfacfb10fd0478aea09f1fd3a
user9	282	221	1273015973593	0	0	5a8cfacfb10fd0478aea09f1fd3a
user9	282	221	1273015973593	0	0	5a8cfacfb10fd0478aea09f1fd3a
user9	282	220	1273015973609	0	0	5a8cfacfb10fd0478aea09f1fd3a
user9	282	221	1273015973718	0	0	5a8cfacfb10fd0478aea09f1fd3a
user9	282	222	1273015973734	0	0	5a8cfacfb10fd0478aea09f1fd3a
user9	282	222	1273015973750	0	0	5a8cfacfb10fd0478aea09f1fd3a
user9	282	223	1273015973750	0	0	5a8cfacfb10fd0478aea09f1fd3a
user9	280	225	1273015973765	0	0	5a8cfacfb10fd0478aea09f1fd3a
user9	279	226	1273015973796	0	0	5a8cfacfb10fd0478aea09f1fd3a
user9	279	226	1273015973812	0	0	5a8cfacfb10fd0478aea09f1fd3a
user9	278	227	1273015973828	0	0	5a8cfacfb10fd0478aea09f1fd3a
user9	278	227	1273015973843	0	0	5a8cfacfb10fd0478aea09f1fd3a
user9	278	228	1273015973859	0	0	5a8cfacfb10fd0478aea09f1fd3a
user9	278	227	1273015973984	0	0	5a8cfacfb10fd0478aea09f1fd3a
user9	278	226	1273015974000	0	0	5a8cfacfb10fd0478aea09f1fd3a
user9	278	226	1273015974015	0	0	5a8cfacfb10fd0478aea09f1fd3a
user9	278	225	1273015974031	0	0	5a8cfacfb10fd0478aea09f1fd3a
user9	278	224	1273015974046	0	0	5a8cfacfb10fd0478aea09f1fd3a
user9	278	223	1273015974062	0	0	5a8cfacfb10fd0478aea09f1fd3a
user9	278	222	1273015974093	0	0	5a8cfacfb10fd0478aea09f1fd3a
user9	278	222	1273015974109	0	0	5a8cfacfb10fd0478aea09f1fd3a
user9	278	221	1273015974125	0	0	5a8cfacfb10fd0478aea09f1fd3a
user9	278	221	1273015974140	0	0	5a8cfacfb10fd0478aea09f1fd3a
user9	278	221	1273015975250	1273015975031	1273015975250	5a8cfacfb10fd0478aea09f1fd3a
user9	278	221	1273015976625	0	0	5a8cfacfb10fd0478aea09f1fd3a
user9	271	229	1273015979890	0	0	5a8cfacfb10fd0478aea09f1fd3a
user9	259	245	1273015979906	0	0	5a8cfacfb10fd0478aea09f1fd3a
user9	249	266	1273015979921	0	0	5a8cfacfb10fd0478aea09f1fd3a
user9	238	288	1273015979937	0	0	5a8cfacfb10fd0478aea09f1fd3a
user9	225	334	1273015979968	0	0	5a8cfacfb10fd0478aea09f1fd3a
user9	220	354	1273015979984	0	0	5a8cfacfb10fd0478aea09f1fd3a
user9	218	370	1273015979984	0	0	5a8cfacfb10fd0478aea09f1fd3a
user9	217	383	1273015980000	0	0	5a8cfacfb10fd0478aea09f1fd3a
user9	217	395	1273015980000	0	0	5a8cfacfb10fd0478aea09f1fd3a
user9	217	408	1273015980015	0	0	5a8cfacfb10fd0478aea09f1fd3a
user9	219	423	1273015980031	0	0	5a8cfacfb10fd0478aea09f1fd3a
user9	222	434	1273015980046	0	0	5a8cfacfb10fd0478aea09f1fd3a
user9	226	445	1273015980046	0	0	5a8cfacfb10fd0478aea09f1fd3a
user9	230	454	1273015980062	0	0	5a8cfacfb10fd0478aea09f1fd3a
user9	233	462	1273015980078	0	0	5a8cfacfb10fd0478aea09f1fd3a
user9	234	466	1273015980093	0	0	5a8cfacfb10fd0478aea09f1fd3a
user9	235	466	1273015980312	0	0	5a8cfacfb10fd0478aea09f1fd3a
user9	236	466	1273015980343	0	0	5a8cfacfb10fd0478aea09f1fd3a
user9	238	466	1273015980343	0	0	5a8cfacfb10fd0478aea09f1fd3a
user9	239	466	1273015980359	0	0	5a8cfacfb10fd0478aea09f1fd3a
user9	240	466	1273015980375	0	0	5a8cfacfb10fd0478aea09f1fd3a
user9	242	466	1273015980390	0	0	5a8cfacfb10fd0478aea09f1fd3a
user9	243	466	1273015980406	0	0	5a8cfacfb10fd0478aea09f1fd3a
user9	244	466	1273015980406	0	0	5a8cfacfb10fd0478aea09f1fd3a
user9	245	466	1273015980421	0	0	5a8cfacfb10fd0478aea09f1fd3a
user9	246	464	1273015980437	0	0	5a8cfacfb10fd0478aea09f1fd3a
user9	248	461	1273015980453	0	0	5a8cfacfb10fd0478aea09f1fd3a
user9	250	454	1273015980453	0	0	5a8cfacfb10fd0478aea09f1fd3a
user9	254	444	1273015980468	0	0	5a8cfacfb10fd0478aea09f1fd3a
user9	256	432	1273015980484	0	0	5a8cfacfb10fd0478aea09f1fd3a
user9	259	415	1273015980500	0	0	5a8cfacfb10fd0478aea09f1fd3a
user9	262	401	1273015980500	0	0	5a8cfacfb10fd0478aea09f1fd3a
user9	262	392	1273015980515	0	0	5a8cfacfb10fd0478aea09f1fd3a
user9	263	389	1273015980531	0	0	5a8cfacfb10fd0478aea09f1fd3a
user9	263	387	1273015980546	0	0	5a8cfacfb10fd0478aea09f1fd3a
user9	263	386	1273015980546	0	0	5a8cfacfb10fd0478aea09f1fd3a
user9	264	386	1273015980593	0	0	5a8cfacfb10fd0478aea09f1fd3a
user9	262	386	1273015980812	0	0	5a8cfacfb10fd0478aea09f1fd3a
user9	262	386	1273015980828	0	0	5a8cfacfb10fd0478aea09f1fd3a
user9	261	385	1273015980843	0	0	5a8cfacfb10fd0478aea09f1fd3a
user9	259	383	1273015980859	0	0	5a8cfacfb10fd0478aea09f1fd3a
user9	258	374	1273015980875	0	0	5a8cfacfb10fd0478aea09f1fd3a
user9	258	368	1273015980890	0	0	5a8cfacfb10fd0478aea09f1fd3a
user9	258	362	1273015980890	0	0	5a8cfacfb10fd0478aea09f1fd3a
user9	258	358	1273015980906	0	0	5a8cfacfb10fd0478aea09f1fd3a
user9	258	356	1273015980921	0	0	5a8cfacfb10fd0478aea09f1fd3a
user9	258	354	1273015980937	0	0	5a8cfacfb10fd0478aea09f1fd3a
user9	258	353	1273015980937	0	0	5a8cfacfb10fd0478aea09f1fd3a
user9	258	352	1273015980953	0	0	5a8cfacfb10fd0478aea09f1fd3a
user9	258	351	1273015980968	0	0	5a8cfacfb10fd0478aea09f1fd3a
user9	258	350	1273015980984	0	0	5a8cfacfb10fd0478aea09f1fd3a
user9	258	350	1273015981000	0	0	5a8cfacfb10fd0478aea09f1fd3a
user9	258	348	1273015981000	0	0	5a8cfacfb10fd0478aea09f1fd3a
user9	258	347	1273015981015	0	0	5a8cfacfb10fd0478aea09f1fd3a
user9	258	346	1273015981031	0	0	5a8cfacfb10fd0478aea09f1fd3a
user9	258	345	1273015981046	0	0	5a8cfacfb10fd0478aea09f1fd3a
user9	258	342	1273015981140	0	0	5a8cfacfb10fd0478aea09f1fd3a
user9	258	339	1273015981156	0	0	5a8cfacfb10fd0478aea09f1fd3a
user9	258	336	1273015981156	0	0	5a8cfacfb10fd0478aea09f1fd3a
user9	258	334	1273015981171	0	0	5a8cfacfb10fd0478aea09f1fd3a
user9	258	333	1273015981187	0	0	5a8cfacfb10fd0478aea09f1fd3a
user9	257	332	1273015981515	0	0	5a8cfacfb10fd0478aea09f1fd3a
user9	256	330	1273015981531	0	0	5a8cfacfb10fd0478aea09f1fd3a
user9	255	329	1273015981546	0	0	5a8cfacfb10fd0478aea09f1fd3a
user9	255	326	1273015981562	0	0	5a8cfacfb10fd0478aea09f1fd3a
user9	254	325	1273015981562	0	0	5a8cfacfb10fd0478aea09f1fd3a
user9	254	323	1273015981578	0	0	5a8cfacfb10fd0478aea09f1fd3a
user9	254	322	1273015981593	0	0	5a8cfacfb10fd0478aea09f1fd3a
user9	254	321	1273015981625	0	0	5a8cfacfb10fd0478aea09f1fd3a
user9	254	321	1273015981875	1273015981781	1273015981875	5a8cfacfb10fd0478aea09f1fd3a
user9	254	321	1273015989328	0	0	5a8cfacfb10fd0478aea09f1fd3a
user9	254	319	1273015994515	0	0	5a8cfacfb10fd0478aea09f1fd3a
user9	257	306	1273015994578	0	0	5a8cfacfb10fd0478aea09f1fd3a
user9	261	302	1273015994609	0	0	5a8cfacfb10fd0478aea09f1fd3a
user9	265	301	1273015994640	0	0	5a8cfacfb10fd0478aea09f1fd3a
user9	283	291	1273015994671	0	0	5a8cfacfb10fd0478aea09f1fd3a
user9	302	281	1273015994703	0	0	5a8cfacfb10fd0478aea09f1fd3a
user9	310	275	1273015994703	0	0	5a8cfacfb10fd0478aea09f1fd3a
user9	323	266	1273015994734	0	0	5a8cfacfb10fd0478aea09f1fd3a
user9	331	264	1273015994765	0	0	5a8cfacfb10fd0478aea09f1fd3a
user9	333	264	1273015994781	0	0	5a8cfacfb10fd0478aea09f1fd3a
user9	334	264	1273015994796	0	0	5a8cfacfb10fd0478aea09f1fd3a
user9	332	264	1273015994968	0	0	5a8cfacfb10fd0478aea09f1fd3a
user9	329	264	1273015995000	0	0	5a8cfacfb10fd0478aea09f1fd3a
user9	329	259	1273015995031	0	0	5a8cfacfb10fd0478aea09f1fd3a
user9	329	248	1273015995062	0	0	5a8cfacfb10fd0478aea09f1fd3a
user9	326	223	1273015995093	0	0	5a8cfacfb10fd0478aea09f1fd3a
user9	323	212	1273015995125	0	0	5a8cfacfb10fd0478aea09f1fd3a
user9	322	206	1273015995140	0	0	5a8cfacfb10fd0478aea09f1fd3a
user9	322	205	1273015995171	0	0	5a8cfacfb10fd0478aea09f1fd3a
user9	322	204	1273015995218	0	0	5a8cfacfb10fd0478aea09f1fd3a
user9	322	203	1273015995250	0	0	5a8cfacfb10fd0478aea09f1fd3a
user9	322	203	1273015995250	0	0	5a8cfacfb10fd0478aea09f1fd3a
user9	324	202	1273015995265	0	0	5a8cfacfb10fd0478aea09f1fd3a
user9	325	202	1273015995281	0	0	5a8cfacfb10fd0478aea09f1fd3a
user9	326	202	1273015995312	0	0	5a8cfacfb10fd0478aea09f1fd3a
user9	326	202	1273015995343	0	0	5a8cfacfb10fd0478aea09f1fd3a
user9	327	201	1273015995359	0	0	5a8cfacfb10fd0478aea09f1fd3a
user9	329	199	1273015995390	0	0	5a8cfacfb10fd0478aea09f1fd3a
user9	330	198	1273015995406	0	0	5a8cfacfb10fd0478aea09f1fd3a
user9	331	198	1273015995421	0	0	5a8cfacfb10fd0478aea09f1fd3a
user9	333	198	1273015995453	0	0	5a8cfacfb10fd0478aea09f1fd3a
user9	334	198	1273015995468	0	0	5a8cfacfb10fd0478aea09f1fd3a
user9	334	198	1273015995921	1273015995734	1273015995921	5a8cfacfb10fd0478aea09f1fd3a
user9	334	197	1273016020796	0	0	5a8cfacfb10fd0478aea09f1fd3a
user9	352	185	1273016020859	0	0	5a8cfacfb10fd0478aea09f1fd3a
user9	424	175	1273016020890	0	0	5a8cfacfb10fd0478aea09f1fd3a
user9	486	181	1273016020921	0	0	5a8cfacfb10fd0478aea09f1fd3a
user9	550	201	1273016020953	0	0	5a8cfacfb10fd0478aea09f1fd3a
user9	568	211	1273016020984	0	0	5a8cfacfb10fd0478aea09f1fd3a
user9	570	213	1273016021015	0	0	5a8cfacfb10fd0478aea09f1fd3a
user9	568	213	1273016021062	0	0	5a8cfacfb10fd0478aea09f1fd3a
user9	567	213	1273016021078	0	0	5a8cfacfb10fd0478aea09f1fd3a
user9	565	213	1273016021109	0	0	5a8cfacfb10fd0478aea09f1fd3a
user9	562	213	1273016021125	0	0	5a8cfacfb10fd0478aea09f1fd3a
user9	559	213	1273016021140	0	0	5a8cfacfb10fd0478aea09f1fd3a
user9	556	213	1273016021171	0	0	5a8cfacfb10fd0478aea09f1fd3a
user9	555	213	1273016021187	0	0	5a8cfacfb10fd0478aea09f1fd3a
user9	553	211	1273016021218	0	0	5a8cfacfb10fd0478aea09f1fd3a
user9	551	210	1273016021234	0	0	5a8cfacfb10fd0478aea09f1fd3a
user9	550	210	1273016021296	0	0	5a8cfacfb10fd0478aea09f1fd3a
user9	549	210	1273016021312	0	0	5a8cfacfb10fd0478aea09f1fd3a
user9	546	210	1273016021328	0	0	5a8cfacfb10fd0478aea09f1fd3a
user9	541	212	1273016021359	0	0	5a8cfacfb10fd0478aea09f1fd3a
user9	532	214	1273016021375	0	0	5a8cfacfb10fd0478aea09f1fd3a
user9	524	215	1273016021406	0	0	5a8cfacfb10fd0478aea09f1fd3a
user9	515	217	1273016021406	0	0	5a8cfacfb10fd0478aea09f1fd3a
user9	506	218	1273016021421	0	0	5a8cfacfb10fd0478aea09f1fd3a
user9	497	218	1273016021421	0	0	5a8cfacfb10fd0478aea09f1fd3a
user9	490	218	1273016021453	0	0	5a8cfacfb10fd0478aea09f1fd3a
user9	484	218	1273016021453	0	0	5a8cfacfb10fd0478aea09f1fd3a
user9	481	218	1273016021468	0	0	5a8cfacfb10fd0478aea09f1fd3a
user9	479	218	1273016021500	0	0	5a8cfacfb10fd0478aea09f1fd3a
user9	479	218	1273016021937	1273016021781	1273016021937	5a8cfacfb10fd0478aea09f1fd3a
user9	533	173	1273016026656	0	0	5a8cfacfb10fd0478aea09f1fd3a
user9	683	97	1273016026703	0	0	5a8cfacfb10fd0478aea09f1fd3a
user9	826	83	1273016026734	0	0	5a8cfacfb10fd0478aea09f1fd3a
user9	903	100	1273016026765	0	0	5a8cfacfb10fd0478aea09f1fd3a
user9	922	118	1273016026812	0	0	5a8cfacfb10fd0478aea09f1fd3a
user9	924	123	1273016026843	0	0	5a8cfacfb10fd0478aea09f1fd3a
user9	918	125	1273016026859	0	0	5a8cfacfb10fd0478aea09f1fd3a
user9	917	125	1273016027125	0	0	5a8cfacfb10fd0478aea09f1fd3a
user9	899	111	1273016027203	0	0	5a8cfacfb10fd0478aea09f1fd3a
user9	868	100	1273016027640	0	0	5a8cfacfb10fd0478aea09f1fd3a
user9	854	113	1273016027671	0	0	5a8cfacfb10fd0478aea09f1fd3a
user9	854	114	1273016027703	0	0	5a8cfacfb10fd0478aea09f1fd3a
user9	854	110	1273016027750	0	0	5a8cfacfb10fd0478aea09f1fd3a
user9	854	104	1273016027781	0	0	5a8cfacfb10fd0478aea09f1fd3a
user9	855	102	1273016027796	0	0	5a8cfacfb10fd0478aea09f1fd3a
user9	855	101	1273016027812	0	0	5a8cfacfb10fd0478aea09f1fd3a
user9	857	101	1273016027921	0	0	5a8cfacfb10fd0478aea09f1fd3a
user9	861	101	1273016027953	0	0	5a8cfacfb10fd0478aea09f1fd3a
user9	874	101	1273016027984	0	0	5a8cfacfb10fd0478aea09f1fd3a
user9	887	103	1273016028015	0	0	5a8cfacfb10fd0478aea09f1fd3a
user9	904	107	1273016028046	0	0	5a8cfacfb10fd0478aea09f1fd3a
user9	909	108	1273016028078	0	0	5a8cfacfb10fd0478aea09f1fd3a
user9	914	108	1273016028109	0	0	5a8cfacfb10fd0478aea09f1fd3a
user9	919	108	1273016028125	0	0	5a8cfacfb10fd0478aea09f1fd3a
user9	924	107	1273016028140	0	0	5a8cfacfb10fd0478aea09f1fd3a
user9	926	106	1273016028171	0	0	5a8cfacfb10fd0478aea09f1fd3a
user9	922	106	1273016028578	0	0	5a8cfacfb10fd0478aea09f1fd3a
user9	915	106	1273016028640	0	0	5a8cfacfb10fd0478aea09f1fd3a
user9	915	105	1273016028687	0	0	5a8cfacfb10fd0478aea09f1fd3a
user9	914	105	1273016028796	0	0	5a8cfacfb10fd0478aea09f1fd3a
user9	910	105	1273016028828	0	0	5a8cfacfb10fd0478aea09f1fd3a
user9	906	105	1273016028859	0	0	5a8cfacfb10fd0478aea09f1fd3a
user9	902	105	1273016028890	0	0	5a8cfacfb10fd0478aea09f1fd3a
user9	896	105	1273016028921	0	0	5a8cfacfb10fd0478aea09f1fd3a
user9	894	104	1273016028937	0	0	5a8cfacfb10fd0478aea09f1fd3a
user9	892	103	1273016028968	0	0	5a8cfacfb10fd0478aea09f1fd3a
user9	890	102	1273016028984	0	0	5a8cfacfb10fd0478aea09f1fd3a
user9	890	101	1273016029015	0	0	5a8cfacfb10fd0478aea09f1fd3a
user9	889	100	1273016029031	0	0	5a8cfacfb10fd0478aea09f1fd3a
user9	888	98	1273016029031	0	0	5a8cfacfb10fd0478aea09f1fd3a
user9	888	97	1273016029062	0	0	5a8cfacfb10fd0478aea09f1fd3a
user9	886	95	1273016029078	0	0	5a8cfacfb10fd0478aea09f1fd3a
user9	886	94	1273016029093	0	0	5a8cfacfb10fd0478aea09f1fd3a
user9	885	94	1273016029125	0	0	5a8cfacfb10fd0478aea09f1fd3a
user9	884	93	1273016029140	0	0	5a8cfacfb10fd0478aea09f1fd3a
user9	883	93	1273016029171	0	0	5a8cfacfb10fd0478aea09f1fd3a
user9	884	94	1273016029343	0	0	5a8cfacfb10fd0478aea09f1fd3a
user9	886	98	1273016029375	0	0	5a8cfacfb10fd0478aea09f1fd3a
user9	886	103	1273016029406	0	0	5a8cfacfb10fd0478aea09f1fd3a
user9	885	108	1273016029437	0	0	5a8cfacfb10fd0478aea09f1fd3a
user9	881	110	1273016029468	0	0	5a8cfacfb10fd0478aea09f1fd3a
user9	875	112	1273016029500	0	0	5a8cfacfb10fd0478aea09f1fd3a
user9	870	112	1273016029515	0	0	5a8cfacfb10fd0478aea09f1fd3a
user9	869	111	1273016029531	0	0	5a8cfacfb10fd0478aea09f1fd3a
user9	869	108	1273016029562	0	0	5a8cfacfb10fd0478aea09f1fd3a
user9	835	111	1273016029812	0	0	5a8cfacfb10fd0478aea09f1fd3a
user9	577	152	1273016029890	0	0	5a8cfacfb10fd0478aea09f1fd3a
user9	563	153	1273016029953	0	0	5a8cfacfb10fd0478aea09f1fd3a
user9	560	153	1273016030406	0	0	5a8cfacfb10fd0478aea09f1fd3a
user9	498	145	1273016030468	0	0	5a8cfacfb10fd0478aea09f1fd3a
user9	449	134	1273016030500	0	0	5a8cfacfb10fd0478aea09f1fd3a
user9	423	122	1273016030531	0	0	5a8cfacfb10fd0478aea09f1fd3a
user9	418	112	1273016030562	0	0	5a8cfacfb10fd0478aea09f1fd3a
user9	421	90	1273016030593	0	0	5a8cfacfb10fd0478aea09f1fd3a
user9	430	78	1273016030625	0	0	5a8cfacfb10fd0478aea09f1fd3a
user9	438	74	1273016030640	0	0	5a8cfacfb10fd0478aea09f1fd3a
user9	444	74	1273016030671	0	0	5a8cfacfb10fd0478aea09f1fd3a
user9	447	76	1273016030687	0	0	5a8cfacfb10fd0478aea09f1fd3a
user9	450	79	1273016030687	0	0	5a8cfacfb10fd0478aea09f1fd3a
user9	451	82	1273016030718	0	0	5a8cfacfb10fd0478aea09f1fd3a
user9	452	85	1273016030718	0	0	5a8cfacfb10fd0478aea09f1fd3a
user9	453	89	1273016030734	0	0	5a8cfacfb10fd0478aea09f1fd3a
user9	453	94	1273016030750	0	0	5a8cfacfb10fd0478aea09f1fd3a
user9	453	100	1273016030781	0	0	5a8cfacfb10fd0478aea09f1fd3a
user9	450	108	1273016030796	0	0	5a8cfacfb10fd0478aea09f1fd3a
user9	448	114	1273016030828	0	0	5a8cfacfb10fd0478aea09f1fd3a
user9	446	121	1273016030828	0	0	5a8cfacfb10fd0478aea09f1fd3a
user9	442	127	1273016030843	0	0	5a8cfacfb10fd0478aea09f1fd3a
user9	435	144	1273016030875	0	0	5a8cfacfb10fd0478aea09f1fd3a
user9	426	157	1273016030890	0	0	5a8cfacfb10fd0478aea09f1fd3a
user9	420	163	1273016030906	0	0	5a8cfacfb10fd0478aea09f1fd3a
user9	418	166	1273016030937	0	0	5a8cfacfb10fd0478aea09f1fd3a
user9	417	166	1273016030953	0	0	5a8cfacfb10fd0478aea09f1fd3a
user9	417	167	1273016030953	0	0	5a8cfacfb10fd0478aea09f1fd3a
user9	417	168	1273016030984	0	0	5a8cfacfb10fd0478aea09f1fd3a
user9	416	168	1273016031390	0	0	5a8cfacfb10fd0478aea09f1fd3a
user9	425	142	1273016031468	0	0	5a8cfacfb10fd0478aea09f1fd3a
user9	430	124	1273016031500	0	0	5a8cfacfb10fd0478aea09f1fd3a
user9	432	119	1273016031500	0	0	5a8cfacfb10fd0478aea09f1fd3a
user9	433	118	1273016031531	0	0	5a8cfacfb10fd0478aea09f1fd3a
user9	434	114	1273016031562	0	0	5a8cfacfb10fd0478aea09f1fd3a
user9	434	114	1273016031593	0	0	5a8cfacfb10fd0478aea09f1fd3a
user9	435	110	1273016031703	0	0	5a8cfacfb10fd0478aea09f1fd3a
user9	437	106	1273016031718	0	0	5a8cfacfb10fd0478aea09f1fd3a
user9	439	100	1273016031718	0	0	5a8cfacfb10fd0478aea09f1fd3a
user9	446	83	1273016031750	0	0	5a8cfacfb10fd0478aea09f1fd3a
user9	458	62	1273016031781	0	0	5a8cfacfb10fd0478aea09f1fd3a
user9	463	58	1273016031828	0	0	5a8cfacfb10fd0478aea09f1fd3a
user9	465	58	1273016031828	0	0	5a8cfacfb10fd0478aea09f1fd3a
user9	468	58	1273016031859	0	0	5a8cfacfb10fd0478aea09f1fd3a
user9	470	58	1273016031890	0	0	5a8cfacfb10fd0478aea09f1fd3a
user9	470	58	1273016032781	1273016032656	1273016032781	5a8cfacfb10fd0478aea09f1fd3a
user9	456	350	1273016050562	0	0	5a8cfacfb10fd0478aea09f1fd3a
user9	456	351	1273016085937	0	0	5a8cfacfb10fd0478aea09f1fd3a
user9	456	353	1273016086000	0	0	5a8cfacfb10fd0478aea09f1fd3a
user9	456	354	1273016086031	0	0	5a8cfacfb10fd0478aea09f1fd3a
user9	456	356	1273016086062	0	0	5a8cfacfb10fd0478aea09f1fd3a
user9	456	358	1273016086093	0	0	5a8cfacfb10fd0478aea09f1fd3a
user9	456	362	1273016086125	0	0	5a8cfacfb10fd0478aea09f1fd3a
user9	454	368	1273016086156	0	0	5a8cfacfb10fd0478aea09f1fd3a
user9	453	376	1273016086171	0	0	5a8cfacfb10fd0478aea09f1fd3a
user9	451	379	1273016086187	0	0	5a8cfacfb10fd0478aea09f1fd3a
user9	450	385	1273016086218	0	0	5a8cfacfb10fd0478aea09f1fd3a
user9	448	386	1273016086234	0	0	5a8cfacfb10fd0478aea09f1fd3a
user9	447	385	1273016088687	0	0	5a8cfacfb10fd0478aea09f1fd3a
user9	427	350	1273016088765	0	0	5a8cfacfb10fd0478aea09f1fd3a
user9	413	319	1273016088781	0	0	5a8cfacfb10fd0478aea09f1fd3a
user9	402	272	1273016088812	0	0	5a8cfacfb10fd0478aea09f1fd3a
user9	402	254	1273016088843	0	0	5a8cfacfb10fd0478aea09f1fd3a
user9	401	253	1273016089046	0	0	5a8cfacfb10fd0478aea09f1fd3a
user9	359	190	1273016089109	0	0	5a8cfacfb10fd0478aea09f1fd3a
user9	328	82	1273016089156	0	0	5a8cfacfb10fd0478aea09f1fd3a
user9	327	44	1273016089187	0	0	5a8cfacfb10fd0478aea09f1fd3a
user9	330	38	1273016089218	0	0	5a8cfacfb10fd0478aea09f1fd3a
user9	338	35	1273016089250	0	0	5a8cfacfb10fd0478aea09f1fd3a
user9	343	34	1273016089281	0	0	5a8cfacfb10fd0478aea09f1fd3a
user9	347	33	1273016089312	0	0	5a8cfacfb10fd0478aea09f1fd3a
user9	351	32	1273016089328	0	0	5a8cfacfb10fd0478aea09f1fd3a
user9	353	31	1273016089343	0	0	5a8cfacfb10fd0478aea09f1fd3a
user9	354	30	1273016089375	0	0	5a8cfacfb10fd0478aea09f1fd3a
user9	356	30	1273016089390	0	0	5a8cfacfb10fd0478aea09f1fd3a
user9	357	30	1273016089406	0	0	5a8cfacfb10fd0478aea09f1fd3a
user9	358	30	1273016089421	0	0	5a8cfacfb10fd0478aea09f1fd3a
user9	364	33	1273016089453	0	0	5a8cfacfb10fd0478aea09f1fd3a
user9	369	35	1273016089468	0	0	5a8cfacfb10fd0478aea09f1fd3a
user9	383	42	1273016089484	0	0	5a8cfacfb10fd0478aea09f1fd3a
user9	398	46	1273016089515	0	0	5a8cfacfb10fd0478aea09f1fd3a
user9	404	46	1273016089531	0	0	5a8cfacfb10fd0478aea09f1fd3a
user9	414	46	1273016089546	0	0	5a8cfacfb10fd0478aea09f1fd3a
user9	419	46	1273016089578	0	0	5a8cfacfb10fd0478aea09f1fd3a
user9	422	46	1273016089578	0	0	5a8cfacfb10fd0478aea09f1fd3a
user9	424	46	1273016089593	0	0	5a8cfacfb10fd0478aea09f1fd3a
user9	425	46	1273016089593	0	0	5a8cfacfb10fd0478aea09f1fd3a
user9	426	46	1273016089609	0	0	5a8cfacfb10fd0478aea09f1fd3a
user9	428	46	1273016089640	0	0	5a8cfacfb10fd0478aea09f1fd3a
user9	429	46	1273016089750	0	0	5a8cfacfb10fd0478aea09f1fd3a
user9	431	46	1273016089781	0	0	5a8cfacfb10fd0478aea09f1fd3a
user9	434	47	1273016089812	0	0	5a8cfacfb10fd0478aea09f1fd3a
user9	441	52	1273016089843	0	0	5a8cfacfb10fd0478aea09f1fd3a
user9	441	54	1273016089875	0	0	5a8cfacfb10fd0478aea09f1fd3a
user9	441	57	1273016089890	0	0	5a8cfacfb10fd0478aea09f1fd3a
user9	441	57	1273016090562	1273016090328	1273016090562	5a8cfacfb10fd0478aea09f1fd3a
user9	461	277	1273016096812	0	0	5a8cfacfb10fd0478aea09f1fd3a
user9	459	277	1273016137656	0	0	5a8cfacfb10fd0478aea09f1fd3a
user9	452	277	1273016137734	0	0	5a8cfacfb10fd0478aea09f1fd3a
user9	453	275	1273016137796	0	0	5a8cfacfb10fd0478aea09f1fd3a
user9	466	258	1273016137828	0	0	5a8cfacfb10fd0478aea09f1fd3a
user9	484	240	1273016137859	0	0	5a8cfacfb10fd0478aea09f1fd3a
user9	535	203	1273016137890	0	0	5a8cfacfb10fd0478aea09f1fd3a
user9	578	190	1273016137921	0	0	5a8cfacfb10fd0478aea09f1fd3a
user9	596	190	1273016137953	0	0	5a8cfacfb10fd0478aea09f1fd3a
user9	604	191	1273016137984	0	0	5a8cfacfb10fd0478aea09f1fd3a
user9	606	193	1273016138000	0	0	5a8cfacfb10fd0478aea09f1fd3a
user9	607	194	1273016138031	0	0	5a8cfacfb10fd0478aea09f1fd3a
user9	607	193	1273016138296	0	0	5a8cfacfb10fd0478aea09f1fd3a
user9	634	148	1273016138359	0	0	5a8cfacfb10fd0478aea09f1fd3a
user9	674	87	1273016138421	0	0	5a8cfacfb10fd0478aea09f1fd3a
user9	679	81	1273016138421	0	0	5a8cfacfb10fd0478aea09f1fd3a
user9	683	76	1273016138453	0	0	5a8cfacfb10fd0478aea09f1fd3a
user9	682	76	1273016138671	0	0	5a8cfacfb10fd0478aea09f1fd3a
user9	736	25	1273016138750	0	0	5a8cfacfb10fd0478aea09f1fd3a
user9	774	16	1273016138781	0	0	5a8cfacfb10fd0478aea09f1fd3a
user9	794	18	1273016138812	0	0	5a8cfacfb10fd0478aea09f1fd3a
user9	799	20	1273016138859	0	0	5a8cfacfb10fd0478aea09f1fd3a
user9	808	23	1273016138890	0	0	5a8cfacfb10fd0478aea09f1fd3a
user9	815	27	1273016138921	0	0	5a8cfacfb10fd0478aea09f1fd3a
user9	818	28	1273016138937	0	0	5a8cfacfb10fd0478aea09f1fd3a
user9	819	27	1273016139218	0	0	5a8cfacfb10fd0478aea09f1fd3a
user9	854	36	1273016139296	0	0	5a8cfacfb10fd0478aea09f1fd3a
user9	874	57	1273016139359	0	0	5a8cfacfb10fd0478aea09f1fd3a
user9	875	61	1273016139390	0	0	5a8cfacfb10fd0478aea09f1fd3a
user9	875	65	1273016139421	0	0	5a8cfacfb10fd0478aea09f1fd3a
user9	873	68	1273016139453	0	0	5a8cfacfb10fd0478aea09f1fd3a
user9	872	69	1273016139484	0	0	5a8cfacfb10fd0478aea09f1fd3a
user9	872	70	1273016139484	0	0	5a8cfacfb10fd0478aea09f1fd3a
user9	870	71	1273016139515	0	0	5a8cfacfb10fd0478aea09f1fd3a
user9	870	72	1273016139531	0	0	5a8cfacfb10fd0478aea09f1fd3a
user9	870	74	1273016139531	0	0	5a8cfacfb10fd0478aea09f1fd3a
user9	870	75	1273016139562	0	0	5a8cfacfb10fd0478aea09f1fd3a
user9	870	76	1273016139750	0	0	5a8cfacfb10fd0478aea09f1fd3a
user9	870	77	1273016139781	0	0	5a8cfacfb10fd0478aea09f1fd3a
user9	870	78	1273016139812	0	0	5a8cfacfb10fd0478aea09f1fd3a
user9	839	78	1273016140734	0	0	5a8cfacfb10fd0478aea09f1fd3a
user9	602	83	1273016140796	0	0	5a8cfacfb10fd0478aea09f1fd3a
user9	549	83	1273016140828	0	0	5a8cfacfb10fd0478aea09f1fd3a
user9	539	82	1273016140859	0	0	5a8cfacfb10fd0478aea09f1fd3a
user9	537	82	1273016141046	0	0	5a8cfacfb10fd0478aea09f1fd3a
user9	496	81	1273016141109	0	0	5a8cfacfb10fd0478aea09f1fd3a
user9	438	71	1273016141187	0	0	5a8cfacfb10fd0478aea09f1fd3a
user9	417	68	1273016141218	0	0	5a8cfacfb10fd0478aea09f1fd3a
user9	405	67	1273016141250	0	0	5a8cfacfb10fd0478aea09f1fd3a
user9	399	67	1273016141281	0	0	5a8cfacfb10fd0478aea09f1fd3a
user9	398	67	1273016141281	0	0	5a8cfacfb10fd0478aea09f1fd3a
user9	396	67	1273016141312	0	0	5a8cfacfb10fd0478aea09f1fd3a
user9	394	67	1273016141343	0	0	5a8cfacfb10fd0478aea09f1fd3a
user9	392	66	1273016141359	0	0	5a8cfacfb10fd0478aea09f1fd3a
user9	390	65	1273016141390	0	0	5a8cfacfb10fd0478aea09f1fd3a
user9	390	62	1273016141406	0	0	5a8cfacfb10fd0478aea09f1fd3a
user9	389	61	1273016141437	0	0	5a8cfacfb10fd0478aea09f1fd3a
user9	389	60	1273016141453	0	0	5a8cfacfb10fd0478aea09f1fd3a
user9	389	58	1273016141453	0	0	5a8cfacfb10fd0478aea09f1fd3a
user9	389	55	1273016141484	0	0	5a8cfacfb10fd0478aea09f1fd3a
user9	389	55	1273016141906	1273016141781	1273016141906	5a8cfacfb10fd0478aea09f1fd3a
