User	X	Y	MouseTimeStamp	MouseDownTimeStamp	MouseUpTimeStamp	SessionID
user10	232	302	1269452414288	0	0	141e2fe89ebb70f89ef3c248b7f0
user10	234	302	1269452414352	0	0	141e2fe89ebb70f89ef3c248b7f0
user10	237	302	1269452414355	0	0	141e2fe89ebb70f89ef3c248b7f0
user10	241	301	1269452414367	0	0	141e2fe89ebb70f89ef3c248b7f0
user10	247	301	1269452414373	0	0	141e2fe89ebb70f89ef3c248b7f0
user10	255	300	1269452414379	0	0	141e2fe89ebb70f89ef3c248b7f0
user10	264	299	1269452414386	0	0	141e2fe89ebb70f89ef3c248b7f0
user10	275	298	1269452414392	0	0	141e2fe89ebb70f89ef3c248b7f0
user10	287	296	1269452414400	0	0	141e2fe89ebb70f89ef3c248b7f0
user10	301	294	1269452414409	0	0	141e2fe89ebb70f89ef3c248b7f0
user10	315	294	1269452414416	0	0	141e2fe89ebb70f89ef3c248b7f0
user10	326	292	1269452414424	0	0	141e2fe89ebb70f89ef3c248b7f0
user10	342	287	1269452414432	0	0	141e2fe89ebb70f89ef3c248b7f0
user10	342	287	1269452414441	0	0	141e2fe89ebb70f89ef3c248b7f0
user10	353	284	1269452414443	0	0	141e2fe89ebb70f89ef3c248b7f0
user10	367	278	1269452414448	0	0	141e2fe89ebb70f89ef3c248b7f0
user10	383	269	1269452414456	0	0	141e2fe89ebb70f89ef3c248b7f0
user10	398	261	1269452414464	0	0	141e2fe89ebb70f89ef3c248b7f0
user10	409	254	1269452414472	0	0	141e2fe89ebb70f89ef3c248b7f0
user10	416	251	1269452414480	0	0	141e2fe89ebb70f89ef3c248b7f0
user10	419	249	1269452414488	0	0	141e2fe89ebb70f89ef3c248b7f0
user10	420	252	1269452414696	0	0	141e2fe89ebb70f89ef3c248b7f0
user10	423	254	1269452414704	0	0	141e2fe89ebb70f89ef3c248b7f0
user10	427	257	1269452414712	0	0	141e2fe89ebb70f89ef3c248b7f0
user10	432	259	1269452414720	0	0	141e2fe89ebb70f89ef3c248b7f0
user10	438	260	1269452414728	0	0	141e2fe89ebb70f89ef3c248b7f0
user10	445	262	1269452414736	0	0	141e2fe89ebb70f89ef3c248b7f0
user10	452	265	1269452414744	0	0	141e2fe89ebb70f89ef3c248b7f0
user10	460	266	1269452414752	0	0	141e2fe89ebb70f89ef3c248b7f0
user10	470	266	1269452414760	0	0	141e2fe89ebb70f89ef3c248b7f0
user10	478	266	1269452414768	0	0	141e2fe89ebb70f89ef3c248b7f0
user10	489	266	1269452414776	0	0	141e2fe89ebb70f89ef3c248b7f0
user10	503	266	1269452414785	0	0	141e2fe89ebb70f89ef3c248b7f0
user10	519	266	1269452414792	0	0	141e2fe89ebb70f89ef3c248b7f0
user10	543	266	1269452414800	0	0	141e2fe89ebb70f89ef3c248b7f0
user10	569	264	1269452414808	0	0	141e2fe89ebb70f89ef3c248b7f0
user10	599	264	1269452414816	0	0	141e2fe89ebb70f89ef3c248b7f0
user10	626	262	1269452414824	0	0	141e2fe89ebb70f89ef3c248b7f0
user10	660	259	1269452414834	0	0	141e2fe89ebb70f89ef3c248b7f0
user10	686	254	1269452414841	0	0	141e2fe89ebb70f89ef3c248b7f0
user10	713	250	1269452414848	0	0	141e2fe89ebb70f89ef3c248b7f0
user10	736	245	1269452414856	0	0	141e2fe89ebb70f89ef3c248b7f0
user10	761	236	1269452414865	0	0	141e2fe89ebb70f89ef3c248b7f0
user10	781	229	1269452414872	0	0	141e2fe89ebb70f89ef3c248b7f0
user10	798	222	1269452414880	0	0	141e2fe89ebb70f89ef3c248b7f0
user10	813	216	1269452414888	0	0	141e2fe89ebb70f89ef3c248b7f0
user10	824	212	1269452414897	0	0	141e2fe89ebb70f89ef3c248b7f0
user10	835	208	1269452414904	0	0	141e2fe89ebb70f89ef3c248b7f0
user10	841	204	1269452414912	0	0	141e2fe89ebb70f89ef3c248b7f0
user10	847	199	1269452414920	0	0	141e2fe89ebb70f89ef3c248b7f0
user10	851	195	1269452414928	0	0	141e2fe89ebb70f89ef3c248b7f0
user10	854	190	1269452414936	0	0	141e2fe89ebb70f89ef3c248b7f0
user10	856	187	1269452414944	0	0	141e2fe89ebb70f89ef3c248b7f0
user10	857	183	1269452414952	0	0	141e2fe89ebb70f89ef3c248b7f0
user10	857	180	1269452414960	0	0	141e2fe89ebb70f89ef3c248b7f0
user10	857	177	1269452414968	0	0	141e2fe89ebb70f89ef3c248b7f0
user10	857	176	1269452414976	0	0	141e2fe89ebb70f89ef3c248b7f0
user10	858	173	1269452414984	0	0	141e2fe89ebb70f89ef3c248b7f0
user10	858	172	1269452414992	0	0	141e2fe89ebb70f89ef3c248b7f0
user10	858	170	1269452415000	0	0	141e2fe89ebb70f89ef3c248b7f0
user10	859	168	1269452415008	0	0	141e2fe89ebb70f89ef3c248b7f0
user10	859	166	1269452415016	0	0	141e2fe89ebb70f89ef3c248b7f0
user10	860	164	1269452415024	0	0	141e2fe89ebb70f89ef3c248b7f0
user10	862	162	1269452415032	0	0	141e2fe89ebb70f89ef3c248b7f0
user10	862	160	1269452415040	0	0	141e2fe89ebb70f89ef3c248b7f0
user10	864	159	1269452415048	0	0	141e2fe89ebb70f89ef3c248b7f0
user10	864	158	1269452415056	0	0	141e2fe89ebb70f89ef3c248b7f0
user10	865	158	1269452415088	0	0	141e2fe89ebb70f89ef3c248b7f0
user10	866	158	1269452415104	0	0	141e2fe89ebb70f89ef3c248b7f0
user10	868	160	1269452415112	0	0	141e2fe89ebb70f89ef3c248b7f0
user10	869	160	1269452415120	0	0	141e2fe89ebb70f89ef3c248b7f0
user10	871	162	1269452415128	0	0	141e2fe89ebb70f89ef3c248b7f0
user10	874	163	1269452415136	0	0	141e2fe89ebb70f89ef3c248b7f0
user10	879	167	1269452415144	0	0	141e2fe89ebb70f89ef3c248b7f0
user10	884	169	1269452415152	0	0	141e2fe89ebb70f89ef3c248b7f0
user10	888	172	1269452415160	0	0	141e2fe89ebb70f89ef3c248b7f0
user10	894	176	1269452415168	0	0	141e2fe89ebb70f89ef3c248b7f0
user10	900	179	1269452415176	0	0	141e2fe89ebb70f89ef3c248b7f0
user10	905	181	1269452415185	0	0	141e2fe89ebb70f89ef3c248b7f0
user10	912	184	1269452415194	0	0	141e2fe89ebb70f89ef3c248b7f0
user10	918	186	1269452415201	0	0	141e2fe89ebb70f89ef3c248b7f0
user10	922	186	1269452415208	0	0	141e2fe89ebb70f89ef3c248b7f0
user10	926	186	1269452415216	0	0	141e2fe89ebb70f89ef3c248b7f0
user10	929	186	1269452415224	0	0	141e2fe89ebb70f89ef3c248b7f0
user10	930	186	1269452415232	0	0	141e2fe89ebb70f89ef3c248b7f0
user10	932	186	1269452415240	0	0	141e2fe89ebb70f89ef3c248b7f0
user10	933	186	1269452415256	0	0	141e2fe89ebb70f89ef3c248b7f0
user10	934	185	1269452415312	0	0	141e2fe89ebb70f89ef3c248b7f0
user10	935	184	1269452415322	0	0	141e2fe89ebb70f89ef3c248b7f0
user10	935	183	1269452415328	0	0	141e2fe89ebb70f89ef3c248b7f0
user10	936	181	1269452415344	0	0	141e2fe89ebb70f89ef3c248b7f0
user10	936	180	1269452415352	0	0	141e2fe89ebb70f89ef3c248b7f0
user10	937	180	1269452415360	0	0	141e2fe89ebb70f89ef3c248b7f0
user10	937	179	1269452415368	0	0	141e2fe89ebb70f89ef3c248b7f0
user10	938	177	1269452415376	0	0	141e2fe89ebb70f89ef3c248b7f0
user10	938	176	1269452415392	0	0	141e2fe89ebb70f89ef3c248b7f0
user10	939	175	1269452415400	0	0	141e2fe89ebb70f89ef3c248b7f0
user10	939	174	1269452415408	0	0	141e2fe89ebb70f89ef3c248b7f0
user10	939	174	1269452415521	1269452415449	1269452415521	141e2fe89ebb70f89ef3c248b7f0
user10	941	173	1269452415593	0	0	141e2fe89ebb70f89ef3c248b7f0
user10	941	172	1269452415616	0	0	141e2fe89ebb70f89ef3c248b7f0
user10	943	172	1269452421584	0	0	141e2fe89ebb70f89ef3c248b7f0
user10	949	172	1269452421592	0	0	141e2fe89ebb70f89ef3c248b7f0
user10	956	179	1269452421600	0	0	141e2fe89ebb70f89ef3c248b7f0
user10	964	185	1269452421609	0	0	141e2fe89ebb70f89ef3c248b7f0
user10	973	192	1269452421617	0	0	141e2fe89ebb70f89ef3c248b7f0
user10	982	199	1269452421625	0	0	141e2fe89ebb70f89ef3c248b7f0
user10	989	208	1269452421633	0	0	141e2fe89ebb70f89ef3c248b7f0
user10	996	214	1269452421642	0	0	141e2fe89ebb70f89ef3c248b7f0
user10	1003	221	1269452421651	0	0	141e2fe89ebb70f89ef3c248b7f0
user10	1009	226	1269452421658	0	0	141e2fe89ebb70f89ef3c248b7f0
user10	1014	232	1269452421666	0	0	141e2fe89ebb70f89ef3c248b7f0
user10	1020	237	1269452421675	0	0	141e2fe89ebb70f89ef3c248b7f0
user10	1024	241	1269452421682	0	0	141e2fe89ebb70f89ef3c248b7f0
user10	1028	245	1269452421691	0	0	141e2fe89ebb70f89ef3c248b7f0
user10	1032	251	1269452421698	0	0	141e2fe89ebb70f89ef3c248b7f0
user10	1035	256	1269452421706	0	0	141e2fe89ebb70f89ef3c248b7f0
user10	1036	259	1269452421714	0	0	141e2fe89ebb70f89ef3c248b7f0
user10	1038	262	1269452421722	0	0	141e2fe89ebb70f89ef3c248b7f0
user10	1039	265	1269452421732	0	0	141e2fe89ebb70f89ef3c248b7f0
user10	1039	266	1269452421736	0	0	141e2fe89ebb70f89ef3c248b7f0
user10	1039	267	1269452421745	0	0	141e2fe89ebb70f89ef3c248b7f0
user10	1038	268	1269452421752	0	0	141e2fe89ebb70f89ef3c248b7f0
user10	1038	269	1269452421760	0	0	141e2fe89ebb70f89ef3c248b7f0
user10	1037	270	1269452421768	0	0	141e2fe89ebb70f89ef3c248b7f0
user10	1036	271	1269452421776	0	0	141e2fe89ebb70f89ef3c248b7f0
user10	1035	272	1269452421784	0	0	141e2fe89ebb70f89ef3c248b7f0
user10	1034	272	1269452421792	0	0	141e2fe89ebb70f89ef3c248b7f0
user10	1033	274	1269452421800	0	0	141e2fe89ebb70f89ef3c248b7f0
user10	1032	274	1269452421808	0	0	141e2fe89ebb70f89ef3c248b7f0
user10	1032	275	1269452421816	0	0	141e2fe89ebb70f89ef3c248b7f0
user10	1031	275	1269452421824	0	0	141e2fe89ebb70f89ef3c248b7f0
user10	1031	276	1269452421832	0	0	141e2fe89ebb70f89ef3c248b7f0
user10	1031	277	1269452421840	0	0	141e2fe89ebb70f89ef3c248b7f0
user10	1031	279	1269452421848	0	0	141e2fe89ebb70f89ef3c248b7f0
user10	1031	280	1269452421856	0	0	141e2fe89ebb70f89ef3c248b7f0
user10	1030	283	1269452421864	0	0	141e2fe89ebb70f89ef3c248b7f0
user10	1030	285	1269452421872	0	0	141e2fe89ebb70f89ef3c248b7f0
user10	1029	287	1269452421880	0	0	141e2fe89ebb70f89ef3c248b7f0
user10	1029	289	1269452421888	0	0	141e2fe89ebb70f89ef3c248b7f0
user10	1028	292	1269452421898	0	0	141e2fe89ebb70f89ef3c248b7f0
user10	1028	293	1269452421904	0	0	141e2fe89ebb70f89ef3c248b7f0
user10	1027	293	1269452421936	0	0	141e2fe89ebb70f89ef3c248b7f0
user10	1026	292	1269452421952	0	0	141e2fe89ebb70f89ef3c248b7f0
user10	1026	291	1269452421960	0	0	141e2fe89ebb70f89ef3c248b7f0
user10	1025	291	1269452421968	0	0	141e2fe89ebb70f89ef3c248b7f0
user10	1024	289	1269452421977	0	0	141e2fe89ebb70f89ef3c248b7f0
user10	1023	287	1269452421984	0	0	141e2fe89ebb70f89ef3c248b7f0
user10	1022	285	1269452421992	0	0	141e2fe89ebb70f89ef3c248b7f0
user10	1022	284	1269452422000	0	0	141e2fe89ebb70f89ef3c248b7f0
user10	1021	282	1269452422008	0	0	141e2fe89ebb70f89ef3c248b7f0
user10	1021	279	1269452422016	0	0	141e2fe89ebb70f89ef3c248b7f0
user10	1020	278	1269452422024	0	0	141e2fe89ebb70f89ef3c248b7f0
user10	1019	278	1269452422032	0	0	141e2fe89ebb70f89ef3c248b7f0
user10	1019	277	1269452422040	0	0	141e2fe89ebb70f89ef3c248b7f0
user10	1019	277	1269452422185	1269452422136	1269452422185	141e2fe89ebb70f89ef3c248b7f0
user10	531	50	1269452428999	0	0	141e2fe89ebb70f89ef3c248b7f0
user10	539	50	1269452429011	0	0	141e2fe89ebb70f89ef3c248b7f0
user10	545	50	1269452429016	0	0	141e2fe89ebb70f89ef3c248b7f0
user10	549	50	1269452429031	0	0	141e2fe89ebb70f89ef3c248b7f0
user10	554	50	1269452429033	0	0	141e2fe89ebb70f89ef3c248b7f0
user10	564	50	1269452429050	0	0	141e2fe89ebb70f89ef3c248b7f0
user10	571	50	1269452429065	0	0	141e2fe89ebb70f89ef3c248b7f0
user10	575	50	1269452429080	0	0	141e2fe89ebb70f89ef3c248b7f0
user10	578	50	1269452429084	0	0	141e2fe89ebb70f89ef3c248b7f0
user10	582	50	1269452429099	0	0	141e2fe89ebb70f89ef3c248b7f0
user10	586	50	1269452429113	0	0	141e2fe89ebb70f89ef3c248b7f0
user10	587	50	1269452429128	0	0	141e2fe89ebb70f89ef3c248b7f0
user10	588	50	1269452429139	0	0	141e2fe89ebb70f89ef3c248b7f0
user10	589	50	1269452429151	0	0	141e2fe89ebb70f89ef3c248b7f0
user10	590	50	1269452429153	0	0	141e2fe89ebb70f89ef3c248b7f0
user10	591	50	1269452429168	0	0	141e2fe89ebb70f89ef3c248b7f0
user10	592	50	1269452429183	0	0	141e2fe89ebb70f89ef3c248b7f0
user10	593	50	1269452429200	0	0	141e2fe89ebb70f89ef3c248b7f0
user10	594	50	1269452429213	0	0	141e2fe89ebb70f89ef3c248b7f0
user10	595	50	1269452429227	0	0	141e2fe89ebb70f89ef3c248b7f0
user10	596	50	1269452429239	0	0	141e2fe89ebb70f89ef3c248b7f0
user10	598	50	1269452429251	0	0	141e2fe89ebb70f89ef3c248b7f0
user10	600	50	1269452429264	0	0	141e2fe89ebb70f89ef3c248b7f0
user10	601	50	1269452429278	0	0	141e2fe89ebb70f89ef3c248b7f0
user10	602	50	1269452429280	0	0	141e2fe89ebb70f89ef3c248b7f0
user10	603	50	1269452429293	0	0	141e2fe89ebb70f89ef3c248b7f0
user10	605	50	1269452429304	0	0	141e2fe89ebb70f89ef3c248b7f0
user10	606	50	1269452429317	0	0	141e2fe89ebb70f89ef3c248b7f0
user10	607	50	1269452429330	0	0	141e2fe89ebb70f89ef3c248b7f0
user10	608	51	1269452429342	0	0	141e2fe89ebb70f89ef3c248b7f0
user10	609	51	1269452429344	0	0	141e2fe89ebb70f89ef3c248b7f0
user10	610	51	1269452429355	0	0	141e2fe89ebb70f89ef3c248b7f0
user10	611	51	1269452429368	0	0	141e2fe89ebb70f89ef3c248b7f0
user10	612	51	1269452429381	0	0	141e2fe89ebb70f89ef3c248b7f0
user10	613	51	1269452429399	0	0	141e2fe89ebb70f89ef3c248b7f0
user10	614	52	1269452429412	0	0	141e2fe89ebb70f89ef3c248b7f0
user10	615	52	1269452429423	0	0	141e2fe89ebb70f89ef3c248b7f0
user10	617	54	1269452429436	0	0	141e2fe89ebb70f89ef3c248b7f0
user10	618	54	1269452429449	0	0	141e2fe89ebb70f89ef3c248b7f0
user10	619	54	1269452429462	0	0	141e2fe89ebb70f89ef3c248b7f0
user10	619	54	1269452429495	0	0	141e2fe89ebb70f89ef3c248b7f0
user10	620	54	1269452429527	0	0	141e2fe89ebb70f89ef3c248b7f0
user10	621	54	1269452429544	0	0	141e2fe89ebb70f89ef3c248b7f0
user10	622	54	1269452429555	0	0	141e2fe89ebb70f89ef3c248b7f0
user10	623	56	1269452429568	0	0	141e2fe89ebb70f89ef3c248b7f0
user10	624	56	1269452429581	0	0	141e2fe89ebb70f89ef3c248b7f0
user10	625	56	1269452429584	0	0	141e2fe89ebb70f89ef3c248b7f0
user10	625	57	1269452429598	0	0	141e2fe89ebb70f89ef3c248b7f0
user10	627	57	1269452429600	0	0	141e2fe89ebb70f89ef3c248b7f0
user10	628	58	1269452429616	0	0	141e2fe89ebb70f89ef3c248b7f0
user10	630	59	1269452429629	0	0	141e2fe89ebb70f89ef3c248b7f0
user10	631	59	1269452429632	0	0	141e2fe89ebb70f89ef3c248b7f0
user10	632	59	1269452429646	0	0	141e2fe89ebb70f89ef3c248b7f0
user10	633	60	1269452429648	0	0	141e2fe89ebb70f89ef3c248b7f0
user10	634	60	1269452429662	0	0	141e2fe89ebb70f89ef3c248b7f0
user10	634	61	1269452429665	0	0	141e2fe89ebb70f89ef3c248b7f0
user10	635	62	1269452429831	0	0	141e2fe89ebb70f89ef3c248b7f0
user10	635	64	1269452429848	0	0	141e2fe89ebb70f89ef3c248b7f0
user10	635	65	1269452429858	0	0	141e2fe89ebb70f89ef3c248b7f0
user10	635	67	1269452429871	0	0	141e2fe89ebb70f89ef3c248b7f0
user10	634	70	1269452429874	0	0	141e2fe89ebb70f89ef3c248b7f0
user10	634	80	1269452429888	0	0	141e2fe89ebb70f89ef3c248b7f0
user10	634	89	1269452429902	0	0	141e2fe89ebb70f89ef3c248b7f0
user10	635	100	1269452429905	0	0	141e2fe89ebb70f89ef3c248b7f0
user10	639	109	1269452429918	0	0	141e2fe89ebb70f89ef3c248b7f0
user10	643	122	1269452429920	0	0	141e2fe89ebb70f89ef3c248b7f0
user10	649	133	1269452429934	0	0	141e2fe89ebb70f89ef3c248b7f0
user10	657	142	1269452429936	0	0	141e2fe89ebb70f89ef3c248b7f0
user10	662	150	1269452429948	0	0	141e2fe89ebb70f89ef3c248b7f0
user10	677	162	1269452429960	0	0	141e2fe89ebb70f89ef3c248b7f0
user10	684	167	1269452429973	0	0	141e2fe89ebb70f89ef3c248b7f0
user10	695	174	1269452429986	0	0	141e2fe89ebb70f89ef3c248b7f0
user10	701	179	1269452430000	0	0	141e2fe89ebb70f89ef3c248b7f0
user10	703	180	1269452430012	0	0	141e2fe89ebb70f89ef3c248b7f0
user10	704	180	1269452430024	0	0	141e2fe89ebb70f89ef3c248b7f0
user10	704	179	1269452430080	0	0	141e2fe89ebb70f89ef3c248b7f0
user10	704	178	1269452430096	0	0	141e2fe89ebb70f89ef3c248b7f0
user10	705	178	1269452430127	0	0	141e2fe89ebb70f89ef3c248b7f0
user10	705	177	1269452430140	0	0	141e2fe89ebb70f89ef3c248b7f0
user10	707	176	1269452430154	0	0	141e2fe89ebb70f89ef3c248b7f0
user10	709	172	1269452430169	0	0	141e2fe89ebb70f89ef3c248b7f0
user10	712	170	1269452430183	0	0	141e2fe89ebb70f89ef3c248b7f0
user10	712	169	1269452430186	0	0	141e2fe89ebb70f89ef3c248b7f0
user10	715	165	1269452430200	0	0	141e2fe89ebb70f89ef3c248b7f0
user10	716	164	1269452430216	0	0	141e2fe89ebb70f89ef3c248b7f0
user10	716	163	1269452430229	0	0	141e2fe89ebb70f89ef3c248b7f0
user10	716	163	1269452430376	1269452430264	1269452430376	141e2fe89ebb70f89ef3c248b7f0
user10	762	206	1269452432956	0	0	141e2fe89ebb70f89ef3c248b7f0
user10	762	206	1269452432988	0	0	141e2fe89ebb70f89ef3c248b7f0
user10	762	206	1269452433502	0	0	141e2fe89ebb70f89ef3c248b7f0
user10	762	206	1269452433504	0	0	141e2fe89ebb70f89ef3c248b7f0
user10	762	206	1269452433629	0	0	141e2fe89ebb70f89ef3c248b7f0
user10	760	205	1269452434791	0	0	141e2fe89ebb70f89ef3c248b7f0
user10	759	203	1269452434801	0	0	141e2fe89ebb70f89ef3c248b7f0
user10	757	202	1269452434813	0	0	141e2fe89ebb70f89ef3c248b7f0
user10	753	199	1269452434822	0	0	141e2fe89ebb70f89ef3c248b7f0
user10	745	195	1269452434834	0	0	141e2fe89ebb70f89ef3c248b7f0
user10	742	192	1269452434847	0	0	141e2fe89ebb70f89ef3c248b7f0
user10	739	191	1269452434849	0	0	141e2fe89ebb70f89ef3c248b7f0
user10	735	189	1269452434859	0	0	141e2fe89ebb70f89ef3c248b7f0
user10	732	187	1269452434870	0	0	141e2fe89ebb70f89ef3c248b7f0
user10	728	185	1269452434873	0	0	141e2fe89ebb70f89ef3c248b7f0
user10	726	183	1269452434884	0	0	141e2fe89ebb70f89ef3c248b7f0
user10	722	179	1269452434897	0	0	141e2fe89ebb70f89ef3c248b7f0
user10	722	176	1269452434908	0	0	141e2fe89ebb70f89ef3c248b7f0
user10	721	173	1269452434919	0	0	141e2fe89ebb70f89ef3c248b7f0
user10	719	170	1269452434921	0	0	141e2fe89ebb70f89ef3c248b7f0
user10	719	168	1269452434932	0	0	141e2fe89ebb70f89ef3c248b7f0
user10	717	167	1269452434944	0	0	141e2fe89ebb70f89ef3c248b7f0
user10	717	166	1269452434946	0	0	141e2fe89ebb70f89ef3c248b7f0
user10	716	166	1269452434956	0	0	141e2fe89ebb70f89ef3c248b7f0
user10	716	166	1269452435168	1269452435055	1269452435168	141e2fe89ebb70f89ef3c248b7f0
user10	529	55	1269452442375	0	0	141e2fe89ebb70f89ef3c248b7f0
user10	529	56	1269452442855	0	0	141e2fe89ebb70f89ef3c248b7f0
user10	530	57	1269452442870	0	0	141e2fe89ebb70f89ef3c248b7f0
user10	533	59	1269452442887	0	0	141e2fe89ebb70f89ef3c248b7f0
user10	534	59	1269452442902	0	0	141e2fe89ebb70f89ef3c248b7f0
user10	536	60	1269452442905	0	0	141e2fe89ebb70f89ef3c248b7f0
user10	537	61	1269452442922	0	0	141e2fe89ebb70f89ef3c248b7f0
user10	539	62	1269452442941	0	0	141e2fe89ebb70f89ef3c248b7f0
user10	540	63	1269452442945	0	0	141e2fe89ebb70f89ef3c248b7f0
user10	542	65	1269452442963	0	0	141e2fe89ebb70f89ef3c248b7f0
user10	552	76	1269452442986	0	0	141e2fe89ebb70f89ef3c248b7f0
user10	557	80	1269452442993	0	0	141e2fe89ebb70f89ef3c248b7f0
user10	562	86	1269452443008	0	0	141e2fe89ebb70f89ef3c248b7f0
user10	569	91	1269452443010	0	0	141e2fe89ebb70f89ef3c248b7f0
user10	575	96	1269452443021	0	0	141e2fe89ebb70f89ef3c248b7f0
user10	590	107	1269452443034	0	0	141e2fe89ebb70f89ef3c248b7f0
user10	606	115	1269452443047	0	0	141e2fe89ebb70f89ef3c248b7f0
user10	615	121	1269452443060	0	0	141e2fe89ebb70f89ef3c248b7f0
user10	624	125	1269452443063	0	0	141e2fe89ebb70f89ef3c248b7f0
user10	631	131	1269452443075	0	0	141e2fe89ebb70f89ef3c248b7f0
user10	640	137	1269452443087	0	0	141e2fe89ebb70f89ef3c248b7f0
user10	648	141	1269452443089	0	0	141e2fe89ebb70f89ef3c248b7f0
user10	656	145	1269452443100	0	0	141e2fe89ebb70f89ef3c248b7f0
user10	669	153	1269452443112	0	0	141e2fe89ebb70f89ef3c248b7f0
user10	675	156	1269452443122	0	0	141e2fe89ebb70f89ef3c248b7f0
user10	680	160	1269452443134	0	0	141e2fe89ebb70f89ef3c248b7f0
user10	684	163	1269452443136	0	0	141e2fe89ebb70f89ef3c248b7f0
user10	691	166	1269452443148	0	0	141e2fe89ebb70f89ef3c248b7f0
user10	696	169	1269452443160	0	0	141e2fe89ebb70f89ef3c248b7f0
user10	703	172	1269452443171	0	0	141e2fe89ebb70f89ef3c248b7f0
user10	709	174	1269452443183	0	0	141e2fe89ebb70f89ef3c248b7f0
user10	712	175	1269452443196	0	0	141e2fe89ebb70f89ef3c248b7f0
user10	714	176	1269452443207	0	0	141e2fe89ebb70f89ef3c248b7f0
user10	716	177	1269452443209	0	0	141e2fe89ebb70f89ef3c248b7f0
user10	716	177	1269452443222	0	0	141e2fe89ebb70f89ef3c248b7f0
user10	718	177	1269452443224	0	0	141e2fe89ebb70f89ef3c248b7f0
user10	719	177	1269452443239	0	0	141e2fe89ebb70f89ef3c248b7f0
user10	719	176	1269452443251	0	0	141e2fe89ebb70f89ef3c248b7f0
user10	721	175	1269452443263	0	0	141e2fe89ebb70f89ef3c248b7f0
user10	722	175	1269452443303	0	0	141e2fe89ebb70f89ef3c248b7f0
user10	723	175	1269452443319	0	0	141e2fe89ebb70f89ef3c248b7f0
user10	723	176	1269452443330	0	0	141e2fe89ebb70f89ef3c248b7f0
user10	725	176	1269452443340	0	0	141e2fe89ebb70f89ef3c248b7f0
user10	727	176	1269452443352	0	0	141e2fe89ebb70f89ef3c248b7f0
user10	728	175	1269452443367	0	0	141e2fe89ebb70f89ef3c248b7f0
user10	728	174	1269452443378	0	0	141e2fe89ebb70f89ef3c248b7f0
user10	729	174	1269452443388	0	0	141e2fe89ebb70f89ef3c248b7f0
user10	729	173	1269452443471	0	0	141e2fe89ebb70f89ef3c248b7f0
user10	729	173	1269452443615	1269452443503	1269452443615	141e2fe89ebb70f89ef3c248b7f0
user10	729	173	1269452445110	0	0	141e2fe89ebb70f89ef3c248b7f0
user10	729	173	1269452445610	0	0	141e2fe89ebb70f89ef3c248b7f0
user10	729	173	1269452445792	1269452445687	1269452445792	141e2fe89ebb70f89ef3c248b7f0
user10	313	216	1269452448639	0	0	141e2fe89ebb70f89ef3c248b7f0
user10	313	215	1269452448657	0	0	141e2fe89ebb70f89ef3c248b7f0
user10	314	214	1269452448674	0	0	141e2fe89ebb70f89ef3c248b7f0
user10	315	211	1269452448688	0	0	141e2fe89ebb70f89ef3c248b7f0
user10	316	210	1269452448702	0	0	141e2fe89ebb70f89ef3c248b7f0
user10	319	208	1269452448704	0	0	141e2fe89ebb70f89ef3c248b7f0
user10	322	205	1269452448719	0	0	141e2fe89ebb70f89ef3c248b7f0
user10	324	203	1269452448721	0	0	141e2fe89ebb70f89ef3c248b7f0
user10	328	201	1269452448733	0	0	141e2fe89ebb70f89ef3c248b7f0
user10	332	198	1269452448736	0	0	141e2fe89ebb70f89ef3c248b7f0
user10	335	197	1269452448748	0	0	141e2fe89ebb70f89ef3c248b7f0
user10	341	194	1269452448751	0	0	141e2fe89ebb70f89ef3c248b7f0
user10	345	193	1269452448764	0	0	141e2fe89ebb70f89ef3c248b7f0
user10	349	191	1269452448774	0	0	141e2fe89ebb70f89ef3c248b7f0
user10	362	187	1269452448785	0	0	141e2fe89ebb70f89ef3c248b7f0
user10	366	185	1269452448797	0	0	141e2fe89ebb70f89ef3c248b7f0
user10	373	184	1269452448799	0	0	141e2fe89ebb70f89ef3c248b7f0
user10	378	183	1269452448809	0	0	141e2fe89ebb70f89ef3c248b7f0
user10	383	183	1269452448820	0	0	141e2fe89ebb70f89ef3c248b7f0
user10	395	183	1269452448831	0	0	141e2fe89ebb70f89ef3c248b7f0
user10	399	183	1269452448841	0	0	141e2fe89ebb70f89ef3c248b7f0
user10	403	183	1269452448851	0	0	141e2fe89ebb70f89ef3c248b7f0
user10	410	183	1269452448863	0	0	141e2fe89ebb70f89ef3c248b7f0
user10	412	183	1269452448873	0	0	141e2fe89ebb70f89ef3c248b7f0
user10	414	183	1269452448884	0	0	141e2fe89ebb70f89ef3c248b7f0
user10	415	183	1269452448894	0	0	141e2fe89ebb70f89ef3c248b7f0
user10	417	183	1269452448896	0	0	141e2fe89ebb70f89ef3c248b7f0
user10	418	183	1269452448906	0	0	141e2fe89ebb70f89ef3c248b7f0
user10	418	183	1269452449119	0	0	141e2fe89ebb70f89ef3c248b7f0
user10	419	183	1269452449286	0	0	141e2fe89ebb70f89ef3c248b7f0
user10	420	183	1269452449298	0	0	141e2fe89ebb70f89ef3c248b7f0
user10	421	183	1269452449311	0	0	141e2fe89ebb70f89ef3c248b7f0
user10	422	183	1269452449323	0	0	141e2fe89ebb70f89ef3c248b7f0
user10	425	183	1269452449336	0	0	141e2fe89ebb70f89ef3c248b7f0
user10	426	183	1269452449350	0	0	141e2fe89ebb70f89ef3c248b7f0
user10	428	183	1269452449366	0	0	141e2fe89ebb70f89ef3c248b7f0
user10	429	182	1269452449383	0	0	141e2fe89ebb70f89ef3c248b7f0
user10	430	182	1269452449399	0	0	141e2fe89ebb70f89ef3c248b7f0
user10	433	182	1269452449409	0	0	141e2fe89ebb70f89ef3c248b7f0
user10	434	182	1269452449421	0	0	141e2fe89ebb70f89ef3c248b7f0
user10	436	181	1269452449423	0	0	141e2fe89ebb70f89ef3c248b7f0
user10	439	180	1269452449436	0	0	141e2fe89ebb70f89ef3c248b7f0
user10	441	179	1269452449448	0	0	141e2fe89ebb70f89ef3c248b7f0
user10	445	179	1269452449451	0	0	141e2fe89ebb70f89ef3c248b7f0
user10	450	179	1269452449461	0	0	141e2fe89ebb70f89ef3c248b7f0
user10	461	174	1269452449473	0	0	141e2fe89ebb70f89ef3c248b7f0
user10	467	171	1269452449486	0	0	141e2fe89ebb70f89ef3c248b7f0
user10	475	169	1269452449489	0	0	141e2fe89ebb70f89ef3c248b7f0
user10	483	166	1269452449503	0	0	141e2fe89ebb70f89ef3c248b7f0
user10	490	164	1269452449505	0	0	141e2fe89ebb70f89ef3c248b7f0
user10	498	162	1269452449517	0	0	141e2fe89ebb70f89ef3c248b7f0
user10	505	159	1269452449519	0	0	141e2fe89ebb70f89ef3c248b7f0
user10	513	157	1269452449530	0	0	141e2fe89ebb70f89ef3c248b7f0
user10	522	155	1269452449541	0	0	141e2fe89ebb70f89ef3c248b7f0
user10	530	153	1269452449543	0	0	141e2fe89ebb70f89ef3c248b7f0
user10	538	152	1269452449556	0	0	141e2fe89ebb70f89ef3c248b7f0
user10	553	148	1269452449569	0	0	141e2fe89ebb70f89ef3c248b7f0
user10	560	147	1269452449580	0	0	141e2fe89ebb70f89ef3c248b7f0
user10	570	145	1269452449582	0	0	141e2fe89ebb70f89ef3c248b7f0
user10	577	143	1269452449592	0	0	141e2fe89ebb70f89ef3c248b7f0
user10	585	142	1269452449603	0	0	141e2fe89ebb70f89ef3c248b7f0
user10	591	141	1269452449612	0	0	141e2fe89ebb70f89ef3c248b7f0
user10	607	141	1269452449623	0	0	141e2fe89ebb70f89ef3c248b7f0
user10	616	141	1269452449634	0	0	141e2fe89ebb70f89ef3c248b7f0
user10	625	141	1269452449643	0	0	141e2fe89ebb70f89ef3c248b7f0
user10	645	141	1269452449655	0	0	141e2fe89ebb70f89ef3c248b7f0
user10	654	141	1269452449666	0	0	141e2fe89ebb70f89ef3c248b7f0
user10	663	141	1269452449675	0	0	141e2fe89ebb70f89ef3c248b7f0
user10	671	142	1269452449686	0	0	141e2fe89ebb70f89ef3c248b7f0
user10	675	142	1269452449688	0	0	141e2fe89ebb70f89ef3c248b7f0
user10	679	143	1269452449700	0	0	141e2fe89ebb70f89ef3c248b7f0
user10	682	143	1269452449703	0	0	141e2fe89ebb70f89ef3c248b7f0
user10	685	143	1269452449712	0	0	141e2fe89ebb70f89ef3c248b7f0
user10	688	143	1269452449723	0	0	141e2fe89ebb70f89ef3c248b7f0
user10	690	143	1269452449734	0	0	141e2fe89ebb70f89ef3c248b7f0
user10	693	143	1269452449736	0	0	141e2fe89ebb70f89ef3c248b7f0
user10	696	143	1269452449745	0	0	141e2fe89ebb70f89ef3c248b7f0
user10	697	144	1269452449756	0	0	141e2fe89ebb70f89ef3c248b7f0
user10	698	144	1269452449766	0	0	141e2fe89ebb70f89ef3c248b7f0
user10	699	144	1269452449886	0	0	141e2fe89ebb70f89ef3c248b7f0
user10	700	144	1269452449902	0	0	141e2fe89ebb70f89ef3c248b7f0
user10	701	144	1269452449912	0	0	141e2fe89ebb70f89ef3c248b7f0
user10	703	144	1269452449924	0	0	141e2fe89ebb70f89ef3c248b7f0
user10	704	144	1269452449934	0	0	141e2fe89ebb70f89ef3c248b7f0
user10	705	144	1269452449937	0	0	141e2fe89ebb70f89ef3c248b7f0
user10	707	145	1269452449946	0	0	141e2fe89ebb70f89ef3c248b7f0
user10	709	145	1269452449956	0	0	141e2fe89ebb70f89ef3c248b7f0
user10	712	145	1269452449958	0	0	141e2fe89ebb70f89ef3c248b7f0
user10	715	145	1269452449970	0	0	141e2fe89ebb70f89ef3c248b7f0
user10	719	145	1269452449980	0	0	141e2fe89ebb70f89ef3c248b7f0
user10	728	143	1269452449991	0	0	141e2fe89ebb70f89ef3c248b7f0
user10	733	143	1269452450002	0	0	141e2fe89ebb70f89ef3c248b7f0
user10	738	143	1269452450012	0	0	141e2fe89ebb70f89ef3c248b7f0
user10	748	143	1269452450024	0	0	141e2fe89ebb70f89ef3c248b7f0
user10	753	143	1269452450034	0	0	141e2fe89ebb70f89ef3c248b7f0
user10	758	143	1269452450043	0	0	141e2fe89ebb70f89ef3c248b7f0
user10	766	143	1269452450054	0	0	141e2fe89ebb70f89ef3c248b7f0
user10	774	143	1269452450056	0	0	141e2fe89ebb70f89ef3c248b7f0
user10	782	143	1269452450067	0	0	141e2fe89ebb70f89ef3c248b7f0
user10	789	143	1269452450076	0	0	141e2fe89ebb70f89ef3c248b7f0
user10	797	144	1269452450078	0	0	141e2fe89ebb70f89ef3c248b7f0
user10	806	145	1269452450090	0	0	141e2fe89ebb70f89ef3c248b7f0
user10	814	146	1269452450099	0	0	141e2fe89ebb70f89ef3c248b7f0
user10	822	147	1269452450109	0	0	141e2fe89ebb70f89ef3c248b7f0
user10	829	147	1269452450111	0	0	141e2fe89ebb70f89ef3c248b7f0
user10	835	148	1269452450123	0	0	141e2fe89ebb70f89ef3c248b7f0
user10	842	149	1269452450132	0	0	141e2fe89ebb70f89ef3c248b7f0
user10	851	151	1269452450142	0	0	141e2fe89ebb70f89ef3c248b7f0
user10	854	152	1269452450153	0	0	141e2fe89ebb70f89ef3c248b7f0
user10	857	153	1269452450162	0	0	141e2fe89ebb70f89ef3c248b7f0
user10	860	153	1269452450173	0	0	141e2fe89ebb70f89ef3c248b7f0
user10	863	154	1269452450175	0	0	141e2fe89ebb70f89ef3c248b7f0
user10	864	154	1269452450186	0	0	141e2fe89ebb70f89ef3c248b7f0
user10	864	153	1269452450196	0	0	141e2fe89ebb70f89ef3c248b7f0
user10	866	150	1269452450198	0	0	141e2fe89ebb70f89ef3c248b7f0
user10	865	151	1269452450590	0	0	141e2fe89ebb70f89ef3c248b7f0
user10	864	151	1269452450601	0	0	141e2fe89ebb70f89ef3c248b7f0
user10	863	151	1269452450612	0	0	141e2fe89ebb70f89ef3c248b7f0
user10	862	151	1269452450615	0	0	141e2fe89ebb70f89ef3c248b7f0
user10	860	152	1269452450627	0	0	141e2fe89ebb70f89ef3c248b7f0
user10	859	152	1269452450638	0	0	141e2fe89ebb70f89ef3c248b7f0
user10	858	152	1269452450649	0	0	141e2fe89ebb70f89ef3c248b7f0
user10	857	152	1269452450661	0	0	141e2fe89ebb70f89ef3c248b7f0
user10	856	152	1269452450663	0	0	141e2fe89ebb70f89ef3c248b7f0
user10	855	152	1269452450675	0	0	141e2fe89ebb70f89ef3c248b7f0
user10	854	152	1269452450686	0	0	141e2fe89ebb70f89ef3c248b7f0
user10	854	153	1269452450700	0	0	141e2fe89ebb70f89ef3c248b7f0
user10	852	153	1269452450707	0	0	141e2fe89ebb70f89ef3c248b7f0
user10	851	153	1269452450723	0	0	141e2fe89ebb70f89ef3c248b7f0
user10	849	153	1269452450738	0	0	141e2fe89ebb70f89ef3c248b7f0
user10	847	153	1269452450749	0	0	141e2fe89ebb70f89ef3c248b7f0
user10	845	153	1269452450751	0	0	141e2fe89ebb70f89ef3c248b7f0
user10	843	153	1269452450763	0	0	141e2fe89ebb70f89ef3c248b7f0
user10	839	156	1269452450775	0	0	141e2fe89ebb70f89ef3c248b7f0
user10	835	156	1269452450785	0	0	141e2fe89ebb70f89ef3c248b7f0
user10	830	157	1269452450795	0	0	141e2fe89ebb70f89ef3c248b7f0
user10	825	157	1269452450807	0	0	141e2fe89ebb70f89ef3c248b7f0
user10	822	159	1269452450816	0	0	141e2fe89ebb70f89ef3c248b7f0
user10	819	160	1269452450828	0	0	141e2fe89ebb70f89ef3c248b7f0
user10	818	160	1269452450838	0	0	141e2fe89ebb70f89ef3c248b7f0
user10	815	160	1269452450840	0	0	141e2fe89ebb70f89ef3c248b7f0
user10	814	160	1269452450849	0	0	141e2fe89ebb70f89ef3c248b7f0
user10	813	160	1269452450862	0	0	141e2fe89ebb70f89ef3c248b7f0
user10	812	160	1269452450872	0	0	141e2fe89ebb70f89ef3c248b7f0
user10	812	160	1269452451047	1269452450950	1269452451047	141e2fe89ebb70f89ef3c248b7f0
user10	811	161	1269452451070	0	0	141e2fe89ebb70f89ef3c248b7f0
user10	809	162	1269452451081	0	0	141e2fe89ebb70f89ef3c248b7f0
user10	806	163	1269452451091	0	0	141e2fe89ebb70f89ef3c248b7f0
user10	803	165	1269452451101	0	0	141e2fe89ebb70f89ef3c248b7f0
user10	794	167	1269452451104	0	0	141e2fe89ebb70f89ef3c248b7f0
user10	786	169	1269452451115	0	0	141e2fe89ebb70f89ef3c248b7f0
user10	769	178	1269452451127	0	0	141e2fe89ebb70f89ef3c248b7f0
user10	761	181	1269452451136	0	0	141e2fe89ebb70f89ef3c248b7f0
user10	751	184	1269452451147	0	0	141e2fe89ebb70f89ef3c248b7f0
user10	740	187	1269452451158	0	0	141e2fe89ebb70f89ef3c248b7f0
user10	732	188	1269452451161	0	0	141e2fe89ebb70f89ef3c248b7f0
user10	722	191	1269452451171	0	0	141e2fe89ebb70f89ef3c248b7f0
user10	713	192	1269452451182	0	0	141e2fe89ebb70f89ef3c248b7f0
user10	703	192	1269452451184	0	0	141e2fe89ebb70f89ef3c248b7f0
user10	695	192	1269452451195	0	0	141e2fe89ebb70f89ef3c248b7f0
user10	689	192	1269452451208	0	0	141e2fe89ebb70f89ef3c248b7f0
user10	683	192	1269452451210	0	0	141e2fe89ebb70f89ef3c248b7f0
user10	679	192	1269452451220	0	0	141e2fe89ebb70f89ef3c248b7f0
user10	673	192	1269452451233	0	0	141e2fe89ebb70f89ef3c248b7f0
user10	670	192	1269452451244	0	0	141e2fe89ebb70f89ef3c248b7f0
user10	668	192	1269452451247	0	0	141e2fe89ebb70f89ef3c248b7f0
user10	667	192	1269452451256	0	0	141e2fe89ebb70f89ef3c248b7f0
user10	665	191	1269452451266	0	0	141e2fe89ebb70f89ef3c248b7f0
user10	663	190	1269452451279	0	0	141e2fe89ebb70f89ef3c248b7f0
user10	661	190	1269452451288	0	0	141e2fe89ebb70f89ef3c248b7f0
user10	659	190	1269452451299	0	0	141e2fe89ebb70f89ef3c248b7f0
user10	658	190	1269452451310	0	0	141e2fe89ebb70f89ef3c248b7f0
user10	657	190	1269452451312	0	0	141e2fe89ebb70f89ef3c248b7f0
user10	656	190	1269452451322	0	0	141e2fe89ebb70f89ef3c248b7f0
user10	654	190	1269452451334	0	0	141e2fe89ebb70f89ef3c248b7f0
user10	653	190	1269452451345	0	0	141e2fe89ebb70f89ef3c248b7f0
user10	652	189	1269452451356	0	0	141e2fe89ebb70f89ef3c248b7f0
user10	649	188	1269452451367	0	0	141e2fe89ebb70f89ef3c248b7f0
user10	647	188	1269452451382	0	0	141e2fe89ebb70f89ef3c248b7f0
user10	646	188	1269452451398	0	0	141e2fe89ebb70f89ef3c248b7f0
user10	646	188	1269452451535	1269452451486	1269452451535	141e2fe89ebb70f89ef3c248b7f0
user10	647	187	1269452451630	0	0	141e2fe89ebb70f89ef3c248b7f0
user10	648	187	1269452451654	0	0	141e2fe89ebb70f89ef3c248b7f0
user10	648	186	1269452451670	0	0	141e2fe89ebb70f89ef3c248b7f0
user10	649	186	1269452451702	0	0	141e2fe89ebb70f89ef3c248b7f0
user10	649	185	1269452451714	0	0	141e2fe89ebb70f89ef3c248b7f0
user10	650	185	1269452463702	0	0	141e2fe89ebb70f89ef3c248b7f0
user10	652	183	1269452463717	0	0	141e2fe89ebb70f89ef3c248b7f0
user10	654	183	1269452463721	0	0	141e2fe89ebb70f89ef3c248b7f0
user10	656	182	1269452463736	0	0	141e2fe89ebb70f89ef3c248b7f0
user10	656	181	1269452463740	0	0	141e2fe89ebb70f89ef3c248b7f0
user10	657	182	1269452463782	0	0	141e2fe89ebb70f89ef3c248b7f0
user10	657	183	1269452463797	0	0	141e2fe89ebb70f89ef3c248b7f0
user10	658	184	1269452463801	0	0	141e2fe89ebb70f89ef3c248b7f0
user10	660	187	1269452463816	0	0	141e2fe89ebb70f89ef3c248b7f0
user10	662	190	1269452463830	0	0	141e2fe89ebb70f89ef3c248b7f0
user10	664	192	1269452463844	0	0	141e2fe89ebb70f89ef3c248b7f0
user10	664	193	1269452463848	0	0	141e2fe89ebb70f89ef3c248b7f0
user10	664	195	1269452463863	0	0	141e2fe89ebb70f89ef3c248b7f0
user10	664	196	1269452463878	0	0	141e2fe89ebb70f89ef3c248b7f0
user10	665	197	1269452463880	0	0	141e2fe89ebb70f89ef3c248b7f0
user10	665	198	1269452463893	0	0	141e2fe89ebb70f89ef3c248b7f0
user10	666	198	1269452463896	0	0	141e2fe89ebb70f89ef3c248b7f0
user10	666	199	1269452463950	0	0	141e2fe89ebb70f89ef3c248b7f0
user10	666	200	1269452463974	0	0	141e2fe89ebb70f89ef3c248b7f0
user10	666	202	1269452463998	0	0	141e2fe89ebb70f89ef3c248b7f0
user10	666	203	1269452464030	0	0	141e2fe89ebb70f89ef3c248b7f0
user10	665	203	1269452464054	0	0	141e2fe89ebb70f89ef3c248b7f0
user10	665	204	1269452464070	0	0	141e2fe89ebb70f89ef3c248b7f0
user10	665	205	1269452464094	0	0	141e2fe89ebb70f89ef3c248b7f0
user10	665	206	1269452464110	0	0	141e2fe89ebb70f89ef3c248b7f0
user10	666	206	1269452464798	0	0	141e2fe89ebb70f89ef3c248b7f0
user10	668	206	1269452464811	0	0	141e2fe89ebb70f89ef3c248b7f0
user10	670	206	1269452464815	0	0	141e2fe89ebb70f89ef3c248b7f0
user10	671	206	1269452464832	0	0	141e2fe89ebb70f89ef3c248b7f0
user10	672	206	1269452464849	0	0	141e2fe89ebb70f89ef3c248b7f0
user10	673	206	1269452464867	0	0	141e2fe89ebb70f89ef3c248b7f0
user10	674	206	1269452464871	0	0	141e2fe89ebb70f89ef3c248b7f0
user10	675	206	1269452464887	0	0	141e2fe89ebb70f89ef3c248b7f0
user10	676	206	1269452464910	0	0	141e2fe89ebb70f89ef3c248b7f0
user10	677	205	1269452464925	0	0	141e2fe89ebb70f89ef3c248b7f0
user10	678	204	1269452465278	0	0	141e2fe89ebb70f89ef3c248b7f0
user10	678	203	1269452465334	0	0	141e2fe89ebb70f89ef3c248b7f0
user10	679	203	1269452465350	0	0	141e2fe89ebb70f89ef3c248b7f0
user10	679	202	1269452465374	0	0	141e2fe89ebb70f89ef3c248b7f0
user10	679	201	1269452465430	0	0	141e2fe89ebb70f89ef3c248b7f0
user10	680	201	1269452465444	0	0	141e2fe89ebb70f89ef3c248b7f0
user10	681	200	1269452465458	0	0	141e2fe89ebb70f89ef3c248b7f0
user10	682	200	1269452465478	0	0	141e2fe89ebb70f89ef3c248b7f0
user10	683	200	1269452465494	0	0	141e2fe89ebb70f89ef3c248b7f0
user10	684	200	1269452465508	0	0	141e2fe89ebb70f89ef3c248b7f0
user10	685	200	1269452465523	0	0	141e2fe89ebb70f89ef3c248b7f0
user10	686	200	1269452465538	0	0	141e2fe89ebb70f89ef3c248b7f0
user10	687	200	1269452465558	0	0	141e2fe89ebb70f89ef3c248b7f0
user10	688	200	1269452465573	0	0	141e2fe89ebb70f89ef3c248b7f0
user10	688	201	1269452465577	0	0	141e2fe89ebb70f89ef3c248b7f0
user10	689	204	1269452465591	0	0	141e2fe89ebb70f89ef3c248b7f0
user10	689	206	1269452465606	0	0	141e2fe89ebb70f89ef3c248b7f0
user10	689	208	1269452465621	0	0	141e2fe89ebb70f89ef3c248b7f0
user10	689	211	1269452465637	0	0	141e2fe89ebb70f89ef3c248b7f0
user10	689	212	1269452465642	0	0	141e2fe89ebb70f89ef3c248b7f0
user10	688	212	1269452465648	0	0	141e2fe89ebb70f89ef3c248b7f0
user10	688	213	1269452465662	0	0	141e2fe89ebb70f89ef3c248b7f0
user10	687	213	1269452465667	0	0	141e2fe89ebb70f89ef3c248b7f0
user10	686	215	1269452465671	0	0	141e2fe89ebb70f89ef3c248b7f0
user10	684	216	1269452465684	0	0	141e2fe89ebb70f89ef3c248b7f0
user10	682	217	1269452465687	0	0	141e2fe89ebb70f89ef3c248b7f0
user10	681	218	1269452465701	0	0	141e2fe89ebb70f89ef3c248b7f0
user10	679	219	1269452465704	0	0	141e2fe89ebb70f89ef3c248b7f0
user10	676	221	1269452465721	0	0	141e2fe89ebb70f89ef3c248b7f0
user10	672	223	1269452465738	0	0	141e2fe89ebb70f89ef3c248b7f0
user10	671	223	1269452465742	0	0	141e2fe89ebb70f89ef3c248b7f0
user10	670	224	1269452465759	0	0	141e2fe89ebb70f89ef3c248b7f0
user10	669	225	1269452465772	0	0	141e2fe89ebb70f89ef3c248b7f0
user10	667	225	1269452465775	0	0	141e2fe89ebb70f89ef3c248b7f0
user10	667	226	1269452465787	0	0	141e2fe89ebb70f89ef3c248b7f0
user10	666	226	1269452465799	0	0	141e2fe89ebb70f89ef3c248b7f0
user10	664	226	1269452465814	0	0	141e2fe89ebb70f89ef3c248b7f0
user10	663	226	1269452465830	0	0	141e2fe89ebb70f89ef3c248b7f0
user10	662	226	1269452465841	0	0	141e2fe89ebb70f89ef3c248b7f0
user10	661	226	1269452465852	0	0	141e2fe89ebb70f89ef3c248b7f0
user10	660	225	1269452465855	0	0	141e2fe89ebb70f89ef3c248b7f0
user10	659	225	1269452465867	0	0	141e2fe89ebb70f89ef3c248b7f0
user10	658	225	1269452465877	0	0	141e2fe89ebb70f89ef3c248b7f0
user10	657	224	1269452465888	0	0	141e2fe89ebb70f89ef3c248b7f0
user10	656	224	1269452465900	0	0	141e2fe89ebb70f89ef3c248b7f0
user10	655	224	1269452465911	0	0	141e2fe89ebb70f89ef3c248b7f0
user10	655	223	1269452465933	0	0	141e2fe89ebb70f89ef3c248b7f0
user10	655	222	1269452465957	0	0	141e2fe89ebb70f89ef3c248b7f0
user10	654	222	1269452465974	0	0	141e2fe89ebb70f89ef3c248b7f0
user10	654	221	1269452465989	0	0	141e2fe89ebb70f89ef3c248b7f0
user10	654	220	1269452466005	0	0	141e2fe89ebb70f89ef3c248b7f0
user10	654	220	1269452466430	1269452466334	1269452466430	141e2fe89ebb70f89ef3c248b7f0
user10	453	56	1269452474000	0	0	141e2fe89ebb70f89ef3c248b7f0
user10	453	56	1269452474500	0	0	141e2fe89ebb70f89ef3c248b7f0
user10	453	59	1269452474589	0	0	141e2fe89ebb70f89ef3c248b7f0
user10	453	65	1269452474601	0	0	141e2fe89ebb70f89ef3c248b7f0
user10	453	72	1269452474612	0	0	141e2fe89ebb70f89ef3c248b7f0
user10	456	80	1269452474617	0	0	141e2fe89ebb70f89ef3c248b7f0
user10	457	91	1269452474629	0	0	141e2fe89ebb70f89ef3c248b7f0
user10	458	104	1269452474631	0	0	141e2fe89ebb70f89ef3c248b7f0
user10	459	117	1269452474644	0	0	141e2fe89ebb70f89ef3c248b7f0
user10	460	131	1269452474647	0	0	141e2fe89ebb70f89ef3c248b7f0
user10	461	140	1269452474658	0	0	141e2fe89ebb70f89ef3c248b7f0
user10	464	158	1269452474672	0	0	141e2fe89ebb70f89ef3c248b7f0
user10	464	163	1269452474685	0	0	141e2fe89ebb70f89ef3c248b7f0
user10	465	168	1269452474688	0	0	141e2fe89ebb70f89ef3c248b7f0
user10	466	173	1269452474698	0	0	141e2fe89ebb70f89ef3c248b7f0
user10	466	177	1269452474701	0	0	141e2fe89ebb70f89ef3c248b7f0
user10	467	180	1269452474711	0	0	141e2fe89ebb70f89ef3c248b7f0
user10	468	183	1269452474724	0	0	141e2fe89ebb70f89ef3c248b7f0
user10	468	185	1269452474726	0	0	141e2fe89ebb70f89ef3c248b7f0
user10	468	187	1269452474741	0	0	141e2fe89ebb70f89ef3c248b7f0
user10	467	186	1269452474877	0	0	141e2fe89ebb70f89ef3c248b7f0
user10	466	186	1269452474887	0	0	141e2fe89ebb70f89ef3c248b7f0
user10	465	185	1269452474897	0	0	141e2fe89ebb70f89ef3c248b7f0
user10	462	184	1269452474910	0	0	141e2fe89ebb70f89ef3c248b7f0
user10	460	182	1269452474923	0	0	141e2fe89ebb70f89ef3c248b7f0
user10	459	181	1269452474925	0	0	141e2fe89ebb70f89ef3c248b7f0
user10	457	180	1269452474940	0	0	141e2fe89ebb70f89ef3c248b7f0
user10	456	179	1269452474943	0	0	141e2fe89ebb70f89ef3c248b7f0
user10	454	178	1269452474955	0	0	141e2fe89ebb70f89ef3c248b7f0
user10	453	178	1269452474958	0	0	141e2fe89ebb70f89ef3c248b7f0
user10	453	178	1269452475094	1269452475013	1269452475094	141e2fe89ebb70f89ef3c248b7f0
user10	452	178	1269452475125	0	0	141e2fe89ebb70f89ef3c248b7f0
user10	452	177	1269452475165	0	0	141e2fe89ebb70f89ef3c248b7f0
user10	452	176	1269452475175	0	0	141e2fe89ebb70f89ef3c248b7f0
user10	452	175	1269452475184	0	0	141e2fe89ebb70f89ef3c248b7f0
user10	454	175	1269452480405	0	0	141e2fe89ebb70f89ef3c248b7f0
user10	458	175	1269452480418	0	0	141e2fe89ebb70f89ef3c248b7f0
user10	467	175	1269452480422	0	0	141e2fe89ebb70f89ef3c248b7f0
user10	478	174	1269452480436	0	0	141e2fe89ebb70f89ef3c248b7f0
user10	491	174	1269452480440	0	0	141e2fe89ebb70f89ef3c248b7f0
user10	505	172	1269452480455	0	0	141e2fe89ebb70f89ef3c248b7f0
user10	515	172	1269452480458	0	0	141e2fe89ebb70f89ef3c248b7f0
user10	522	172	1269452480461	0	0	141e2fe89ebb70f89ef3c248b7f0
user10	525	172	1269452480475	0	0	141e2fe89ebb70f89ef3c248b7f0
user10	527	175	1269452480478	0	0	141e2fe89ebb70f89ef3c248b7f0
user10	528	176	1269452480493	0	0	141e2fe89ebb70f89ef3c248b7f0
user10	529	177	1269452480508	0	0	141e2fe89ebb70f89ef3c248b7f0
user10	529	178	1269452480511	0	0	141e2fe89ebb70f89ef3c248b7f0
user10	535	184	1269452480526	0	0	141e2fe89ebb70f89ef3c248b7f0
user10	540	188	1269452480541	0	0	141e2fe89ebb70f89ef3c248b7f0
user10	547	193	1269452480544	0	0	141e2fe89ebb70f89ef3c248b7f0
user10	562	204	1269452480558	0	0	141e2fe89ebb70f89ef3c248b7f0
user10	574	209	1269452480575	0	0	141e2fe89ebb70f89ef3c248b7f0
user10	580	211	1269452480588	0	0	141e2fe89ebb70f89ef3c248b7f0
user10	585	212	1269452480591	0	0	141e2fe89ebb70f89ef3c248b7f0
user10	589	215	1269452480602	0	0	141e2fe89ebb70f89ef3c248b7f0
user10	592	218	1269452480606	0	0	141e2fe89ebb70f89ef3c248b7f0
user10	597	219	1269452480619	0	0	141e2fe89ebb70f89ef3c248b7f0
user10	601	221	1269452480622	0	0	141e2fe89ebb70f89ef3c248b7f0
user10	606	223	1269452480633	0	0	141e2fe89ebb70f89ef3c248b7f0
user10	616	224	1269452480645	0	0	141e2fe89ebb70f89ef3c248b7f0
user10	618	225	1269452480658	0	0	141e2fe89ebb70f89ef3c248b7f0
user10	621	225	1269452480669	0	0	141e2fe89ebb70f89ef3c248b7f0
user10	622	225	1269452480672	0	0	141e2fe89ebb70f89ef3c248b7f0
user10	623	225	1269452480683	0	0	141e2fe89ebb70f89ef3c248b7f0
user10	626	223	1269452480695	0	0	141e2fe89ebb70f89ef3c248b7f0
user10	627	223	1269452480707	0	0	141e2fe89ebb70f89ef3c248b7f0
user10	628	222	1269452480719	0	0	141e2fe89ebb70f89ef3c248b7f0
user10	628	223	1269452480757	0	0	141e2fe89ebb70f89ef3c248b7f0
user10	629	223	1269452480768	0	0	141e2fe89ebb70f89ef3c248b7f0
user10	630	223	1269452480779	0	0	141e2fe89ebb70f89ef3c248b7f0
user10	631	223	1269452480821	0	0	141e2fe89ebb70f89ef3c248b7f0
user10	631	222	1269452480845	0	0	141e2fe89ebb70f89ef3c248b7f0
user10	631	222	1269452481021	1269452480941	1269452481021	141e2fe89ebb70f89ef3c248b7f0
user10	631	222	1269452483856	0	0	141e2fe89ebb70f89ef3c248b7f0
user10	631	222	1269452484344	0	0	141e2fe89ebb70f89ef3c248b7f0
user10	630	222	1269452484805	0	0	141e2fe89ebb70f89ef3c248b7f0
user10	629	222	1269452484821	0	0	141e2fe89ebb70f89ef3c248b7f0
user10	628	222	1269452484845	0	0	141e2fe89ebb70f89ef3c248b7f0
user10	628	223	1269452484861	0	0	141e2fe89ebb70f89ef3c248b7f0
user10	628	224	1269452484877	0	0	141e2fe89ebb70f89ef3c248b7f0
user10	627	226	1269452484892	0	0	141e2fe89ebb70f89ef3c248b7f0
user10	625	228	1269452484897	0	0	141e2fe89ebb70f89ef3c248b7f0
user10	624	229	1269452484911	0	0	141e2fe89ebb70f89ef3c248b7f0
user10	622	233	1269452484925	0	0	141e2fe89ebb70f89ef3c248b7f0
user10	620	234	1269452484940	0	0	141e2fe89ebb70f89ef3c248b7f0
user10	619	236	1269452484943	0	0	141e2fe89ebb70f89ef3c248b7f0
user10	614	242	1269452484958	0	0	141e2fe89ebb70f89ef3c248b7f0
user10	609	248	1269452484976	0	0	141e2fe89ebb70f89ef3c248b7f0
user10	602	255	1269452484990	0	0	141e2fe89ebb70f89ef3c248b7f0
user10	599	258	1269452485004	0	0	141e2fe89ebb70f89ef3c248b7f0
user10	597	260	1269452485007	0	0	141e2fe89ebb70f89ef3c248b7f0
user10	591	265	1269452485021	0	0	141e2fe89ebb70f89ef3c248b7f0
user10	589	266	1269452485036	0	0	141e2fe89ebb70f89ef3c248b7f0
user10	587	268	1269452485038	0	0	141e2fe89ebb70f89ef3c248b7f0
user10	585	268	1269452485050	0	0	141e2fe89ebb70f89ef3c248b7f0
user10	584	270	1269452485053	0	0	141e2fe89ebb70f89ef3c248b7f0
user10	582	271	1269452485068	0	0	141e2fe89ebb70f89ef3c248b7f0
user10	581	271	1269452485070	0	0	141e2fe89ebb70f89ef3c248b7f0
user10	579	272	1269452485082	0	0	141e2fe89ebb70f89ef3c248b7f0
user10	578	273	1269452485085	0	0	141e2fe89ebb70f89ef3c248b7f0
user10	577	273	1269452485094	0	0	141e2fe89ebb70f89ef3c248b7f0
user10	576	273	1269452485104	0	0	141e2fe89ebb70f89ef3c248b7f0
user10	575	273	1269452485116	0	0	141e2fe89ebb70f89ef3c248b7f0
user10	574	273	1269452485118	0	0	141e2fe89ebb70f89ef3c248b7f0
user10	573	273	1269452485127	0	0	141e2fe89ebb70f89ef3c248b7f0
user10	572	273	1269452485138	0	0	141e2fe89ebb70f89ef3c248b7f0
user10	571	273	1269452485149	0	0	141e2fe89ebb70f89ef3c248b7f0
user10	570	273	1269452485159	0	0	141e2fe89ebb70f89ef3c248b7f0
user10	569	273	1269452485170	0	0	141e2fe89ebb70f89ef3c248b7f0
user10	567	274	1269452485172	0	0	141e2fe89ebb70f89ef3c248b7f0
user10	566	274	1269452485188	0	0	141e2fe89ebb70f89ef3c248b7f0
user10	564	274	1269452485199	0	0	141e2fe89ebb70f89ef3c248b7f0
user10	563	274	1269452485212	0	0	141e2fe89ebb70f89ef3c248b7f0
user10	562	274	1269452485223	0	0	141e2fe89ebb70f89ef3c248b7f0
user10	561	273	1269452485236	0	0	141e2fe89ebb70f89ef3c248b7f0
user10	560	273	1269452485246	0	0	141e2fe89ebb70f89ef3c248b7f0
user10	558	273	1269452485256	0	0	141e2fe89ebb70f89ef3c248b7f0
user10	558	272	1269452485268	0	0	141e2fe89ebb70f89ef3c248b7f0
user10	557	272	1269452485270	0	0	141e2fe89ebb70f89ef3c248b7f0
user10	555	271	1269452485280	0	0	141e2fe89ebb70f89ef3c248b7f0
user10	554	271	1269452485292	0	0	141e2fe89ebb70f89ef3c248b7f0
user10	553	270	1269452485308	0	0	141e2fe89ebb70f89ef3c248b7f0
user10	552	269	1269452485319	0	0	141e2fe89ebb70f89ef3c248b7f0
user10	552	267	1269452485329	0	0	141e2fe89ebb70f89ef3c248b7f0
user10	551	262	1269452485340	0	0	141e2fe89ebb70f89ef3c248b7f0
user10	551	259	1269452485342	0	0	141e2fe89ebb70f89ef3c248b7f0
user10	550	255	1269452485353	0	0	141e2fe89ebb70f89ef3c248b7f0
user10	550	249	1269452485362	0	0	141e2fe89ebb70f89ef3c248b7f0
user10	550	231	1269452485374	0	0	141e2fe89ebb70f89ef3c248b7f0
user10	550	221	1269452485385	0	0	141e2fe89ebb70f89ef3c248b7f0
user10	549	210	1269452485395	0	0	141e2fe89ebb70f89ef3c248b7f0
user10	548	198	1269452485400	0	0	141e2fe89ebb70f89ef3c248b7f0
user10	547	187	1269452485410	0	0	141e2fe89ebb70f89ef3c248b7f0
user10	546	171	1269452485421	0	0	141e2fe89ebb70f89ef3c248b7f0
user10	545	167	1269452485434	0	0	141e2fe89ebb70f89ef3c248b7f0
user10	545	161	1269452485444	0	0	141e2fe89ebb70f89ef3c248b7f0
user10	545	158	1269452485446	0	0	141e2fe89ebb70f89ef3c248b7f0
user10	545	155	1269452485457	0	0	141e2fe89ebb70f89ef3c248b7f0
user10	545	152	1269452485468	0	0	141e2fe89ebb70f89ef3c248b7f0
user10	545	150	1269452485470	0	0	141e2fe89ebb70f89ef3c248b7f0
user10	545	148	1269452485480	0	0	141e2fe89ebb70f89ef3c248b7f0
user10	545	146	1269452485491	0	0	141e2fe89ebb70f89ef3c248b7f0
user10	545	145	1269452485493	0	0	141e2fe89ebb70f89ef3c248b7f0
user10	545	144	1269452485504	0	0	141e2fe89ebb70f89ef3c248b7f0
user10	545	143	1269452485515	0	0	141e2fe89ebb70f89ef3c248b7f0
user10	545	142	1269452485852	0	0	141e2fe89ebb70f89ef3c248b7f0
user10	545	140	1269452485863	0	0	141e2fe89ebb70f89ef3c248b7f0
user10	545	138	1269452485875	0	0	141e2fe89ebb70f89ef3c248b7f0
user10	544	136	1269452485878	0	0	141e2fe89ebb70f89ef3c248b7f0
user10	544	134	1269452485890	0	0	141e2fe89ebb70f89ef3c248b7f0
user10	543	131	1269452485893	0	0	141e2fe89ebb70f89ef3c248b7f0
user10	542	129	1269452485906	0	0	141e2fe89ebb70f89ef3c248b7f0
user10	541	127	1269452485917	0	0	141e2fe89ebb70f89ef3c248b7f0
user10	540	126	1269452485932	0	0	141e2fe89ebb70f89ef3c248b7f0
user10	540	125	1269452485948	0	0	141e2fe89ebb70f89ef3c248b7f0
user10	540	124	1269452485988	0	0	141e2fe89ebb70f89ef3c248b7f0
user10	539	124	1269452485999	0	0	141e2fe89ebb70f89ef3c248b7f0
user10	539	123	1269452486060	0	0	141e2fe89ebb70f89ef3c248b7f0
user10	538	122	1269452486076	0	0	141e2fe89ebb70f89ef3c248b7f0
user10	537	121	1269452486093	0	0	141e2fe89ebb70f89ef3c248b7f0
user10	537	120	1269452486096	0	0	141e2fe89ebb70f89ef3c248b7f0
user10	537	119	1269452486110	0	0	141e2fe89ebb70f89ef3c248b7f0
user10	537	118	1269452486133	0	0	141e2fe89ebb70f89ef3c248b7f0
user10	537	117	1269452486147	0	0	141e2fe89ebb70f89ef3c248b7f0
user10	537	116	1269452486162	0	0	141e2fe89ebb70f89ef3c248b7f0
user10	537	115	1269452486165	0	0	141e2fe89ebb70f89ef3c248b7f0
user10	536	115	1269452486179	0	0	141e2fe89ebb70f89ef3c248b7f0
user10	536	114	1269452486181	0	0	141e2fe89ebb70f89ef3c248b7f0
user10	536	113	1269452486193	0	0	141e2fe89ebb70f89ef3c248b7f0
user10	536	112	1269452486206	0	0	141e2fe89ebb70f89ef3c248b7f0
user10	536	111	1269452486217	0	0	141e2fe89ebb70f89ef3c248b7f0
user10	536	110	1269452486229	0	0	141e2fe89ebb70f89ef3c248b7f0
user10	536	109	1269452486244	0	0	141e2fe89ebb70f89ef3c248b7f0
user10	536	108	1269452486268	0	0	141e2fe89ebb70f89ef3c248b7f0
user10	535	107	1269452486279	0	0	141e2fe89ebb70f89ef3c248b7f0
user10	535	106	1269452486292	0	0	141e2fe89ebb70f89ef3c248b7f0
user10	534	106	1269452486294	0	0	141e2fe89ebb70f89ef3c248b7f0
user10	533	106	1269452486308	0	0	141e2fe89ebb70f89ef3c248b7f0
user10	532	106	1269452486420	0	0	141e2fe89ebb70f89ef3c248b7f0
user10	532	107	1269452486431	0	0	141e2fe89ebb70f89ef3c248b7f0
user10	532	108	1269452486443	0	0	141e2fe89ebb70f89ef3c248b7f0
user10	532	109	1269452486445	0	0	141e2fe89ebb70f89ef3c248b7f0
user10	532	110	1269452486458	0	0	141e2fe89ebb70f89ef3c248b7f0
user10	531	112	1269452486461	0	0	141e2fe89ebb70f89ef3c248b7f0
user10	531	113	1269452486473	0	0	141e2fe89ebb70f89ef3c248b7f0
user10	530	117	1269452486485	0	0	141e2fe89ebb70f89ef3c248b7f0
user10	529	119	1269452486497	0	0	141e2fe89ebb70f89ef3c248b7f0
user10	529	122	1269452486510	0	0	141e2fe89ebb70f89ef3c248b7f0
user10	528	124	1269452486521	0	0	141e2fe89ebb70f89ef3c248b7f0
user10	528	130	1269452486533	0	0	141e2fe89ebb70f89ef3c248b7f0
user10	527	133	1269452486546	0	0	141e2fe89ebb70f89ef3c248b7f0
user10	527	139	1269452486558	0	0	141e2fe89ebb70f89ef3c248b7f0
user10	527	142	1269452486569	0	0	141e2fe89ebb70f89ef3c248b7f0
user10	526	148	1269452486581	0	0	141e2fe89ebb70f89ef3c248b7f0
user10	526	150	1269452486594	0	0	141e2fe89ebb70f89ef3c248b7f0
user10	525	153	1269452486603	0	0	141e2fe89ebb70f89ef3c248b7f0
user10	524	157	1269452486614	0	0	141e2fe89ebb70f89ef3c248b7f0
user10	523	163	1269452486635	0	0	141e2fe89ebb70f89ef3c248b7f0
user10	522	166	1269452486638	0	0	141e2fe89ebb70f89ef3c248b7f0
user10	521	169	1269452486659	0	0	141e2fe89ebb70f89ef3c248b7f0
user10	521	171	1269452486663	0	0	141e2fe89ebb70f89ef3c248b7f0
user10	519	174	1269452486677	0	0	141e2fe89ebb70f89ef3c248b7f0
user10	518	176	1269452486689	0	0	141e2fe89ebb70f89ef3c248b7f0
user10	517	179	1269452486701	0	0	141e2fe89ebb70f89ef3c248b7f0
user10	516	181	1269452486714	0	0	141e2fe89ebb70f89ef3c248b7f0
user10	516	183	1269452486717	0	0	141e2fe89ebb70f89ef3c248b7f0
user10	516	184	1269452486731	0	0	141e2fe89ebb70f89ef3c248b7f0
user10	516	186	1269452486734	0	0	141e2fe89ebb70f89ef3c248b7f0
user10	516	187	1269452486748	0	0	141e2fe89ebb70f89ef3c248b7f0
user10	515	187	1269452486760	0	0	141e2fe89ebb70f89ef3c248b7f0
user10	514	187	1269452486820	0	0	141e2fe89ebb70f89ef3c248b7f0
user10	514	187	1269452487029	1269452486956	1269452487029	141e2fe89ebb70f89ef3c248b7f0
user10	515	187	1269452487076	0	0	141e2fe89ebb70f89ef3c248b7f0
user10	518	187	1269452487088	0	0	141e2fe89ebb70f89ef3c248b7f0
user10	526	187	1269452487101	0	0	141e2fe89ebb70f89ef3c248b7f0
user10	531	187	1269452487114	0	0	141e2fe89ebb70f89ef3c248b7f0
user10	537	187	1269452487117	0	0	141e2fe89ebb70f89ef3c248b7f0
user10	542	186	1269452487130	0	0	141e2fe89ebb70f89ef3c248b7f0
user10	550	186	1269452487133	0	0	141e2fe89ebb70f89ef3c248b7f0
user10	557	186	1269452487146	0	0	141e2fe89ebb70f89ef3c248b7f0
user10	565	185	1269452487148	0	0	141e2fe89ebb70f89ef3c248b7f0
user10	572	185	1269452487161	0	0	141e2fe89ebb70f89ef3c248b7f0
user10	583	184	1269452487173	0	0	141e2fe89ebb70f89ef3c248b7f0
user10	587	183	1269452487185	0	0	141e2fe89ebb70f89ef3c248b7f0
user10	589	182	1269452487196	0	0	141e2fe89ebb70f89ef3c248b7f0
user10	590	181	1269452487198	0	0	141e2fe89ebb70f89ef3c248b7f0
user10	591	180	1269452487212	0	0	141e2fe89ebb70f89ef3c248b7f0
user10	592	180	1269452487223	0	0	141e2fe89ebb70f89ef3c248b7f0
user10	592	180	1269452493063	0	0	141e2fe89ebb70f89ef3c248b7f0
user10	592	180	1269452493201	0	0	141e2fe89ebb70f89ef3c248b7f0
user10	592	180	1269452493704	0	0	141e2fe89ebb70f89ef3c248b7f0
user10	592	180	1269452493707	0	0	141e2fe89ebb70f89ef3c248b7f0
user10	593	180	1269452497548	0	0	141e2fe89ebb70f89ef3c248b7f0
user10	595	183	1269452497562	0	0	141e2fe89ebb70f89ef3c248b7f0
user10	599	187	1269452497566	0	0	141e2fe89ebb70f89ef3c248b7f0
user10	604	196	1269452497581	0	0	141e2fe89ebb70f89ef3c248b7f0
user10	608	203	1269452497596	0	0	141e2fe89ebb70f89ef3c248b7f0
user10	615	213	1269452497614	0	0	141e2fe89ebb70f89ef3c248b7f0
user10	629	225	1269452497631	0	0	141e2fe89ebb70f89ef3c248b7f0
user10	641	234	1269452497648	0	0	141e2fe89ebb70f89ef3c248b7f0
user10	648	237	1269452497652	0	0	141e2fe89ebb70f89ef3c248b7f0
user10	654	238	1269452497668	0	0	141e2fe89ebb70f89ef3c248b7f0
user10	657	240	1269452497671	0	0	141e2fe89ebb70f89ef3c248b7f0
user10	661	241	1269452497685	0	0	141e2fe89ebb70f89ef3c248b7f0
user10	662	241	1269452497708	0	0	141e2fe89ebb70f89ef3c248b7f0
user10	662	240	1269452497764	0	0	141e2fe89ebb70f89ef3c248b7f0
user10	662	239	1269452497780	0	0	141e2fe89ebb70f89ef3c248b7f0
user10	662	238	1269452497792	0	0	141e2fe89ebb70f89ef3c248b7f0
user10	662	236	1269452497804	0	0	141e2fe89ebb70f89ef3c248b7f0
user10	662	235	1269452497820	0	0	141e2fe89ebb70f89ef3c248b7f0
user10	662	234	1269452497832	0	0	141e2fe89ebb70f89ef3c248b7f0
user10	660	232	1269452497845	0	0	141e2fe89ebb70f89ef3c248b7f0
user10	660	231	1269452497860	0	0	141e2fe89ebb70f89ef3c248b7f0
user10	659	229	1269452497876	0	0	141e2fe89ebb70f89ef3c248b7f0
user10	658	228	1269452497886	0	0	141e2fe89ebb70f89ef3c248b7f0
user10	658	227	1269452497899	0	0	141e2fe89ebb70f89ef3c248b7f0
user10	658	226	1269452497911	0	0	141e2fe89ebb70f89ef3c248b7f0
user10	658	225	1269452497924	0	0	141e2fe89ebb70f89ef3c248b7f0
user10	658	225	1269452498116	1269452498036	1269452498116	141e2fe89ebb70f89ef3c248b7f0
user10	529	95	1269452510800	0	0	141e2fe89ebb70f89ef3c248b7f0
user10	530	100	1269452510808	0	0	141e2fe89ebb70f89ef3c248b7f0
user10	530	109	1269452510824	0	0	141e2fe89ebb70f89ef3c248b7f0
user10	530	113	1269452510828	0	0	141e2fe89ebb70f89ef3c248b7f0
user10	530	123	1269452510846	0	0	141e2fe89ebb70f89ef3c248b7f0
user10	530	131	1269452510862	0	0	141e2fe89ebb70f89ef3c248b7f0
user10	529	143	1269452510880	0	0	141e2fe89ebb70f89ef3c248b7f0
user10	529	155	1269452510894	0	0	141e2fe89ebb70f89ef3c248b7f0
user10	529	168	1269452510908	0	0	141e2fe89ebb70f89ef3c248b7f0
user10	529	172	1269452510920	0	0	141e2fe89ebb70f89ef3c248b7f0
user10	529	178	1269452510933	0	0	141e2fe89ebb70f89ef3c248b7f0
user10	529	180	1269452510946	0	0	141e2fe89ebb70f89ef3c248b7f0
user10	529	181	1269452510949	0	0	141e2fe89ebb70f89ef3c248b7f0
user10	529	183	1269452510961	0	0	141e2fe89ebb70f89ef3c248b7f0
user10	529	184	1269452510979	0	0	141e2fe89ebb70f89ef3c248b7f0
user10	528	184	1269452510991	0	0	141e2fe89ebb70f89ef3c248b7f0
user10	527	185	1269452511001	0	0	141e2fe89ebb70f89ef3c248b7f0
user10	527	186	1269452511013	0	0	141e2fe89ebb70f89ef3c248b7f0
user10	526	187	1269452511024	0	0	141e2fe89ebb70f89ef3c248b7f0
user10	525	188	1269452511035	0	0	141e2fe89ebb70f89ef3c248b7f0
user10	525	190	1269452511037	0	0	141e2fe89ebb70f89ef3c248b7f0
user10	525	191	1269452511048	0	0	141e2fe89ebb70f89ef3c248b7f0
user10	524	194	1269452511059	0	0	141e2fe89ebb70f89ef3c248b7f0
user10	523	196	1269452511070	0	0	141e2fe89ebb70f89ef3c248b7f0
user10	523	197	1269452511082	0	0	141e2fe89ebb70f89ef3c248b7f0
user10	523	198	1269452511084	0	0	141e2fe89ebb70f89ef3c248b7f0
user10	523	200	1269452511095	0	0	141e2fe89ebb70f89ef3c248b7f0
user10	523	203	1269452511108	0	0	141e2fe89ebb70f89ef3c248b7f0
user10	522	206	1269452511110	0	0	141e2fe89ebb70f89ef3c248b7f0
user10	521	210	1269452511121	0	0	141e2fe89ebb70f89ef3c248b7f0
user10	518	216	1269452511124	0	0	141e2fe89ebb70f89ef3c248b7f0
user10	516	221	1269452511134	0	0	141e2fe89ebb70f89ef3c248b7f0
user10	514	228	1269452511146	0	0	141e2fe89ebb70f89ef3c248b7f0
user10	511	236	1269452511148	0	0	141e2fe89ebb70f89ef3c248b7f0
user10	509	245	1269452511159	0	0	141e2fe89ebb70f89ef3c248b7f0
user10	508	252	1269452511171	0	0	141e2fe89ebb70f89ef3c248b7f0
user10	505	259	1269452511173	0	0	141e2fe89ebb70f89ef3c248b7f0
user10	502	268	1269452511186	0	0	141e2fe89ebb70f89ef3c248b7f0
user10	497	277	1269452511198	0	0	141e2fe89ebb70f89ef3c248b7f0
user10	496	282	1269452511211	0	0	141e2fe89ebb70f89ef3c248b7f0
user10	495	284	1269452511213	0	0	141e2fe89ebb70f89ef3c248b7f0
user10	493	286	1269452511224	0	0	141e2fe89ebb70f89ef3c248b7f0
user10	491	288	1269452511227	0	0	141e2fe89ebb70f89ef3c248b7f0
user10	490	291	1269452511238	0	0	141e2fe89ebb70f89ef3c248b7f0
user10	488	292	1269452511251	0	0	141e2fe89ebb70f89ef3c248b7f0
user10	487	293	1269452511253	0	0	141e2fe89ebb70f89ef3c248b7f0
user10	486	294	1269452511264	0	0	141e2fe89ebb70f89ef3c248b7f0
user10	484	297	1269452511277	0	0	141e2fe89ebb70f89ef3c248b7f0
user10	483	297	1269452511287	0	0	141e2fe89ebb70f89ef3c248b7f0
user10	481	299	1269452511299	0	0	141e2fe89ebb70f89ef3c248b7f0
user10	481	300	1269452511311	0	0	141e2fe89ebb70f89ef3c248b7f0
user10	480	301	1269452511322	0	0	141e2fe89ebb70f89ef3c248b7f0
user10	479	302	1269452511324	0	0	141e2fe89ebb70f89ef3c248b7f0
user10	478	303	1269452511335	0	0	141e2fe89ebb70f89ef3c248b7f0
user10	477	304	1269452511347	0	0	141e2fe89ebb70f89ef3c248b7f0
user10	477	304	1269452511361	0	0	141e2fe89ebb70f89ef3c248b7f0
user10	477	304	1269452511524	1269452511459	1269452511524	141e2fe89ebb70f89ef3c248b7f0
user10	478	304	1269452521003	0	0	141e2fe89ebb70f89ef3c248b7f0
user10	482	304	1269452521018	0	0	141e2fe89ebb70f89ef3c248b7f0
user10	489	308	1269452521021	0	0	141e2fe89ebb70f89ef3c248b7f0
user10	520	317	1269452521037	0	0	141e2fe89ebb70f89ef3c248b7f0
user10	559	331	1269452521057	0	0	141e2fe89ebb70f89ef3c248b7f0
user10	599	346	1269452521074	0	0	141e2fe89ebb70f89ef3c248b7f0
user10	618	353	1269452521083	0	0	141e2fe89ebb70f89ef3c248b7f0
user10	642	358	1269452521098	0	0	141e2fe89ebb70f89ef3c248b7f0
user10	651	358	1269452521101	0	0	141e2fe89ebb70f89ef3c248b7f0
user10	660	360	1269452521117	0	0	141e2fe89ebb70f89ef3c248b7f0
user10	669	361	1269452521120	0	0	141e2fe89ebb70f89ef3c248b7f0
user10	675	361	1269452521123	0	0	141e2fe89ebb70f89ef3c248b7f0
user10	682	363	1269452521139	0	0	141e2fe89ebb70f89ef3c248b7f0
user10	685	364	1269452521155	0	0	141e2fe89ebb70f89ef3c248b7f0
user10	686	364	1269452521171	0	0	141e2fe89ebb70f89ef3c248b7f0
user10	686	363	1269452521266	0	0	141e2fe89ebb70f89ef3c248b7f0
user10	686	362	1269452521278	0	0	141e2fe89ebb70f89ef3c248b7f0
user10	685	360	1269452521291	0	0	141e2fe89ebb70f89ef3c248b7f0
user10	684	358	1269452521305	0	0	141e2fe89ebb70f89ef3c248b7f0
user10	683	357	1269452521308	0	0	141e2fe89ebb70f89ef3c248b7f0
user10	681	353	1269452521323	0	0	141e2fe89ebb70f89ef3c248b7f0
user10	678	352	1269452521336	0	0	141e2fe89ebb70f89ef3c248b7f0
user10	676	350	1269452521339	0	0	141e2fe89ebb70f89ef3c248b7f0
user10	674	348	1269452521354	0	0	141e2fe89ebb70f89ef3c248b7f0
user10	672	347	1269452521358	0	0	141e2fe89ebb70f89ef3c248b7f0
user10	671	345	1269452521372	0	0	141e2fe89ebb70f89ef3c248b7f0
user10	670	344	1269452521384	0	0	141e2fe89ebb70f89ef3c248b7f0
user10	670	343	1269452521386	0	0	141e2fe89ebb70f89ef3c248b7f0
user10	670	342	1269452521402	0	0	141e2fe89ebb70f89ef3c248b7f0
user10	670	341	1269452521426	0	0	141e2fe89ebb70f89ef3c248b7f0
user10	670	340	1269452521442	0	0	141e2fe89ebb70f89ef3c248b7f0
user10	670	340	1269452521835	1269452521602	1269452521835	141e2fe89ebb70f89ef3c248b7f0
user10	520	52	1269452541857	0	0	141e2fe89ebb70f89ef3c248b7f0
user10	520	53	1269452541969	0	0	141e2fe89ebb70f89ef3c248b7f0
user10	520	55	1269452541981	0	0	141e2fe89ebb70f89ef3c248b7f0
user10	520	58	1269452541993	0	0	141e2fe89ebb70f89ef3c248b7f0
user10	520	60	1269452541996	0	0	141e2fe89ebb70f89ef3c248b7f0
user10	520	63	1269452542007	0	0	141e2fe89ebb70f89ef3c248b7f0
user10	520	70	1269452542020	0	0	141e2fe89ebb70f89ef3c248b7f0
user10	520	74	1269452542037	0	0	141e2fe89ebb70f89ef3c248b7f0
user10	519	78	1269452542051	0	0	141e2fe89ebb70f89ef3c248b7f0
user10	517	83	1269452542065	0	0	141e2fe89ebb70f89ef3c248b7f0
user10	517	85	1269452542077	0	0	141e2fe89ebb70f89ef3c248b7f0
user10	515	87	1269452542087	0	0	141e2fe89ebb70f89ef3c248b7f0
user10	514	90	1269452542089	0	0	141e2fe89ebb70f89ef3c248b7f0
user10	512	96	1269452542100	0	0	141e2fe89ebb70f89ef3c248b7f0
user10	511	100	1269452542111	0	0	141e2fe89ebb70f89ef3c248b7f0
user10	506	110	1269452542121	0	0	141e2fe89ebb70f89ef3c248b7f0
user10	504	117	1269452542133	0	0	141e2fe89ebb70f89ef3c248b7f0
user10	501	123	1269452542144	0	0	141e2fe89ebb70f89ef3c248b7f0
user10	500	127	1269452542146	0	0	141e2fe89ebb70f89ef3c248b7f0
user10	497	132	1269452542157	0	0	141e2fe89ebb70f89ef3c248b7f0
user10	496	135	1269452542168	0	0	141e2fe89ebb70f89ef3c248b7f0
user10	494	139	1269452542170	0	0	141e2fe89ebb70f89ef3c248b7f0
user10	492	144	1269452542182	0	0	141e2fe89ebb70f89ef3c248b7f0
user10	489	150	1269452542192	0	0	141e2fe89ebb70f89ef3c248b7f0
user10	484	163	1269452542203	0	0	141e2fe89ebb70f89ef3c248b7f0
user10	482	170	1269452542215	0	0	141e2fe89ebb70f89ef3c248b7f0
user10	480	178	1269452542218	0	0	141e2fe89ebb70f89ef3c248b7f0
user10	478	184	1269452542229	0	0	141e2fe89ebb70f89ef3c248b7f0
user10	477	191	1269452542239	0	0	141e2fe89ebb70f89ef3c248b7f0
user10	477	199	1269452542242	0	0	141e2fe89ebb70f89ef3c248b7f0
user10	477	204	1269452542253	0	0	141e2fe89ebb70f89ef3c248b7f0
user10	477	210	1269452542265	0	0	141e2fe89ebb70f89ef3c248b7f0
user10	477	215	1269452542267	0	0	141e2fe89ebb70f89ef3c248b7f0
user10	477	219	1269452542278	0	0	141e2fe89ebb70f89ef3c248b7f0
user10	477	225	1269452542289	0	0	141e2fe89ebb70f89ef3c248b7f0
user10	476	230	1269452542291	0	0	141e2fe89ebb70f89ef3c248b7f0
user10	476	236	1269452542302	0	0	141e2fe89ebb70f89ef3c248b7f0
user10	475	242	1269452542313	0	0	141e2fe89ebb70f89ef3c248b7f0
user10	474	249	1269452542315	0	0	141e2fe89ebb70f89ef3c248b7f0
user10	473	259	1269452542328	0	0	141e2fe89ebb70f89ef3c248b7f0
user10	472	267	1269452542331	0	0	141e2fe89ebb70f89ef3c248b7f0
user10	471	276	1269452542343	0	0	141e2fe89ebb70f89ef3c248b7f0
user10	470	294	1269452542354	0	0	141e2fe89ebb70f89ef3c248b7f0
user10	470	302	1269452542366	0	0	141e2fe89ebb70f89ef3c248b7f0
user10	470	307	1269452542376	0	0	141e2fe89ebb70f89ef3c248b7f0
user10	469	315	1269452542389	0	0	141e2fe89ebb70f89ef3c248b7f0
user10	469	317	1269452542401	0	0	141e2fe89ebb70f89ef3c248b7f0
user10	469	318	1269452542403	0	0	141e2fe89ebb70f89ef3c248b7f0
user10	469	319	1269452542415	0	0	141e2fe89ebb70f89ef3c248b7f0
user10	468	320	1269452542418	0	0	141e2fe89ebb70f89ef3c248b7f0
user10	468	320	1269452542431	0	0	141e2fe89ebb70f89ef3c248b7f0
user10	469	318	1269452542569	0	0	141e2fe89ebb70f89ef3c248b7f0
user10	470	316	1269452542581	0	0	141e2fe89ebb70f89ef3c248b7f0
user10	472	312	1269452542594	0	0	141e2fe89ebb70f89ef3c248b7f0
user10	474	308	1269452542609	0	0	141e2fe89ebb70f89ef3c248b7f0
user10	476	304	1269452542612	0	0	141e2fe89ebb70f89ef3c248b7f0
user10	478	302	1269452542624	0	0	141e2fe89ebb70f89ef3c248b7f0
user10	481	298	1269452542626	0	0	141e2fe89ebb70f89ef3c248b7f0
user10	483	296	1269452542639	0	0	141e2fe89ebb70f89ef3c248b7f0
user10	486	293	1269452542642	0	0	141e2fe89ebb70f89ef3c248b7f0
user10	488	292	1269452542655	0	0	141e2fe89ebb70f89ef3c248b7f0
user10	490	291	1269452542657	0	0	141e2fe89ebb70f89ef3c248b7f0
user10	492	290	1269452542670	0	0	141e2fe89ebb70f89ef3c248b7f0
user10	496	290	1269452542683	0	0	141e2fe89ebb70f89ef3c248b7f0
user10	497	289	1269452542693	0	0	141e2fe89ebb70f89ef3c248b7f0
user10	499	288	1269452542705	0	0	141e2fe89ebb70f89ef3c248b7f0
user10	501	288	1269452542707	0	0	141e2fe89ebb70f89ef3c248b7f0
user10	502	288	1269452542719	0	0	141e2fe89ebb70f89ef3c248b7f0
user10	504	287	1269452542729	0	0	141e2fe89ebb70f89ef3c248b7f0
user10	506	287	1269452542732	0	0	141e2fe89ebb70f89ef3c248b7f0
user10	507	287	1269452542742	0	0	141e2fe89ebb70f89ef3c248b7f0
user10	508	286	1269452542754	0	0	141e2fe89ebb70f89ef3c248b7f0
user10	510	286	1269452542765	0	0	141e2fe89ebb70f89ef3c248b7f0
user10	514	286	1269452542775	0	0	141e2fe89ebb70f89ef3c248b7f0
user10	519	286	1269452542777	0	0	141e2fe89ebb70f89ef3c248b7f0
user10	527	286	1269452542789	0	0	141e2fe89ebb70f89ef3c248b7f0
user10	538	286	1269452542801	0	0	141e2fe89ebb70f89ef3c248b7f0
user10	550	285	1269452542803	0	0	141e2fe89ebb70f89ef3c248b7f0
user10	563	281	1269452542816	0	0	141e2fe89ebb70f89ef3c248b7f0
user10	579	278	1269452542818	0	0	141e2fe89ebb70f89ef3c248b7f0
user10	596	271	1269452542829	0	0	141e2fe89ebb70f89ef3c248b7f0
user10	616	264	1269452542840	0	0	141e2fe89ebb70f89ef3c248b7f0
user10	636	255	1269452542843	0	0	141e2fe89ebb70f89ef3c248b7f0
user10	672	237	1269452542859	0	0	141e2fe89ebb70f89ef3c248b7f0
user10	690	227	1269452542868	0	0	141e2fe89ebb70f89ef3c248b7f0
user10	702	218	1269452542873	0	0	141e2fe89ebb70f89ef3c248b7f0
user10	713	210	1269452542888	0	0	141e2fe89ebb70f89ef3c248b7f0
user10	721	204	1269452542890	0	0	141e2fe89ebb70f89ef3c248b7f0
user10	733	190	1269452542908	0	0	141e2fe89ebb70f89ef3c248b7f0
user10	736	184	1269452542925	0	0	141e2fe89ebb70f89ef3c248b7f0
user10	736	180	1269452542942	0	0	141e2fe89ebb70f89ef3c248b7f0
user10	737	178	1269452542954	0	0	141e2fe89ebb70f89ef3c248b7f0
user10	737	176	1269452542965	0	0	141e2fe89ebb70f89ef3c248b7f0
user10	737	174	1269452542977	0	0	141e2fe89ebb70f89ef3c248b7f0
user10	737	172	1269452542979	0	0	141e2fe89ebb70f89ef3c248b7f0
user10	737	171	1269452542990	0	0	141e2fe89ebb70f89ef3c248b7f0
user10	737	168	1269452543002	0	0	141e2fe89ebb70f89ef3c248b7f0
user10	736	168	1269452543013	0	0	141e2fe89ebb70f89ef3c248b7f0
user10	736	166	1269452543024	0	0	141e2fe89ebb70f89ef3c248b7f0
user10	735	166	1269452543026	0	0	141e2fe89ebb70f89ef3c248b7f0
user10	734	166	1269452543049	0	0	141e2fe89ebb70f89ef3c248b7f0
user10	734	165	1269452543060	0	0	141e2fe89ebb70f89ef3c248b7f0
user10	732	165	1269452543089	0	0	141e2fe89ebb70f89ef3c248b7f0
user10	731	165	1269452543100	0	0	141e2fe89ebb70f89ef3c248b7f0
user10	730	165	1269452543113	0	0	141e2fe89ebb70f89ef3c248b7f0
user10	729	165	1269452543125	0	0	141e2fe89ebb70f89ef3c248b7f0
user10	728	165	1269452543136	0	0	141e2fe89ebb70f89ef3c248b7f0
user10	727	165	1269452543147	0	0	141e2fe89ebb70f89ef3c248b7f0
user10	727	165	1269452543266	1269452543177	1269452543266	141e2fe89ebb70f89ef3c248b7f0
user10	540	54	1269452553912	0	0	141e2fe89ebb70f89ef3c248b7f0
user10	540	53	1269452553921	0	0	141e2fe89ebb70f89ef3c248b7f0
user10	540	53	1269452553939	0	0	141e2fe89ebb70f89ef3c248b7f0
user10	541	53	1269452554001	0	0	141e2fe89ebb70f89ef3c248b7f0
user10	542	53	1269452554017	0	0	141e2fe89ebb70f89ef3c248b7f0
user10	542	54	1269452554031	0	0	141e2fe89ebb70f89ef3c248b7f0
user10	543	55	1269452554046	0	0	141e2fe89ebb70f89ef3c248b7f0
user10	544	57	1269452554061	0	0	141e2fe89ebb70f89ef3c248b7f0
user10	546	59	1269452554078	0	0	141e2fe89ebb70f89ef3c248b7f0
user10	548	61	1269452554093	0	0	141e2fe89ebb70f89ef3c248b7f0
user10	551	63	1269452554109	0	0	141e2fe89ebb70f89ef3c248b7f0
user10	553	65	1269452554125	0	0	141e2fe89ebb70f89ef3c248b7f0
user10	553	68	1269452554140	0	0	141e2fe89ebb70f89ef3c248b7f0
user10	553	70	1269452554157	0	0	141e2fe89ebb70f89ef3c248b7f0
user10	554	71	1269452554163	0	0	141e2fe89ebb70f89ef3c248b7f0
user10	556	77	1269452554179	0	0	141e2fe89ebb70f89ef3c248b7f0
user10	560	83	1269452554193	0	0	141e2fe89ebb70f89ef3c248b7f0
user10	562	87	1269452554206	0	0	141e2fe89ebb70f89ef3c248b7f0
user10	564	92	1269452554209	0	0	141e2fe89ebb70f89ef3c248b7f0
user10	567	98	1269452554222	0	0	141e2fe89ebb70f89ef3c248b7f0
user10	568	101	1269452554234	0	0	141e2fe89ebb70f89ef3c248b7f0
user10	569	107	1269452554237	0	0	141e2fe89ebb70f89ef3c248b7f0
user10	571	114	1269452554248	0	0	141e2fe89ebb70f89ef3c248b7f0
user10	571	121	1269452554251	0	0	141e2fe89ebb70f89ef3c248b7f0
user10	572	129	1269452554263	0	0	141e2fe89ebb70f89ef3c248b7f0
user10	573	137	1269452554266	0	0	141e2fe89ebb70f89ef3c248b7f0
user10	573	145	1269452554278	0	0	141e2fe89ebb70f89ef3c248b7f0
user10	574	161	1269452554291	0	0	141e2fe89ebb70f89ef3c248b7f0
user10	576	178	1269452554305	0	0	141e2fe89ebb70f89ef3c248b7f0
user10	577	187	1269452554317	0	0	141e2fe89ebb70f89ef3c248b7f0
user10	580	204	1269452554331	0	0	141e2fe89ebb70f89ef3c248b7f0
user10	583	217	1269452554345	0	0	141e2fe89ebb70f89ef3c248b7f0
user10	586	225	1269452554359	0	0	141e2fe89ebb70f89ef3c248b7f0
user10	589	230	1269452554361	0	0	141e2fe89ebb70f89ef3c248b7f0
user10	593	238	1269452554374	0	0	141e2fe89ebb70f89ef3c248b7f0
user10	597	243	1269452554377	0	0	141e2fe89ebb70f89ef3c248b7f0
user10	602	247	1269452554391	0	0	141e2fe89ebb70f89ef3c248b7f0
user10	605	249	1269452554393	0	0	141e2fe89ebb70f89ef3c248b7f0
user10	609	251	1269452554407	0	0	141e2fe89ebb70f89ef3c248b7f0
user10	612	251	1269452554409	0	0	141e2fe89ebb70f89ef3c248b7f0
user10	616	250	1269452554421	0	0	141e2fe89ebb70f89ef3c248b7f0
user10	620	248	1269452554432	0	0	141e2fe89ebb70f89ef3c248b7f0
user10	623	246	1269452554435	0	0	141e2fe89ebb70f89ef3c248b7f0
user10	629	243	1269452554445	0	0	141e2fe89ebb70f89ef3c248b7f0
user10	638	238	1269452554458	0	0	141e2fe89ebb70f89ef3c248b7f0
user10	649	231	1269452554474	0	0	141e2fe89ebb70f89ef3c248b7f0
user10	662	225	1269452554491	0	0	141e2fe89ebb70f89ef3c248b7f0
user10	669	220	1269452554504	0	0	141e2fe89ebb70f89ef3c248b7f0
user10	675	215	1269452554507	0	0	141e2fe89ebb70f89ef3c248b7f0
user10	686	206	1269452554521	0	0	141e2fe89ebb70f89ef3c248b7f0
user10	691	201	1269452554535	0	0	141e2fe89ebb70f89ef3c248b7f0
user10	693	197	1269452554538	0	0	141e2fe89ebb70f89ef3c248b7f0
user10	695	195	1269452554552	0	0	141e2fe89ebb70f89ef3c248b7f0
user10	697	193	1269452554554	0	0	141e2fe89ebb70f89ef3c248b7f0
user10	698	191	1269452554566	0	0	141e2fe89ebb70f89ef3c248b7f0
user10	699	188	1269452554578	0	0	141e2fe89ebb70f89ef3c248b7f0
user10	700	187	1269452554591	0	0	141e2fe89ebb70f89ef3c248b7f0
user10	700	185	1269452554604	0	0	141e2fe89ebb70f89ef3c248b7f0
user10	700	184	1269452554615	0	0	141e2fe89ebb70f89ef3c248b7f0
user10	700	183	1269452554617	0	0	141e2fe89ebb70f89ef3c248b7f0
user10	700	181	1269452554628	0	0	141e2fe89ebb70f89ef3c248b7f0
user10	702	178	1269452554641	0	0	141e2fe89ebb70f89ef3c248b7f0
user10	702	177	1269452554654	0	0	141e2fe89ebb70f89ef3c248b7f0
user10	705	175	1269452554665	0	0	141e2fe89ebb70f89ef3c248b7f0
user10	706	174	1269452554677	0	0	141e2fe89ebb70f89ef3c248b7f0
user10	708	173	1269452554692	0	0	141e2fe89ebb70f89ef3c248b7f0
user10	710	171	1269452554705	0	0	141e2fe89ebb70f89ef3c248b7f0
user10	710	170	1269452554719	0	0	141e2fe89ebb70f89ef3c248b7f0
user10	711	169	1269452554722	0	0	141e2fe89ebb70f89ef3c248b7f0
user10	713	169	1269452554739	0	0	141e2fe89ebb70f89ef3c248b7f0
user10	713	168	1269452554752	0	0	141e2fe89ebb70f89ef3c248b7f0
user10	714	168	1269452554767	0	0	141e2fe89ebb70f89ef3c248b7f0
user10	714	167	1269452554773	0	0	141e2fe89ebb70f89ef3c248b7f0
user10	716	166	1269452554790	0	0	141e2fe89ebb70f89ef3c248b7f0
user10	717	166	1269452554806	0	0	141e2fe89ebb70f89ef3c248b7f0
user10	717	165	1269452554827	0	0	141e2fe89ebb70f89ef3c248b7f0
user10	717	165	1269452554913	1269452554809	1269452554913	141e2fe89ebb70f89ef3c248b7f0
user10	482	326	1269452557185	0	0	141e2fe89ebb70f89ef3c248b7f0
user10	482	326	1269452557675	0	0	141e2fe89ebb70f89ef3c248b7f0
user10	482	326	1269452558673	1269452558584	1269452558673	141e2fe89ebb70f89ef3c248b7f0
user10	484	326	1269452565984	0	0	141e2fe89ebb70f89ef3c248b7f0
user10	487	324	1269452565998	0	0	141e2fe89ebb70f89ef3c248b7f0
user10	492	323	1269452566001	0	0	141e2fe89ebb70f89ef3c248b7f0
user10	497	323	1269452566017	0	0	141e2fe89ebb70f89ef3c248b7f0
user10	498	323	1269452566032	0	0	141e2fe89ebb70f89ef3c248b7f0
user10	499	323	1269452566035	0	0	141e2fe89ebb70f89ef3c248b7f0
user10	500	324	1269452566051	0	0	141e2fe89ebb70f89ef3c248b7f0
user10	503	326	1269452566067	0	0	141e2fe89ebb70f89ef3c248b7f0
user10	510	331	1269452566082	0	0	141e2fe89ebb70f89ef3c248b7f0
user10	515	335	1269452566095	0	0	141e2fe89ebb70f89ef3c248b7f0
user10	521	338	1269452566097	0	0	141e2fe89ebb70f89ef3c248b7f0
user10	526	342	1269452566111	0	0	141e2fe89ebb70f89ef3c248b7f0
user10	529	344	1269452566113	0	0	141e2fe89ebb70f89ef3c248b7f0
user10	531	345	1269452566126	0	0	141e2fe89ebb70f89ef3c248b7f0
user10	533	346	1269452566129	0	0	141e2fe89ebb70f89ef3c248b7f0
user10	534	347	1269452566143	0	0	141e2fe89ebb70f89ef3c248b7f0
user10	536	348	1269452566145	0	0	141e2fe89ebb70f89ef3c248b7f0
user10	537	350	1269452566159	0	0	141e2fe89ebb70f89ef3c248b7f0
user10	538	352	1269452566171	0	0	141e2fe89ebb70f89ef3c248b7f0
user10	539	352	1269452566184	0	0	141e2fe89ebb70f89ef3c248b7f0
user10	539	353	1269452566186	0	0	141e2fe89ebb70f89ef3c248b7f0
user10	540	353	1269452566197	0	0	141e2fe89ebb70f89ef3c248b7f0
user10	541	354	1269452566211	0	0	141e2fe89ebb70f89ef3c248b7f0
user10	543	355	1269452566221	0	0	141e2fe89ebb70f89ef3c248b7f0
user10	546	355	1269452566233	0	0	141e2fe89ebb70f89ef3c248b7f0
user10	548	356	1269452566245	0	0	141e2fe89ebb70f89ef3c248b7f0
user10	551	356	1269452566256	0	0	141e2fe89ebb70f89ef3c248b7f0
user10	555	357	1269452566259	0	0	141e2fe89ebb70f89ef3c248b7f0
user10	559	357	1269452566269	0	0	141e2fe89ebb70f89ef3c248b7f0
user10	572	357	1269452566281	0	0	141e2fe89ebb70f89ef3c248b7f0
user10	577	357	1269452566293	0	0	141e2fe89ebb70f89ef3c248b7f0
user10	588	357	1269452566304	0	0	141e2fe89ebb70f89ef3c248b7f0
user10	592	357	1269452566316	0	0	141e2fe89ebb70f89ef3c248b7f0
user10	598	357	1269452566329	0	0	141e2fe89ebb70f89ef3c248b7f0
user10	600	357	1269452566342	0	0	141e2fe89ebb70f89ef3c248b7f0
user10	602	357	1269452566345	0	0	141e2fe89ebb70f89ef3c248b7f0
user10	604	357	1269452566355	0	0	141e2fe89ebb70f89ef3c248b7f0
user10	609	357	1269452566368	0	0	141e2fe89ebb70f89ef3c248b7f0
user10	610	357	1269452566380	0	0	141e2fe89ebb70f89ef3c248b7f0
user10	611	357	1269452566392	0	0	141e2fe89ebb70f89ef3c248b7f0
user10	612	357	1269452566394	0	0	141e2fe89ebb70f89ef3c248b7f0
user10	612	356	1269452566408	0	0	141e2fe89ebb70f89ef3c248b7f0
user10	613	356	1269452566432	0	0	141e2fe89ebb70f89ef3c248b7f0
user10	613	356	1269452566688	1269452566544	1269452566688	141e2fe89ebb70f89ef3c248b7f0
user10	537	52	1269452575902	0	0	141e2fe89ebb70f89ef3c248b7f0
user10	537	52	1269452576393	0	0	141e2fe89ebb70f89ef3c248b7f0
user10	537	52	1269452577016	0	0	141e2fe89ebb70f89ef3c248b7f0
user10	537	52	1269452577019	0	0	141e2fe89ebb70f89ef3c248b7f0
user10	540	52	1269452585231	0	0	141e2fe89ebb70f89ef3c248b7f0
user10	544	52	1269452585244	0	0	141e2fe89ebb70f89ef3c248b7f0
user10	559	53	1269452585260	0	0	141e2fe89ebb70f89ef3c248b7f0
user10	573	53	1269452585277	0	0	141e2fe89ebb70f89ef3c248b7f0
user10	581	53	1269452585280	0	0	141e2fe89ebb70f89ef3c248b7f0
user10	595	51	1269452585296	0	0	141e2fe89ebb70f89ef3c248b7f0
user10	606	49	1269452585315	0	0	141e2fe89ebb70f89ef3c248b7f0
user10	612	49	1269452585319	0	0	141e2fe89ebb70f89ef3c248b7f0
user10	616	48	1269452585327	0	0	141e2fe89ebb70f89ef3c248b7f0
user10	623	47	1269452585343	0	0	141e2fe89ebb70f89ef3c248b7f0
user10	625	46	1269452585361	0	0	141e2fe89ebb70f89ef3c248b7f0
user10	627	46	1269452585362	0	0	141e2fe89ebb70f89ef3c248b7f0
user10	628	45	1269452585375	0	0	141e2fe89ebb70f89ef3c248b7f0
user10	629	44	1269452585377	0	0	141e2fe89ebb70f89ef3c248b7f0
user10	630	44	1269452585389	0	0	141e2fe89ebb70f89ef3c248b7f0
user10	631	45	1269452591854	0	0	141e2fe89ebb70f89ef3c248b7f0
user10	637	47	1269452591869	0	0	141e2fe89ebb70f89ef3c248b7f0
user10	643	50	1269452591872	0	0	141e2fe89ebb70f89ef3c248b7f0
user10	656	56	1269452591888	0	0	141e2fe89ebb70f89ef3c248b7f0
user10	668	64	1269452591907	0	0	141e2fe89ebb70f89ef3c248b7f0
user10	674	71	1269452591923	0	0	141e2fe89ebb70f89ef3c248b7f0
user10	676	75	1269452591928	0	0	141e2fe89ebb70f89ef3c248b7f0
user10	681	84	1269452591944	0	0	141e2fe89ebb70f89ef3c248b7f0
user10	685	92	1269452591960	0	0	141e2fe89ebb70f89ef3c248b7f0
user10	689	101	1269452591977	0	0	141e2fe89ebb70f89ef3c248b7f0
user10	693	107	1269452591990	0	0	141e2fe89ebb70f89ef3c248b7f0
user10	694	109	1269452592004	0	0	141e2fe89ebb70f89ef3c248b7f0
user10	695	109	1269452592006	0	0	141e2fe89ebb70f89ef3c248b7f0
user10	695	111	1269452592019	0	0	141e2fe89ebb70f89ef3c248b7f0
user10	696	113	1269452592022	0	0	141e2fe89ebb70f89ef3c248b7f0
user10	700	118	1269452592042	0	0	141e2fe89ebb70f89ef3c248b7f0
user10	701	121	1269452592048	0	0	141e2fe89ebb70f89ef3c248b7f0
user10	705	124	1269452592064	0	0	141e2fe89ebb70f89ef3c248b7f0
user10	707	127	1269452592078	0	0	141e2fe89ebb70f89ef3c248b7f0
user10	710	133	1269452592095	0	0	141e2fe89ebb70f89ef3c248b7f0
user10	712	138	1269452592108	0	0	141e2fe89ebb70f89ef3c248b7f0
user10	716	143	1269452592111	0	0	141e2fe89ebb70f89ef3c248b7f0
user10	718	146	1269452592122	0	0	141e2fe89ebb70f89ef3c248b7f0
user10	719	149	1269452592134	0	0	141e2fe89ebb70f89ef3c248b7f0
user10	721	151	1269452592136	0	0	141e2fe89ebb70f89ef3c248b7f0
user10	721	154	1269452592148	0	0	141e2fe89ebb70f89ef3c248b7f0
user10	721	155	1269452592151	0	0	141e2fe89ebb70f89ef3c248b7f0
user10	721	157	1269452592166	0	0	141e2fe89ebb70f89ef3c248b7f0
user10	721	158	1269452592177	0	0	141e2fe89ebb70f89ef3c248b7f0
user10	721	159	1269452592189	0	0	141e2fe89ebb70f89ef3c248b7f0
user10	721	160	1269452592191	0	0	141e2fe89ebb70f89ef3c248b7f0
user10	721	162	1269452592203	0	0	141e2fe89ebb70f89ef3c248b7f0
user10	721	163	1269452592215	0	0	141e2fe89ebb70f89ef3c248b7f0
user10	723	165	1269452592217	0	0	141e2fe89ebb70f89ef3c248b7f0
user10	723	167	1269452592227	0	0	141e2fe89ebb70f89ef3c248b7f0
user10	723	169	1269452592239	0	0	141e2fe89ebb70f89ef3c248b7f0
user10	723	170	1269452592254	0	0	141e2fe89ebb70f89ef3c248b7f0
user10	723	170	1269452592447	1269452592350	1269452592447	141e2fe89ebb70f89ef3c248b7f0
user10	727	170	1269452594167	0	0	141e2fe89ebb70f89ef3c248b7f0
user10	727	170	1269452594659	0	0	141e2fe89ebb70f89ef3c248b7f0
user10	727	170	1269452594959	1269452594830	1269452594959	141e2fe89ebb70f89ef3c248b7f0
