User	X	Y	MouseTimeStamp	MouseDownTimeStamp	MouseUpTimeStamp	SessionID
user9	2	367	1272333763421	0	0	d0031af1253c422e3d40a1d51ab9
user9	2	367	1272333763421	0	0	d0031af1253c422e3d40a1d51ab9
user9	30	341	1272333763421	0	0	d0031af1253c422e3d40a1d51ab9
user9	154	252	1272333763453	0	0	d0031af1253c422e3d40a1d51ab9
user9	206	225	1272333763468	0	0	d0031af1253c422e3d40a1d51ab9
user9	259	201	1272333763468	0	0	d0031af1253c422e3d40a1d51ab9
user9	312	181	1272333763484	0	0	d0031af1253c422e3d40a1d51ab9
user9	364	166	1272333763484	0	0	d0031af1253c422e3d40a1d51ab9
user9	418	152	1272333763500	0	0	d0031af1253c422e3d40a1d51ab9
user9	469	142	1272333763500	0	0	d0031af1253c422e3d40a1d51ab9
user9	514	134	1272333763515	0	0	d0031af1253c422e3d40a1d51ab9
user9	551	130	1272333763515	0	0	d0031af1253c422e3d40a1d51ab9
user9	589	128	1272333763531	0	0	d0031af1253c422e3d40a1d51ab9
user9	622	127	1272333763531	0	0	d0031af1253c422e3d40a1d51ab9
user9	647	127	1272333763546	0	0	d0031af1253c422e3d40a1d51ab9
user9	670	127	1272333763546	0	0	d0031af1253c422e3d40a1d51ab9
user9	681	126	1272333763562	0	0	d0031af1253c422e3d40a1d51ab9
user9	690	126	1272333763562	0	0	d0031af1253c422e3d40a1d51ab9
user9	696	126	1272333763578	0	0	d0031af1253c422e3d40a1d51ab9
user9	699	126	1272333763578	0	0	d0031af1253c422e3d40a1d51ab9
user9	700	126	1272333763593	0	0	d0031af1253c422e3d40a1d51ab9
user9	700	126	1272333763703	0	0	d0031af1253c422e3d40a1d51ab9
user9	700	126	1272333763703	0	0	d0031af1253c422e3d40a1d51ab9
user9	700	126	1272333763750	0	0	d0031af1253c422e3d40a1d51ab9
user9	702	126	1272333763781	0	0	d0031af1253c422e3d40a1d51ab9
user9	703	125	1272333763796	0	0	d0031af1253c422e3d40a1d51ab9
user9	706	123	1272333763812	0	0	d0031af1253c422e3d40a1d51ab9
user9	711	121	1272333763812	0	0	d0031af1253c422e3d40a1d51ab9
user9	716	117	1272333763828	0	0	d0031af1253c422e3d40a1d51ab9
user9	721	111	1272333763828	0	0	d0031af1253c422e3d40a1d51ab9
user9	727	102	1272333763843	0	0	d0031af1253c422e3d40a1d51ab9
user9	734	89	1272333763843	0	0	d0031af1253c422e3d40a1d51ab9
user9	746	71	1272333763859	0	0	d0031af1253c422e3d40a1d51ab9
user9	756	52	1272333763859	0	0	d0031af1253c422e3d40a1d51ab9
user9	765	38	1272333763875	0	0	d0031af1253c422e3d40a1d51ab9
user9	774	21	1272333763875	0	0	d0031af1253c422e3d40a1d51ab9
user9	843	12	1272333765125	0	0	d0031af1253c422e3d40a1d51ab9
user9	843	18	1272333765125	0	0	d0031af1253c422e3d40a1d51ab9
user9	843	26	1272333765140	0	0	d0031af1253c422e3d40a1d51ab9
user9	845	31	1272333765140	0	0	d0031af1253c422e3d40a1d51ab9
user9	846	37	1272333765156	0	0	d0031af1253c422e3d40a1d51ab9
user9	847	43	1272333765156	0	0	d0031af1253c422e3d40a1d51ab9
user9	849	50	1272333765171	0	0	d0031af1253c422e3d40a1d51ab9
user9	850	57	1272333765171	0	0	d0031af1253c422e3d40a1d51ab9
user9	850	63	1272333765187	0	0	d0031af1253c422e3d40a1d51ab9
user9	850	70	1272333765203	0	0	d0031af1253c422e3d40a1d51ab9
user9	850	74	1272333765203	0	0	d0031af1253c422e3d40a1d51ab9
user9	850	79	1272333765218	0	0	d0031af1253c422e3d40a1d51ab9
user9	847	84	1272333765218	0	0	d0031af1253c422e3d40a1d51ab9
user9	845	88	1272333765234	0	0	d0031af1253c422e3d40a1d51ab9
user9	842	91	1272333765234	0	0	d0031af1253c422e3d40a1d51ab9
user9	838	98	1272333765250	0	0	d0031af1253c422e3d40a1d51ab9
user9	834	102	1272333765250	0	0	d0031af1253c422e3d40a1d51ab9
user9	829	110	1272333765265	0	0	d0031af1253c422e3d40a1d51ab9
user9	826	116	1272333765265	0	0	d0031af1253c422e3d40a1d51ab9
user9	822	121	1272333765281	0	0	d0031af1253c422e3d40a1d51ab9
user9	818	136	1272333765296	0	0	d0031af1253c422e3d40a1d51ab9
user9	815	144	1272333765296	0	0	d0031af1253c422e3d40a1d51ab9
user9	814	150	1272333765312	0	0	d0031af1253c422e3d40a1d51ab9
user9	812	156	1272333765312	0	0	d0031af1253c422e3d40a1d51ab9
user9	811	162	1272333765328	0	0	d0031af1253c422e3d40a1d51ab9
user9	810	170	1272333765328	0	0	d0031af1253c422e3d40a1d51ab9
user9	810	174	1272333765343	0	0	d0031af1253c422e3d40a1d51ab9
user9	810	180	1272333765343	0	0	d0031af1253c422e3d40a1d51ab9
user9	810	185	1272333765359	0	0	d0031af1253c422e3d40a1d51ab9
user9	810	188	1272333765359	0	0	d0031af1253c422e3d40a1d51ab9
user9	810	190	1272333765375	0	0	d0031af1253c422e3d40a1d51ab9
user9	810	191	1272333765375	0	0	d0031af1253c422e3d40a1d51ab9
user9	810	192	1272333765390	0	0	d0031af1253c422e3d40a1d51ab9
user9	810	193	1272333765390	0	0	d0031af1253c422e3d40a1d51ab9
user9	811	193	1272333765406	0	0	d0031af1253c422e3d40a1d51ab9
user9	811	191	1272333765609	0	0	d0031af1253c422e3d40a1d51ab9
user9	811	190	1272333765625	0	0	d0031af1253c422e3d40a1d51ab9
user9	810	187	1272333765640	0	0	d0031af1253c422e3d40a1d51ab9
user9	810	185	1272333765640	0	0	d0031af1253c422e3d40a1d51ab9
user9	809	182	1272333765656	0	0	d0031af1253c422e3d40a1d51ab9
user9	809	182	1272333765671	0	0	d0031af1253c422e3d40a1d51ab9
user9	808	182	1272333765671	0	0	d0031af1253c422e3d40a1d51ab9
user9	808	181	1272333765687	0	0	d0031af1253c422e3d40a1d51ab9
user9	808	180	1272333765703	0	0	d0031af1253c422e3d40a1d51ab9
user9	808	180	1272333765968	1272333765828	1272333765968	d0031af1253c422e3d40a1d51ab9
user9	808	180	1272333767109	0	0	d0031af1253c422e3d40a1d51ab9
user9	810	182	1272333774875	0	0	d0031af1253c422e3d40a1d51ab9
user9	818	198	1272333774890	0	0	d0031af1253c422e3d40a1d51ab9
user9	825	219	1272333774906	0	0	d0031af1253c422e3d40a1d51ab9
user9	827	230	1272333774906	0	0	d0031af1253c422e3d40a1d51ab9
user9	831	238	1272333774921	0	0	d0031af1253c422e3d40a1d51ab9
user9	835	256	1272333774937	0	0	d0031af1253c422e3d40a1d51ab9
user9	838	262	1272333774953	0	0	d0031af1253c422e3d40a1d51ab9
user9	842	270	1272333774953	0	0	d0031af1253c422e3d40a1d51ab9
user9	846	277	1272333774953	0	0	d0031af1253c422e3d40a1d51ab9
user9	852	284	1272333774968	0	0	d0031af1253c422e3d40a1d51ab9
user9	854	286	1272333774984	0	0	d0031af1253c422e3d40a1d51ab9
user9	856	288	1272333775000	0	0	d0031af1253c422e3d40a1d51ab9
user9	856	287	1272333775109	0	0	d0031af1253c422e3d40a1d51ab9
user9	856	286	1272333775125	0	0	d0031af1253c422e3d40a1d51ab9
user9	856	286	1272333775140	0	0	d0031af1253c422e3d40a1d51ab9
user9	856	285	1272333775140	0	0	d0031af1253c422e3d40a1d51ab9
user9	856	284	1272333775140	0	0	d0031af1253c422e3d40a1d51ab9
user9	856	283	1272333775156	0	0	d0031af1253c422e3d40a1d51ab9
user9	855	283	1272333775171	0	0	d0031af1253c422e3d40a1d51ab9
user9	855	282	1272333775187	0	0	d0031af1253c422e3d40a1d51ab9
user9	854	282	1272333775218	0	0	d0031af1253c422e3d40a1d51ab9
user9	854	282	1272333775218	0	0	d0031af1253c422e3d40a1d51ab9
user9	853	281	1272333775234	0	0	d0031af1253c422e3d40a1d51ab9
user9	852	281	1272333775250	0	0	d0031af1253c422e3d40a1d51ab9
user9	851	281	1272333775250	0	0	d0031af1253c422e3d40a1d51ab9
user9	850	280	1272333775265	0	0	d0031af1253c422e3d40a1d51ab9
user9	850	280	1272333775265	0	0	d0031af1253c422e3d40a1d51ab9
user9	849	280	1272333775281	0	0	d0031af1253c422e3d40a1d51ab9
user9	847	280	1272333775281	0	0	d0031af1253c422e3d40a1d51ab9
user9	846	279	1272333775296	0	0	d0031af1253c422e3d40a1d51ab9
user9	844	279	1272333775312	0	0	d0031af1253c422e3d40a1d51ab9
user9	843	279	1272333775328	0	0	d0031af1253c422e3d40a1d51ab9
user9	842	279	1272333775328	0	0	d0031af1253c422e3d40a1d51ab9
user9	842	279	1272333775343	0	0	d0031af1253c422e3d40a1d51ab9
user9	841	279	1272333775375	0	0	d0031af1253c422e3d40a1d51ab9
user9	841	279	1272333775687	1272333775578	1272333775687	d0031af1253c422e3d40a1d51ab9
user9	772	250	1272333779718	0	0	d0031af1253c422e3d40a1d51ab9
user9	771	250	1272333792421	0	0	d0031af1253c422e3d40a1d51ab9
user9	715	244	1272333792500	0	0	d0031af1253c422e3d40a1d51ab9
user9	705	242	1272333792515	0	0	d0031af1253c422e3d40a1d51ab9
user9	583	231	1272333792562	0	0	d0031af1253c422e3d40a1d51ab9
user9	559	230	1272333792562	0	0	d0031af1253c422e3d40a1d51ab9
user9	473	222	1272333792593	0	0	d0031af1253c422e3d40a1d51ab9
user9	442	218	1272333792625	0	0	d0031af1253c422e3d40a1d51ab9
user9	436	217	1272333792625	0	0	d0031af1253c422e3d40a1d51ab9
user9	424	215	1272333792656	0	0	d0031af1253c422e3d40a1d51ab9
user9	422	214	1272333792687	0	0	d0031af1253c422e3d40a1d51ab9
user9	422	214	1272333792765	0	0	d0031af1253c422e3d40a1d51ab9
user9	421	212	1272333792781	0	0	d0031af1253c422e3d40a1d51ab9
user9	421	209	1272333792796	0	0	d0031af1253c422e3d40a1d51ab9
user9	418	200	1272333792828	0	0	d0031af1253c422e3d40a1d51ab9
user9	418	193	1272333792843	0	0	d0031af1253c422e3d40a1d51ab9
user9	416	187	1272333792859	0	0	d0031af1253c422e3d40a1d51ab9
user9	415	185	1272333792859	0	0	d0031af1253c422e3d40a1d51ab9
user9	414	182	1272333792875	0	0	d0031af1253c422e3d40a1d51ab9
user9	414	180	1272333792906	0	0	d0031af1253c422e3d40a1d51ab9
user9	414	182	1272333793046	0	0	d0031af1253c422e3d40a1d51ab9
user9	410	186	1272333793078	0	0	d0031af1253c422e3d40a1d51ab9
user9	409	188	1272333793093	0	0	d0031af1253c422e3d40a1d51ab9
user9	408	188	1272333793125	0	0	d0031af1253c422e3d40a1d51ab9
user9	408	188	1272333793703	1272333793328	1272333793703	d0031af1253c422e3d40a1d51ab9
user9	408	187	1272333817718	0	0	d0031af1253c422e3d40a1d51ab9
user9	454	197	1272333817796	0	0	d0031af1253c422e3d40a1d51ab9
user9	492	212	1272333817859	0	0	d0031af1253c422e3d40a1d51ab9
user9	503	214	1272333817890	0	0	d0031af1253c422e3d40a1d51ab9
user9	504	214	1272333817921	0	0	d0031af1253c422e3d40a1d51ab9
user9	503	214	1272333818062	0	0	d0031af1253c422e3d40a1d51ab9
user9	502	218	1272333818093	0	0	d0031af1253c422e3d40a1d51ab9
user9	500	219	1272333818109	0	0	d0031af1253c422e3d40a1d51ab9
user9	499	219	1272333818218	0	0	d0031af1253c422e3d40a1d51ab9
user9	499	219	1272333821937	1272333821828	1272333821937	d0031af1253c422e3d40a1d51ab9
user9	499	219	1272333824750	0	0	d0031af1253c422e3d40a1d51ab9
user9	499	219	1272333825421	0	0	d0031af1253c422e3d40a1d51ab9
user9	499	220	1272333829718	0	0	d0031af1253c422e3d40a1d51ab9
user9	498	223	1272333829796	0	0	d0031af1253c422e3d40a1d51ab9
user9	498	225	1272333829796	0	0	d0031af1253c422e3d40a1d51ab9
user9	511	242	1272333829859	0	0	d0031af1253c422e3d40a1d51ab9
user9	514	244	1272333829859	0	0	d0031af1253c422e3d40a1d51ab9
user9	516	245	1272333829859	0	0	d0031af1253c422e3d40a1d51ab9
user9	534	251	1272333829890	0	0	d0031af1253c422e3d40a1d51ab9
user9	554	256	1272333829921	0	0	d0031af1253c422e3d40a1d51ab9
user9	591	263	1272333829953	0	0	d0031af1253c422e3d40a1d51ab9
user9	624	264	1272333829984	0	0	d0031af1253c422e3d40a1d51ab9
user9	669	262	1272333830000	0	0	d0031af1253c422e3d40a1d51ab9
user9	685	259	1272333830031	0	0	d0031af1253c422e3d40a1d51ab9
user9	696	251	1272333830046	0	0	d0031af1253c422e3d40a1d51ab9
user9	702	243	1272333830062	0	0	d0031af1253c422e3d40a1d51ab9
user9	706	233	1272333830078	0	0	d0031af1253c422e3d40a1d51ab9
user9	709	211	1272333830109	0	0	d0031af1253c422e3d40a1d51ab9
user9	709	195	1272333830125	0	0	d0031af1253c422e3d40a1d51ab9
user9	704	171	1272333830140	0	0	d0031af1253c422e3d40a1d51ab9
user9	700	155	1272333830156	0	0	d0031af1253c422e3d40a1d51ab9
user9	695	131	1272333830187	0	0	d0031af1253c422e3d40a1d51ab9
user9	694	117	1272333830203	0	0	d0031af1253c422e3d40a1d51ab9
user9	690	105	1272333830218	0	0	d0031af1253c422e3d40a1d51ab9
user9	689	99	1272333830218	0	0	d0031af1253c422e3d40a1d51ab9
user9	682	89	1272333830234	0	0	d0031af1253c422e3d40a1d51ab9
user9	674	76	1272333830265	0	0	d0031af1253c422e3d40a1d51ab9
user9	673	74	1272333830281	0	0	d0031af1253c422e3d40a1d51ab9
user9	672	74	1272333832734	0	0	d0031af1253c422e3d40a1d51ab9
user9	578	73	1272333832812	0	0	d0031af1253c422e3d40a1d51ab9
user9	558	71	1272333832828	0	0	d0031af1253c422e3d40a1d51ab9
user9	445	63	1272333832875	0	0	d0031af1253c422e3d40a1d51ab9
user9	428	61	1272333832890	0	0	d0031af1253c422e3d40a1d51ab9
user9	418	61	1272333832906	0	0	d0031af1253c422e3d40a1d51ab9
user9	418	60	1272333833562	0	0	d0031af1253c422e3d40a1d51ab9
user9	429	55	1272333833625	0	0	d0031af1253c422e3d40a1d51ab9
user9	430	55	1272333833640	0	0	d0031af1253c422e3d40a1d51ab9
user9	431	54	1272333833703	0	0	d0031af1253c422e3d40a1d51ab9
user9	431	54	1272333833843	1272333833734	1272333833843	d0031af1253c422e3d40a1d51ab9
user9	334	52	1272333898734	0	0	d0031af1253c422e3d40a1d51ab9
user9	345	57	1272333898781	0	0	d0031af1253c422e3d40a1d51ab9
user9	558	165	1272333898843	0	0	d0031af1253c422e3d40a1d51ab9
user9	691	220	1272333898875	0	0	d0031af1253c422e3d40a1d51ab9
user9	767	266	1272333898906	0	0	d0031af1253c422e3d40a1d51ab9
user9	781	288	1272333898937	0	0	d0031af1253c422e3d40a1d51ab9
user9	774	304	1272333898968	0	0	d0031af1253c422e3d40a1d51ab9
user9	770	313	1272333898968	0	0	d0031af1253c422e3d40a1d51ab9
user9	749	337	1272333899000	0	0	d0031af1253c422e3d40a1d51ab9
user9	726	354	1272333899015	0	0	d0031af1253c422e3d40a1d51ab9
user9	702	354	1272333899031	0	0	d0031af1253c422e3d40a1d51ab9
user9	687	350	1272333899031	0	0	d0031af1253c422e3d40a1d51ab9
user9	686	350	1272333899062	0	0	d0031af1253c422e3d40a1d51ab9
user9	686	350	1272333899328	0	0	d0031af1253c422e3d40a1d51ab9
user9	686	351	1272333899437	0	0	d0031af1253c422e3d40a1d51ab9
user9	686	356	1272333899468	0	0	d0031af1253c422e3d40a1d51ab9
user9	684	360	1272333899500	0	0	d0031af1253c422e3d40a1d51ab9
user9	677	366	1272333899531	0	0	d0031af1253c422e3d40a1d51ab9
user9	670	372	1272333899546	0	0	d0031af1253c422e3d40a1d51ab9
user9	644	394	1272333899578	0	0	d0031af1253c422e3d40a1d51ab9
user9	615	421	1272333899609	0	0	d0031af1253c422e3d40a1d51ab9
user9	577	450	1272333899640	0	0	d0031af1253c422e3d40a1d51ab9
user9	542	469	1272333899656	0	0	d0031af1253c422e3d40a1d51ab9
user9	531	474	1272333899671	0	0	d0031af1253c422e3d40a1d51ab9
user9	502	482	1272333899687	0	0	d0031af1253c422e3d40a1d51ab9
user9	493	483	1272333899687	0	0	d0031af1253c422e3d40a1d51ab9
user9	465	484	1272333899718	0	0	d0031af1253c422e3d40a1d51ab9
user9	447	479	1272333899750	0	0	d0031af1253c422e3d40a1d51ab9
user9	446	479	1272333899781	0	0	d0031af1253c422e3d40a1d51ab9
user9	446	481	1272333899875	0	0	d0031af1253c422e3d40a1d51ab9
user9	450	491	1272333899906	0	0	d0031af1253c422e3d40a1d51ab9
user9	455	519	1272333899937	0	0	d0031af1253c422e3d40a1d51ab9
user9	455	530	1272333899968	0	0	d0031af1253c422e3d40a1d51ab9
user9	455	531	1272333900000	0	0	d0031af1253c422e3d40a1d51ab9
user9	454	531	1272333900093	0	0	d0031af1253c422e3d40a1d51ab9
user9	454	530	1272333900109	0	0	d0031af1253c422e3d40a1d51ab9
user9	453	529	1272333900140	0	0	d0031af1253c422e3d40a1d51ab9
user9	452	528	1272333900156	0	0	d0031af1253c422e3d40a1d51ab9
user9	452	527	1272333900156	0	0	d0031af1253c422e3d40a1d51ab9
user9	451	525	1272333900187	0	0	d0031af1253c422e3d40a1d51ab9
user9	450	522	1272333900218	0	0	d0031af1253c422e3d40a1d51ab9
user9	450	522	1272333900250	0	0	d0031af1253c422e3d40a1d51ab9
user9	450	522	1272333900406	1272333900328	1272333900406	d0031af1253c422e3d40a1d51ab9
user9	286	223	1272333933812	0	0	d0031af1253c422e3d40a1d51ab9
user9	286	225	1272333934828	0	0	d0031af1253c422e3d40a1d51ab9
user9	383	378	1272333934890	0	0	d0031af1253c422e3d40a1d51ab9
user9	494	498	1272333934921	0	0	d0031af1253c422e3d40a1d51ab9
user9	551	559	1272333934953	0	0	d0031af1253c422e3d40a1d51ab9
user9	562	573	1272333934953	0	0	d0031af1253c422e3d40a1d51ab9
user9	439	582	1272333935203	0	0	d0031af1253c422e3d40a1d51ab9
user9	433	578	1272333935281	0	0	d0031af1253c422e3d40a1d51ab9
user9	434	574	1272333935312	0	0	d0031af1253c422e3d40a1d51ab9
user9	433	567	1272333935343	0	0	d0031af1253c422e3d40a1d51ab9
user9	432	563	1272333935375	0	0	d0031af1253c422e3d40a1d51ab9
user9	432	561	1272333935406	0	0	d0031af1253c422e3d40a1d51ab9
user9	432	560	1272333935406	0	0	d0031af1253c422e3d40a1d51ab9
user9	432	558	1272333935437	0	0	d0031af1253c422e3d40a1d51ab9
user9	432	557	1272333935453	0	0	d0031af1253c422e3d40a1d51ab9
user9	432	556	1272333935484	0	0	d0031af1253c422e3d40a1d51ab9
user9	432	555	1272333935515	0	0	d0031af1253c422e3d40a1d51ab9
user9	432	554	1272333935531	0	0	d0031af1253c422e3d40a1d51ab9
user9	432	553	1272333935562	0	0	d0031af1253c422e3d40a1d51ab9
user9	432	551	1272333935578	0	0	d0031af1253c422e3d40a1d51ab9
user9	432	550	1272333935578	0	0	d0031af1253c422e3d40a1d51ab9
user9	432	548	1272333935609	0	0	d0031af1253c422e3d40a1d51ab9
user9	432	546	1272333935609	0	0	d0031af1253c422e3d40a1d51ab9
user9	432	543	1272333935625	0	0	d0031af1253c422e3d40a1d51ab9
user9	432	542	1272333935656	0	0	d0031af1253c422e3d40a1d51ab9
user9	432	542	1272333935671	0	0	d0031af1253c422e3d40a1d51ab9
user9	432	542	1272333935937	1272333935828	1272333935937	d0031af1253c422e3d40a1d51ab9
user9	282	6	1272334072546	0	0	d0031af1253c422e3d40a1d51ab9
user9	362	22	1272334072640	0	0	d0031af1253c422e3d40a1d51ab9
user9	363	22	1272334072718	0	0	d0031af1253c422e3d40a1d51ab9
user9	365	35	1272334072750	0	0	d0031af1253c422e3d40a1d51ab9
user9	372	62	1272334072781	0	0	d0031af1253c422e3d40a1d51ab9
user9	376	71	1272334072812	0	0	d0031af1253c422e3d40a1d51ab9
user9	376	72	1272334072812	0	0	d0031af1253c422e3d40a1d51ab9
user9	376	71	1272334072875	0	0	d0031af1253c422e3d40a1d51ab9
user9	374	69	1272334072906	0	0	d0031af1253c422e3d40a1d51ab9
user9	368	65	1272334072921	0	0	d0031af1253c422e3d40a1d51ab9
user9	366	62	1272334072937	0	0	d0031af1253c422e3d40a1d51ab9
user9	364	60	1272334072968	0	0	d0031af1253c422e3d40a1d51ab9
user9	363	59	1272334073000	0	0	d0031af1253c422e3d40a1d51ab9
user9	363	58	1272334073015	0	0	d0031af1253c422e3d40a1d51ab9
user9	363	58	1272334073234	1272334073125	1272334073234	d0031af1253c422e3d40a1d51ab9
user9	363	58	1272334075765	0	0	d0031af1253c422e3d40a1d51ab9
user9	363	58	1272334076359	0	0	d0031af1253c422e3d40a1d51ab9
user9	391	83	1272334076437	0	0	d0031af1253c422e3d40a1d51ab9
user9	415	103	1272334076453	0	0	d0031af1253c422e3d40a1d51ab9
user9	487	175	1272334076515	0	0	d0031af1253c422e3d40a1d51ab9
user9	504	191	1272334076546	0	0	d0031af1253c422e3d40a1d51ab9
user9	507	194	1272334076578	0	0	d0031af1253c422e3d40a1d51ab9
user9	507	193	1272334076625	0	0	d0031af1253c422e3d40a1d51ab9
user9	507	190	1272334076656	0	0	d0031af1253c422e3d40a1d51ab9
user9	508	183	1272334076687	0	0	d0031af1253c422e3d40a1d51ab9
user9	509	177	1272334076718	0	0	d0031af1253c422e3d40a1d51ab9
user9	509	172	1272334076734	0	0	d0031af1253c422e3d40a1d51ab9
user9	510	171	1272334076750	0	0	d0031af1253c422e3d40a1d51ab9
user9	511	169	1272334076765	0	0	d0031af1253c422e3d40a1d51ab9
user9	514	167	1272334076796	0	0	d0031af1253c422e3d40a1d51ab9
user9	517	166	1272334076812	0	0	d0031af1253c422e3d40a1d51ab9
user9	518	166	1272334076843	0	0	d0031af1253c422e3d40a1d51ab9
user9	519	166	1272334076875	0	0	d0031af1253c422e3d40a1d51ab9
user9	522	168	1272334076890	0	0	d0031af1253c422e3d40a1d51ab9
user9	525	169	1272334076906	0	0	d0031af1253c422e3d40a1d51ab9
user9	527	169	1272334076937	0	0	d0031af1253c422e3d40a1d51ab9
user9	531	169	1272334076953	0	0	d0031af1253c422e3d40a1d51ab9
user9	534	169	1272334076968	0	0	d0031af1253c422e3d40a1d51ab9
user9	534	169	1272334077000	0	0	d0031af1253c422e3d40a1d51ab9
user9	534	169	1272334077234	1272334077062	1272334077234	d0031af1253c422e3d40a1d51ab9
user9	534	169	1272334079359	0	0	d0031af1253c422e3d40a1d51ab9
user9	534	169	1272334079843	1272334079687	1272334079843	d0031af1253c422e3d40a1d51ab9
