User	X	Y	MouseTimeStamp	MouseDownTimeStamp	MouseUpTimeStamp	SessionID
user5	945	75	1272307435905	0	0	b6e9584d4a8240fc74bdaf67fdf1
user5	943	75	1272307435914	0	0	b6e9584d4a8240fc74bdaf67fdf1
user5	937	75	1272307435936	0	0	b6e9584d4a8240fc74bdaf67fdf1
user5	932	75	1272307435936	0	0	b6e9584d4a8240fc74bdaf67fdf1
user5	925	75	1272307435968	0	0	b6e9584d4a8240fc74bdaf67fdf1
user5	915	73	1272307435968	0	0	b6e9584d4a8240fc74bdaf67fdf1
user5	906	72	1272307435968	0	0	b6e9584d4a8240fc74bdaf67fdf1
user5	895	70	1272307435978	0	0	b6e9584d4a8240fc74bdaf67fdf1
user5	886	69	1272307435988	0	0	b6e9584d4a8240fc74bdaf67fdf1
user5	877	68	1272307436000	0	0	b6e9584d4a8240fc74bdaf67fdf1
user5	869	67	1272307436008	0	0	b6e9584d4a8240fc74bdaf67fdf1
user5	861	66	1272307436018	0	0	b6e9584d4a8240fc74bdaf67fdf1
user5	856	66	1272307436046	0	0	b6e9584d4a8240fc74bdaf67fdf1
user5	850	65	1272307436046	0	0	b6e9584d4a8240fc74bdaf67fdf1
user5	845	65	1272307436047	0	0	b6e9584d4a8240fc74bdaf67fdf1
user5	842	64	1272307436066	0	0	b6e9584d4a8240fc74bdaf67fdf1
user5	839	64	1272307436076	0	0	b6e9584d4a8240fc74bdaf67fdf1
user5	836	64	1272307436093	0	0	b6e9584d4a8240fc74bdaf67fdf1
user5	833	64	1272307436103	0	0	b6e9584d4a8240fc74bdaf67fdf1
user5	831	63	1272307436113	0	0	b6e9584d4a8240fc74bdaf67fdf1
user5	829	63	1272307436132	0	0	b6e9584d4a8240fc74bdaf67fdf1
user5	827	62	1272307436133	0	0	b6e9584d4a8240fc74bdaf67fdf1
user5	825	62	1272307436142	0	0	b6e9584d4a8240fc74bdaf67fdf1
user5	823	61	1272307436152	0	0	b6e9584d4a8240fc74bdaf67fdf1
user5	820	61	1272307436155	0	0	b6e9584d4a8240fc74bdaf67fdf1
user5	817	60	1272307436165	0	0	b6e9584d4a8240fc74bdaf67fdf1
user5	814	60	1272307436175	0	0	b6e9584d4a8240fc74bdaf67fdf1
user5	812	59	1272307436176	0	0	b6e9584d4a8240fc74bdaf67fdf1
user5	810	59	1272307436202	0	0	b6e9584d4a8240fc74bdaf67fdf1
user5	809	59	1272307436210	0	0	b6e9584d4a8240fc74bdaf67fdf1
user5	808	59	1272307436249	0	0	b6e9584d4a8240fc74bdaf67fdf1
user5	808	58	1272307436280	0	0	b6e9584d4a8240fc74bdaf67fdf1
user5	809	59	1272307436381	0	0	b6e9584d4a8240fc74bdaf67fdf1
user5	810	62	1272307436399	0	0	b6e9584d4a8240fc74bdaf67fdf1
user5	815	68	1272307436421	0	0	b6e9584d4a8240fc74bdaf67fdf1
user5	823	77	1272307436421	0	0	b6e9584d4a8240fc74bdaf67fdf1
user5	832	88	1272307436421	0	0	b6e9584d4a8240fc74bdaf67fdf1
user5	842	102	1272307436441	0	0	b6e9584d4a8240fc74bdaf67fdf1
user5	851	116	1272307436442	0	0	b6e9584d4a8240fc74bdaf67fdf1
user5	869	146	1272307436499	0	0	b6e9584d4a8240fc74bdaf67fdf1
user5	872	153	1272307436500	0	0	b6e9584d4a8240fc74bdaf67fdf1
user5	876	161	1272307436504	0	0	b6e9584d4a8240fc74bdaf67fdf1
user5	879	167	1272307436514	0	0	b6e9584d4a8240fc74bdaf67fdf1
user5	881	173	1272307436524	0	0	b6e9584d4a8240fc74bdaf67fdf1
user5	883	178	1272307436533	0	0	b6e9584d4a8240fc74bdaf67fdf1
user5	885	181	1272307436543	0	0	b6e9584d4a8240fc74bdaf67fdf1
user5	886	183	1272307436553	0	0	b6e9584d4a8240fc74bdaf67fdf1
user5	887	184	1272307436565	0	0	b6e9584d4a8240fc74bdaf67fdf1
user5	888	184	1272307436574	0	0	b6e9584d4a8240fc74bdaf67fdf1
user5	888	183	1272307436624	0	0	b6e9584d4a8240fc74bdaf67fdf1
user5	888	182	1272307436633	0	0	b6e9584d4a8240fc74bdaf67fdf1
user5	887	181	1272307436652	0	0	b6e9584d4a8240fc74bdaf67fdf1
user5	887	180	1272307436672	0	0	b6e9584d4a8240fc74bdaf67fdf1
user5	886	180	1272307436693	0	0	b6e9584d4a8240fc74bdaf67fdf1
user5	886	180	1272307436803	1272307436711	1272307436803	b6e9584d4a8240fc74bdaf67fdf1
user5	885	180	1272307436831	0	0	b6e9584d4a8240fc74bdaf67fdf1
user5	885	179	1272307436851	0	0	b6e9584d4a8240fc74bdaf67fdf1
user5	884	179	1272307436862	0	0	b6e9584d4a8240fc74bdaf67fdf1
user5	883	177	1272307436890	0	0	b6e9584d4a8240fc74bdaf67fdf1
user5	882	177	1272307436900	0	0	b6e9584d4a8240fc74bdaf67fdf1
user5	881	176	1272307436910	0	0	b6e9584d4a8240fc74bdaf67fdf1
user5	881	175	1272307436920	0	0	b6e9584d4a8240fc74bdaf67fdf1
user5	880	175	1272307436930	0	0	b6e9584d4a8240fc74bdaf67fdf1
user5	879	174	1272307436940	0	0	b6e9584d4a8240fc74bdaf67fdf1
user5	878	173	1272307436941	0	0	b6e9584d4a8240fc74bdaf67fdf1
user5	877	171	1272307436960	0	0	b6e9584d4a8240fc74bdaf67fdf1
user5	875	170	1272307436969	0	0	b6e9584d4a8240fc74bdaf67fdf1
user5	872	168	1272307436972	0	0	b6e9584d4a8240fc74bdaf67fdf1
user5	870	166	1272307436991	0	0	b6e9584d4a8240fc74bdaf67fdf1
user5	866	162	1272307437000	0	0	b6e9584d4a8240fc74bdaf67fdf1
user5	862	156	1272307437010	0	0	b6e9584d4a8240fc74bdaf67fdf1
user5	857	151	1272307437019	0	0	b6e9584d4a8240fc74bdaf67fdf1
user5	853	149	1272307437029	0	0	b6e9584d4a8240fc74bdaf67fdf1
user5	850	147	1272307437039	0	0	b6e9584d4a8240fc74bdaf67fdf1
user5	849	147	1272307437049	0	0	b6e9584d4a8240fc74bdaf67fdf1
user5	848	149	1272307441555	0	0	b6e9584d4a8240fc74bdaf67fdf1
user5	848	151	1272307441565	0	0	b6e9584d4a8240fc74bdaf67fdf1
user5	848	154	1272307441566	0	0	b6e9584d4a8240fc74bdaf67fdf1
user5	848	161	1272307441593	0	0	b6e9584d4a8240fc74bdaf67fdf1
user5	851	174	1272307441603	0	0	b6e9584d4a8240fc74bdaf67fdf1
user5	855	187	1272307441622	0	0	b6e9584d4a8240fc74bdaf67fdf1
user5	862	202	1272307441623	0	0	b6e9584d4a8240fc74bdaf67fdf1
user5	868	212	1272307441624	0	0	b6e9584d4a8240fc74bdaf67fdf1
user5	873	219	1272307441634	0	0	b6e9584d4a8240fc74bdaf67fdf1
user5	876	224	1272307441644	0	0	b6e9584d4a8240fc74bdaf67fdf1
user5	878	227	1272307441645	0	0	b6e9584d4a8240fc74bdaf67fdf1
user5	879	231	1272307441671	0	0	b6e9584d4a8240fc74bdaf67fdf1
user5	879	234	1272307441671	0	0	b6e9584d4a8240fc74bdaf67fdf1
user5	879	237	1272307441672	0	0	b6e9584d4a8240fc74bdaf67fdf1
user5	879	240	1272307441692	0	0	b6e9584d4a8240fc74bdaf67fdf1
user5	880	243	1272307441692	0	0	b6e9584d4a8240fc74bdaf67fdf1
user5	881	246	1272307441711	0	0	b6e9584d4a8240fc74bdaf67fdf1
user5	882	247	1272307441721	0	0	b6e9584d4a8240fc74bdaf67fdf1
user5	882	248	1272307441731	0	0	b6e9584d4a8240fc74bdaf67fdf1
user5	882	249	1272307441770	0	0	b6e9584d4a8240fc74bdaf67fdf1
user5	882	250	1272307441771	0	0	b6e9584d4a8240fc74bdaf67fdf1
user5	882	251	1272307441783	0	0	b6e9584d4a8240fc74bdaf67fdf1
user5	882	252	1272307441811	0	0	b6e9584d4a8240fc74bdaf67fdf1
user5	883	254	1272307441811	0	0	b6e9584d4a8240fc74bdaf67fdf1
user5	884	257	1272307441823	0	0	b6e9584d4a8240fc74bdaf67fdf1
user5	885	260	1272307441843	0	0	b6e9584d4a8240fc74bdaf67fdf1
user5	886	262	1272307441843	0	0	b6e9584d4a8240fc74bdaf67fdf1
user5	887	263	1272307441844	0	0	b6e9584d4a8240fc74bdaf67fdf1
user5	887	264	1272307441863	0	0	b6e9584d4a8240fc74bdaf67fdf1
user5	887	266	1272307441864	0	0	b6e9584d4a8240fc74bdaf67fdf1
user5	887	267	1272307441912	0	0	b6e9584d4a8240fc74bdaf67fdf1
user5	887	268	1272307441926	0	0	b6e9584d4a8240fc74bdaf67fdf1
user5	887	269	1272307441952	0	0	b6e9584d4a8240fc74bdaf67fdf1
user5	887	270	1272307441971	0	0	b6e9584d4a8240fc74bdaf67fdf1
user5	887	270	1272307442749	1272307442635	1272307442749	b6e9584d4a8240fc74bdaf67fdf1
user5	871	229	1272307445906	0	0	b6e9584d4a8240fc74bdaf67fdf1
user5	871	228	1272307446140	0	0	b6e9584d4a8240fc74bdaf67fdf1
user5	871	227	1272307446155	0	0	b6e9584d4a8240fc74bdaf67fdf1
user5	870	227	1272307446165	0	0	b6e9584d4a8240fc74bdaf67fdf1
user5	870	226	1272307446215	0	0	b6e9584d4a8240fc74bdaf67fdf1
user5	869	225	1272307446249	0	0	b6e9584d4a8240fc74bdaf67fdf1
user5	869	224	1272307446259	0	0	b6e9584d4a8240fc74bdaf67fdf1
user5	868	223	1272307446269	0	0	b6e9584d4a8240fc74bdaf67fdf1
user5	867	223	1272307446279	0	0	b6e9584d4a8240fc74bdaf67fdf1
user5	866	222	1272307446292	0	0	b6e9584d4a8240fc74bdaf67fdf1
user5	863	220	1272307446302	0	0	b6e9584d4a8240fc74bdaf67fdf1
user5	861	219	1272307446321	0	0	b6e9584d4a8240fc74bdaf67fdf1
user5	859	219	1272307446331	0	0	b6e9584d4a8240fc74bdaf67fdf1
user5	857	217	1272307446341	0	0	b6e9584d4a8240fc74bdaf67fdf1
user5	854	216	1272307446358	0	0	b6e9584d4a8240fc74bdaf67fdf1
user5	852	215	1272307446374	0	0	b6e9584d4a8240fc74bdaf67fdf1
user5	849	214	1272307446384	0	0	b6e9584d4a8240fc74bdaf67fdf1
user5	846	213	1272307446394	0	0	b6e9584d4a8240fc74bdaf67fdf1
user5	842	211	1272307446405	0	0	b6e9584d4a8240fc74bdaf67fdf1
user5	836	208	1272307446406	0	0	b6e9584d4a8240fc74bdaf67fdf1
user5	829	206	1272307446424	0	0	b6e9584d4a8240fc74bdaf67fdf1
user5	822	204	1272307446426	0	0	b6e9584d4a8240fc74bdaf67fdf1
user5	815	202	1272307446461	0	0	b6e9584d4a8240fc74bdaf67fdf1
user5	809	200	1272307446468	0	0	b6e9584d4a8240fc74bdaf67fdf1
user5	803	198	1272307446468	0	0	b6e9584d4a8240fc74bdaf67fdf1
user5	797	197	1272307446475	0	0	b6e9584d4a8240fc74bdaf67fdf1
user5	793	195	1272307446485	0	0	b6e9584d4a8240fc74bdaf67fdf1
user5	788	193	1272307446495	0	0	b6e9584d4a8240fc74bdaf67fdf1
user5	783	191	1272307446504	0	0	b6e9584d4a8240fc74bdaf67fdf1
user5	778	190	1272307446514	0	0	b6e9584d4a8240fc74bdaf67fdf1
user5	770	189	1272307446525	0	0	b6e9584d4a8240fc74bdaf67fdf1
user5	761	188	1272307446536	0	0	b6e9584d4a8240fc74bdaf67fdf1
user5	747	187	1272307446548	0	0	b6e9584d4a8240fc74bdaf67fdf1
user5	734	185	1272307446555	0	0	b6e9584d4a8240fc74bdaf67fdf1
user5	719	181	1272307446566	0	0	b6e9584d4a8240fc74bdaf67fdf1
user5	703	177	1272307446575	0	0	b6e9584d4a8240fc74bdaf67fdf1
user5	658	170	1272307446593	0	0	b6e9584d4a8240fc74bdaf67fdf1
user5	635	166	1272307446594	0	0	b6e9584d4a8240fc74bdaf67fdf1
user5	606	161	1272307446613	0	0	b6e9584d4a8240fc74bdaf67fdf1
user5	572	156	1272307446623	0	0	b6e9584d4a8240fc74bdaf67fdf1
user5	533	152	1272307446632	0	0	b6e9584d4a8240fc74bdaf67fdf1
user5	494	149	1272307446643	0	0	b6e9584d4a8240fc74bdaf67fdf1
user5	458	147	1272307446646	0	0	b6e9584d4a8240fc74bdaf67fdf1
user5	424	144	1272307446663	0	0	b6e9584d4a8240fc74bdaf67fdf1
user5	400	144	1272307446674	0	0	b6e9584d4a8240fc74bdaf67fdf1
user5	383	145	1272307446682	0	0	b6e9584d4a8240fc74bdaf67fdf1
user5	369	147	1272307446697	0	0	b6e9584d4a8240fc74bdaf67fdf1
user5	358	150	1272307446702	0	0	b6e9584d4a8240fc74bdaf67fdf1
user5	349	152	1272307446713	0	0	b6e9584d4a8240fc74bdaf67fdf1
user5	340	154	1272307446733	0	0	b6e9584d4a8240fc74bdaf67fdf1
user5	332	158	1272307446733	0	0	b6e9584d4a8240fc74bdaf67fdf1
user5	326	160	1272307446743	0	0	b6e9584d4a8240fc74bdaf67fdf1
user5	318	164	1272307446765	0	0	b6e9584d4a8240fc74bdaf67fdf1
user5	315	167	1272307446767	0	0	b6e9584d4a8240fc74bdaf67fdf1
user5	313	169	1272307446783	0	0	b6e9584d4a8240fc74bdaf67fdf1
user5	310	172	1272307446793	0	0	b6e9584d4a8240fc74bdaf67fdf1
user5	308	177	1272307446811	0	0	b6e9584d4a8240fc74bdaf67fdf1
user5	307	192	1272307446840	0	0	b6e9584d4a8240fc74bdaf67fdf1
user5	308	197	1272307446850	0	0	b6e9584d4a8240fc74bdaf67fdf1
user5	311	203	1272307446850	0	0	b6e9584d4a8240fc74bdaf67fdf1
user5	314	208	1272307446870	0	0	b6e9584d4a8240fc74bdaf67fdf1
user5	315	211	1272307446880	0	0	b6e9584d4a8240fc74bdaf67fdf1
user5	316	213	1272307446889	0	0	b6e9584d4a8240fc74bdaf67fdf1
user5	316	214	1272307446900	0	0	b6e9584d4a8240fc74bdaf67fdf1
user5	316	215	1272307446920	0	0	b6e9584d4a8240fc74bdaf67fdf1
user5	316	216	1272307446940	0	0	b6e9584d4a8240fc74bdaf67fdf1
user5	316	217	1272307446988	0	0	b6e9584d4a8240fc74bdaf67fdf1
user5	316	217	1272307447182	1272307447057	1272307447182	b6e9584d4a8240fc74bdaf67fdf1
user5	313	217	1272307447217	0	0	b6e9584d4a8240fc74bdaf67fdf1
user5	312	216	1272307447247	0	0	b6e9584d4a8240fc74bdaf67fdf1
user5	310	216	1272307447249	0	0	b6e9584d4a8240fc74bdaf67fdf1
user5	309	215	1272307447252	0	0	b6e9584d4a8240fc74bdaf67fdf1
user5	308	215	1272307447269	0	0	b6e9584d4a8240fc74bdaf67fdf1
user5	308	214	1272307447279	0	0	b6e9584d4a8240fc74bdaf67fdf1
user5	308	213	1272307447289	0	0	b6e9584d4a8240fc74bdaf67fdf1
user5	309	212	1272307447323	0	0	b6e9584d4a8240fc74bdaf67fdf1
user5	309	211	1272307447328	0	0	b6e9584d4a8240fc74bdaf67fdf1
user5	309	210	1272307447339	0	0	b6e9584d4a8240fc74bdaf67fdf1
user5	307	211	1272307450300	0	0	b6e9584d4a8240fc74bdaf67fdf1
user5	304	215	1272307450311	0	0	b6e9584d4a8240fc74bdaf67fdf1
user5	300	221	1272307450326	0	0	b6e9584d4a8240fc74bdaf67fdf1
user5	296	232	1272307450327	0	0	b6e9584d4a8240fc74bdaf67fdf1
user5	297	237	1272307450337	0	0	b6e9584d4a8240fc74bdaf67fdf1
user5	302	242	1272307450358	0	0	b6e9584d4a8240fc74bdaf67fdf1
user5	310	248	1272307450368	0	0	b6e9584d4a8240fc74bdaf67fdf1
user5	324	266	1272307450374	0	0	b6e9584d4a8240fc74bdaf67fdf1
user5	329	275	1272307450384	0	0	b6e9584d4a8240fc74bdaf67fdf1
user5	335	285	1272307450394	0	0	b6e9584d4a8240fc74bdaf67fdf1
user5	338	294	1272307450404	0	0	b6e9584d4a8240fc74bdaf67fdf1
user5	342	302	1272307450421	0	0	b6e9584d4a8240fc74bdaf67fdf1
user5	345	309	1272307450440	0	0	b6e9584d4a8240fc74bdaf67fdf1
user5	347	314	1272307450442	0	0	b6e9584d4a8240fc74bdaf67fdf1
user5	347	316	1272307450460	0	0	b6e9584d4a8240fc74bdaf67fdf1
user5	347	317	1272307450468	0	0	b6e9584d4a8240fc74bdaf67fdf1
user5	347	319	1272307450468	0	0	b6e9584d4a8240fc74bdaf67fdf1
user5	347	320	1272307450518	0	0	b6e9584d4a8240fc74bdaf67fdf1
user5	347	321	1272307450577	0	0	b6e9584d4a8240fc74bdaf67fdf1
user5	347	323	1272307450578	0	0	b6e9584d4a8240fc74bdaf67fdf1
user5	347	325	1272307450597	0	0	b6e9584d4a8240fc74bdaf67fdf1
user5	347	326	1272307450598	0	0	b6e9584d4a8240fc74bdaf67fdf1
user5	346	327	1272307450609	0	0	b6e9584d4a8240fc74bdaf67fdf1
user5	345	328	1272307450637	0	0	b6e9584d4a8240fc74bdaf67fdf1
user5	344	328	1272307450648	0	0	b6e9584d4a8240fc74bdaf67fdf1
user5	343	327	1272307450667	0	0	b6e9584d4a8240fc74bdaf67fdf1
user5	342	327	1272307450676	0	0	b6e9584d4a8240fc74bdaf67fdf1
user5	341	326	1272307450687	0	0	b6e9584d4a8240fc74bdaf67fdf1
user5	339	325	1272307450697	0	0	b6e9584d4a8240fc74bdaf67fdf1
user5	337	324	1272307450716	0	0	b6e9584d4a8240fc74bdaf67fdf1
user5	336	324	1272307450726	0	0	b6e9584d4a8240fc74bdaf67fdf1
user5	336	323	1272307450736	0	0	b6e9584d4a8240fc74bdaf67fdf1
user5	335	323	1272307450746	0	0	b6e9584d4a8240fc74bdaf67fdf1
user5	335	323	1272307450874	1272307450747	1272307450874	b6e9584d4a8240fc74bdaf67fdf1
user5	115	228	1272307458050	0	0	b6e9584d4a8240fc74bdaf67fdf1
user5	110	227	1272307458075	0	0	b6e9584d4a8240fc74bdaf67fdf1
user5	107	226	1272307458075	0	0	b6e9584d4a8240fc74bdaf67fdf1
user5	105	225	1272307458081	0	0	b6e9584d4a8240fc74bdaf67fdf1
user5	103	225	1272307458104	0	0	b6e9584d4a8240fc74bdaf67fdf1
user5	103	224	1272307458111	0	0	b6e9584d4a8240fc74bdaf67fdf1
user5	102	224	1272307458119	0	0	b6e9584d4a8240fc74bdaf67fdf1
user5	102	223	1272307458129	0	0	b6e9584d4a8240fc74bdaf67fdf1
user5	101	222	1272307458142	0	0	b6e9584d4a8240fc74bdaf67fdf1
user5	99	219	1272307458142	0	0	b6e9584d4a8240fc74bdaf67fdf1
user5	98	218	1272307458177	0	0	b6e9584d4a8240fc74bdaf67fdf1
user5	97	217	1272307458186	0	0	b6e9584d4a8240fc74bdaf67fdf1
user5	96	215	1272307458189	0	0	b6e9584d4a8240fc74bdaf67fdf1
user5	95	214	1272307458219	0	0	b6e9584d4a8240fc74bdaf67fdf1
user5	94	212	1272307458219	0	0	b6e9584d4a8240fc74bdaf67fdf1
user5	93	211	1272307458220	0	0	b6e9584d4a8240fc74bdaf67fdf1
user5	93	209	1272307458290	0	0	b6e9584d4a8240fc74bdaf67fdf1
user5	93	208	1272307458290	0	0	b6e9584d4a8240fc74bdaf67fdf1
user5	92	207	1272307458290	0	0	b6e9584d4a8240fc74bdaf67fdf1
user5	92	205	1272307458291	0	0	b6e9584d4a8240fc74bdaf67fdf1
user5	92	201	1272307458280	0	0	b6e9584d4a8240fc74bdaf67fdf1
user5	91	199	1272307458281	0	0	b6e9584d4a8240fc74bdaf67fdf1
user5	91	196	1272307458298	0	0	b6e9584d4a8240fc74bdaf67fdf1
user5	91	192	1272307458327	0	0	b6e9584d4a8240fc74bdaf67fdf1
user5	91	188	1272307458327	0	0	b6e9584d4a8240fc74bdaf67fdf1
user5	91	184	1272307458327	0	0	b6e9584d4a8240fc74bdaf67fdf1
user5	91	180	1272307458347	0	0	b6e9584d4a8240fc74bdaf67fdf1
user5	90	177	1272307458358	0	0	b6e9584d4a8240fc74bdaf67fdf1
user5	87	173	1272307458410	0	0	b6e9584d4a8240fc74bdaf67fdf1
user5	87	170	1272307458410	0	0	b6e9584d4a8240fc74bdaf67fdf1
user5	86	170	1272307458515	0	0	b6e9584d4a8240fc74bdaf67fdf1
user5	86	171	1272307458561	0	0	b6e9584d4a8240fc74bdaf67fdf1
user5	86	170	1272307458632	0	0	b6e9584d4a8240fc74bdaf67fdf1
user5	84	169	1272307458649	0	0	b6e9584d4a8240fc74bdaf67fdf1
user5	83	166	1272307458650	0	0	b6e9584d4a8240fc74bdaf67fdf1
user5	82	164	1272307458669	0	0	b6e9584d4a8240fc74bdaf67fdf1
user5	79	154	1272307458671	0	0	b6e9584d4a8240fc74bdaf67fdf1
user5	78	149	1272307458680	0	0	b6e9584d4a8240fc74bdaf67fdf1
user5	75	143	1272307458686	0	0	b6e9584d4a8240fc74bdaf67fdf1
user5	73	134	1272307458718	0	0	b6e9584d4a8240fc74bdaf67fdf1
user5	69	127	1272307458725	0	0	b6e9584d4a8240fc74bdaf67fdf1
user5	65	121	1272307458735	0	0	b6e9584d4a8240fc74bdaf67fdf1
user5	54	109	1272307458741	0	0	b6e9584d4a8240fc74bdaf67fdf1
user5	50	101	1272307458775	0	0	b6e9584d4a8240fc74bdaf67fdf1
user5	46	93	1272307458775	0	0	b6e9584d4a8240fc74bdaf67fdf1
user5	46	84	1272307458794	0	0	b6e9584d4a8240fc74bdaf67fdf1
user5	48	72	1272307458795	0	0	b6e9584d4a8240fc74bdaf67fdf1
user5	54	57	1272307458805	0	0	b6e9584d4a8240fc74bdaf67fdf1
user5	73	31	1272307458811	0	0	b6e9584d4a8240fc74bdaf67fdf1
user5	85	16	1272307458812	0	0	b6e9584d4a8240fc74bdaf67fdf1
user5	100	1	1272307458843	0	0	b6e9584d4a8240fc74bdaf67fdf1
user5	1002	109	1272307461140	0	0	b6e9584d4a8240fc74bdaf67fdf1
user5	1003	108	1272307461165	0	0	b6e9584d4a8240fc74bdaf67fdf1
user5	1003	108	1272307461209	1272307461166	1272307461209	b6e9584d4a8240fc74bdaf67fdf1
user5	1004	106	1272307461235	0	0	b6e9584d4a8240fc74bdaf67fdf1
user5	1005	103	1272307461237	0	0	b6e9584d4a8240fc74bdaf67fdf1
user5	1008	97	1272307461265	0	0	b6e9584d4a8240fc74bdaf67fdf1
user5	1011	88	1272307461275	0	0	b6e9584d4a8240fc74bdaf67fdf1
user5	1015	75	1272307461285	0	0	b6e9584d4a8240fc74bdaf67fdf1
user5	1019	62	1272307461295	0	0	b6e9584d4a8240fc74bdaf67fdf1
user5	1020	50	1272307461305	0	0	b6e9584d4a8240fc74bdaf67fdf1
user5	1021	34	1272307461311	0	0	b6e9584d4a8240fc74bdaf67fdf1
user5	1021	28	1272307461321	0	0	b6e9584d4a8240fc74bdaf67fdf1
user5	1020	24	1272307461336	0	0	b6e9584d4a8240fc74bdaf67fdf1
user5	1018	19	1272307461340	0	0	b6e9584d4a8240fc74bdaf67fdf1
user5	1016	17	1272307461367	0	0	b6e9584d4a8240fc74bdaf67fdf1
user5	1016	15	1272307461369	0	0	b6e9584d4a8240fc74bdaf67fdf1
user5	1014	13	1272307461378	0	0	b6e9584d4a8240fc74bdaf67fdf1
user5	1014	11	1272307461397	0	0	b6e9584d4a8240fc74bdaf67fdf1
user5	1014	10	1272307461398	0	0	b6e9584d4a8240fc74bdaf67fdf1
user5	1014	9	1272307461408	0	0	b6e9584d4a8240fc74bdaf67fdf1
user5	781	10	1272309552851	0	0	b6e9584d4a8240fc74bdaf67fdf1
user5	754	18	1272309552860	0	0	b6e9584d4a8240fc74bdaf67fdf1
user5	734	25	1272309552887	0	0	b6e9584d4a8240fc74bdaf67fdf1
user5	715	32	1272309552890	0	0	b6e9584d4a8240fc74bdaf67fdf1
user5	698	37	1272309552900	0	0	b6e9584d4a8240fc74bdaf67fdf1
user5	663	52	1272309552919	0	0	b6e9584d4a8240fc74bdaf67fdf1
user5	646	59	1272309552936	0	0	b6e9584d4a8240fc74bdaf67fdf1
user5	631	67	1272309552940	0	0	b6e9584d4a8240fc74bdaf67fdf1
user5	613	75	1272309552956	0	0	b6e9584d4a8240fc74bdaf67fdf1
user5	596	81	1272309552966	0	0	b6e9584d4a8240fc74bdaf67fdf1
user5	580	89	1272309552969	0	0	b6e9584d4a8240fc74bdaf67fdf1
user5	565	97	1272309552985	0	0	b6e9584d4a8240fc74bdaf67fdf1
user5	555	103	1272309552996	0	0	b6e9584d4a8240fc74bdaf67fdf1
user5	545	110	1272309553001	0	0	b6e9584d4a8240fc74bdaf67fdf1
user5	526	125	1272309553005	0	0	b6e9584d4a8240fc74bdaf67fdf1
user5	516	132	1272309553009	0	0	b6e9584d4a8240fc74bdaf67fdf1
user5	505	139	1272309553024	0	0	b6e9584d4a8240fc74bdaf67fdf1
user5	495	144	1272309553034	0	0	b6e9584d4a8240fc74bdaf67fdf1
user5	487	151	1272309553038	0	0	b6e9584d4a8240fc74bdaf67fdf1
user5	481	155	1272309553054	0	0	b6e9584d4a8240fc74bdaf67fdf1
user5	475	159	1272309553058	0	0	b6e9584d4a8240fc74bdaf67fdf1
user5	470	162	1272309553077	0	0	b6e9584d4a8240fc74bdaf67fdf1
user5	466	166	1272309553099	0	0	b6e9584d4a8240fc74bdaf67fdf1
user5	461	169	1272309553099	0	0	b6e9584d4a8240fc74bdaf67fdf1
user5	458	172	1272309553102	0	0	b6e9584d4a8240fc74bdaf67fdf1
user5	455	174	1272309553119	0	0	b6e9584d4a8240fc74bdaf67fdf1
user5	453	176	1272309553129	0	0	b6e9584d4a8240fc74bdaf67fdf1
user5	451	177	1272309553139	0	0	b6e9584d4a8240fc74bdaf67fdf1
user5	449	178	1272309553149	0	0	b6e9584d4a8240fc74bdaf67fdf1
user5	448	178	1272309553168	0	0	b6e9584d4a8240fc74bdaf67fdf1
user5	448	177	1272309553242	0	0	b6e9584d4a8240fc74bdaf67fdf1
user5	448	176	1272309553251	0	0	b6e9584d4a8240fc74bdaf67fdf1
user5	448	175	1272309553268	0	0	b6e9584d4a8240fc74bdaf67fdf1
user5	448	174	1272309553278	0	0	b6e9584d4a8240fc74bdaf67fdf1
user5	449	172	1272309553288	0	0	b6e9584d4a8240fc74bdaf67fdf1
user5	449	171	1272309553298	0	0	b6e9584d4a8240fc74bdaf67fdf1
user5	450	169	1272309553308	0	0	b6e9584d4a8240fc74bdaf67fdf1
user5	451	167	1272309553317	0	0	b6e9584d4a8240fc74bdaf67fdf1
user5	453	165	1272309553328	0	0	b6e9584d4a8240fc74bdaf67fdf1
user5	454	163	1272309553337	0	0	b6e9584d4a8240fc74bdaf67fdf1
user5	456	162	1272309553341	0	0	b6e9584d4a8240fc74bdaf67fdf1
user5	457	160	1272309553357	0	0	b6e9584d4a8240fc74bdaf67fdf1
user5	459	158	1272309553367	0	0	b6e9584d4a8240fc74bdaf67fdf1
user5	460	156	1272309553377	0	0	b6e9584d4a8240fc74bdaf67fdf1
user5	463	155	1272309553381	0	0	b6e9584d4a8240fc74bdaf67fdf1
user5	466	153	1272309553397	0	0	b6e9584d4a8240fc74bdaf67fdf1
user5	470	151	1272309553400	0	0	b6e9584d4a8240fc74bdaf67fdf1
user5	474	148	1272309553416	0	0	b6e9584d4a8240fc74bdaf67fdf1
user5	478	145	1272309553420	0	0	b6e9584d4a8240fc74bdaf67fdf1
user5	484	143	1272309553430	0	0	b6e9584d4a8240fc74bdaf67fdf1
user5	489	141	1272309553446	0	0	b6e9584d4a8240fc74bdaf67fdf1
user5	492	139	1272309553450	0	0	b6e9584d4a8240fc74bdaf67fdf1
user5	497	137	1272309553467	0	0	b6e9584d4a8240fc74bdaf67fdf1
user5	501	135	1272309553476	0	0	b6e9584d4a8240fc74bdaf67fdf1
user5	506	134	1272309553489	0	0	b6e9584d4a8240fc74bdaf67fdf1
user5	512	131	1272309553489	0	0	b6e9584d4a8240fc74bdaf67fdf1
user5	517	129	1272309553506	0	0	b6e9584d4a8240fc74bdaf67fdf1
user5	523	126	1272309553511	0	0	b6e9584d4a8240fc74bdaf67fdf1
user5	529	124	1272309553526	0	0	b6e9584d4a8240fc74bdaf67fdf1
user5	533	122	1272309553536	0	0	b6e9584d4a8240fc74bdaf67fdf1
user5	538	120	1272309553546	0	0	b6e9584d4a8240fc74bdaf67fdf1
user5	541	119	1272309553555	0	0	b6e9584d4a8240fc74bdaf67fdf1
user5	546	118	1272309553566	0	0	b6e9584d4a8240fc74bdaf67fdf1
user5	549	116	1272309553575	0	0	b6e9584d4a8240fc74bdaf67fdf1
user5	553	114	1272309553587	0	0	b6e9584d4a8240fc74bdaf67fdf1
user5	556	113	1272309553596	0	0	b6e9584d4a8240fc74bdaf67fdf1
user5	558	112	1272309553599	0	0	b6e9584d4a8240fc74bdaf67fdf1
user5	560	112	1272309553615	0	0	b6e9584d4a8240fc74bdaf67fdf1
user5	561	111	1272309553625	0	0	b6e9584d4a8240fc74bdaf67fdf1
user5	563	110	1272309553635	0	0	b6e9584d4a8240fc74bdaf67fdf1
user5	564	110	1272309553665	0	0	b6e9584d4a8240fc74bdaf67fdf1
user5	564	109	1272309553833	0	0	b6e9584d4a8240fc74bdaf67fdf1
user5	563	109	1272309553844	0	0	b6e9584d4a8240fc74bdaf67fdf1
user5	562	108	1272309553857	0	0	b6e9584d4a8240fc74bdaf67fdf1
user5	561	108	1272309553893	0	0	b6e9584d4a8240fc74bdaf67fdf1
user5	560	107	1272309553897	0	0	b6e9584d4a8240fc74bdaf67fdf1
user5	558	107	1272309553906	0	0	b6e9584d4a8240fc74bdaf67fdf1
user5	556	106	1272309553917	0	0	b6e9584d4a8240fc74bdaf67fdf1
user5	553	105	1272309553926	0	0	b6e9584d4a8240fc74bdaf67fdf1
user5	547	104	1272309553942	0	0	b6e9584d4a8240fc74bdaf67fdf1
user5	542	103	1272309553949	0	0	b6e9584d4a8240fc74bdaf67fdf1
user5	535	102	1272309553962	0	0	b6e9584d4a8240fc74bdaf67fdf1
user5	528	101	1272309553972	0	0	b6e9584d4a8240fc74bdaf67fdf1
user5	522	101	1272309553982	0	0	b6e9584d4a8240fc74bdaf67fdf1
user5	517	101	1272309553993	0	0	b6e9584d4a8240fc74bdaf67fdf1
user5	512	101	1272309554003	0	0	b6e9584d4a8240fc74bdaf67fdf1
user5	507	101	1272309554006	0	0	b6e9584d4a8240fc74bdaf67fdf1
user5	503	101	1272309554016	0	0	b6e9584d4a8240fc74bdaf67fdf1
user5	499	101	1272309554025	0	0	b6e9584d4a8240fc74bdaf67fdf1
user5	496	101	1272309554042	0	0	b6e9584d4a8240fc74bdaf67fdf1
user5	492	100	1272309554045	0	0	b6e9584d4a8240fc74bdaf67fdf1
user5	489	100	1272309554064	0	0	b6e9584d4a8240fc74bdaf67fdf1
user5	484	99	1272309554066	0	0	b6e9584d4a8240fc74bdaf67fdf1
user5	479	99	1272309554083	0	0	b6e9584d4a8240fc74bdaf67fdf1
user5	472	98	1272309554092	0	0	b6e9584d4a8240fc74bdaf67fdf1
user5	463	96	1272309554101	0	0	b6e9584d4a8240fc74bdaf67fdf1
user5	454	96	1272309554111	0	0	b6e9584d4a8240fc74bdaf67fdf1
user5	446	94	1272309554115	0	0	b6e9584d4a8240fc74bdaf67fdf1
user5	435	94	1272309554125	0	0	b6e9584d4a8240fc74bdaf67fdf1
user5	423	94	1272309554141	0	0	b6e9584d4a8240fc74bdaf67fdf1
user5	411	94	1272309554145	0	0	b6e9584d4a8240fc74bdaf67fdf1
user5	400	94	1272309554161	0	0	b6e9584d4a8240fc74bdaf67fdf1
user5	389	94	1272309554171	0	0	b6e9584d4a8240fc74bdaf67fdf1
user5	379	92	1272309554174	0	0	b6e9584d4a8240fc74bdaf67fdf1
user5	370	91	1272309554191	0	0	b6e9584d4a8240fc74bdaf67fdf1
user5	363	91	1272309554194	0	0	b6e9584d4a8240fc74bdaf67fdf1
user5	358	90	1272309554211	0	0	b6e9584d4a8240fc74bdaf67fdf1
user5	354	90	1272309554214	0	0	b6e9584d4a8240fc74bdaf67fdf1
user5	351	90	1272309554230	0	0	b6e9584d4a8240fc74bdaf67fdf1
user5	348	89	1272309554236	0	0	b6e9584d4a8240fc74bdaf67fdf1
user5	347	89	1272309554252	0	0	b6e9584d4a8240fc74bdaf67fdf1
user5	346	89	1272309554271	0	0	b6e9584d4a8240fc74bdaf67fdf1
user5	345	89	1272309554281	0	0	b6e9584d4a8240fc74bdaf67fdf1
user5	345	87	1272309554322	0	0	b6e9584d4a8240fc74bdaf67fdf1
user5	347	86	1272309554330	0	0	b6e9584d4a8240fc74bdaf67fdf1
user5	349	84	1272309554346	0	0	b6e9584d4a8240fc74bdaf67fdf1
user5	360	78	1272309554349	0	0	b6e9584d4a8240fc74bdaf67fdf1
user5	367	73	1272309554352	0	0	b6e9584d4a8240fc74bdaf67fdf1
user5	375	68	1272309554371	0	0	b6e9584d4a8240fc74bdaf67fdf1
user5	383	64	1272309554374	0	0	b6e9584d4a8240fc74bdaf67fdf1
user5	392	60	1272309554389	0	0	b6e9584d4a8240fc74bdaf67fdf1
user5	399	56	1272309554399	0	0	b6e9584d4a8240fc74bdaf67fdf1
user5	407	52	1272309554405	0	0	b6e9584d4a8240fc74bdaf67fdf1
user5	413	51	1272309554412	0	0	b6e9584d4a8240fc74bdaf67fdf1
user5	418	49	1272309554431	0	0	b6e9584d4a8240fc74bdaf67fdf1
user5	422	47	1272309554438	0	0	b6e9584d4a8240fc74bdaf67fdf1
user5	425	46	1272309554465	0	0	b6e9584d4a8240fc74bdaf67fdf1
user5	428	45	1272309554472	0	0	b6e9584d4a8240fc74bdaf67fdf1
user5	430	44	1272309554478	0	0	b6e9584d4a8240fc74bdaf67fdf1
user5	432	44	1272309554488	0	0	b6e9584d4a8240fc74bdaf67fdf1
user5	433	43	1272309554505	0	0	b6e9584d4a8240fc74bdaf67fdf1
user5	434	43	1272309554528	0	0	b6e9584d4a8240fc74bdaf67fdf1
user5	434	42	1272309554574	0	0	b6e9584d4a8240fc74bdaf67fdf1
user5	434	42	1272309554723	1272309554613	1272309554723	b6e9584d4a8240fc74bdaf67fdf1
user5	374	53	1272309560325	0	0	b6e9584d4a8240fc74bdaf67fdf1
user5	373	53	1272309560367	0	0	b6e9584d4a8240fc74bdaf67fdf1
user5	372	54	1272309560383	0	0	b6e9584d4a8240fc74bdaf67fdf1
user5	371	54	1272309560394	0	0	b6e9584d4a8240fc74bdaf67fdf1
user5	370	54	1272309560403	0	0	b6e9584d4a8240fc74bdaf67fdf1
user5	370	55	1272309560407	0	0	b6e9584d4a8240fc74bdaf67fdf1
user5	369	55	1272309560426	0	0	b6e9584d4a8240fc74bdaf67fdf1
user5	369	56	1272309560443	0	0	b6e9584d4a8240fc74bdaf67fdf1
user5	368	56	1272309560474	0	0	b6e9584d4a8240fc74bdaf67fdf1
user5	367	56	1272309560474	0	0	b6e9584d4a8240fc74bdaf67fdf1
user5	367	57	1272309560758	0	0	b6e9584d4a8240fc74bdaf67fdf1
user5	366	57	1272309560796	0	0	b6e9584d4a8240fc74bdaf67fdf1
user5	367	56	1272309561129	0	0	b6e9584d4a8240fc74bdaf67fdf1
user5	369	56	1272309561133	0	0	b6e9584d4a8240fc74bdaf67fdf1
user5	371	55	1272309561150	0	0	b6e9584d4a8240fc74bdaf67fdf1
user5	374	55	1272309561160	0	0	b6e9584d4a8240fc74bdaf67fdf1
user5	378	54	1272309561169	0	0	b6e9584d4a8240fc74bdaf67fdf1
user5	383	54	1272309561179	0	0	b6e9584d4a8240fc74bdaf67fdf1
user5	390	54	1272309561189	0	0	b6e9584d4a8240fc74bdaf67fdf1
user5	399	54	1272309561200	0	0	b6e9584d4a8240fc74bdaf67fdf1
user5	411	54	1272309561208	0	0	b6e9584d4a8240fc74bdaf67fdf1
user5	427	54	1272309561208	0	0	b6e9584d4a8240fc74bdaf67fdf1
user5	455	54	1272309561217	0	0	b6e9584d4a8240fc74bdaf67fdf1
user5	491	52	1272309561228	0	0	b6e9584d4a8240fc74bdaf67fdf1
user5	532	50	1272309561230	0	0	b6e9584d4a8240fc74bdaf67fdf1
user5	584	46	1272309561247	0	0	b6e9584d4a8240fc74bdaf67fdf1
user5	633	42	1272309561250	0	0	b6e9584d4a8240fc74bdaf67fdf1
user5	829	25	1272309561297	0	0	b6e9584d4a8240fc74bdaf67fdf1
user5	865	23	1272309561317	0	0	b6e9584d4a8240fc74bdaf67fdf1
user5	893	22	1272309561317	0	0	b6e9584d4a8240fc74bdaf67fdf1
user5	913	20	1272309561320	0	0	b6e9584d4a8240fc74bdaf67fdf1
user5	927	19	1272309561336	0	0	b6e9584d4a8240fc74bdaf67fdf1
user5	935	19	1272309561349	0	0	b6e9584d4a8240fc74bdaf67fdf1
user5	941	18	1272309561350	0	0	b6e9584d4a8240fc74bdaf67fdf1
user5	943	18	1272309561366	0	0	b6e9584d4a8240fc74bdaf67fdf1
user5	944	18	1272309561377	0	0	b6e9584d4a8240fc74bdaf67fdf1
user5	943	18	1272309561429	0	0	b6e9584d4a8240fc74bdaf67fdf1
user5	942	19	1272309561439	0	0	b6e9584d4a8240fc74bdaf67fdf1
user5	941	20	1272309561449	0	0	b6e9584d4a8240fc74bdaf67fdf1
user5	940	21	1272309561466	0	0	b6e9584d4a8240fc74bdaf67fdf1
user5	939	22	1272309561485	0	0	b6e9584d4a8240fc74bdaf67fdf1
user5	938	22	1272309561499	0	0	b6e9584d4a8240fc74bdaf67fdf1
user5	938	23	1272309561515	0	0	b6e9584d4a8240fc74bdaf67fdf1
user5	937	23	1272309561525	0	0	b6e9584d4a8240fc74bdaf67fdf1
user5	936	23	1272309561528	0	0	b6e9584d4a8240fc74bdaf67fdf1
user5	935	24	1272309561554	0	0	b6e9584d4a8240fc74bdaf67fdf1
user5	934	25	1272309561575	0	0	b6e9584d4a8240fc74bdaf67fdf1
user5	933	27	1272309561578	0	0	b6e9584d4a8240fc74bdaf67fdf1
user5	933	29	1272309561594	0	0	b6e9584d4a8240fc74bdaf67fdf1
user5	932	32	1272309561614	0	0	b6e9584d4a8240fc74bdaf67fdf1
user5	931	35	1272309561614	0	0	b6e9584d4a8240fc74bdaf67fdf1
user5	931	37	1272309561617	0	0	b6e9584d4a8240fc74bdaf67fdf1
user5	930	40	1272309561634	0	0	b6e9584d4a8240fc74bdaf67fdf1
user5	930	43	1272309561644	0	0	b6e9584d4a8240fc74bdaf67fdf1
user5	930	46	1272309561649	0	0	b6e9584d4a8240fc74bdaf67fdf1
user5	930	48	1272309561663	0	0	b6e9584d4a8240fc74bdaf67fdf1
user5	930	51	1272309561668	0	0	b6e9584d4a8240fc74bdaf67fdf1
user5	930	54	1272309561683	0	0	b6e9584d4a8240fc74bdaf67fdf1
user5	931	57	1272309561693	0	0	b6e9584d4a8240fc74bdaf67fdf1
user5	933	60	1272309561697	0	0	b6e9584d4a8240fc74bdaf67fdf1
user5	937	67	1272309561724	0	0	b6e9584d4a8240fc74bdaf67fdf1
user5	939	70	1272309561734	0	0	b6e9584d4a8240fc74bdaf67fdf1
user5	940	72	1272309561744	0	0	b6e9584d4a8240fc74bdaf67fdf1
user5	942	74	1272309561755	0	0	b6e9584d4a8240fc74bdaf67fdf1
user5	944	76	1272309561764	0	0	b6e9584d4a8240fc74bdaf67fdf1
user5	945	78	1272309561771	0	0	b6e9584d4a8240fc74bdaf67fdf1
user5	947	79	1272309561784	0	0	b6e9584d4a8240fc74bdaf67fdf1
user5	948	80	1272309561794	0	0	b6e9584d4a8240fc74bdaf67fdf1
user5	949	80	1272309561813	0	0	b6e9584d4a8240fc74bdaf67fdf1
user5	950	80	1272309561883	0	0	b6e9584d4a8240fc74bdaf67fdf1
user5	951	79	1272309561893	0	0	b6e9584d4a8240fc74bdaf67fdf1
user5	952	78	1272309561912	0	0	b6e9584d4a8240fc74bdaf67fdf1
user5	952	77	1272309561962	0	0	b6e9584d4a8240fc74bdaf67fdf1
user5	952	76	1272309561985	0	0	b6e9584d4a8240fc74bdaf67fdf1
user5	949	76	1272309562458	0	0	b6e9584d4a8240fc74bdaf67fdf1
user5	947	76	1272309562468	0	0	b6e9584d4a8240fc74bdaf67fdf1
user5	944	76	1272309562471	0	0	b6e9584d4a8240fc74bdaf67fdf1
user5	939	76	1272309562482	0	0	b6e9584d4a8240fc74bdaf67fdf1
user5	931	77	1272309562497	0	0	b6e9584d4a8240fc74bdaf67fdf1
user5	923	77	1272309562521	0	0	b6e9584d4a8240fc74bdaf67fdf1
user5	912	77	1272309562534	0	0	b6e9584d4a8240fc74bdaf67fdf1
user5	872	81	1272309562530	0	0	b6e9584d4a8240fc74bdaf67fdf1
user5	841	86	1272309562546	0	0	b6e9584d4a8240fc74bdaf67fdf1
user5	807	91	1272309562567	0	0	b6e9584d4a8240fc74bdaf67fdf1
user5	765	94	1272309562567	0	0	b6e9584d4a8240fc74bdaf67fdf1
user5	719	96	1272309562578	0	0	b6e9584d4a8240fc74bdaf67fdf1
user5	673	96	1272309562587	0	0	b6e9584d4a8240fc74bdaf67fdf1
user5	626	92	1272309562590	0	0	b6e9584d4a8240fc74bdaf67fdf1
user5	588	92	1272309562601	0	0	b6e9584d4a8240fc74bdaf67fdf1
user5	555	90	1272309562610	0	0	b6e9584d4a8240fc74bdaf67fdf1
user5	530	90	1272309562620	0	0	b6e9584d4a8240fc74bdaf67fdf1
user5	508	88	1272309562630	0	0	b6e9584d4a8240fc74bdaf67fdf1
user5	488	87	1272309562640	0	0	b6e9584d4a8240fc74bdaf67fdf1
user5	470	86	1272309562656	0	0	b6e9584d4a8240fc74bdaf67fdf1
user5	457	83	1272309562666	0	0	b6e9584d4a8240fc74bdaf67fdf1
user5	444	82	1272309562676	0	0	b6e9584d4a8240fc74bdaf67fdf1
user5	434	80	1272309562686	0	0	b6e9584d4a8240fc74bdaf67fdf1
user5	426	78	1272309562696	0	0	b6e9584d4a8240fc74bdaf67fdf1
user5	419	76	1272309562707	0	0	b6e9584d4a8240fc74bdaf67fdf1
user5	414	74	1272309562710	0	0	b6e9584d4a8240fc74bdaf67fdf1
user5	410	73	1272309562726	0	0	b6e9584d4a8240fc74bdaf67fdf1
user5	409	73	1272309562736	0	0	b6e9584d4a8240fc74bdaf67fdf1
user5	407	72	1272309562739	0	0	b6e9584d4a8240fc74bdaf67fdf1
user5	407	71	1272309562756	0	0	b6e9584d4a8240fc74bdaf67fdf1
user5	406	71	1272309562759	0	0	b6e9584d4a8240fc74bdaf67fdf1
user5	405	70	1272309562786	0	0	b6e9584d4a8240fc74bdaf67fdf1
user5	404	69	1272309562786	0	0	b6e9584d4a8240fc74bdaf67fdf1
user5	403	68	1272309562790	0	0	b6e9584d4a8240fc74bdaf67fdf1
user5	401	67	1272309562801	0	0	b6e9584d4a8240fc74bdaf67fdf1
user5	400	66	1272309562811	0	0	b6e9584d4a8240fc74bdaf67fdf1
user5	399	66	1272309562826	0	0	b6e9584d4a8240fc74bdaf67fdf1
user5	397	65	1272309562835	0	0	b6e9584d4a8240fc74bdaf67fdf1
user5	394	64	1272309562845	0	0	b6e9584d4a8240fc74bdaf67fdf1
user5	391	64	1272309562848	0	0	b6e9584d4a8240fc74bdaf67fdf1
user5	388	64	1272309562868	0	0	b6e9584d4a8240fc74bdaf67fdf1
user5	385	63	1272309562876	0	0	b6e9584d4a8240fc74bdaf67fdf1
user5	382	62	1272309562885	0	0	b6e9584d4a8240fc74bdaf67fdf1
user5	378	61	1272309562888	0	0	b6e9584d4a8240fc74bdaf67fdf1
user5	375	61	1272309562898	0	0	b6e9584d4a8240fc74bdaf67fdf1
user5	371	60	1272309562908	0	0	b6e9584d4a8240fc74bdaf67fdf1
user5	368	59	1272309562918	0	0	b6e9584d4a8240fc74bdaf67fdf1
user5	365	58	1272309562935	0	0	b6e9584d4a8240fc74bdaf67fdf1
user5	363	57	1272309562938	0	0	b6e9584d4a8240fc74bdaf67fdf1
user5	362	57	1272309562954	0	0	b6e9584d4a8240fc74bdaf67fdf1
user5	361	57	1272309562974	0	0	b6e9584d4a8240fc74bdaf67fdf1
user5	361	56	1272309562974	0	0	b6e9584d4a8240fc74bdaf67fdf1
user5	361	56	1272309563428	1272309563232	1272309563428	b6e9584d4a8240fc74bdaf67fdf1
user5	500	115	1272309566945	0	0	b6e9584d4a8240fc74bdaf67fdf1
user5	499	115	1272309567411	0	0	b6e9584d4a8240fc74bdaf67fdf1
user5	497	114	1272309567432	0	0	b6e9584d4a8240fc74bdaf67fdf1
user5	495	112	1272309567442	0	0	b6e9584d4a8240fc74bdaf67fdf1
user5	492	112	1272309567451	0	0	b6e9584d4a8240fc74bdaf67fdf1
user5	489	110	1272309567461	0	0	b6e9584d4a8240fc74bdaf67fdf1
user5	487	109	1272309567471	0	0	b6e9584d4a8240fc74bdaf67fdf1
user5	483	107	1272309567481	0	0	b6e9584d4a8240fc74bdaf67fdf1
user5	479	103	1272309567493	0	0	b6e9584d4a8240fc74bdaf67fdf1
user5	476	101	1272309567501	0	0	b6e9584d4a8240fc74bdaf67fdf1
user5	471	98	1272309567504	0	0	b6e9584d4a8240fc74bdaf67fdf1
user5	469	96	1272309567521	0	0	b6e9584d4a8240fc74bdaf67fdf1
user5	466	94	1272309567531	0	0	b6e9584d4a8240fc74bdaf67fdf1
user5	465	93	1272309567541	0	0	b6e9584d4a8240fc74bdaf67fdf1
user5	464	91	1272309567544	0	0	b6e9584d4a8240fc74bdaf67fdf1
user5	463	91	1272309567561	0	0	b6e9584d4a8240fc74bdaf67fdf1
user5	463	90	1272309567571	0	0	b6e9584d4a8240fc74bdaf67fdf1
user5	462	89	1272309567580	0	0	b6e9584d4a8240fc74bdaf67fdf1
user5	461	89	1272309567614	0	0	b6e9584d4a8240fc74bdaf67fdf1
user5	461	88	1272309567614	0	0	b6e9584d4a8240fc74bdaf67fdf1
user5	461	87	1272309567635	0	0	b6e9584d4a8240fc74bdaf67fdf1
user5	461	86	1272309567653	0	0	b6e9584d4a8240fc74bdaf67fdf1
user5	461	85	1272309567673	0	0	b6e9584d4a8240fc74bdaf67fdf1
user5	460	85	1272309567689	0	0	b6e9584d4a8240fc74bdaf67fdf1
user5	460	84	1272309567699	0	0	b6e9584d4a8240fc74bdaf67fdf1
user5	460	83	1272309567713	0	0	b6e9584d4a8240fc74bdaf67fdf1
user5	459	83	1272309567722	0	0	b6e9584d4a8240fc74bdaf67fdf1
user5	459	82	1272309567740	0	0	b6e9584d4a8240fc74bdaf67fdf1
user5	458	82	1272309567742	0	0	b6e9584d4a8240fc74bdaf67fdf1
user5	457	81	1272309567759	0	0	b6e9584d4a8240fc74bdaf67fdf1
user5	456	79	1272309567779	0	0	b6e9584d4a8240fc74bdaf67fdf1
user5	455	78	1272309567791	0	0	b6e9584d4a8240fc74bdaf67fdf1
user5	454	76	1272309567792	0	0	b6e9584d4a8240fc74bdaf67fdf1
user5	453	76	1272309567811	0	0	b6e9584d4a8240fc74bdaf67fdf1
user5	451	74	1272309567819	0	0	b6e9584d4a8240fc74bdaf67fdf1
user5	450	73	1272309567822	0	0	b6e9584d4a8240fc74bdaf67fdf1
user5	448	72	1272309567832	0	0	b6e9584d4a8240fc74bdaf67fdf1
user5	448	71	1272309567848	0	0	b6e9584d4a8240fc74bdaf67fdf1
user5	447	70	1272309567859	0	0	b6e9584d4a8240fc74bdaf67fdf1
user5	446	68	1272309567863	0	0	b6e9584d4a8240fc74bdaf67fdf1
user5	445	67	1272309567881	0	0	b6e9584d4a8240fc74bdaf67fdf1
user5	444	66	1272309567891	0	0	b6e9584d4a8240fc74bdaf67fdf1
user5	444	65	1272309567901	0	0	b6e9584d4a8240fc74bdaf67fdf1
user5	444	64	1272309567918	0	0	b6e9584d4a8240fc74bdaf67fdf1
user5	444	62	1272309567928	0	0	b6e9584d4a8240fc74bdaf67fdf1
user5	444	61	1272309567938	0	0	b6e9584d4a8240fc74bdaf67fdf1
user5	444	59	1272309567941	0	0	b6e9584d4a8240fc74bdaf67fdf1
user5	444	58	1272309567967	0	0	b6e9584d4a8240fc74bdaf67fdf1
user5	444	56	1272309567971	0	0	b6e9584d4a8240fc74bdaf67fdf1
user5	444	55	1272309567997	0	0	b6e9584d4a8240fc74bdaf67fdf1
user5	444	55	1272309568123	1272309568026	1272309568123	b6e9584d4a8240fc74bdaf67fdf1
user5	665	187	1272309570267	0	0	b6e9584d4a8240fc74bdaf67fdf1
user5	665	186	1272309570331	0	0	b6e9584d4a8240fc74bdaf67fdf1
user5	664	186	1272309570340	0	0	b6e9584d4a8240fc74bdaf67fdf1
user5	664	185	1272309570353	0	0	b6e9584d4a8240fc74bdaf67fdf1
user5	663	185	1272309570370	0	0	b6e9584d4a8240fc74bdaf67fdf1
user5	662	184	1272309570373	0	0	b6e9584d4a8240fc74bdaf67fdf1
user5	660	183	1272309570399	0	0	b6e9584d4a8240fc74bdaf67fdf1
user5	659	182	1272309570422	0	0	b6e9584d4a8240fc74bdaf67fdf1
user5	658	182	1272309570458	0	0	b6e9584d4a8240fc74bdaf67fdf1
user5	658	181	1272309570469	0	0	b6e9584d4a8240fc74bdaf67fdf1
user5	657	180	1272309570472	0	0	b6e9584d4a8240fc74bdaf67fdf1
user5	656	180	1272309570489	0	0	b6e9584d4a8240fc74bdaf67fdf1
user5	654	179	1272309570498	0	0	b6e9584d4a8240fc74bdaf67fdf1
user5	653	178	1272309570509	0	0	b6e9584d4a8240fc74bdaf67fdf1
user5	651	177	1272309570518	0	0	b6e9584d4a8240fc74bdaf67fdf1
user5	649	177	1272309570528	0	0	b6e9584d4a8240fc74bdaf67fdf1
user5	648	176	1272309570536	0	0	b6e9584d4a8240fc74bdaf67fdf1
user5	647	176	1272309570549	0	0	b6e9584d4a8240fc74bdaf67fdf1
user5	647	175	1272309570558	0	0	b6e9584d4a8240fc74bdaf67fdf1
user5	646	174	1272309570588	0	0	b6e9584d4a8240fc74bdaf67fdf1
user5	645	173	1272309570607	0	0	b6e9584d4a8240fc74bdaf67fdf1
user5	644	172	1272309570627	0	0	b6e9584d4a8240fc74bdaf67fdf1
user5	644	171	1272309570647	0	0	b6e9584d4a8240fc74bdaf67fdf1
user5	644	171	1272309570791	1272309570707	1272309570791	b6e9584d4a8240fc74bdaf67fdf1
user5	641	171	1272309571997	0	0	b6e9584d4a8240fc74bdaf67fdf1
user5	640	171	1272309572079	0	0	b6e9584d4a8240fc74bdaf67fdf1
user5	639	171	1272309572110	0	0	b6e9584d4a8240fc74bdaf67fdf1
user5	638	171	1272309572146	0	0	b6e9584d4a8240fc74bdaf67fdf1
user5	638	170	1272309572146	0	0	b6e9584d4a8240fc74bdaf67fdf1
user5	637	170	1272309572161	0	0	b6e9584d4a8240fc74bdaf67fdf1
user5	636	170	1272309572228	0	0	b6e9584d4a8240fc74bdaf67fdf1
user5	636	169	1272309572255	0	0	b6e9584d4a8240fc74bdaf67fdf1
user5	635	169	1272309572274	0	0	b6e9584d4a8240fc74bdaf67fdf1
user5	635	169	1272309572593	1272309572482	1272309572593	b6e9584d4a8240fc74bdaf67fdf1
user5	634	169	1272309573176	0	0	b6e9584d4a8240fc74bdaf67fdf1
user5	634	169	1272309573615	1272309573524	1272309573615	b6e9584d4a8240fc74bdaf67fdf1
user5	632	169	1272309573941	0	0	b6e9584d4a8240fc74bdaf67fdf1
user5	631	169	1272309574434	0	0	b6e9584d4a8240fc74bdaf67fdf1
user5	630	169	1272309574458	0	0	b6e9584d4a8240fc74bdaf67fdf1
user5	629	169	1272309574488	0	0	b6e9584d4a8240fc74bdaf67fdf1
user5	628	169	1272309574508	0	0	b6e9584d4a8240fc74bdaf67fdf1
user5	627	169	1272309574521	0	0	b6e9584d4a8240fc74bdaf67fdf1
user5	626	169	1272309574551	0	0	b6e9584d4a8240fc74bdaf67fdf1
user5	625	169	1272309574570	0	0	b6e9584d4a8240fc74bdaf67fdf1
user5	624	168	1272309574599	0	0	b6e9584d4a8240fc74bdaf67fdf1
user5	623	168	1272309574617	0	0	b6e9584d4a8240fc74bdaf67fdf1
user5	623	168	1272309574935	1272309574815	1272309574935	b6e9584d4a8240fc74bdaf67fdf1
user5	596	166	1272309575778	0	0	b6e9584d4a8240fc74bdaf67fdf1
user5	595	166	1272309575788	0	0	b6e9584d4a8240fc74bdaf67fdf1
user5	594	166	1272309575800	0	0	b6e9584d4a8240fc74bdaf67fdf1
user5	593	166	1272309575808	0	0	b6e9584d4a8240fc74bdaf67fdf1
user5	592	166	1272309575819	0	0	b6e9584d4a8240fc74bdaf67fdf1
user5	591	166	1272309575828	0	0	b6e9584d4a8240fc74bdaf67fdf1
user5	590	166	1272309575848	0	0	b6e9584d4a8240fc74bdaf67fdf1
user5	588	166	1272309575875	0	0	b6e9584d4a8240fc74bdaf67fdf1
user5	587	166	1272309575875	0	0	b6e9584d4a8240fc74bdaf67fdf1
user5	586	166	1272309575883	0	0	b6e9584d4a8240fc74bdaf67fdf1
user5	584	166	1272309575915	0	0	b6e9584d4a8240fc74bdaf67fdf1
user5	583	166	1272309575919	0	0	b6e9584d4a8240fc74bdaf67fdf1
user5	582	166	1272309575922	0	0	b6e9584d4a8240fc74bdaf67fdf1
user5	581	166	1272309575940	0	0	b6e9584d4a8240fc74bdaf67fdf1
user5	579	166	1272309575957	0	0	b6e9584d4a8240fc74bdaf67fdf1
user5	576	166	1272309575977	0	0	b6e9584d4a8240fc74bdaf67fdf1
user5	573	166	1272309575978	0	0	b6e9584d4a8240fc74bdaf67fdf1
user5	571	166	1272309575996	0	0	b6e9584d4a8240fc74bdaf67fdf1
user5	568	166	1272309575997	0	0	b6e9584d4a8240fc74bdaf67fdf1
user5	566	166	1272309576009	0	0	b6e9584d4a8240fc74bdaf67fdf1
user5	564	166	1272309576019	0	0	b6e9584d4a8240fc74bdaf67fdf1
user5	563	166	1272309576027	0	0	b6e9584d4a8240fc74bdaf67fdf1
user5	562	166	1272309576038	0	0	b6e9584d4a8240fc74bdaf67fdf1
user5	561	166	1272309576056	0	0	b6e9584d4a8240fc74bdaf67fdf1
user5	561	166	1272309576515	1272309576416	1272309576515	b6e9584d4a8240fc74bdaf67fdf1
user5	438	508	1272309578656	0	0	b6e9584d4a8240fc74bdaf67fdf1
user5	433	455	1272309579330	0	0	b6e9584d4a8240fc74bdaf67fdf1
user5	433	455	1272309579325	1272309579330	1272309579325	b6e9584d4a8240fc74bdaf67fdf1
user5	465	454	1272309579325	0	0	b6e9584d4a8240fc74bdaf67fdf1
user5	465	453	1272309579410	0	0	b6e9584d4a8240fc74bdaf67fdf1
user5	464	453	1272309579432	0	0	b6e9584d4a8240fc74bdaf67fdf1
user5	463	453	1272309579433	0	0	b6e9584d4a8240fc74bdaf67fdf1
user5	461	452	1272309579444	0	0	b6e9584d4a8240fc74bdaf67fdf1
user5	459	452	1272309579460	0	0	b6e9584d4a8240fc74bdaf67fdf1
user5	458	452	1272309579470	0	0	b6e9584d4a8240fc74bdaf67fdf1
user5	457	452	1272309579480	0	0	b6e9584d4a8240fc74bdaf67fdf1
user5	455	452	1272309579490	0	0	b6e9584d4a8240fc74bdaf67fdf1
user5	454	452	1272309579509	0	0	b6e9584d4a8240fc74bdaf67fdf1
user5	452	452	1272309579521	0	0	b6e9584d4a8240fc74bdaf67fdf1
user5	451	452	1272309579539	0	0	b6e9584d4a8240fc74bdaf67fdf1
user5	450	451	1272309579549	0	0	b6e9584d4a8240fc74bdaf67fdf1
user5	449	451	1272309579553	0	0	b6e9584d4a8240fc74bdaf67fdf1
user5	448	451	1272309579562	0	0	b6e9584d4a8240fc74bdaf67fdf1
user5	447	450	1272309579579	0	0	b6e9584d4a8240fc74bdaf67fdf1
user5	446	450	1272309579606	0	0	b6e9584d4a8240fc74bdaf67fdf1
user5	445	450	1272309579609	0	0	b6e9584d4a8240fc74bdaf67fdf1
user5	444	450	1272309579619	0	0	b6e9584d4a8240fc74bdaf67fdf1
user5	443	450	1272309579645	0	0	b6e9584d4a8240fc74bdaf67fdf1
user5	442	450	1272309579669	0	0	b6e9584d4a8240fc74bdaf67fdf1
user5	441	450	1272309579688	0	0	b6e9584d4a8240fc74bdaf67fdf1
user5	440	450	1272309579705	0	0	b6e9584d4a8240fc74bdaf67fdf1
user5	439	450	1272309579708	0	0	b6e9584d4a8240fc74bdaf67fdf1
user5	438	450	1272309579708	0	0	b6e9584d4a8240fc74bdaf67fdf1
user5	436	450	1272309579718	0	0	b6e9584d4a8240fc74bdaf67fdf1
user5	434	450	1272309579728	0	0	b6e9584d4a8240fc74bdaf67fdf1
user5	433	450	1272309579738	0	0	b6e9584d4a8240fc74bdaf67fdf1
user5	431	450	1272309579752	0	0	b6e9584d4a8240fc74bdaf67fdf1
user5	430	450	1272309579778	0	0	b6e9584d4a8240fc74bdaf67fdf1
user5	430	450	1272309579913	1272309579797	1272309579913	b6e9584d4a8240fc74bdaf67fdf1
user5	428	448	1272309579920	0	0	b6e9584d4a8240fc74bdaf67fdf1
user5	428	447	1272309579930	0	0	b6e9584d4a8240fc74bdaf67fdf1
user5	428	446	1272309579956	0	0	b6e9584d4a8240fc74bdaf67fdf1
user5	428	445	1272309580125	0	0	b6e9584d4a8240fc74bdaf67fdf1
user5	428	444	1272309580168	0	0	b6e9584d4a8240fc74bdaf67fdf1
user5	428	443	1272309580224	0	0	b6e9584d4a8240fc74bdaf67fdf1
user5	428	442	1272309580224	0	0	b6e9584d4a8240fc74bdaf67fdf1
user5	427	442	1272309580264	0	0	b6e9584d4a8240fc74bdaf67fdf1
user5	427	441	1272309580273	0	0	b6e9584d4a8240fc74bdaf67fdf1
user5	425	441	1272309580283	0	0	b6e9584d4a8240fc74bdaf67fdf1
user5	424	441	1272309580293	0	0	b6e9584d4a8240fc74bdaf67fdf1
user5	423	441	1272309580306	0	0	b6e9584d4a8240fc74bdaf67fdf1
user5	421	441	1272309580313	0	0	b6e9584d4a8240fc74bdaf67fdf1
user5	420	441	1272309580340	0	0	b6e9584d4a8240fc74bdaf67fdf1
user5	419	441	1272309580356	0	0	b6e9584d4a8240fc74bdaf67fdf1
user5	417	441	1272309580356	0	0	b6e9584d4a8240fc74bdaf67fdf1
user5	416	441	1272309580364	0	0	b6e9584d4a8240fc74bdaf67fdf1
user5	416	440	1272309589421	0	0	b6e9584d4a8240fc74bdaf67fdf1
user5	411	434	1272309589431	0	0	b6e9584d4a8240fc74bdaf67fdf1
user5	402	418	1272309589434	0	0	b6e9584d4a8240fc74bdaf67fdf1
user5	381	385	1272309589444	0	0	b6e9584d4a8240fc74bdaf67fdf1
user5	308	274	1272309589468	0	0	b6e9584d4a8240fc74bdaf67fdf1
user5	257	207	1272309589484	0	0	b6e9584d4a8240fc74bdaf67fdf1
user5	205	138	1272309589490	0	0	b6e9584d4a8240fc74bdaf67fdf1
user5	157	78	1272309589504	0	0	b6e9584d4a8240fc74bdaf67fdf1
user5	120	24	1272309589514	0	0	b6e9584d4a8240fc74bdaf67fdf1
user5	399	6	1272309589970	0	0	b6e9584d4a8240fc74bdaf67fdf1
user5	399	9	1272309589980	0	0	b6e9584d4a8240fc74bdaf67fdf1
user5	399	12	1272309589990	0	0	b6e9584d4a8240fc74bdaf67fdf1
user5	400	14	1272309590000	0	0	b6e9584d4a8240fc74bdaf67fdf1
user5	402	18	1272309590016	0	0	b6e9584d4a8240fc74bdaf67fdf1
user5	405	19	1272309590020	0	0	b6e9584d4a8240fc74bdaf67fdf1
user5	406	21	1272309590030	0	0	b6e9584d4a8240fc74bdaf67fdf1
user5	407	21	1272309590043	0	0	b6e9584d4a8240fc74bdaf67fdf1
user5	406	21	1272309590067	0	0	b6e9584d4a8240fc74bdaf67fdf1
user5	405	21	1272309590076	0	0	b6e9584d4a8240fc74bdaf67fdf1
user5	403	22	1272309590099	0	0	b6e9584d4a8240fc74bdaf67fdf1
user5	401	25	1272309590108	0	0	b6e9584d4a8240fc74bdaf67fdf1
user5	397	28	1272309590121	0	0	b6e9584d4a8240fc74bdaf67fdf1
user5	391	32	1272309590128	0	0	b6e9584d4a8240fc74bdaf67fdf1
user5	384	36	1272309590144	0	0	b6e9584d4a8240fc74bdaf67fdf1
user5	367	44	1272309590146	0	0	b6e9584d4a8240fc74bdaf67fdf1
user5	358	48	1272309590156	0	0	b6e9584d4a8240fc74bdaf67fdf1
user5	347	51	1272309590161	0	0	b6e9584d4a8240fc74bdaf67fdf1
user5	338	54	1272309590169	0	0	b6e9584d4a8240fc74bdaf67fdf1
user5	331	55	1272309590186	0	0	b6e9584d4a8240fc74bdaf67fdf1
user5	325	55	1272309590202	0	0	b6e9584d4a8240fc74bdaf67fdf1
user5	324	55	1272309590208	0	0	b6e9584d4a8240fc74bdaf67fdf1
user5	324	55	1272309590344	1272309590248	1272309590344	b6e9584d4a8240fc74bdaf67fdf1
