User	X	Y	MouseTimeStamp	MouseDownTimeStamp	MouseUpTimeStamp	SessionID
user22	432	308	1273682516630	0	0	d64e9a448c6bf0c67f1745f439da
user22	434	308	1273682516637	0	0	d64e9a448c6bf0c67f1745f439da
user22	437	308	1273682516645	0	0	d64e9a448c6bf0c67f1745f439da
user22	440	308	1273682516653	0	0	d64e9a448c6bf0c67f1745f439da
user22	443	308	1273682516661	0	0	d64e9a448c6bf0c67f1745f439da
user22	446	307	1273682516669	0	0	d64e9a448c6bf0c67f1745f439da
user22	449	307	1273682516677	0	0	d64e9a448c6bf0c67f1745f439da
user22	452	307	1273682516685	0	0	d64e9a448c6bf0c67f1745f439da
user22	456	306	1273682516693	0	0	d64e9a448c6bf0c67f1745f439da
user22	460	306	1273682516701	0	0	d64e9a448c6bf0c67f1745f439da
user22	463	306	1273682516709	0	0	d64e9a448c6bf0c67f1745f439da
user22	467	305	1273682516717	0	0	d64e9a448c6bf0c67f1745f439da
user22	472	305	1273682516725	0	0	d64e9a448c6bf0c67f1745f439da
user22	479	304	1273682516733	0	0	d64e9a448c6bf0c67f1745f439da
user22	488	304	1273682516741	0	0	d64e9a448c6bf0c67f1745f439da
user22	497	302	1273682516749	0	0	d64e9a448c6bf0c67f1745f439da
user22	506	301	1273682516757	0	0	d64e9a448c6bf0c67f1745f439da
user22	516	299	1273682516765	0	0	d64e9a448c6bf0c67f1745f439da
user22	526	297	1273682516773	0	0	d64e9a448c6bf0c67f1745f439da
user22	537	297	1273682516781	0	0	d64e9a448c6bf0c67f1745f439da
user22	551	297	1273682516789	0	0	d64e9a448c6bf0c67f1745f439da
user22	566	297	1273682516797	0	0	d64e9a448c6bf0c67f1745f439da
user22	581	295	1273682516805	0	0	d64e9a448c6bf0c67f1745f439da
user22	597	295	1273682516813	0	0	d64e9a448c6bf0c67f1745f439da
user22	614	293	1273682516821	0	0	d64e9a448c6bf0c67f1745f439da
user22	631	293	1273682516829	0	0	d64e9a448c6bf0c67f1745f439da
user22	648	291	1273682516837	0	0	d64e9a448c6bf0c67f1745f439da
user22	666	289	1273682516845	0	0	d64e9a448c6bf0c67f1745f439da
user22	684	287	1273682516853	0	0	d64e9a448c6bf0c67f1745f439da
user22	702	285	1273682516861	0	0	d64e9a448c6bf0c67f1745f439da
user22	720	285	1273682516869	0	0	d64e9a448c6bf0c67f1745f439da
user22	738	283	1273682516877	0	0	d64e9a448c6bf0c67f1745f439da
user22	753	281	1273682516885	0	0	d64e9a448c6bf0c67f1745f439da
user22	768	281	1273682516893	0	0	d64e9a448c6bf0c67f1745f439da
user22	784	281	1273682516901	0	0	d64e9a448c6bf0c67f1745f439da
user22	797	279	1273682516909	0	0	d64e9a448c6bf0c67f1745f439da
user22	808	279	1273682516917	0	0	d64e9a448c6bf0c67f1745f439da
user22	819	277	1273682516925	0	0	d64e9a448c6bf0c67f1745f439da
user22	830	274	1273682516933	0	0	d64e9a448c6bf0c67f1745f439da
user22	840	272	1273682516941	0	0	d64e9a448c6bf0c67f1745f439da
user22	850	270	1273682516949	0	0	d64e9a448c6bf0c67f1745f439da
user22	860	267	1273682516957	0	0	d64e9a448c6bf0c67f1745f439da
user22	870	263	1273682516965	0	0	d64e9a448c6bf0c67f1745f439da
user22	879	261	1273682516973	0	0	d64e9a448c6bf0c67f1745f439da
user22	888	258	1273682516981	0	0	d64e9a448c6bf0c67f1745f439da
user22	898	255	1273682516989	0	0	d64e9a448c6bf0c67f1745f439da
user22	910	250	1273682516997	0	0	d64e9a448c6bf0c67f1745f439da
user22	922	244	1273682517005	0	0	d64e9a448c6bf0c67f1745f439da
user22	934	238	1273682517013	0	0	d64e9a448c6bf0c67f1745f439da
user22	944	231	1273682517021	0	0	d64e9a448c6bf0c67f1745f439da
user22	954	226	1273682517029	0	0	d64e9a448c6bf0c67f1745f439da
user22	961	221	1273682517037	0	0	d64e9a448c6bf0c67f1745f439da
user22	966	217	1273682517045	0	0	d64e9a448c6bf0c67f1745f439da
user22	967	215	1273682517053	0	0	d64e9a448c6bf0c67f1745f439da
user22	967	212	1273682517061	0	0	d64e9a448c6bf0c67f1745f439da
user22	967	208	1273682517069	0	0	d64e9a448c6bf0c67f1745f439da
user22	967	202	1273682517077	0	0	d64e9a448c6bf0c67f1745f439da
user22	965	197	1273682517085	0	0	d64e9a448c6bf0c67f1745f439da
user22	962	193	1273682517093	0	0	d64e9a448c6bf0c67f1745f439da
user22	961	190	1273682517101	0	0	d64e9a448c6bf0c67f1745f439da
user22	958	188	1273682517109	0	0	d64e9a448c6bf0c67f1745f439da
user22	956	186	1273682517117	0	0	d64e9a448c6bf0c67f1745f439da
user22	953	184	1273682517125	0	0	d64e9a448c6bf0c67f1745f439da
user22	951	183	1273682517133	0	0	d64e9a448c6bf0c67f1745f439da
user22	948	182	1273682517141	0	0	d64e9a448c6bf0c67f1745f439da
user22	947	181	1273682517149	0	0	d64e9a448c6bf0c67f1745f439da
user22	945	181	1273682517157	0	0	d64e9a448c6bf0c67f1745f439da
user22	944	180	1273682517165	0	0	d64e9a448c6bf0c67f1745f439da
user22	943	180	1273682517173	0	0	d64e9a448c6bf0c67f1745f439da
user22	941	180	1273682517181	0	0	d64e9a448c6bf0c67f1745f439da
user22	939	179	1273682517189	0	0	d64e9a448c6bf0c67f1745f439da
user22	938	179	1273682517197	0	0	d64e9a448c6bf0c67f1745f439da
user22	936	178	1273682517205	0	0	d64e9a448c6bf0c67f1745f439da
user22	934	177	1273682517213	0	0	d64e9a448c6bf0c67f1745f439da
user22	932	176	1273682517221	0	0	d64e9a448c6bf0c67f1745f439da
user22	931	176	1273682517229	0	0	d64e9a448c6bf0c67f1745f439da
user22	928	175	1273682517237	0	0	d64e9a448c6bf0c67f1745f439da
user22	926	175	1273682517245	0	0	d64e9a448c6bf0c67f1745f439da
user22	924	175	1273682517253	0	0	d64e9a448c6bf0c67f1745f439da
user22	922	175	1273682517261	0	0	d64e9a448c6bf0c67f1745f439da
user22	920	175	1273682517275	0	0	d64e9a448c6bf0c67f1745f439da
user22	919	175	1273682517278	0	0	d64e9a448c6bf0c67f1745f439da
user22	917	175	1273682517285	0	0	d64e9a448c6bf0c67f1745f439da
user22	916	176	1273682517293	0	0	d64e9a448c6bf0c67f1745f439da
user22	915	176	1273682517301	0	0	d64e9a448c6bf0c67f1745f439da
user22	915	176	1273682517454	1273682517350	1273682517454	d64e9a448c6bf0c67f1745f439da
user22	914	176	1273682517677	0	0	d64e9a448c6bf0c67f1745f439da
user22	912	176	1273682522733	0	0	d64e9a448c6bf0c67f1745f439da
user22	909	175	1273682522741	0	0	d64e9a448c6bf0c67f1745f439da
user22	906	174	1273682522749	0	0	d64e9a448c6bf0c67f1745f439da
user22	897	172	1273682522757	0	0	d64e9a448c6bf0c67f1745f439da
user22	884	171	1273682522765	0	0	d64e9a448c6bf0c67f1745f439da
user22	863	169	1273682522773	0	0	d64e9a448c6bf0c67f1745f439da
user22	841	167	1273682522781	0	0	d64e9a448c6bf0c67f1745f439da
user22	816	169	1273682522789	0	0	d64e9a448c6bf0c67f1745f439da
user22	789	171	1273682522797	0	0	d64e9a448c6bf0c67f1745f439da
user22	770	174	1273682522805	0	0	d64e9a448c6bf0c67f1745f439da
user22	757	179	1273682522813	0	0	d64e9a448c6bf0c67f1745f439da
user22	752	179	1273682522821	0	0	d64e9a448c6bf0c67f1745f439da
user22	755	179	1273682522837	0	0	d64e9a448c6bf0c67f1745f439da
user22	764	176	1273682522845	0	0	d64e9a448c6bf0c67f1745f439da
user22	776	174	1273682522853	0	0	d64e9a448c6bf0c67f1745f439da
user22	788	174	1273682522861	0	0	d64e9a448c6bf0c67f1745f439da
user22	796	176	1273682522869	0	0	d64e9a448c6bf0c67f1745f439da
user22	803	179	1273682522877	0	0	d64e9a448c6bf0c67f1745f439da
user22	807	181	1273682522885	0	0	d64e9a448c6bf0c67f1745f439da
user22	811	183	1273682522893	0	0	d64e9a448c6bf0c67f1745f439da
user22	814	186	1273682522901	0	0	d64e9a448c6bf0c67f1745f439da
user22	816	189	1273682522909	0	0	d64e9a448c6bf0c67f1745f439da
user22	818	192	1273682522917	0	0	d64e9a448c6bf0c67f1745f439da
user22	821	194	1273682522925	0	0	d64e9a448c6bf0c67f1745f439da
user22	822	197	1273682522933	0	0	d64e9a448c6bf0c67f1745f439da
user22	824	200	1273682522941	0	0	d64e9a448c6bf0c67f1745f439da
user22	830	205	1273682522949	0	0	d64e9a448c6bf0c67f1745f439da
user22	835	210	1273682522957	0	0	d64e9a448c6bf0c67f1745f439da
user22	842	217	1273682522965	0	0	d64e9a448c6bf0c67f1745f439da
user22	850	224	1273682522973	0	0	d64e9a448c6bf0c67f1745f439da
user22	859	233	1273682522981	0	0	d64e9a448c6bf0c67f1745f439da
user22	869	241	1273682522989	0	0	d64e9a448c6bf0c67f1745f439da
user22	879	248	1273682522997	0	0	d64e9a448c6bf0c67f1745f439da
user22	891	257	1273682523005	0	0	d64e9a448c6bf0c67f1745f439da
user22	903	265	1273682523013	0	0	d64e9a448c6bf0c67f1745f439da
user22	915	273	1273682523021	0	0	d64e9a448c6bf0c67f1745f439da
user22	926	280	1273682523029	0	0	d64e9a448c6bf0c67f1745f439da
user22	938	286	1273682523037	0	0	d64e9a448c6bf0c67f1745f439da
user22	949	291	1273682523045	0	0	d64e9a448c6bf0c67f1745f439da
user22	959	296	1273682523053	0	0	d64e9a448c6bf0c67f1745f439da
user22	969	298	1273682523061	0	0	d64e9a448c6bf0c67f1745f439da
user22	976	300	1273682523069	0	0	d64e9a448c6bf0c67f1745f439da
user22	981	300	1273682523077	0	0	d64e9a448c6bf0c67f1745f439da
user22	984	299	1273682523085	0	0	d64e9a448c6bf0c67f1745f439da
user22	986	299	1273682523093	0	0	d64e9a448c6bf0c67f1745f439da
user22	987	299	1273682523101	0	0	d64e9a448c6bf0c67f1745f439da
user22	987	298	1273682523109	0	0	d64e9a448c6bf0c67f1745f439da
user22	988	297	1273682523117	0	0	d64e9a448c6bf0c67f1745f439da
user22	988	296	1273682523133	0	0	d64e9a448c6bf0c67f1745f439da
user22	989	295	1273682523141	0	0	d64e9a448c6bf0c67f1745f439da
user22	989	294	1273682523149	0	0	d64e9a448c6bf0c67f1745f439da
user22	989	292	1273682523157	0	0	d64e9a448c6bf0c67f1745f439da
user22	990	291	1273682523165	0	0	d64e9a448c6bf0c67f1745f439da
user22	990	289	1273682523173	0	0	d64e9a448c6bf0c67f1745f439da
user22	991	288	1273682523181	0	0	d64e9a448c6bf0c67f1745f439da
user22	991	287	1273682523189	0	0	d64e9a448c6bf0c67f1745f439da
user22	992	286	1273682523197	0	0	d64e9a448c6bf0c67f1745f439da
user22	993	285	1273682523205	0	0	d64e9a448c6bf0c67f1745f439da
user22	993	284	1273682523325	0	0	d64e9a448c6bf0c67f1745f439da
user22	992	284	1273682523333	0	0	d64e9a448c6bf0c67f1745f439da
user22	991	284	1273682523349	0	0	d64e9a448c6bf0c67f1745f439da
user22	990	283	1273682523357	0	0	d64e9a448c6bf0c67f1745f439da
user22	989	282	1273682523373	0	0	d64e9a448c6bf0c67f1745f439da
user22	988	282	1273682523381	0	0	d64e9a448c6bf0c67f1745f439da
user22	986	281	1273682523389	0	0	d64e9a448c6bf0c67f1745f439da
user22	985	280	1273682523397	0	0	d64e9a448c6bf0c67f1745f439da
user22	984	280	1273682523405	0	0	d64e9a448c6bf0c67f1745f439da
user22	983	279	1273682523421	0	0	d64e9a448c6bf0c67f1745f439da
user22	983	279	1273682523597	1273682523438	1273682523597	d64e9a448c6bf0c67f1745f439da
user22	979	263	1273682529516	0	0	d64e9a448c6bf0c67f1745f439da
user22	975	263	1273682529524	0	0	d64e9a448c6bf0c67f1745f439da
user22	967	265	1273682529532	0	0	d64e9a448c6bf0c67f1745f439da
user22	957	267	1273682529540	0	0	d64e9a448c6bf0c67f1745f439da
user22	946	267	1273682529548	0	0	d64e9a448c6bf0c67f1745f439da
user22	935	269	1273682529556	0	0	d64e9a448c6bf0c67f1745f439da
user22	924	269	1273682529564	0	0	d64e9a448c6bf0c67f1745f439da
user22	918	269	1273682529572	0	0	d64e9a448c6bf0c67f1745f439da
user22	911	269	1273682529580	0	0	d64e9a448c6bf0c67f1745f439da
user22	905	271	1273682529588	0	0	d64e9a448c6bf0c67f1745f439da
user22	899	271	1273682529596	0	0	d64e9a448c6bf0c67f1745f439da
user22	892	271	1273682529604	0	0	d64e9a448c6bf0c67f1745f439da
user22	885	271	1273682529612	0	0	d64e9a448c6bf0c67f1745f439da
user22	877	273	1273682529620	0	0	d64e9a448c6bf0c67f1745f439da
user22	869	273	1273682529628	0	0	d64e9a448c6bf0c67f1745f439da
user22	861	273	1273682529636	0	0	d64e9a448c6bf0c67f1745f439da
user22	853	273	1273682529644	0	0	d64e9a448c6bf0c67f1745f439da
user22	846	275	1273682529652	0	0	d64e9a448c6bf0c67f1745f439da
user22	840	275	1273682529660	0	0	d64e9a448c6bf0c67f1745f439da
user22	835	275	1273682529668	0	0	d64e9a448c6bf0c67f1745f439da
user22	807	275	1273682529824	0	0	d64e9a448c6bf0c67f1745f439da
user22	806	275	1273682530460	0	0	d64e9a448c6bf0c67f1745f439da
user22	806	276	1273682530508	0	0	d64e9a448c6bf0c67f1745f439da
user22	805	276	1273682530524	0	0	d64e9a448c6bf0c67f1745f439da
user22	804	276	1273682530556	0	0	d64e9a448c6bf0c67f1745f439da
user22	802	275	1273682531150	0	0	d64e9a448c6bf0c67f1745f439da
user22	801	275	1273682535892	0	0	d64e9a448c6bf0c67f1745f439da
user22	800	275	1273682535908	0	0	d64e9a448c6bf0c67f1745f439da
user22	799	275	1273682536100	0	0	d64e9a448c6bf0c67f1745f439da
user22	798	275	1273682536172	0	0	d64e9a448c6bf0c67f1745f439da
user22	797	275	1273682536196	0	0	d64e9a448c6bf0c67f1745f439da
user22	796	275	1273682536316	0	0	d64e9a448c6bf0c67f1745f439da
user22	795	275	1273682536340	0	0	d64e9a448c6bf0c67f1745f439da
user22	794	275	1273682536348	0	0	d64e9a448c6bf0c67f1745f439da
user22	793	275	1273682536372	0	0	d64e9a448c6bf0c67f1745f439da
user22	792	276	1273682536388	0	0	d64e9a448c6bf0c67f1745f439da
user22	791	276	1273682536396	0	0	d64e9a448c6bf0c67f1745f439da
user22	790	276	1273682536404	0	0	d64e9a448c6bf0c67f1745f439da
user22	789	276	1273682536420	0	0	d64e9a448c6bf0c67f1745f439da
user22	788	276	1273682536428	0	0	d64e9a448c6bf0c67f1745f439da
user22	787	276	1273682536436	0	0	d64e9a448c6bf0c67f1745f439da
user22	786	276	1273682536452	0	0	d64e9a448c6bf0c67f1745f439da
user22	785	276	1273682536468	0	0	d64e9a448c6bf0c67f1745f439da
user22	784	276	1273682536484	0	0	d64e9a448c6bf0c67f1745f439da
user22	783	276	1273682536516	0	0	d64e9a448c6bf0c67f1745f439da
user22	782	276	1273682536540	0	0	d64e9a448c6bf0c67f1745f439da
user22	781	276	1273682536548	0	0	d64e9a448c6bf0c67f1745f439da
user22	780	276	1273682536556	0	0	d64e9a448c6bf0c67f1745f439da
user22	779	276	1273682536564	0	0	d64e9a448c6bf0c67f1745f439da
user22	778	276	1273682536580	0	0	d64e9a448c6bf0c67f1745f439da
user22	777	276	1273682536588	0	0	d64e9a448c6bf0c67f1745f439da
user22	776	276	1273682536612	0	0	d64e9a448c6bf0c67f1745f439da
user22	775	276	1273682536628	0	0	d64e9a448c6bf0c67f1745f439da
user22	774	276	1273682536660	0	0	d64e9a448c6bf0c67f1745f439da
user22	773	275	1273682536716	0	0	d64e9a448c6bf0c67f1745f439da
user22	772	275	1273682536764	0	0	d64e9a448c6bf0c67f1745f439da
user22	772	274	1273682536804	0	0	d64e9a448c6bf0c67f1745f439da
user22	771	274	1273682536812	0	0	d64e9a448c6bf0c67f1745f439da
user22	770	274	1273682536852	0	0	d64e9a448c6bf0c67f1745f439da
user22	769	274	1273682536868	0	0	d64e9a448c6bf0c67f1745f439da
user22	768	274	1273682536892	0	0	d64e9a448c6bf0c67f1745f439da
user22	767	274	1273682536908	0	0	d64e9a448c6bf0c67f1745f439da
user22	766	274	1273682536932	0	0	d64e9a448c6bf0c67f1745f439da
user22	766	273	1273682536956	0	0	d64e9a448c6bf0c67f1745f439da
user22	765	273	1273682536964	0	0	d64e9a448c6bf0c67f1745f439da
user22	764	273	1273682536980	0	0	d64e9a448c6bf0c67f1745f439da
user22	763	273	1273682536988	0	0	d64e9a448c6bf0c67f1745f439da
user22	762	273	1273682536996	0	0	d64e9a448c6bf0c67f1745f439da
user22	760	273	1273682537004	0	0	d64e9a448c6bf0c67f1745f439da
user22	759	273	1273682537012	0	0	d64e9a448c6bf0c67f1745f439da
user22	758	272	1273682537020	0	0	d64e9a448c6bf0c67f1745f439da
user22	756	271	1273682537028	0	0	d64e9a448c6bf0c67f1745f439da
user22	755	271	1273682537036	0	0	d64e9a448c6bf0c67f1745f439da
user22	753	271	1273682537044	0	0	d64e9a448c6bf0c67f1745f439da
user22	751	270	1273682537052	0	0	d64e9a448c6bf0c67f1745f439da
user22	750	270	1273682537060	0	0	d64e9a448c6bf0c67f1745f439da
user22	749	270	1273682537068	0	0	d64e9a448c6bf0c67f1745f439da
user22	748	269	1273682537084	0	0	d64e9a448c6bf0c67f1745f439da
user22	747	269	1273682537092	0	0	d64e9a448c6bf0c67f1745f439da
user22	746	269	1273682537099	0	0	d64e9a448c6bf0c67f1745f439da
user22	745	268	1273682537107	0	0	d64e9a448c6bf0c67f1745f439da
user22	744	268	1273682537116	0	0	d64e9a448c6bf0c67f1745f439da
user22	743	268	1273682537124	0	0	d64e9a448c6bf0c67f1745f439da
user22	742	268	1273682537132	0	0	d64e9a448c6bf0c67f1745f439da
user22	741	267	1273682537139	0	0	d64e9a448c6bf0c67f1745f439da
user22	739	267	1273682537147	0	0	d64e9a448c6bf0c67f1745f439da
user22	737	266	1273682537156	0	0	d64e9a448c6bf0c67f1745f439da
user22	735	265	1273682537164	0	0	d64e9a448c6bf0c67f1745f439da
user22	733	265	1273682537172	0	0	d64e9a448c6bf0c67f1745f439da
user22	731	264	1273682537179	0	0	d64e9a448c6bf0c67f1745f439da
user22	729	264	1273682537187	0	0	d64e9a448c6bf0c67f1745f439da
user22	727	264	1273682537196	0	0	d64e9a448c6bf0c67f1745f439da
user22	723	263	1273682537203	0	0	d64e9a448c6bf0c67f1745f439da
user22	719	263	1273682537211	0	0	d64e9a448c6bf0c67f1745f439da
user22	715	263	1273682537220	0	0	d64e9a448c6bf0c67f1745f439da
user22	711	263	1273682537228	0	0	d64e9a448c6bf0c67f1745f439da
user22	707	262	1273682537236	0	0	d64e9a448c6bf0c67f1745f439da
user22	703	262	1273682537243	0	0	d64e9a448c6bf0c67f1745f439da
user22	699	261	1273682537251	0	0	d64e9a448c6bf0c67f1745f439da
user22	695	261	1273682537260	0	0	d64e9a448c6bf0c67f1745f439da
user22	690	261	1273682537268	0	0	d64e9a448c6bf0c67f1745f439da
user22	682	261	1273682537276	0	0	d64e9a448c6bf0c67f1745f439da
user22	674	261	1273682537284	0	0	d64e9a448c6bf0c67f1745f439da
user22	666	261	1273682537292	0	0	d64e9a448c6bf0c67f1745f439da
user22	658	259	1273682537300	0	0	d64e9a448c6bf0c67f1745f439da
user22	649	259	1273682537308	0	0	d64e9a448c6bf0c67f1745f439da
user22	639	259	1273682537316	0	0	d64e9a448c6bf0c67f1745f439da
user22	629	259	1273682537324	0	0	d64e9a448c6bf0c67f1745f439da
user22	620	259	1273682537332	0	0	d64e9a448c6bf0c67f1745f439da
user22	610	259	1273682537340	0	0	d64e9a448c6bf0c67f1745f439da
user22	600	259	1273682537348	0	0	d64e9a448c6bf0c67f1745f439da
user22	589	259	1273682537356	0	0	d64e9a448c6bf0c67f1745f439da
user22	578	259	1273682537364	0	0	d64e9a448c6bf0c67f1745f439da
user22	568	259	1273682537372	0	0	d64e9a448c6bf0c67f1745f439da
user22	560	257	1273682537380	0	0	d64e9a448c6bf0c67f1745f439da
user22	551	255	1273682537388	0	0	d64e9a448c6bf0c67f1745f439da
user22	541	253	1273682537396	0	0	d64e9a448c6bf0c67f1745f439da
user22	529	250	1273682537404	0	0	d64e9a448c6bf0c67f1745f439da
user22	519	247	1273682537412	0	0	d64e9a448c6bf0c67f1745f439da
user22	508	242	1273682537420	0	0	d64e9a448c6bf0c67f1745f439da
user22	496	236	1273682537428	0	0	d64e9a448c6bf0c67f1745f439da
user22	483	230	1273682537436	0	0	d64e9a448c6bf0c67f1745f439da
user22	472	224	1273682537444	0	0	d64e9a448c6bf0c67f1745f439da
user22	461	220	1273682537452	0	0	d64e9a448c6bf0c67f1745f439da
user22	451	216	1273682537460	0	0	d64e9a448c6bf0c67f1745f439da
user22	441	212	1273682537468	0	0	d64e9a448c6bf0c67f1745f439da
user22	433	210	1273682537476	0	0	d64e9a448c6bf0c67f1745f439da
user22	426	208	1273682537484	0	0	d64e9a448c6bf0c67f1745f439da
user22	422	205	1273682537492	0	0	d64e9a448c6bf0c67f1745f439da
user22	418	205	1273682537500	0	0	d64e9a448c6bf0c67f1745f439da
user22	417	205	1273682537508	0	0	d64e9a448c6bf0c67f1745f439da
user22	416	204	1273682537516	0	0	d64e9a448c6bf0c67f1745f439da
user22	415	204	1273682537524	0	0	d64e9a448c6bf0c67f1745f439da
user22	415	203	1273682537532	0	0	d64e9a448c6bf0c67f1745f439da
user22	414	203	1273682537540	0	0	d64e9a448c6bf0c67f1745f439da
user22	413	202	1273682537556	0	0	d64e9a448c6bf0c67f1745f439da
user22	413	201	1273682537644	0	0	d64e9a448c6bf0c67f1745f439da
user22	414	201	1273682537652	0	0	d64e9a448c6bf0c67f1745f439da
user22	415	200	1273682537660	0	0	d64e9a448c6bf0c67f1745f439da
user22	416	200	1273682537668	0	0	d64e9a448c6bf0c67f1745f439da
user22	418	200	1273682537676	0	0	d64e9a448c6bf0c67f1745f439da
user22	419	199	1273682537692	0	0	d64e9a448c6bf0c67f1745f439da
user22	420	199	1273682537700	0	0	d64e9a448c6bf0c67f1745f439da
user22	421	199	1273682537708	0	0	d64e9a448c6bf0c67f1745f439da
user22	422	199	1273682537716	0	0	d64e9a448c6bf0c67f1745f439da
user22	423	199	1273682537732	0	0	d64e9a448c6bf0c67f1745f439da
user22	424	199	1273682537740	0	0	d64e9a448c6bf0c67f1745f439da
user22	424	200	1273682537748	0	0	d64e9a448c6bf0c67f1745f439da
user22	425	200	1273682537756	0	0	d64e9a448c6bf0c67f1745f439da
user22	427	200	1273682537764	0	0	d64e9a448c6bf0c67f1745f439da
user22	428	201	1273682537772	0	0	d64e9a448c6bf0c67f1745f439da
user22	429	201	1273682537780	0	0	d64e9a448c6bf0c67f1745f439da
user22	430	201	1273682537788	0	0	d64e9a448c6bf0c67f1745f439da
user22	431	201	1273682537796	0	0	d64e9a448c6bf0c67f1745f439da
user22	433	201	1273682537804	0	0	d64e9a448c6bf0c67f1745f439da
user22	434	201	1273682537812	0	0	d64e9a448c6bf0c67f1745f439da
user22	436	201	1273682537820	0	0	d64e9a448c6bf0c67f1745f439da
user22	437	202	1273682537828	0	0	d64e9a448c6bf0c67f1745f439da
user22	438	202	1273682537836	0	0	d64e9a448c6bf0c67f1745f439da
user22	439	203	1273682537852	0	0	d64e9a448c6bf0c67f1745f439da
user22	440	203	1273682537860	0	0	d64e9a448c6bf0c67f1745f439da
user22	441	203	1273682537876	0	0	d64e9a448c6bf0c67f1745f439da
user22	441	203	1273682538140	1273682537965	1273682538140	d64e9a448c6bf0c67f1745f439da
user22	442	203	1273682539052	0	0	d64e9a448c6bf0c67f1745f439da
user22	443	203	1273682539060	0	0	d64e9a448c6bf0c67f1745f439da
user22	444	203	1273682539067	0	0	d64e9a448c6bf0c67f1745f439da
user22	445	203	1273682539075	0	0	d64e9a448c6bf0c67f1745f439da
user22	446	202	1273682539083	0	0	d64e9a448c6bf0c67f1745f439da
user22	447	202	1273682539092	0	0	d64e9a448c6bf0c67f1745f439da
user22	448	202	1273682539100	0	0	d64e9a448c6bf0c67f1745f439da
user22	449	201	1273682539107	0	0	d64e9a448c6bf0c67f1745f439da
user22	450	201	1273682539115	0	0	d64e9a448c6bf0c67f1745f439da
user22	451	201	1273682539123	0	0	d64e9a448c6bf0c67f1745f439da
user22	452	201	1273682539147	0	0	d64e9a448c6bf0c67f1745f439da
user22	453	201	1273682539196	0	0	d64e9a448c6bf0c67f1745f439da
user22	454	201	1273682539227	0	0	d64e9a448c6bf0c67f1745f439da
user22	455	201	1273682539291	0	0	d64e9a448c6bf0c67f1745f439da
user22	456	201	1273682539323	0	0	d64e9a448c6bf0c67f1745f439da
user22	457	200	1273682539331	0	0	d64e9a448c6bf0c67f1745f439da
user22	458	200	1273682539347	0	0	d64e9a448c6bf0c67f1745f439da
user22	459	200	1273682539363	0	0	d64e9a448c6bf0c67f1745f439da
user22	460	200	1273682539371	0	0	d64e9a448c6bf0c67f1745f439da
user22	461	199	1273682539389	0	0	d64e9a448c6bf0c67f1745f439da
user22	462	199	1273682539395	0	0	d64e9a448c6bf0c67f1745f439da
user22	463	199	1273682539403	0	0	d64e9a448c6bf0c67f1745f439da
user22	464	199	1273682539419	0	0	d64e9a448c6bf0c67f1745f439da
user22	465	199	1273682539435	0	0	d64e9a448c6bf0c67f1745f439da
user22	465	198	1273682539443	0	0	d64e9a448c6bf0c67f1745f439da
user22	466	198	1273682539459	0	0	d64e9a448c6bf0c67f1745f439da
user22	467	198	1273682539476	0	0	d64e9a448c6bf0c67f1745f439da
user22	468	198	1273682539507	0	0	d64e9a448c6bf0c67f1745f439da
user22	469	198	1273682539531	0	0	d64e9a448c6bf0c67f1745f439da
user22	470	198	1273682539547	0	0	d64e9a448c6bf0c67f1745f439da
user22	471	198	1273682539563	0	0	d64e9a448c6bf0c67f1745f439da
user22	472	198	1273682539571	0	0	d64e9a448c6bf0c67f1745f439da
user22	473	198	1273682539579	0	0	d64e9a448c6bf0c67f1745f439da
user22	474	198	1273682539587	0	0	d64e9a448c6bf0c67f1745f439da
user22	475	198	1273682539603	0	0	d64e9a448c6bf0c67f1745f439da
user22	475	197	1273682539612	0	0	d64e9a448c6bf0c67f1745f439da
user22	476	197	1273682539619	0	0	d64e9a448c6bf0c67f1745f439da
user22	477	197	1273682539635	0	0	d64e9a448c6bf0c67f1745f439da
user22	478	197	1273682539659	0	0	d64e9a448c6bf0c67f1745f439da
user22	479	197	1273682539683	0	0	d64e9a448c6bf0c67f1745f439da
user22	480	197	1273682539692	0	0	d64e9a448c6bf0c67f1745f439da
user22	481	197	1273682539707	0	0	d64e9a448c6bf0c67f1745f439da
user22	482	197	1273682539715	0	0	d64e9a448c6bf0c67f1745f439da
user22	483	197	1273682539723	0	0	d64e9a448c6bf0c67f1745f439da
user22	484	197	1273682539732	0	0	d64e9a448c6bf0c67f1745f439da
user22	485	197	1273682539739	0	0	d64e9a448c6bf0c67f1745f439da
user22	486	197	1273682539747	0	0	d64e9a448c6bf0c67f1745f439da
user22	487	197	1273682539755	0	0	d64e9a448c6bf0c67f1745f439da
user22	488	197	1273682539779	0	0	d64e9a448c6bf0c67f1745f439da
user22	489	197	1273682539803	0	0	d64e9a448c6bf0c67f1745f439da
user22	490	197	1273682539819	0	0	d64e9a448c6bf0c67f1745f439da
user22	491	196	1273682539827	0	0	d64e9a448c6bf0c67f1745f439da
user22	492	196	1273682539843	0	0	d64e9a448c6bf0c67f1745f439da
user22	493	196	1273682539859	0	0	d64e9a448c6bf0c67f1745f439da
user22	494	196	1273682539867	0	0	d64e9a448c6bf0c67f1745f439da
user22	495	196	1273682539892	0	0	d64e9a448c6bf0c67f1745f439da
user22	496	196	1273682539915	0	0	d64e9a448c6bf0c67f1745f439da
user22	497	196	1273682539939	0	0	d64e9a448c6bf0c67f1745f439da
user22	498	196	1273682539955	0	0	d64e9a448c6bf0c67f1745f439da
user22	499	196	1273682539979	0	0	d64e9a448c6bf0c67f1745f439da
user22	500	196	1273682540004	0	0	d64e9a448c6bf0c67f1745f439da
user22	501	196	1273682540019	0	0	d64e9a448c6bf0c67f1745f439da
user22	502	196	1273682540027	0	0	d64e9a448c6bf0c67f1745f439da
user22	503	196	1273682540043	0	0	d64e9a448c6bf0c67f1745f439da
user22	504	196	1273682540067	0	0	d64e9a448c6bf0c67f1745f439da
user22	505	196	1273682540083	0	0	d64e9a448c6bf0c67f1745f439da
user22	506	196	1273682540115	0	0	d64e9a448c6bf0c67f1745f439da
user22	507	196	1273682540547	0	0	d64e9a448c6bf0c67f1745f439da
user22	508	196	1273682540555	0	0	d64e9a448c6bf0c67f1745f439da
user22	509	196	1273682540563	0	0	d64e9a448c6bf0c67f1745f439da
user22	510	196	1273682540571	0	0	d64e9a448c6bf0c67f1745f439da
user22	511	196	1273682540579	0	0	d64e9a448c6bf0c67f1745f439da
user22	512	196	1273682540595	0	0	d64e9a448c6bf0c67f1745f439da
user22	513	196	1273682540827	0	0	d64e9a448c6bf0c67f1745f439da
user22	514	196	1273682540835	0	0	d64e9a448c6bf0c67f1745f439da
user22	515	196	1273682540843	0	0	d64e9a448c6bf0c67f1745f439da
user22	516	196	1273682540859	0	0	d64e9a448c6bf0c67f1745f439da
user22	517	196	1273682540875	0	0	d64e9a448c6bf0c67f1745f439da
user22	518	196	1273682540923	0	0	d64e9a448c6bf0c67f1745f439da
user22	518	197	1273682540931	0	0	d64e9a448c6bf0c67f1745f439da
user22	519	197	1273682541211	0	0	d64e9a448c6bf0c67f1745f439da
user22	520	197	1273682541219	0	0	d64e9a448c6bf0c67f1745f439da
user22	521	197	1273682541227	0	0	d64e9a448c6bf0c67f1745f439da
user22	523	197	1273682541235	0	0	d64e9a448c6bf0c67f1745f439da
user22	524	197	1273682541243	0	0	d64e9a448c6bf0c67f1745f439da
user22	525	197	1273682541251	0	0	d64e9a448c6bf0c67f1745f439da
user22	526	197	1273682541259	0	0	d64e9a448c6bf0c67f1745f439da
user22	527	197	1273682541275	0	0	d64e9a448c6bf0c67f1745f439da
user22	528	197	1273682541283	0	0	d64e9a448c6bf0c67f1745f439da
user22	529	197	1273682541291	0	0	d64e9a448c6bf0c67f1745f439da
user22	530	197	1273682541315	0	0	d64e9a448c6bf0c67f1745f439da
user22	530	196	1273682541339	0	0	d64e9a448c6bf0c67f1745f439da
user22	531	196	1273682541347	0	0	d64e9a448c6bf0c67f1745f439da
user22	532	196	1273682541371	0	0	d64e9a448c6bf0c67f1745f439da
user22	533	196	1273682541388	0	0	d64e9a448c6bf0c67f1745f439da
user22	534	196	1273682541403	0	0	d64e9a448c6bf0c67f1745f439da
user22	535	196	1273682541427	0	0	d64e9a448c6bf0c67f1745f439da
user22	536	196	1273682541451	0	0	d64e9a448c6bf0c67f1745f439da
user22	537	196	1273682541483	0	0	d64e9a448c6bf0c67f1745f439da
user22	538	196	1273682541507	0	0	d64e9a448c6bf0c67f1745f439da
user22	539	196	1273682541531	0	0	d64e9a448c6bf0c67f1745f439da
user22	540	196	1273682541555	0	0	d64e9a448c6bf0c67f1745f439da
user22	541	196	1273682541571	0	0	d64e9a448c6bf0c67f1745f439da
user22	542	196	1273682541587	0	0	d64e9a448c6bf0c67f1745f439da
user22	543	196	1273682541603	0	0	d64e9a448c6bf0c67f1745f439da
user22	544	196	1273682541611	0	0	d64e9a448c6bf0c67f1745f439da
user22	545	196	1273682541627	0	0	d64e9a448c6bf0c67f1745f439da
user22	546	196	1273682541643	0	0	d64e9a448c6bf0c67f1745f439da
user22	547	196	1273682541675	0	0	d64e9a448c6bf0c67f1745f439da
user22	548	196	1273682541699	0	0	d64e9a448c6bf0c67f1745f439da
user22	549	196	1273682541723	0	0	d64e9a448c6bf0c67f1745f439da
user22	550	196	1273682541755	0	0	d64e9a448c6bf0c67f1745f439da
user22	551	196	1273682541779	0	0	d64e9a448c6bf0c67f1745f439da
user22	552	196	1273682543619	0	0	d64e9a448c6bf0c67f1745f439da
user22	554	196	1273682543627	0	0	d64e9a448c6bf0c67f1745f439da
user22	556	196	1273682543635	0	0	d64e9a448c6bf0c67f1745f439da
user22	558	195	1273682543643	0	0	d64e9a448c6bf0c67f1745f439da
user22	560	195	1273682543651	0	0	d64e9a448c6bf0c67f1745f439da
user22	561	195	1273682543659	0	0	d64e9a448c6bf0c67f1745f439da
user22	563	195	1273682543667	0	0	d64e9a448c6bf0c67f1745f439da
user22	564	195	1273682543675	0	0	d64e9a448c6bf0c67f1745f439da
user22	565	195	1273682543683	0	0	d64e9a448c6bf0c67f1745f439da
user22	593	195	1273682544147	0	0	d64e9a448c6bf0c67f1745f439da
user22	594	195	1273682544155	0	0	d64e9a448c6bf0c67f1745f439da
user22	595	195	1273682544163	0	0	d64e9a448c6bf0c67f1745f439da
user22	597	195	1273682544171	0	0	d64e9a448c6bf0c67f1745f439da
user22	599	196	1273682544179	0	0	d64e9a448c6bf0c67f1745f439da
user22	600	196	1273682544187	0	0	d64e9a448c6bf0c67f1745f439da
user22	603	196	1273682544195	0	0	d64e9a448c6bf0c67f1745f439da
user22	605	196	1273682544203	0	0	d64e9a448c6bf0c67f1745f439da
user22	608	197	1273682544211	0	0	d64e9a448c6bf0c67f1745f439da
user22	611	197	1273682544219	0	0	d64e9a448c6bf0c67f1745f439da
user22	614	197	1273682544227	0	0	d64e9a448c6bf0c67f1745f439da
user22	618	198	1273682544235	0	0	d64e9a448c6bf0c67f1745f439da
user22	622	198	1273682544243	0	0	d64e9a448c6bf0c67f1745f439da
user22	626	199	1273682544251	0	0	d64e9a448c6bf0c67f1745f439da
user22	633	199	1273682544259	0	0	d64e9a448c6bf0c67f1745f439da
user22	640	199	1273682544267	0	0	d64e9a448c6bf0c67f1745f439da
user22	646	201	1273682544275	0	0	d64e9a448c6bf0c67f1745f439da
user22	653	201	1273682544283	0	0	d64e9a448c6bf0c67f1745f439da
user22	660	201	1273682544291	0	0	d64e9a448c6bf0c67f1745f439da
user22	667	202	1273682544299	0	0	d64e9a448c6bf0c67f1745f439da
user22	675	202	1273682544307	0	0	d64e9a448c6bf0c67f1745f439da
user22	680	202	1273682544315	0	0	d64e9a448c6bf0c67f1745f439da
user22	685	204	1273682544323	0	0	d64e9a448c6bf0c67f1745f439da
user22	690	204	1273682544331	0	0	d64e9a448c6bf0c67f1745f439da
user22	693	204	1273682544339	0	0	d64e9a448c6bf0c67f1745f439da
user22	697	205	1273682544347	0	0	d64e9a448c6bf0c67f1745f439da
user22	699	207	1273682544355	0	0	d64e9a448c6bf0c67f1745f439da
user22	700	208	1273682544363	0	0	d64e9a448c6bf0c67f1745f439da
user22	701	208	1273682544371	0	0	d64e9a448c6bf0c67f1745f439da
user22	702	209	1273682544379	0	0	d64e9a448c6bf0c67f1745f439da
user22	704	209	1273682544387	0	0	d64e9a448c6bf0c67f1745f439da
user22	705	210	1273682544395	0	0	d64e9a448c6bf0c67f1745f439da
user22	707	211	1273682544403	0	0	d64e9a448c6bf0c67f1745f439da
user22	709	212	1273682544411	0	0	d64e9a448c6bf0c67f1745f439da
user22	710	213	1273682544419	0	0	d64e9a448c6bf0c67f1745f439da
user22	711	213	1273682544427	0	0	d64e9a448c6bf0c67f1745f439da
user22	711	213	1273682544771	0	0	d64e9a448c6bf0c67f1745f439da
user22	710	213	1273682544843	0	0	d64e9a448c6bf0c67f1745f439da
user22	710	213	1273682545067	0	0	d64e9a448c6bf0c67f1745f439da
user22	709	213	1273682545083	0	0	d64e9a448c6bf0c67f1745f439da
user22	708	213	1273682545099	0	0	d64e9a448c6bf0c67f1745f439da
user22	708	212	1273682545107	0	0	d64e9a448c6bf0c67f1745f439da
user22	707	212	1273682545123	0	0	d64e9a448c6bf0c67f1745f439da
user22	706	212	1273682545387	0	0	d64e9a448c6bf0c67f1745f439da
user22	705	213	1273682545395	0	0	d64e9a448c6bf0c67f1745f439da
user22	704	213	1273682545403	0	0	d64e9a448c6bf0c67f1745f439da
user22	703	213	1273682545411	0	0	d64e9a448c6bf0c67f1745f439da
user22	701	214	1273682545419	0	0	d64e9a448c6bf0c67f1745f439da
user22	699	214	1273682545435	0	0	d64e9a448c6bf0c67f1745f439da
user22	698	214	1273682545443	0	0	d64e9a448c6bf0c67f1745f439da
user22	697	215	1273682545451	0	0	d64e9a448c6bf0c67f1745f439da
user22	696	215	1273682545459	0	0	d64e9a448c6bf0c67f1745f439da
user22	694	216	1273682545467	0	0	d64e9a448c6bf0c67f1745f439da
user22	693	216	1273682545475	0	0	d64e9a448c6bf0c67f1745f439da
user22	692	217	1273682545483	0	0	d64e9a448c6bf0c67f1745f439da
user22	691	217	1273682545495	0	0	d64e9a448c6bf0c67f1745f439da
user22	690	217	1273682545499	0	0	d64e9a448c6bf0c67f1745f439da
user22	689	218	1273682545507	0	0	d64e9a448c6bf0c67f1745f439da
user22	688	218	1273682545531	0	0	d64e9a448c6bf0c67f1745f439da
user22	688	219	1273682545603	0	0	d64e9a448c6bf0c67f1745f439da
user22	689	220	1273682545651	0	0	d64e9a448c6bf0c67f1745f439da
user22	690	222	1273682545659	0	0	d64e9a448c6bf0c67f1745f439da
user22	693	224	1273682545667	0	0	d64e9a448c6bf0c67f1745f439da
user22	695	225	1273682545675	0	0	d64e9a448c6bf0c67f1745f439da
user22	697	226	1273682545684	0	0	d64e9a448c6bf0c67f1745f439da
user22	699	227	1273682545691	0	0	d64e9a448c6bf0c67f1745f439da
user22	700	227	1273682545699	0	0	d64e9a448c6bf0c67f1745f439da
user22	702	228	1273682545715	0	0	d64e9a448c6bf0c67f1745f439da
user22	704	228	1273682545723	0	0	d64e9a448c6bf0c67f1745f439da
user22	705	229	1273682545731	0	0	d64e9a448c6bf0c67f1745f439da
user22	706	229	1273682545739	0	0	d64e9a448c6bf0c67f1745f439da
user22	707	230	1273682545755	0	0	d64e9a448c6bf0c67f1745f439da
user22	708	230	1273682545763	0	0	d64e9a448c6bf0c67f1745f439da
user22	709	230	1273682545771	0	0	d64e9a448c6bf0c67f1745f439da
user22	710	230	1273682545779	0	0	d64e9a448c6bf0c67f1745f439da
user22	710	230	1273682545795	0	0	d64e9a448c6bf0c67f1745f439da
user22	710	230	1273682545819	0	0	d64e9a448c6bf0c67f1745f439da
user22	710	229	1273682546275	0	0	d64e9a448c6bf0c67f1745f439da
user22	710	228	1273682546283	0	0	d64e9a448c6bf0c67f1745f439da
user22	709	227	1273682546291	0	0	d64e9a448c6bf0c67f1745f439da
user22	708	226	1273682546307	0	0	d64e9a448c6bf0c67f1745f439da
user22	707	225	1273682546315	0	0	d64e9a448c6bf0c67f1745f439da
user22	706	224	1273682546323	0	0	d64e9a448c6bf0c67f1745f439da
user22	705	223	1273682546331	0	0	d64e9a448c6bf0c67f1745f439da
user22	703	222	1273682546339	0	0	d64e9a448c6bf0c67f1745f439da
user22	701	221	1273682546347	0	0	d64e9a448c6bf0c67f1745f439da
user22	698	220	1273682546355	0	0	d64e9a448c6bf0c67f1745f439da
user22	697	219	1273682546363	0	0	d64e9a448c6bf0c67f1745f439da
user22	695	218	1273682546371	0	0	d64e9a448c6bf0c67f1745f439da
user22	693	217	1273682546379	0	0	d64e9a448c6bf0c67f1745f439da
user22	692	216	1273682546387	0	0	d64e9a448c6bf0c67f1745f439da
user22	691	216	1273682546395	0	0	d64e9a448c6bf0c67f1745f439da
user22	690	215	1273682546403	0	0	d64e9a448c6bf0c67f1745f439da
user22	689	214	1273682546411	0	0	d64e9a448c6bf0c67f1745f439da
user22	688	213	1273682546419	0	0	d64e9a448c6bf0c67f1745f439da
user22	686	213	1273682546427	0	0	d64e9a448c6bf0c67f1745f439da
user22	685	212	1273682546443	0	0	d64e9a448c6bf0c67f1745f439da
user22	684	212	1273682546451	0	0	d64e9a448c6bf0c67f1745f439da
user22	683	211	1273682546459	0	0	d64e9a448c6bf0c67f1745f439da
user22	682	211	1273682546467	0	0	d64e9a448c6bf0c67f1745f439da
user22	681	210	1273682546475	0	0	d64e9a448c6bf0c67f1745f439da
user22	680	210	1273682546483	0	0	d64e9a448c6bf0c67f1745f439da
user22	679	209	1273682546491	0	0	d64e9a448c6bf0c67f1745f439da
user22	678	209	1273682546499	0	0	d64e9a448c6bf0c67f1745f439da
user22	678	208	1273682546507	0	0	d64e9a448c6bf0c67f1745f439da
user22	677	208	1273682546515	0	0	d64e9a448c6bf0c67f1745f439da
user22	676	207	1273682546523	0	0	d64e9a448c6bf0c67f1745f439da
user22	674	206	1273682546531	0	0	d64e9a448c6bf0c67f1745f439da
user22	672	205	1273682546539	0	0	d64e9a448c6bf0c67f1745f439da
user22	670	205	1273682546547	0	0	d64e9a448c6bf0c67f1745f439da
user22	669	204	1273682546555	0	0	d64e9a448c6bf0c67f1745f439da
user22	667	203	1273682546563	0	0	d64e9a448c6bf0c67f1745f439da
user22	664	202	1273682546571	0	0	d64e9a448c6bf0c67f1745f439da
user22	662	202	1273682546579	0	0	d64e9a448c6bf0c67f1745f439da
user22	659	201	1273682546587	0	0	d64e9a448c6bf0c67f1745f439da
user22	657	200	1273682546595	0	0	d64e9a448c6bf0c67f1745f439da
user22	654	199	1273682546603	0	0	d64e9a448c6bf0c67f1745f439da
user22	650	198	1273682546611	0	0	d64e9a448c6bf0c67f1745f439da
user22	646	198	1273682546619	0	0	d64e9a448c6bf0c67f1745f439da
user22	643	197	1273682546627	0	0	d64e9a448c6bf0c67f1745f439da
user22	639	197	1273682546635	0	0	d64e9a448c6bf0c67f1745f439da
user22	635	196	1273682546643	0	0	d64e9a448c6bf0c67f1745f439da
user22	631	196	1273682546651	0	0	d64e9a448c6bf0c67f1745f439da
user22	627	196	1273682546659	0	0	d64e9a448c6bf0c67f1745f439da
user22	622	194	1273682546667	0	0	d64e9a448c6bf0c67f1745f439da
user22	613	194	1273682546675	0	0	d64e9a448c6bf0c67f1745f439da
user22	606	194	1273682546683	0	0	d64e9a448c6bf0c67f1745f439da
user22	600	193	1273682546691	0	0	d64e9a448c6bf0c67f1745f439da
user22	592	193	1273682546699	0	0	d64e9a448c6bf0c67f1745f439da
user22	585	193	1273682546707	0	0	d64e9a448c6bf0c67f1745f439da
user22	578	193	1273682546715	0	0	d64e9a448c6bf0c67f1745f439da
user22	571	191	1273682546723	0	0	d64e9a448c6bf0c67f1745f439da
user22	564	191	1273682546731	0	0	d64e9a448c6bf0c67f1745f439da
user22	556	191	1273682546739	0	0	d64e9a448c6bf0c67f1745f439da
user22	549	191	1273682546747	0	0	d64e9a448c6bf0c67f1745f439da
user22	542	191	1273682546755	0	0	d64e9a448c6bf0c67f1745f439da
user22	536	191	1273682546763	0	0	d64e9a448c6bf0c67f1745f439da
user22	530	191	1273682546771	0	0	d64e9a448c6bf0c67f1745f439da
user22	523	191	1273682546779	0	0	d64e9a448c6bf0c67f1745f439da
user22	516	191	1273682546787	0	0	d64e9a448c6bf0c67f1745f439da
user22	511	191	1273682546795	0	0	d64e9a448c6bf0c67f1745f439da
user22	506	191	1273682546803	0	0	d64e9a448c6bf0c67f1745f439da
user22	501	193	1273682546811	0	0	d64e9a448c6bf0c67f1745f439da
user22	496	193	1273682546819	0	0	d64e9a448c6bf0c67f1745f439da
user22	491	194	1273682546827	0	0	d64e9a448c6bf0c67f1745f439da
user22	486	194	1273682546835	0	0	d64e9a448c6bf0c67f1745f439da
user22	482	194	1273682546843	0	0	d64e9a448c6bf0c67f1745f439da
user22	479	194	1273682546851	0	0	d64e9a448c6bf0c67f1745f439da
user22	477	196	1273682546859	0	0	d64e9a448c6bf0c67f1745f439da
user22	475	196	1273682546867	0	0	d64e9a448c6bf0c67f1745f439da
user22	474	196	1273682546875	0	0	d64e9a448c6bf0c67f1745f439da
user22	473	196	1273682546883	0	0	d64e9a448c6bf0c67f1745f439da
user22	472	197	1273682546891	0	0	d64e9a448c6bf0c67f1745f439da
user22	474	198	1273682553074	0	0	d64e9a448c6bf0c67f1745f439da
user22	478	199	1273682553082	0	0	d64e9a448c6bf0c67f1745f439da
user22	488	204	1273682553090	0	0	d64e9a448c6bf0c67f1745f439da
user22	500	209	1273682553098	0	0	d64e9a448c6bf0c67f1745f439da
user22	512	214	1273682553106	0	0	d64e9a448c6bf0c67f1745f439da
user22	522	216	1273682553114	0	0	d64e9a448c6bf0c67f1745f439da
user22	532	218	1273682553122	0	0	d64e9a448c6bf0c67f1745f439da
user22	543	218	1273682553130	0	0	d64e9a448c6bf0c67f1745f439da
user22	554	218	1273682553138	0	0	d64e9a448c6bf0c67f1745f439da
user22	564	218	1273682553147	0	0	d64e9a448c6bf0c67f1745f439da
user22	576	221	1273682553154	0	0	d64e9a448c6bf0c67f1745f439da
user22	584	225	1273682553163	0	0	d64e9a448c6bf0c67f1745f439da
user22	595	226	1273682553170	0	0	d64e9a448c6bf0c67f1745f439da
user22	604	228	1273682553178	0	0	d64e9a448c6bf0c67f1745f439da
user22	612	230	1273682553187	0	0	d64e9a448c6bf0c67f1745f439da
user22	621	233	1273682553194	0	0	d64e9a448c6bf0c67f1745f439da
user22	627	233	1273682553202	0	0	d64e9a448c6bf0c67f1745f439da
user22	633	235	1273682553210	0	0	d64e9a448c6bf0c67f1745f439da
user22	639	235	1273682553218	0	0	d64e9a448c6bf0c67f1745f439da
user22	645	235	1273682553226	0	0	d64e9a448c6bf0c67f1745f439da
user22	644	235	1273682553466	0	0	d64e9a448c6bf0c67f1745f439da
user22	643	235	1273682553555	0	0	d64e9a448c6bf0c67f1745f439da
user22	643	235	1273682553667	1273682553523	1273682553667	d64e9a448c6bf0c67f1745f439da
user22	340	793	1273682565636	0	0	d64e9a448c6bf0c67f1745f439da
user22	358	784	1273682565641	0	0	d64e9a448c6bf0c67f1745f439da
user22	383	769	1273682565649	0	0	d64e9a448c6bf0c67f1745f439da
user22	410	752	1273682565657	0	0	d64e9a448c6bf0c67f1745f439da
user22	439	731	1273682565665	0	0	d64e9a448c6bf0c67f1745f439da
user22	469	708	1273682565673	0	0	d64e9a448c6bf0c67f1745f439da
user22	500	677	1273682565682	0	0	d64e9a448c6bf0c67f1745f439da
user22	533	646	1273682565689	0	0	d64e9a448c6bf0c67f1745f439da
user22	567	615	1273682565697	0	0	d64e9a448c6bf0c67f1745f439da
user22	598	584	1273682565705	0	0	d64e9a448c6bf0c67f1745f439da
user22	628	554	1273682565713	0	0	d64e9a448c6bf0c67f1745f439da
user22	657	525	1273682565721	0	0	d64e9a448c6bf0c67f1745f439da
user22	680	500	1273682565729	0	0	d64e9a448c6bf0c67f1745f439da
user22	699	476	1273682565737	0	0	d64e9a448c6bf0c67f1745f439da
user22	714	453	1273682565745	0	0	d64e9a448c6bf0c67f1745f439da
user22	725	432	1273682565753	0	0	d64e9a448c6bf0c67f1745f439da
user22	727	413	1273682565761	0	0	d64e9a448c6bf0c67f1745f439da
user22	729	396	1273682565769	0	0	d64e9a448c6bf0c67f1745f439da
user22	729	379	1273682565777	0	0	d64e9a448c6bf0c67f1745f439da
user22	729	362	1273682565785	0	0	d64e9a448c6bf0c67f1745f439da
user22	726	347	1273682565793	0	0	d64e9a448c6bf0c67f1745f439da
user22	721	334	1273682565801	0	0	d64e9a448c6bf0c67f1745f439da
user22	716	322	1273682565809	0	0	d64e9a448c6bf0c67f1745f439da
user22	709	311	1273682565817	0	0	d64e9a448c6bf0c67f1745f439da
user22	701	301	1273682565825	0	0	d64e9a448c6bf0c67f1745f439da
user22	692	292	1273682565834	0	0	d64e9a448c6bf0c67f1745f439da
user22	682	284	1273682565841	0	0	d64e9a448c6bf0c67f1745f439da
user22	669	275	1273682565850	0	0	d64e9a448c6bf0c67f1745f439da
user22	655	266	1273682565857	0	0	d64e9a448c6bf0c67f1745f439da
user22	640	257	1273682565865	0	0	d64e9a448c6bf0c67f1745f439da
user22	624	248	1273682565874	0	0	d64e9a448c6bf0c67f1745f439da
user22	608	239	1273682565884	0	0	d64e9a448c6bf0c67f1745f439da
user22	595	232	1273682565889	0	0	d64e9a448c6bf0c67f1745f439da
user22	583	225	1273682565898	0	0	d64e9a448c6bf0c67f1745f439da
user22	574	218	1273682565906	0	0	d64e9a448c6bf0c67f1745f439da
user22	566	212	1273682565913	0	0	d64e9a448c6bf0c67f1745f439da
user22	559	207	1273682565921	0	0	d64e9a448c6bf0c67f1745f439da
user22	559	206	1273682566313	0	0	d64e9a448c6bf0c67f1745f439da
user22	558	205	1273682566321	0	0	d64e9a448c6bf0c67f1745f439da
user22	559	204	1273682566329	0	0	d64e9a448c6bf0c67f1745f439da
user22	559	203	1273682566337	0	0	d64e9a448c6bf0c67f1745f439da
user22	560	201	1273682566345	0	0	d64e9a448c6bf0c67f1745f439da
user22	562	198	1273682566353	0	0	d64e9a448c6bf0c67f1745f439da
user22	564	196	1273682566361	0	0	d64e9a448c6bf0c67f1745f439da
user22	565	194	1273682566369	0	0	d64e9a448c6bf0c67f1745f439da
user22	567	192	1273682566377	0	0	d64e9a448c6bf0c67f1745f439da
user22	568	190	1273682566385	0	0	d64e9a448c6bf0c67f1745f439da
user22	568	188	1273682566393	0	0	d64e9a448c6bf0c67f1745f439da
user22	569	185	1273682566401	0	0	d64e9a448c6bf0c67f1745f439da
user22	569	182	1273682566409	0	0	d64e9a448c6bf0c67f1745f439da
user22	569	179	1273682566417	0	0	d64e9a448c6bf0c67f1745f439da
user22	570	176	1273682566425	0	0	d64e9a448c6bf0c67f1745f439da
user22	570	173	1273682566433	0	0	d64e9a448c6bf0c67f1745f439da
user22	570	170	1273682566441	0	0	d64e9a448c6bf0c67f1745f439da
user22	569	168	1273682566449	0	0	d64e9a448c6bf0c67f1745f439da
user22	568	165	1273682566457	0	0	d64e9a448c6bf0c67f1745f439da
user22	568	163	1273682566465	0	0	d64e9a448c6bf0c67f1745f439da
user22	567	161	1273682566473	0	0	d64e9a448c6bf0c67f1745f439da
user22	566	158	1273682566481	0	0	d64e9a448c6bf0c67f1745f439da
user22	565	156	1273682566489	0	0	d64e9a448c6bf0c67f1745f439da
user22	564	154	1273682566497	0	0	d64e9a448c6bf0c67f1745f439da
user22	563	151	1273682566505	0	0	d64e9a448c6bf0c67f1745f439da
user22	562	149	1273682566513	0	0	d64e9a448c6bf0c67f1745f439da
user22	561	148	1273682566521	0	0	d64e9a448c6bf0c67f1745f439da
user22	560	146	1273682566529	0	0	d64e9a448c6bf0c67f1745f439da
user22	559	145	1273682566537	0	0	d64e9a448c6bf0c67f1745f439da
user22	557	143	1273682566545	0	0	d64e9a448c6bf0c67f1745f439da
user22	555	141	1273682566553	0	0	d64e9a448c6bf0c67f1745f439da
user22	554	139	1273682566561	0	0	d64e9a448c6bf0c67f1745f439da
user22	552	137	1273682566571	0	0	d64e9a448c6bf0c67f1745f439da
user22	550	135	1273682566577	0	0	d64e9a448c6bf0c67f1745f439da
user22	549	134	1273682566585	0	0	d64e9a448c6bf0c67f1745f439da
user22	547	132	1273682566593	0	0	d64e9a448c6bf0c67f1745f439da
user22	544	130	1273682566601	0	0	d64e9a448c6bf0c67f1745f439da
user22	541	128	1273682566609	0	0	d64e9a448c6bf0c67f1745f439da
user22	539	126	1273682566617	0	0	d64e9a448c6bf0c67f1745f439da
user22	536	124	1273682566625	0	0	d64e9a448c6bf0c67f1745f439da
user22	534	122	1273682566633	0	0	d64e9a448c6bf0c67f1745f439da
user22	531	120	1273682566641	0	0	d64e9a448c6bf0c67f1745f439da
user22	528	118	1273682566649	0	0	d64e9a448c6bf0c67f1745f439da
user22	525	115	1273682566657	0	0	d64e9a448c6bf0c67f1745f439da
user22	522	112	1273682566665	0	0	d64e9a448c6bf0c67f1745f439da
user22	518	109	1273682566673	0	0	d64e9a448c6bf0c67f1745f439da
user22	512	104	1273682566681	0	0	d64e9a448c6bf0c67f1745f439da
user22	507	100	1273682566689	0	0	d64e9a448c6bf0c67f1745f439da
user22	505	99	1273682566697	0	0	d64e9a448c6bf0c67f1745f439da
user22	504	97	1273682566705	0	0	d64e9a448c6bf0c67f1745f439da
user22	503	96	1273682566713	0	0	d64e9a448c6bf0c67f1745f439da
user22	502	96	1273682566721	0	0	d64e9a448c6bf0c67f1745f439da
user22	502	95	1273682566729	0	0	d64e9a448c6bf0c67f1745f439da
user22	502	94	1273682566777	0	0	d64e9a448c6bf0c67f1745f439da
user22	502	92	1273682566785	0	0	d64e9a448c6bf0c67f1745f439da
user22	503	89	1273682566793	0	0	d64e9a448c6bf0c67f1745f439da
user22	504	87	1273682566801	0	0	d64e9a448c6bf0c67f1745f439da
user22	504	85	1273682566809	0	0	d64e9a448c6bf0c67f1745f439da
user22	504	84	1273682566817	0	0	d64e9a448c6bf0c67f1745f439da
user22	504	82	1273682566825	0	0	d64e9a448c6bf0c67f1745f439da
user22	505	80	1273682566833	0	0	d64e9a448c6bf0c67f1745f439da
user22	505	78	1273682566841	0	0	d64e9a448c6bf0c67f1745f439da
user22	505	76	1273682566849	0	0	d64e9a448c6bf0c67f1745f439da
user22	505	74	1273682566857	0	0	d64e9a448c6bf0c67f1745f439da
user22	505	72	1273682566865	0	0	d64e9a448c6bf0c67f1745f439da
user22	505	71	1273682566873	0	0	d64e9a448c6bf0c67f1745f439da
user22	504	69	1273682566881	0	0	d64e9a448c6bf0c67f1745f439da
user22	504	68	1273682566890	0	0	d64e9a448c6bf0c67f1745f439da
user22	503	66	1273682566906	0	0	d64e9a448c6bf0c67f1745f439da
user22	502	65	1273682566913	0	0	d64e9a448c6bf0c67f1745f439da
user22	501	64	1273682566921	0	0	d64e9a448c6bf0c67f1745f439da
user22	501	63	1273682566929	0	0	d64e9a448c6bf0c67f1745f439da
user22	500	62	1273682566937	0	0	d64e9a448c6bf0c67f1745f439da
user22	500	61	1273682566961	0	0	d64e9a448c6bf0c67f1745f439da
user22	500	60	1273682566985	0	0	d64e9a448c6bf0c67f1745f439da
user22	500	59	1273682566993	0	0	d64e9a448c6bf0c67f1745f439da
user22	499	57	1273682567001	0	0	d64e9a448c6bf0c67f1745f439da
user22	499	56	1273682567009	0	0	d64e9a448c6bf0c67f1745f439da
user22	499	55	1273682567025	0	0	d64e9a448c6bf0c67f1745f439da
user22	499	55	1273682567266	1273682567106	1273682567266	d64e9a448c6bf0c67f1745f439da
user22	501	57	1273682570897	0	0	d64e9a448c6bf0c67f1745f439da
user22	504	58	1273682570905	0	0	d64e9a448c6bf0c67f1745f439da
user22	506	60	1273682570913	0	0	d64e9a448c6bf0c67f1745f439da
user22	509	61	1273682570921	0	0	d64e9a448c6bf0c67f1745f439da
user22	511	62	1273682570929	0	0	d64e9a448c6bf0c67f1745f439da
user22	513	63	1273682570937	0	0	d64e9a448c6bf0c67f1745f439da
user22	516	64	1273682570945	0	0	d64e9a448c6bf0c67f1745f439da
user22	519	65	1273682570953	0	0	d64e9a448c6bf0c67f1745f439da
user22	523	67	1273682570961	0	0	d64e9a448c6bf0c67f1745f439da
user22	527	69	1273682570969	0	0	d64e9a448c6bf0c67f1745f439da
user22	534	73	1273682570977	0	0	d64e9a448c6bf0c67f1745f439da
user22	541	77	1273682570985	0	0	d64e9a448c6bf0c67f1745f439da
user22	549	81	1273682570993	0	0	d64e9a448c6bf0c67f1745f439da
user22	556	85	1273682571001	0	0	d64e9a448c6bf0c67f1745f439da
user22	563	88	1273682571009	0	0	d64e9a448c6bf0c67f1745f439da
user22	571	92	1273682571017	0	0	d64e9a448c6bf0c67f1745f439da
user22	578	97	1273682571025	0	0	d64e9a448c6bf0c67f1745f439da
user22	584	100	1273682571033	0	0	d64e9a448c6bf0c67f1745f439da
user22	589	103	1273682571041	0	0	d64e9a448c6bf0c67f1745f439da
user22	594	107	1273682571049	0	0	d64e9a448c6bf0c67f1745f439da
user22	599	110	1273682571057	0	0	d64e9a448c6bf0c67f1745f439da
user22	601	112	1273682571065	0	0	d64e9a448c6bf0c67f1745f439da
user22	603	114	1273682571073	0	0	d64e9a448c6bf0c67f1745f439da
user22	606	116	1273682571081	0	0	d64e9a448c6bf0c67f1745f439da
user22	607	117	1273682571089	0	0	d64e9a448c6bf0c67f1745f439da
user22	608	118	1273682571097	0	0	d64e9a448c6bf0c67f1745f439da
user22	610	119	1273682571105	0	0	d64e9a448c6bf0c67f1745f439da
user22	613	120	1273682571113	0	0	d64e9a448c6bf0c67f1745f439da
user22	614	120	1273682571121	0	0	d64e9a448c6bf0c67f1745f439da
user22	616	122	1273682571129	0	0	d64e9a448c6bf0c67f1745f439da
user22	618	123	1273682571137	0	0	d64e9a448c6bf0c67f1745f439da
user22	620	124	1273682571145	0	0	d64e9a448c6bf0c67f1745f439da
user22	621	125	1273682571153	0	0	d64e9a448c6bf0c67f1745f439da
user22	622	126	1273682571161	0	0	d64e9a448c6bf0c67f1745f439da
user22	624	128	1273682571169	0	0	d64e9a448c6bf0c67f1745f439da
user22	627	130	1273682571177	0	0	d64e9a448c6bf0c67f1745f439da
user22	628	133	1273682571185	0	0	d64e9a448c6bf0c67f1745f439da
user22	630	135	1273682571193	0	0	d64e9a448c6bf0c67f1745f439da
user22	631	137	1273682571201	0	0	d64e9a448c6bf0c67f1745f439da
user22	632	139	1273682571209	0	0	d64e9a448c6bf0c67f1745f439da
user22	633	141	1273682571217	0	0	d64e9a448c6bf0c67f1745f439da
user22	633	143	1273682571225	0	0	d64e9a448c6bf0c67f1745f439da
user22	633	145	1273682571233	0	0	d64e9a448c6bf0c67f1745f439da
user22	633	147	1273682571241	0	0	d64e9a448c6bf0c67f1745f439da
user22	633	150	1273682571249	0	0	d64e9a448c6bf0c67f1745f439da
user22	632	153	1273682571257	0	0	d64e9a448c6bf0c67f1745f439da
user22	630	157	1273682571265	0	0	d64e9a448c6bf0c67f1745f439da
user22	628	161	1273682571273	0	0	d64e9a448c6bf0c67f1745f439da
user22	626	165	1273682571281	0	0	d64e9a448c6bf0c67f1745f439da
user22	624	169	1273682571289	0	0	d64e9a448c6bf0c67f1745f439da
user22	621	174	1273682571297	0	0	d64e9a448c6bf0c67f1745f439da
user22	617	181	1273682571305	0	0	d64e9a448c6bf0c67f1745f439da
user22	613	189	1273682571313	0	0	d64e9a448c6bf0c67f1745f439da
user22	608	196	1273682571321	0	0	d64e9a448c6bf0c67f1745f439da
user22	603	202	1273682571329	0	0	d64e9a448c6bf0c67f1745f439da
user22	599	210	1273682571337	0	0	d64e9a448c6bf0c67f1745f439da
user22	593	215	1273682571345	0	0	d64e9a448c6bf0c67f1745f439da
user22	586	222	1273682571353	0	0	d64e9a448c6bf0c67f1745f439da
user22	580	228	1273682571361	0	0	d64e9a448c6bf0c67f1745f439da
user22	574	234	1273682571369	0	0	d64e9a448c6bf0c67f1745f439da
user22	569	241	1273682571377	0	0	d64e9a448c6bf0c67f1745f439da
user22	565	246	1273682571385	0	0	d64e9a448c6bf0c67f1745f439da
user22	562	253	1273682571393	0	0	d64e9a448c6bf0c67f1745f439da
user22	558	259	1273682571401	0	0	d64e9a448c6bf0c67f1745f439da
user22	556	264	1273682571409	0	0	d64e9a448c6bf0c67f1745f439da
user22	555	269	1273682571417	0	0	d64e9a448c6bf0c67f1745f439da
user22	553	274	1273682571425	0	0	d64e9a448c6bf0c67f1745f439da
user22	551	278	1273682571433	0	0	d64e9a448c6bf0c67f1745f439da
user22	551	283	1273682571441	0	0	d64e9a448c6bf0c67f1745f439da
user22	550	287	1273682571449	0	0	d64e9a448c6bf0c67f1745f439da
user22	550	289	1273682571457	0	0	d64e9a448c6bf0c67f1745f439da
user22	550	291	1273682571465	0	0	d64e9a448c6bf0c67f1745f439da
user22	552	292	1273682571473	0	0	d64e9a448c6bf0c67f1745f439da
user22	553	293	1273682571489	0	0	d64e9a448c6bf0c67f1745f439da
user22	554	293	1273682571497	0	0	d64e9a448c6bf0c67f1745f439da
user22	556	294	1273682571505	0	0	d64e9a448c6bf0c67f1745f439da
user22	557	295	1273682571513	0	0	d64e9a448c6bf0c67f1745f439da
user22	558	295	1273682571521	0	0	d64e9a448c6bf0c67f1745f439da
user22	559	295	1273682571529	0	0	d64e9a448c6bf0c67f1745f439da
user22	560	295	1273682571537	0	0	d64e9a448c6bf0c67f1745f439da
user22	561	295	1273682571545	0	0	d64e9a448c6bf0c67f1745f439da
user22	562	295	1273682571553	0	0	d64e9a448c6bf0c67f1745f439da
user22	563	294	1273682571561	0	0	d64e9a448c6bf0c67f1745f439da
user22	565	293	1273682571569	0	0	d64e9a448c6bf0c67f1745f439da
user22	566	292	1273682571577	0	0	d64e9a448c6bf0c67f1745f439da
user22	568	290	1273682571585	0	0	d64e9a448c6bf0c67f1745f439da
user22	569	287	1273682571593	0	0	d64e9a448c6bf0c67f1745f439da
user22	571	283	1273682571601	0	0	d64e9a448c6bf0c67f1745f439da
user22	573	278	1273682571609	0	0	d64e9a448c6bf0c67f1745f439da
user22	576	269	1273682571617	0	0	d64e9a448c6bf0c67f1745f439da
user22	578	258	1273682571625	0	0	d64e9a448c6bf0c67f1745f439da
user22	580	248	1273682571633	0	0	d64e9a448c6bf0c67f1745f439da
user22	581	237	1273682571641	0	0	d64e9a448c6bf0c67f1745f439da
user22	583	226	1273682571649	0	0	d64e9a448c6bf0c67f1745f439da
user22	583	216	1273682571657	0	0	d64e9a448c6bf0c67f1745f439da
user22	583	207	1273682571665	0	0	d64e9a448c6bf0c67f1745f439da
user22	585	201	1273682571673	0	0	d64e9a448c6bf0c67f1745f439da
user22	585	195	1273682571681	0	0	d64e9a448c6bf0c67f1745f439da
user22	585	188	1273682571689	0	0	d64e9a448c6bf0c67f1745f439da
user22	585	181	1273682571697	0	0	d64e9a448c6bf0c67f1745f439da
user22	585	175	1273682571705	0	0	d64e9a448c6bf0c67f1745f439da
user22	585	169	1273682571713	0	0	d64e9a448c6bf0c67f1745f439da
user22	585	163	1273682571721	0	0	d64e9a448c6bf0c67f1745f439da
user22	585	159	1273682571729	0	0	d64e9a448c6bf0c67f1745f439da
user22	585	158	1273682571737	0	0	d64e9a448c6bf0c67f1745f439da
user22	586	157	1273682571745	0	0	d64e9a448c6bf0c67f1745f439da
user22	586	155	1273682571753	0	0	d64e9a448c6bf0c67f1745f439da
user22	592	148	1273682571967	0	0	d64e9a448c6bf0c67f1745f439da
user22	593	148	1273682572001	0	0	d64e9a448c6bf0c67f1745f439da
user22	593	150	1273682572009	0	0	d64e9a448c6bf0c67f1745f439da
user22	594	153	1273682572017	0	0	d64e9a448c6bf0c67f1745f439da
user22	595	155	1273682572025	0	0	d64e9a448c6bf0c67f1745f439da
user22	596	157	1273682572033	0	0	d64e9a448c6bf0c67f1745f439da
user22	597	159	1273682572041	0	0	d64e9a448c6bf0c67f1745f439da
user22	598	161	1273682572049	0	0	d64e9a448c6bf0c67f1745f439da
user22	599	163	1273682572057	0	0	d64e9a448c6bf0c67f1745f439da
user22	599	164	1273682572065	0	0	d64e9a448c6bf0c67f1745f439da
user22	599	165	1273682572073	0	0	d64e9a448c6bf0c67f1745f439da
user22	599	166	1273682572089	0	0	d64e9a448c6bf0c67f1745f439da
user22	600	167	1273682572105	0	0	d64e9a448c6bf0c67f1745f439da
user22	600	167	1273682572370	1273682572210	1273682572370	d64e9a448c6bf0c67f1745f439da
user22	600	167	1273682576673	1273682576466	1273682576673	d64e9a448c6bf0c67f1745f439da
user22	600	167	1273682579009	1273682578794	1273682579009	d64e9a448c6bf0c67f1745f439da
user22	600	167	1273682580313	1273682580105	1273682580313	d64e9a448c6bf0c67f1745f439da
user22	600	167	1273682581121	1273682580921	1273682581121	d64e9a448c6bf0c67f1745f439da
user22	603	168	1273682583000	0	0	d64e9a448c6bf0c67f1745f439da
user22	605	168	1273682583008	0	0	d64e9a448c6bf0c67f1745f439da
user22	607	168	1273682583016	0	0	d64e9a448c6bf0c67f1745f439da
user22	610	168	1273682583024	0	0	d64e9a448c6bf0c67f1745f439da
user22	612	168	1273682583032	0	0	d64e9a448c6bf0c67f1745f439da
user22	613	168	1273682583040	0	0	d64e9a448c6bf0c67f1745f439da
user22	614	168	1273682583048	0	0	d64e9a448c6bf0c67f1745f439da
user22	615	168	1273682583088	0	0	d64e9a448c6bf0c67f1745f439da
user22	615	168	1273682583096	0	0	d64e9a448c6bf0c67f1745f439da
user22	615	225	1273682583265	0	0	d64e9a448c6bf0c67f1745f439da
user22	615	281	1273682584832	0	0	d64e9a448c6bf0c67f1745f439da
user22	615	280	1273682584856	0	0	d64e9a448c6bf0c67f1745f439da
user22	614	280	1273682584904	0	0	d64e9a448c6bf0c67f1745f439da
user22	614	279	1273682585096	0	0	d64e9a448c6bf0c67f1745f439da
user22	613	279	1273682585112	0	0	d64e9a448c6bf0c67f1745f439da
user22	613	278	1273682585128	0	0	d64e9a448c6bf0c67f1745f439da
user22	612	278	1273682585136	0	0	d64e9a448c6bf0c67f1745f439da
user22	611	278	1273682585160	0	0	d64e9a448c6bf0c67f1745f439da
user22	611	277	1273682585168	0	0	d64e9a448c6bf0c67f1745f439da
user22	611	276	1273682586128	0	0	d64e9a448c6bf0c67f1745f439da
user22	612	275	1273682586152	0	0	d64e9a448c6bf0c67f1745f439da
user22	612	274	1273682586216	0	0	d64e9a448c6bf0c67f1745f439da
user22	613	274	1273682586368	0	0	d64e9a448c6bf0c67f1745f439da
user22	613	273	1273682586456	0	0	d64e9a448c6bf0c67f1745f439da
user22	614	273	1273682586488	0	0	d64e9a448c6bf0c67f1745f439da
user22	614	273	1273682586592	0	0	d64e9a448c6bf0c67f1745f439da
user22	614	216	1273682586785	0	0	d64e9a448c6bf0c67f1745f439da
user22	614	159	1273682586961	0	0	d64e9a448c6bf0c67f1745f439da
user22	613	159	1273682587240	0	0	d64e9a448c6bf0c67f1745f439da
user22	612	159	1273682587264	0	0	d64e9a448c6bf0c67f1745f439da
user22	611	159	1273682587272	0	0	d64e9a448c6bf0c67f1745f439da
user22	610	159	1273682587280	0	0	d64e9a448c6bf0c67f1745f439da
user22	608	159	1273682587288	0	0	d64e9a448c6bf0c67f1745f439da
user22	607	160	1273682587296	0	0	d64e9a448c6bf0c67f1745f439da
user22	606	161	1273682587304	0	0	d64e9a448c6bf0c67f1745f439da
user22	605	161	1273682587312	0	0	d64e9a448c6bf0c67f1745f439da
user22	604	161	1273682587319	0	0	d64e9a448c6bf0c67f1745f439da
user22	603	161	1273682587336	0	0	d64e9a448c6bf0c67f1745f439da
user22	602	162	1273682587352	0	0	d64e9a448c6bf0c67f1745f439da
user22	601	162	1273682587360	0	0	d64e9a448c6bf0c67f1745f439da
user22	600	162	1273682587376	0	0	d64e9a448c6bf0c67f1745f439da
user22	600	163	1273682587384	0	0	d64e9a448c6bf0c67f1745f439da
user22	599	163	1273682587392	0	0	d64e9a448c6bf0c67f1745f439da
user22	599	164	1273682587528	0	0	d64e9a448c6bf0c67f1745f439da
user22	599	165	1273682587544	0	0	d64e9a448c6bf0c67f1745f439da
user22	599	166	1273682587552	0	0	d64e9a448c6bf0c67f1745f439da
user22	599	167	1273682587576	0	0	d64e9a448c6bf0c67f1745f439da
user22	599	167	1273682587864	1273682587705	1273682587864	d64e9a448c6bf0c67f1745f439da
user22	599	167	1273682590448	1273682590281	1273682590448	d64e9a448c6bf0c67f1745f439da
user22	599	167	1273682591664	1273682591465	1273682591664	d64e9a448c6bf0c67f1745f439da
user22	599	167	1273682592568	1273682592428	1273682592568	d64e9a448c6bf0c67f1745f439da
user22	599	167	1273682594344	1273682594129	1273682594344	d64e9a448c6bf0c67f1745f439da
user22	599	167	1273682595688	1273682595520	1273682595688	d64e9a448c6bf0c67f1745f439da
user22	599	167	1273682598200	1273682597976	1273682598200	d64e9a448c6bf0c67f1745f439da
user22	599	167	1273682601551	1273682601360	1273682601551	d64e9a448c6bf0c67f1745f439da
user22	599	167	1273682607143	0	0	d64e9a448c6bf0c67f1745f439da
user22	599	167	1273682607167	0	0	d64e9a448c6bf0c67f1745f439da
user22	599	167	1273682607190	0	0	d64e9a448c6bf0c67f1745f439da
user22	597	168	1273682607214	0	0	d64e9a448c6bf0c67f1745f439da
user22	596	168	1273682607222	0	0	d64e9a448c6bf0c67f1745f439da
user22	595	169	1273682607231	0	0	d64e9a448c6bf0c67f1745f439da
user22	593	170	1273682607238	0	0	d64e9a448c6bf0c67f1745f439da
user22	592	171	1273682607246	0	0	d64e9a448c6bf0c67f1745f439da
user22	591	171	1273682607254	0	0	d64e9a448c6bf0c67f1745f439da
user22	591	171	1273682608047	1273682607864	1273682608047	d64e9a448c6bf0c67f1745f439da
user22	591	171	1273682609599	0	0	d64e9a448c6bf0c67f1745f439da
user22	591	228	1273682609630	0	0	d64e9a448c6bf0c67f1745f439da
user22	591	285	1273682609654	0	0	d64e9a448c6bf0c67f1745f439da
user22	591	342	1273682609686	0	0	d64e9a448c6bf0c67f1745f439da
user22	591	399	1273682609719	0	0	d64e9a448c6bf0c67f1745f439da
user22	591	456	1273682610174	0	0	d64e9a448c6bf0c67f1745f439da
user22	591	513	1273682610206	0	0	d64e9a448c6bf0c67f1745f439da
user22	591	570	1273682610230	0	0	d64e9a448c6bf0c67f1745f439da
user22	591	627	1273682610246	0	0	d64e9a448c6bf0c67f1745f439da
user22	591	684	1273682610286	0	0	d64e9a448c6bf0c67f1745f439da
user22	591	741	1273682610319	0	0	d64e9a448c6bf0c67f1745f439da
user22	591	798	1273682610711	0	0	d64e9a448c6bf0c67f1745f439da
user22	591	855	1273682610735	0	0	d64e9a448c6bf0c67f1745f439da
user22	591	912	1273682610751	0	0	d64e9a448c6bf0c67f1745f439da
user22	591	969	1273682610774	0	0	d64e9a448c6bf0c67f1745f439da
user22	591	1026	1273682618590	0	0	d64e9a448c6bf0c67f1745f439da
user22	591	969	1273682618622	0	0	d64e9a448c6bf0c67f1745f439da
user22	591	912	1273682618646	0	0	d64e9a448c6bf0c67f1745f439da
user22	591	855	1273682618662	0	0	d64e9a448c6bf0c67f1745f439da
user22	591	798	1273682618694	0	0	d64e9a448c6bf0c67f1745f439da
user22	591	741	1273682618718	0	0	d64e9a448c6bf0c67f1745f439da
user22	591	684	1273682618766	0	0	d64e9a448c6bf0c67f1745f439da
user22	591	627	1273682619294	0	0	d64e9a448c6bf0c67f1745f439da
user22	591	570	1273682619310	0	0	d64e9a448c6bf0c67f1745f439da
user22	591	513	1273682619326	0	0	d64e9a448c6bf0c67f1745f439da
user22	591	456	1273682619350	0	0	d64e9a448c6bf0c67f1745f439da
user22	591	399	1273682619390	0	0	d64e9a448c6bf0c67f1745f439da
user22	591	342	1273682619430	0	0	d64e9a448c6bf0c67f1745f439da
user22	591	285	1273682619958	0	0	d64e9a448c6bf0c67f1745f439da
user22	591	228	1273682619982	0	0	d64e9a448c6bf0c67f1745f439da
user22	591	171	1273682620006	0	0	d64e9a448c6bf0c67f1745f439da
user22	591	171	1273682620030	0	0	d64e9a448c6bf0c67f1745f439da
user22	591	171	1273682620070	0	0	d64e9a448c6bf0c67f1745f439da
user22	591	171	1273682620166	0	0	d64e9a448c6bf0c67f1745f439da
user22	590	171	1273682620709	0	0	d64e9a448c6bf0c67f1745f439da
user22	589	171	1273682620717	0	0	d64e9a448c6bf0c67f1745f439da
user22	588	171	1273682620725	0	0	d64e9a448c6bf0c67f1745f439da
user22	587	170	1273682620741	0	0	d64e9a448c6bf0c67f1745f439da
user22	586	170	1273682620749	0	0	d64e9a448c6bf0c67f1745f439da
user22	586	169	1273682620757	0	0	d64e9a448c6bf0c67f1745f439da
user22	585	169	1273682620773	0	0	d64e9a448c6bf0c67f1745f439da
user22	584	168	1273682620869	0	0	d64e9a448c6bf0c67f1745f439da
user22	583	168	1273682620903	0	0	d64e9a448c6bf0c67f1745f439da
user22	583	167	1273682620917	0	0	d64e9a448c6bf0c67f1745f439da
user22	583	167	1273682621262	1273682621078	1273682621262	d64e9a448c6bf0c67f1745f439da
