User	X	Y	MouseTimeStamp	MouseDownTimeStamp	MouseUpTimeStamp	SessionID
user12	189	80	1269206823225	0	0	29e68815112ae04a6c02dd6e0dfc
user12	165	83	1269206823240	0	0	29e68815112ae04a6c02dd6e0dfc
user12	101	86	1269206823282	0	0	29e68815112ae04a6c02dd6e0dfc
user12	84	86	1269206823289	0	0	29e68815112ae04a6c02dd6e0dfc
user12	3	96	1269206823319	0	0	29e68815112ae04a6c02dd6e0dfc
user12	8	113	1269206824135	0	0	29e68815112ae04a6c02dd6e0dfc
user12	40	113	1269206824142	0	0	29e68815112ae04a6c02dd6e0dfc
user12	95	113	1269206824152	0	0	29e68815112ae04a6c02dd6e0dfc
user12	165	110	1269206824161	0	0	29e68815112ae04a6c02dd6e0dfc
user12	235	110	1269206824171	0	0	29e68815112ae04a6c02dd6e0dfc
user12	338	110	1269206824178	0	0	29e68815112ae04a6c02dd6e0dfc
user12	446	110	1269206824184	0	0	29e68815112ae04a6c02dd6e0dfc
user12	554	110	1269206824193	0	0	29e68815112ae04a6c02dd6e0dfc
user12	651	110	1269206824198	0	0	29e68815112ae04a6c02dd6e0dfc
user12	753	110	1269206824209	0	0	29e68815112ae04a6c02dd6e0dfc
user12	861	110	1269206824215	0	0	29e68815112ae04a6c02dd6e0dfc
user12	969	110	1269206824226	0	0	29e68815112ae04a6c02dd6e0dfc
user12	1066	110	1269206824233	0	0	29e68815112ae04a6c02dd6e0dfc
user12	1131	110	1269206824243	0	0	29e68815112ae04a6c02dd6e0dfc
user12	1180	111	1269206824247	0	0	29e68815112ae04a6c02dd6e0dfc
user12	1213	113	1269206824256	0	0	29e68815112ae04a6c02dd6e0dfc
user12	1226	114	1269206824266	0	0	29e68815112ae04a6c02dd6e0dfc
user12	1237	119	1269206824270	0	0	29e68815112ae04a6c02dd6e0dfc
user12	1236	119	1269206824294	0	0	29e68815112ae04a6c02dd6e0dfc
user12	1235	120	1269206824303	0	0	29e68815112ae04a6c02dd6e0dfc
user12	1231	120	1269206824313	0	0	29e68815112ae04a6c02dd6e0dfc
user12	1222	125	1269206824323	0	0	29e68815112ae04a6c02dd6e0dfc
user12	1217	126	1269206824327	0	0	29e68815112ae04a6c02dd6e0dfc
user12	1211	130	1269206824339	0	0	29e68815112ae04a6c02dd6e0dfc
user12	1208	130	1269206824343	0	0	29e68815112ae04a6c02dd6e0dfc
user12	1205	130	1269206824353	0	0	29e68815112ae04a6c02dd6e0dfc
user12	1204	134	1269206824358	0	0	29e68815112ae04a6c02dd6e0dfc
user12	1203	137	1269206824374	0	0	29e68815112ae04a6c02dd6e0dfc
user12	1202	140	1269206824390	0	0	29e68815112ae04a6c02dd6e0dfc
user12	1201	143	1269206824399	0	0	29e68815112ae04a6c02dd6e0dfc
user12	1200	149	1269206824411	0	0	29e68815112ae04a6c02dd6e0dfc
user12	1200	152	1269206824415	0	0	29e68815112ae04a6c02dd6e0dfc
user12	1199	152	1269206824425	0	0	29e68815112ae04a6c02dd6e0dfc
user12	1199	155	1269206824434	0	0	29e68815112ae04a6c02dd6e0dfc
user12	1198	156	1269206824438	0	0	29e68815112ae04a6c02dd6e0dfc
user12	1195	159	1269206824448	0	0	29e68815112ae04a6c02dd6e0dfc
user12	1195	160	1269206824462	0	0	29e68815112ae04a6c02dd6e0dfc
user12	1194	160	1269206824472	0	0	29e68815112ae04a6c02dd6e0dfc
user12	1194	161	1269206824484	0	0	29e68815112ae04a6c02dd6e0dfc
user12	1193	162	1269206824494	0	0	29e68815112ae04a6c02dd6e0dfc
user12	1190	165	1269206824504	0	0	29e68815112ae04a6c02dd6e0dfc
user12	1187	168	1269206824515	0	0	29e68815112ae04a6c02dd6e0dfc
user12	1183	169	1269206824520	0	0	29e68815112ae04a6c02dd6e0dfc
user12	1180	173	1269206824529	0	0	29e68815112ae04a6c02dd6e0dfc
user12	1174	174	1269206824534	0	0	29e68815112ae04a6c02dd6e0dfc
user12	1169	175	1269206824544	0	0	29e68815112ae04a6c02dd6e0dfc
user12	1150	189	1269206824573	0	0	29e68815112ae04a6c02dd6e0dfc
user12	1144	193	1269206824577	0	0	29e68815112ae04a6c02dd6e0dfc
user12	1138	197	1269206824590	0	0	29e68815112ae04a6c02dd6e0dfc
user12	1130	198	1269206824595	0	0	29e68815112ae04a6c02dd6e0dfc
user12	1124	204	1269206824601	0	0	29e68815112ae04a6c02dd6e0dfc
user12	1118	208	1269206824611	0	0	29e68815112ae04a6c02dd6e0dfc
user12	1112	209	1269206824615	0	0	29e68815112ae04a6c02dd6e0dfc
user12	1104	213	1269206824625	0	0	29e68815112ae04a6c02dd6e0dfc
user12	1098	214	1269206824630	0	0	29e68815112ae04a6c02dd6e0dfc
user12	1092	218	1269206824641	0	0	29e68815112ae04a6c02dd6e0dfc
user12	1084	219	1269206824649	0	0	29e68815112ae04a6c02dd6e0dfc
user12	1076	220	1269206824654	0	0	29e68815112ae04a6c02dd6e0dfc
user12	1070	221	1269206824664	0	0	29e68815112ae04a6c02dd6e0dfc
user12	1062	222	1269206824674	0	0	29e68815112ae04a6c02dd6e0dfc
user12	1054	223	1269206824679	0	0	29e68815112ae04a6c02dd6e0dfc
user12	1048	224	1269206824689	0	0	29e68815112ae04a6c02dd6e0dfc
user12	1045	224	1269206824696	0	0	29e68815112ae04a6c02dd6e0dfc
user12	1040	224	1269206824710	0	0	29e68815112ae04a6c02dd6e0dfc
user12	1039	224	1269206824726	0	0	29e68815112ae04a6c02dd6e0dfc
user12	1039	225	1269206824731	0	0	29e68815112ae04a6c02dd6e0dfc
user12	1039	224	1269206824870	0	0	29e68815112ae04a6c02dd6e0dfc
user12	1038	224	1269206824880	0	0	29e68815112ae04a6c02dd6e0dfc
user12	1037	224	1269206824891	0	0	29e68815112ae04a6c02dd6e0dfc
user12	1037	223	1269206824896	0	0	29e68815112ae04a6c02dd6e0dfc
user12	1037	222	1269206824919	0	0	29e68815112ae04a6c02dd6e0dfc
user12	1037	221	1269206824934	0	0	29e68815112ae04a6c02dd6e0dfc
user12	1037	220	1269206824974	0	0	29e68815112ae04a6c02dd6e0dfc
user12	1038	219	1269206827310	0	0	29e68815112ae04a6c02dd6e0dfc
user12	1039	219	1269206827326	0	0	29e68815112ae04a6c02dd6e0dfc
user12	1042	219	1269206827342	0	0	29e68815112ae04a6c02dd6e0dfc
user12	1045	219	1269206827353	0	0	29e68815112ae04a6c02dd6e0dfc
user12	1048	219	1269206827358	0	0	29e68815112ae04a6c02dd6e0dfc
user12	1054	218	1269206827371	0	0	29e68815112ae04a6c02dd6e0dfc
user12	1072	218	1269206827385	0	0	29e68815112ae04a6c02dd6e0dfc
user12	1083	218	1269206827395	0	0	29e68815112ae04a6c02dd6e0dfc
user12	1096	217	1269206827400	0	0	29e68815112ae04a6c02dd6e0dfc
user12	1104	217	1269206827410	0	0	29e68815112ae04a6c02dd6e0dfc
user12	1112	217	1269206827415	0	0	29e68815112ae04a6c02dd6e0dfc
user12	1120	216	1269206827424	0	0	29e68815112ae04a6c02dd6e0dfc
user12	1129	215	1269206827430	0	0	29e68815112ae04a6c02dd6e0dfc
user12	1132	211	1269206827439	0	0	29e68815112ae04a6c02dd6e0dfc
user12	1133	210	1269206827450	0	0	29e68815112ae04a6c02dd6e0dfc
user12	1133	208	1269206827455	0	0	29e68815112ae04a6c02dd6e0dfc
user12	1133	207	1269206827466	0	0	29e68815112ae04a6c02dd6e0dfc
user12	1134	207	1269206827470	0	0	29e68815112ae04a6c02dd6e0dfc
user12	1134	206	1269206827483	0	0	29e68815112ae04a6c02dd6e0dfc
user12	1134	205	1269206827488	0	0	29e68815112ae04a6c02dd6e0dfc
user12	1133	205	1269206827498	0	0	29e68815112ae04a6c02dd6e0dfc
user12	1133	204	1269206827502	0	0	29e68815112ae04a6c02dd6e0dfc
user12	1132	204	1269206827514	0	0	29e68815112ae04a6c02dd6e0dfc
user12	1132	203	1269206827542	0	0	29e68815112ae04a6c02dd6e0dfc
user12	1131	203	1269206827551	0	0	29e68815112ae04a6c02dd6e0dfc
user12	1131	203	1269207170333	0	0	29e68815112ae04a6c02dd6e0dfc
user12	1131	203	1269207170348	0	0	29e68815112ae04a6c02dd6e0dfc
user12	1131	203	1269207170367	0	0	29e68815112ae04a6c02dd6e0dfc
user12	1131	203	1269207170372	0	0	29e68815112ae04a6c02dd6e0dfc
user12	1131	203	1269207170427	0	0	29e68815112ae04a6c02dd6e0dfc
user12	1131	203	1269207172540	0	0	29e68815112ae04a6c02dd6e0dfc
user12	1131	203	1269207182485	0	0	29e68815112ae04a6c02dd6e0dfc
user12	1131	203	1269207182895	0	0	29e68815112ae04a6c02dd6e0dfc
user12	1131	203	1269207182926	0	0	29e68815112ae04a6c02dd6e0dfc
user12	1131	203	1269207183317	0	0	29e68815112ae04a6c02dd6e0dfc
user12	1131	203	1269207183355	0	0	29e68815112ae04a6c02dd6e0dfc
user12	1131	203	1269207183370	0	0	29e68815112ae04a6c02dd6e0dfc
user12	1131	203	1269207183487	0	0	29e68815112ae04a6c02dd6e0dfc
user12	1131	203	1269207183501	0	0	29e68815112ae04a6c02dd6e0dfc
user12	1131	203	1269207183507	0	0	29e68815112ae04a6c02dd6e0dfc
user12	1131	203	1269207183511	0	0	29e68815112ae04a6c02dd6e0dfc
user12	1131	203	1269207183768	0	0	29e68815112ae04a6c02dd6e0dfc
user12	1131	200	1269207506175	0	0	29e68815112ae04a6c02dd6e0dfc
user12	1131	193	1269207506186	0	0	29e68815112ae04a6c02dd6e0dfc
user12	1131	169	1269207506191	0	0	29e68815112ae04a6c02dd6e0dfc
user12	1122	144	1269207506201	0	0	29e68815112ae04a6c02dd6e0dfc
user12	1112	114	1269207506212	0	0	29e68815112ae04a6c02dd6e0dfc
user12	1089	76	1269207506216	0	0	29e68815112ae04a6c02dd6e0dfc
user12	1071	39	1269207506227	0	0	29e68815112ae04a6c02dd6e0dfc
user12	956	10	1269207506339	0	0	29e68815112ae04a6c02dd6e0dfc
user12	957	64	1269207506350	0	0	29e68815112ae04a6c02dd6e0dfc
user12	957	118	1269207506356	0	0	29e68815112ae04a6c02dd6e0dfc
user12	954	189	1269207506364	0	0	29e68815112ae04a6c02dd6e0dfc
user12	938	251	1269207506376	0	0	29e68815112ae04a6c02dd6e0dfc
user12	907	325	1269207506383	0	0	29e68815112ae04a6c02dd6e0dfc
user12	877	393	1269207506390	0	0	29e68815112ae04a6c02dd6e0dfc
user12	856	461	1269207506398	0	0	29e68815112ae04a6c02dd6e0dfc
user12	840	523	1269207506405	0	0	29e68815112ae04a6c02dd6e0dfc
user12	824	569	1269207506415	0	0	29e68815112ae04a6c02dd6e0dfc
user12	650	601	1269207506735	0	0	29e68815112ae04a6c02dd6e0dfc
user12	658	601	1269207506743	0	0	29e68815112ae04a6c02dd6e0dfc
user12	666	601	1269207506754	0	0	29e68815112ae04a6c02dd6e0dfc
user12	981	594	1269207511575	0	0	29e68815112ae04a6c02dd6e0dfc
user12	551	43	1269207591812	0	0	29e68815112ae04a6c02dd6e0dfc
user12	529	127	1269207591822	0	0	29e68815112ae04a6c02dd6e0dfc
user12	512	210	1269207591832	0	0	29e68815112ae04a6c02dd6e0dfc
user12	495	293	1269207591839	0	0	29e68815112ae04a6c02dd6e0dfc
user12	482	370	1269207591849	0	0	29e68815112ae04a6c02dd6e0dfc
user12	473	452	1269207591858	0	0	29e68815112ae04a6c02dd6e0dfc
user12	473	528	1269207591867	0	0	29e68815112ae04a6c02dd6e0dfc
user12	487	594	1269207592014	0	0	29e68815112ae04a6c02dd6e0dfc
user12	461	517	1269207592028	0	0	29e68815112ae04a6c02dd6e0dfc
user12	442	476	1269207592038	0	0	29e68815112ae04a6c02dd6e0dfc
user12	420	438	1269207592047	0	0	29e68815112ae04a6c02dd6e0dfc
user12	395	410	1269207592053	0	0	29e68815112ae04a6c02dd6e0dfc
user12	305	330	1269207592074	0	0	29e68815112ae04a6c02dd6e0dfc
user12	277	310	1269207592088	0	0	29e68815112ae04a6c02dd6e0dfc
user12	263	305	1269207592096	0	0	29e68815112ae04a6c02dd6e0dfc
user12	250	305	1269207592103	0	0	29e68815112ae04a6c02dd6e0dfc
user12	244	305	1269207592119	0	0	29e68815112ae04a6c02dd6e0dfc
user12	244	305	1269207592137	0	0	29e68815112ae04a6c02dd6e0dfc
user12	243	305	1269207592143	0	0	29e68815112ae04a6c02dd6e0dfc
user12	242	305	1269207592166	0	0	29e68815112ae04a6c02dd6e0dfc
user12	241	304	1269207592192	0	0	29e68815112ae04a6c02dd6e0dfc
user12	240	304	1269207592204	0	0	29e68815112ae04a6c02dd6e0dfc
user12	239	304	1269207592223	0	0	29e68815112ae04a6c02dd6e0dfc
user12	239	303	1269207592236	0	0	29e68815112ae04a6c02dd6e0dfc
user12	238	303	1269207592243	0	0	29e68815112ae04a6c02dd6e0dfc
user12	209	293	1269207592306	0	0	29e68815112ae04a6c02dd6e0dfc
user12	206	290	1269207592312	0	0	29e68815112ae04a6c02dd6e0dfc
user12	206	289	1269207592376	0	0	29e68815112ae04a6c02dd6e0dfc
user12	620	347	1269207592478	0	0	29e68815112ae04a6c02dd6e0dfc
user12	626	348	1269207592485	0	0	29e68815112ae04a6c02dd6e0dfc
user12	630	352	1269207592499	0	0	29e68815112ae04a6c02dd6e0dfc
user12	634	358	1269207592508	0	0	29e68815112ae04a6c02dd6e0dfc
user12	644	370	1269207592516	0	0	29e68815112ae04a6c02dd6e0dfc
user12	653	382	1269207592523	0	0	29e68815112ae04a6c02dd6e0dfc
user12	753	484	1269207592555	0	0	29e68815112ae04a6c02dd6e0dfc
user12	798	529	1269207592564	0	0	29e68815112ae04a6c02dd6e0dfc
user12	1103	597	1269207592679	0	0	29e68815112ae04a6c02dd6e0dfc
user12	1035	514	1269207592697	0	0	29e68815112ae04a6c02dd6e0dfc
user12	846	381	1269207592709	0	0	29e68815112ae04a6c02dd6e0dfc
user12	712	289	1269207592717	0	0	29e68815112ae04a6c02dd6e0dfc
user12	562	212	1269207592731	0	0	29e68815112ae04a6c02dd6e0dfc
user12	405	144	1269207592737	0	0	29e68815112ae04a6c02dd6e0dfc
user12	248	91	1269207592743	0	0	29e68815112ae04a6c02dd6e0dfc
user12	88	67	1269207592750	0	0	29e68815112ae04a6c02dd6e0dfc
user12	15	185	1269207592806	0	0	29e68815112ae04a6c02dd6e0dfc
user12	30	226	1269207592812	0	0	29e68815112ae04a6c02dd6e0dfc
user12	48	312	1269207592834	0	0	29e68815112ae04a6c02dd6e0dfc
user12	55	351	1269207592839	0	0	29e68815112ae04a6c02dd6e0dfc
user12	62	386	1269207592845	0	0	29e68815112ae04a6c02dd6e0dfc
user12	76	417	1269207592851	0	0	29e68815112ae04a6c02dd6e0dfc
user12	88	438	1269207592863	0	0	29e68815112ae04a6c02dd6e0dfc
user12	135	481	1269207592875	0	0	29e68815112ae04a6c02dd6e0dfc
user12	152	496	1269207592886	0	0	29e68815112ae04a6c02dd6e0dfc
user12	184	513	1269207592892	0	0	29e68815112ae04a6c02dd6e0dfc
user12	203	519	1269207592900	0	0	29e68815112ae04a6c02dd6e0dfc
user12	227	525	1269207592909	0	0	29e68815112ae04a6c02dd6e0dfc
user12	240	525	1269207592915	0	0	29e68815112ae04a6c02dd6e0dfc
user12	251	525	1269207592927	0	0	29e68815112ae04a6c02dd6e0dfc
user12	259	525	1269207592936	0	0	29e68815112ae04a6c02dd6e0dfc
user12	265	524	1269207592942	0	0	29e68815112ae04a6c02dd6e0dfc
user12	282	510	1269207592956	0	0	29e68815112ae04a6c02dd6e0dfc
user12	295	498	1269207592967	0	0	29e68815112ae04a6c02dd6e0dfc
user12	318	474	1269207592974	0	0	29e68815112ae04a6c02dd6e0dfc
user12	352	444	1269207592980	0	0	29e68815112ae04a6c02dd6e0dfc
user12	372	421	1269207592992	0	0	29e68815112ae04a6c02dd6e0dfc
user12	389	394	1269207593003	0	0	29e68815112ae04a6c02dd6e0dfc
user12	402	368	1269207593010	0	0	29e68815112ae04a6c02dd6e0dfc
user12	403	340	1269207593016	0	0	29e68815112ae04a6c02dd6e0dfc
user12	405	318	1269207593024	0	0	29e68815112ae04a6c02dd6e0dfc
user12	403	295	1269207593031	0	0	29e68815112ae04a6c02dd6e0dfc
user12	398	281	1269207593036	0	0	29e68815112ae04a6c02dd6e0dfc
user12	391	266	1269207593042	0	0	29e68815112ae04a6c02dd6e0dfc
user12	376	248	1269207593054	0	0	29e68815112ae04a6c02dd6e0dfc
user12	319	222	1269207593070	0	0	29e68815112ae04a6c02dd6e0dfc
user12	290	215	1269207593079	0	0	29e68815112ae04a6c02dd6e0dfc
user12	255	208	1269207593086	0	0	29e68815112ae04a6c02dd6e0dfc
user12	223	208	1269207593093	0	0	29e68815112ae04a6c02dd6e0dfc
user12	179	208	1269207593111	0	0	29e68815112ae04a6c02dd6e0dfc
user12	109	208	1269207593117	0	0	29e68815112ae04a6c02dd6e0dfc
user12	89	213	1269207593122	0	0	29e68815112ae04a6c02dd6e0dfc
user12	70	218	1269207593140	0	0	29e68815112ae04a6c02dd6e0dfc
user12	52	232	1269207593146	0	0	29e68815112ae04a6c02dd6e0dfc
user12	48	238	1269207593158	0	0	29e68815112ae04a6c02dd6e0dfc
user12	48	241	1269207593165	0	0	29e68815112ae04a6c02dd6e0dfc
user12	48	246	1269207593178	0	0	29e68815112ae04a6c02dd6e0dfc
user12	47	250	1269207593183	0	0	29e68815112ae04a6c02dd6e0dfc
user12	47	252	1269207593188	0	0	29e68815112ae04a6c02dd6e0dfc
user12	46	256	1269207593201	0	0	29e68815112ae04a6c02dd6e0dfc
user12	46	257	1269207593213	0	0	29e68815112ae04a6c02dd6e0dfc
user12	45	257	1269207593224	0	0	29e68815112ae04a6c02dd6e0dfc
user12	44	257	1269207593236	0	0	29e68815112ae04a6c02dd6e0dfc
user12	44	258	1269207593246	0	0	29e68815112ae04a6c02dd6e0dfc
user12	43	258	1269207593266	0	0	29e68815112ae04a6c02dd6e0dfc
user12	42	257	1269207593286	0	0	29e68815112ae04a6c02dd6e0dfc
user12	38	257	1269207593292	0	0	29e68815112ae04a6c02dd6e0dfc
user12	32	256	1269207593306	0	0	29e68815112ae04a6c02dd6e0dfc
user12	27	255	1269207593311	0	0	29e68815112ae04a6c02dd6e0dfc
user12	21	254	1269207593316	0	0	29e68815112ae04a6c02dd6e0dfc
user12	10	254	1269207593338	0	0	29e68815112ae04a6c02dd6e0dfc
user12	9	254	1269207593366	0	0	29e68815112ae04a6c02dd6e0dfc
user12	8	254	1269207593371	0	0	29e68815112ae04a6c02dd6e0dfc
user12	5	251	1269207593383	0	0	29e68815112ae04a6c02dd6e0dfc
user12	5	250	1269207593388	0	0	29e68815112ae04a6c02dd6e0dfc
user12	2	245	1269207593400	0	0	29e68815112ae04a6c02dd6e0dfc
user12	9	241	1269207593523	0	0	29e68815112ae04a6c02dd6e0dfc
user12	37	266	1269207593531	0	0	29e68815112ae04a6c02dd6e0dfc
user12	82	311	1269207593543	0	0	29e68815112ae04a6c02dd6e0dfc
user12	147	359	1269207593549	0	0	29e68815112ae04a6c02dd6e0dfc
user12	271	440	1269207593563	0	0	29e68815112ae04a6c02dd6e0dfc
user12	330	469	1269207593576	0	0	29e68815112ae04a6c02dd6e0dfc
user12	388	498	1269207593584	0	0	29e68815112ae04a6c02dd6e0dfc
user12	441	523	1269207593591	0	0	29e68815112ae04a6c02dd6e0dfc
user12	493	543	1269207593601	0	0	29e68815112ae04a6c02dd6e0dfc
user12	544	554	1269207593611	0	0	29e68815112ae04a6c02dd6e0dfc
user12	593	556	1269207593616	0	0	29e68815112ae04a6c02dd6e0dfc
user12	658	558	1269207593622	0	0	29e68815112ae04a6c02dd6e0dfc
user12	729	560	1269207593628	0	0	29e68815112ae04a6c02dd6e0dfc
user12	831	560	1269207593634	0	0	29e68815112ae04a6c02dd6e0dfc
user12	928	560	1269207593646	0	0	29e68815112ae04a6c02dd6e0dfc
user12	1036	560	1269207593651	0	0	29e68815112ae04a6c02dd6e0dfc
user12	1139	557	1269207593658	0	0	29e68815112ae04a6c02dd6e0dfc
user12	1237	544	1269207593671	0	0	29e68815112ae04a6c02dd6e0dfc
user12	1243	284	1269207593746	0	0	29e68815112ae04a6c02dd6e0dfc
user12	1207	240	1269207593756	0	0	29e68815112ae04a6c02dd6e0dfc
user12	1157	190	1269207593762	0	0	29e68815112ae04a6c02dd6e0dfc
user12	1082	141	1269207593773	0	0	29e68815112ae04a6c02dd6e0dfc
user12	980	90	1269207593779	0	0	29e68815112ae04a6c02dd6e0dfc
user12	879	45	1269207593789	0	0	29e68815112ae04a6c02dd6e0dfc
user12	140	22	1269207593869	0	0	29e68815112ae04a6c02dd6e0dfc
user12	139	39	1269207593875	0	0	29e68815112ae04a6c02dd6e0dfc
user12	139	55	1269207593886	0	0	29e68815112ae04a6c02dd6e0dfc
user12	139	83	1269207593892	0	0	29e68815112ae04a6c02dd6e0dfc
user12	145	107	1269207593898	0	0	29e68815112ae04a6c02dd6e0dfc
user12	150	126	1269207593911	0	0	29e68815112ae04a6c02dd6e0dfc
user12	155	140	1269207593917	0	0	29e68815112ae04a6c02dd6e0dfc
user12	156	153	1269207593922	0	0	29e68815112ae04a6c02dd6e0dfc
user12	160	159	1269207593931	0	0	29e68815112ae04a6c02dd6e0dfc
user12	161	165	1269207593942	0	0	29e68815112ae04a6c02dd6e0dfc
user12	162	168	1269207593948	0	0	29e68815112ae04a6c02dd6e0dfc
user12	165	169	1269207593959	0	0	29e68815112ae04a6c02dd6e0dfc
user12	168	173	1269207593965	0	0	29e68815112ae04a6c02dd6e0dfc
user12	174	177	1269207593972	0	0	29e68815112ae04a6c02dd6e0dfc
user12	180	181	1269207593978	0	0	29e68815112ae04a6c02dd6e0dfc
user12	189	185	1269207593994	0	0	29e68815112ae04a6c02dd6e0dfc
user12	195	189	1269207593999	0	0	29e68815112ae04a6c02dd6e0dfc
user12	203	190	1269207594006	0	0	29e68815112ae04a6c02dd6e0dfc
user12	211	191	1269207594015	0	0	29e68815112ae04a6c02dd6e0dfc
user12	217	191	1269207594021	0	0	29e68815112ae04a6c02dd6e0dfc
user12	220	191	1269207594028	0	0	29e68815112ae04a6c02dd6e0dfc
user12	225	191	1269207594034	0	0	29e68815112ae04a6c02dd6e0dfc
user12	228	191	1269207594043	0	0	29e68815112ae04a6c02dd6e0dfc
user12	231	190	1269207594056	0	0	29e68815112ae04a6c02dd6e0dfc
user12	236	189	1269207594063	0	0	29e68815112ae04a6c02dd6e0dfc
user12	243	183	1269207594072	0	0	29e68815112ae04a6c02dd6e0dfc
user12	247	174	1269207594083	0	0	29e68815112ae04a6c02dd6e0dfc
user12	252	173	1269207594090	0	0	29e68815112ae04a6c02dd6e0dfc
user12	256	167	1269207594100	0	0	29e68815112ae04a6c02dd6e0dfc
user12	257	159	1269207594109	0	0	29e68815112ae04a6c02dd6e0dfc
user12	257	156	1269207594117	0	0	29e68815112ae04a6c02dd6e0dfc
user12	257	155	1269207594124	0	0	29e68815112ae04a6c02dd6e0dfc
user12	257	152	1269207594131	0	0	29e68815112ae04a6c02dd6e0dfc
user12	257	151	1269207594146	0	0	29e68815112ae04a6c02dd6e0dfc
user12	256	151	1269207594159	0	0	29e68815112ae04a6c02dd6e0dfc
user12	255	151	1269207594165	0	0	29e68815112ae04a6c02dd6e0dfc
user12	255	150	1269207594172	0	0	29e68815112ae04a6c02dd6e0dfc
user12	254	150	1269207594250	0	0	29e68815112ae04a6c02dd6e0dfc
user12	251	150	1269207594266	0	0	29e68815112ae04a6c02dd6e0dfc
user12	248	150	1269207594280	0	0	29e68815112ae04a6c02dd6e0dfc
user12	243	150	1269207594287	0	0	29e68815112ae04a6c02dd6e0dfc
user12	238	150	1269207594297	0	0	29e68815112ae04a6c02dd6e0dfc
user12	232	150	1269207594306	0	0	29e68815112ae04a6c02dd6e0dfc
user12	229	150	1269207594312	0	0	29e68815112ae04a6c02dd6e0dfc
user12	222	150	1269207594318	0	0	29e68815112ae04a6c02dd6e0dfc
user12	214	151	1269207594324	0	0	29e68815112ae04a6c02dd6e0dfc
user12	192	151	1269207594355	0	0	29e68815112ae04a6c02dd6e0dfc
user12	184	151	1269207594363	0	0	29e68815112ae04a6c02dd6e0dfc
user12	173	151	1269207594374	0	0	29e68815112ae04a6c02dd6e0dfc
user12	165	151	1269207594385	0	0	29e68815112ae04a6c02dd6e0dfc
user12	157	151	1269207594392	0	0	29e68815112ae04a6c02dd6e0dfc
user12	152	150	1269207594398	0	0	29e68815112ae04a6c02dd6e0dfc
user12	141	150	1269207594404	0	0	29e68815112ae04a6c02dd6e0dfc
user12	130	145	1269207594411	0	0	29e68815112ae04a6c02dd6e0dfc
user12	109	143	1269207594430	0	0	29e68815112ae04a6c02dd6e0dfc
user12	95	138	1269207594436	0	0	29e68815112ae04a6c02dd6e0dfc
user12	81	137	1269207594448	0	0	29e68815112ae04a6c02dd6e0dfc
user12	67	130	1269207594454	0	0	29e68815112ae04a6c02dd6e0dfc
user12	53	125	1269207594463	0	0	29e68815112ae04a6c02dd6e0dfc
user12	37	118	1269207594468	0	0	29e68815112ae04a6c02dd6e0dfc
user12	22	110	1269207594474	0	0	29e68815112ae04a6c02dd6e0dfc
user12	14	106	1269207594485	0	0	29e68815112ae04a6c02dd6e0dfc
user12	5	101	1269207594497	0	0	29e68815112ae04a6c02dd6e0dfc
user12	1	98	1269207594503	0	0	29e68815112ae04a6c02dd6e0dfc
user12	1	97	1269207594714	0	0	29e68815112ae04a6c02dd6e0dfc
user12	2	96	1269207594730	0	0	29e68815112ae04a6c02dd6e0dfc
user12	2	95	1269207594746	0	0	29e68815112ae04a6c02dd6e0dfc
user12	2	94	1269207594770	0	0	29e68815112ae04a6c02dd6e0dfc
user12	3	94	1269207594786	0	0	29e68815112ae04a6c02dd6e0dfc
user12	3	93	1269207595010	0	0	29e68815112ae04a6c02dd6e0dfc
user12	3	92	1269207595022	0	0	29e68815112ae04a6c02dd6e0dfc
user12	3	91	1269207595130	0	0	29e68815112ae04a6c02dd6e0dfc
user12	3	90	1269207595234	0	0	29e68815112ae04a6c02dd6e0dfc
user12	3	89	1269207596018	0	0	29e68815112ae04a6c02dd6e0dfc
user12	3	88	1269207596030	0	0	29e68815112ae04a6c02dd6e0dfc
user12	3	87	1269207596042	0	0	29e68815112ae04a6c02dd6e0dfc
user12	3	83	1269207596054	0	0	29e68815112ae04a6c02dd6e0dfc
user12	4	80	1269207596061	0	0	29e68815112ae04a6c02dd6e0dfc
user12	4	77	1269207596067	0	0	29e68815112ae04a6c02dd6e0dfc
user12	4	72	1269207596079	0	0	29e68815112ae04a6c02dd6e0dfc
user12	4	66	1269207596086	0	0	29e68815112ae04a6c02dd6e0dfc
user12	4	61	1269207596092	0	0	29e68815112ae04a6c02dd6e0dfc
user12	5	55	1269207596098	0	0	29e68815112ae04a6c02dd6e0dfc
user12	5	47	1269207596110	0	0	29e68815112ae04a6c02dd6e0dfc
user12	5	42	1269207596122	0	0	29e68815112ae04a6c02dd6e0dfc
user12	5	39	1269207596128	0	0	29e68815112ae04a6c02dd6e0dfc
user12	5	36	1269207596135	0	0	29e68815112ae04a6c02dd6e0dfc
user12	5	31	1269207596141	0	0	29e68815112ae04a6c02dd6e0dfc
user12	5	28	1269207596147	0	0	29e68815112ae04a6c02dd6e0dfc
user12	5	25	1269207596154	0	0	29e68815112ae04a6c02dd6e0dfc
user12	5	24	1269207596165	0	0	29e68815112ae04a6c02dd6e0dfc
user12	6	24	1269207596171	0	0	29e68815112ae04a6c02dd6e0dfc
user12	6	23	1269207596184	0	0	29e68815112ae04a6c02dd6e0dfc
user12	6	22	1269207596190	0	0	29e68815112ae04a6c02dd6e0dfc
user12	6	21	1269207596242	0	0	29e68815112ae04a6c02dd6e0dfc
user12	6	20	1269207596266	0	0	29e68815112ae04a6c02dd6e0dfc
user12	7	19	1269207596282	0	0	29e68815112ae04a6c02dd6e0dfc
user12	7	18	1269207596293	0	0	29e68815112ae04a6c02dd6e0dfc
user12	8	18	1269207596299	0	0	29e68815112ae04a6c02dd6e0dfc
user12	11	13	1269207596314	0	0	29e68815112ae04a6c02dd6e0dfc
user12	14	12	1269207596321	0	0	29e68815112ae04a6c02dd6e0dfc
user12	26	5	1269207596330	0	0	29e68815112ae04a6c02dd6e0dfc
user12	694	327	1269207604150	0	0	29e68815112ae04a6c02dd6e0dfc
user12	691	326	1269208036985	0	0	29e68815112ae04a6c02dd6e0dfc
user12	670	315	1269208037003	0	0	29e68815112ae04a6c02dd6e0dfc
user12	650	307	1269208037010	0	0	29e68815112ae04a6c02dd6e0dfc
user12	631	301	1269208037023	0	0	29e68815112ae04a6c02dd6e0dfc
user12	598	300	1269208037030	0	0	29e68815112ae04a6c02dd6e0dfc
user12	570	298	1269208037037	0	0	29e68815112ae04a6c02dd6e0dfc
user12	532	298	1269208037045	0	0	29e68815112ae04a6c02dd6e0dfc
user12	502	304	1269208037053	0	0	29e68815112ae04a6c02dd6e0dfc
user12	466	322	1269208037060	0	0	29e68815112ae04a6c02dd6e0dfc
user12	436	356	1269208037067	0	0	29e68815112ae04a6c02dd6e0dfc
user12	414	389	1269208037076	0	0	29e68815112ae04a6c02dd6e0dfc
user12	407	418	1269208037083	0	0	29e68815112ae04a6c02dd6e0dfc
user12	407	461	1269208037093	0	0	29e68815112ae04a6c02dd6e0dfc
user12	423	518	1269208037102	0	0	29e68815112ae04a6c02dd6e0dfc
user12	444	581	1269208037118	0	0	29e68815112ae04a6c02dd6e0dfc
user12	562	593	1269208037926	0	0	29e68815112ae04a6c02dd6e0dfc
user12	562	522	1269208037937	0	0	29e68815112ae04a6c02dd6e0dfc
user12	564	479	1269208037950	0	0	29e68815112ae04a6c02dd6e0dfc
user12	564	430	1269208037964	0	0	29e68815112ae04a6c02dd6e0dfc
user12	912	445	1269208273789	0	0	29e68815112ae04a6c02dd6e0dfc
user12	921	517	1269208273804	0	0	29e68815112ae04a6c02dd6e0dfc
user12	934	599	1269208273816	0	0	29e68815112ae04a6c02dd6e0dfc
user12	1126	596	1269208273956	0	0	29e68815112ae04a6c02dd6e0dfc
user12	1125	590	1269208273963	0	0	29e68815112ae04a6c02dd6e0dfc
user12	1122	590	1269208273977	0	0	29e68815112ae04a6c02dd6e0dfc
user12	1121	590	1269208273983	0	0	29e68815112ae04a6c02dd6e0dfc
user12	1120	590	1269208274027	0	0	29e68815112ae04a6c02dd6e0dfc
user12	1120	591	1269208274044	0	0	29e68815112ae04a6c02dd6e0dfc
user12	1120	593	1269208274056	0	0	29e68815112ae04a6c02dd6e0dfc
user12	1120	596	1269208274063	0	0	29e68815112ae04a6c02dd6e0dfc
user12	1120	604	1269208274071	0	0	29e68815112ae04a6c02dd6e0dfc
user12	1123	597	1269208276500	0	0	29e68815112ae04a6c02dd6e0dfc
user12	1127	589	1269208276510	0	0	29e68815112ae04a6c02dd6e0dfc
user12	1139	560	1269208276523	0	0	29e68815112ae04a6c02dd6e0dfc
user12	1140	547	1269208276536	0	0	29e68815112ae04a6c02dd6e0dfc
user12	1140	530	1269208276546	0	0	29e68815112ae04a6c02dd6e0dfc
user12	1138	517	1269208276553	0	0	29e68815112ae04a6c02dd6e0dfc
user12	1137	511	1269208276560	0	0	29e68815112ae04a6c02dd6e0dfc
user12	1134	508	1269208276569	0	0	29e68815112ae04a6c02dd6e0dfc
user12	1128	504	1269208276580	0	0	29e68815112ae04a6c02dd6e0dfc
user12	1127	501	1269208276587	0	0	29e68815112ae04a6c02dd6e0dfc
user12	1119	489	1269208276601	0	0	29e68815112ae04a6c02dd6e0dfc
user12	1111	474	1269208276617	0	0	29e68815112ae04a6c02dd6e0dfc
user12	1104	465	1269208276627	0	0	29e68815112ae04a6c02dd6e0dfc
user12	1098	454	1269208276635	0	0	29e68815112ae04a6c02dd6e0dfc
user12	1089	445	1269208276643	0	0	29e68815112ae04a6c02dd6e0dfc
user12	1077	433	1269208276649	0	0	29e68815112ae04a6c02dd6e0dfc
user12	1059	415	1269208276656	0	0	29e68815112ae04a6c02dd6e0dfc
user12	1058	101	1269208277299	0	0	29e68815112ae04a6c02dd6e0dfc
user12	1069	76	1269208277316	0	0	29e68815112ae04a6c02dd6e0dfc
user12	1069	62	1269208277330	0	0	29e68815112ae04a6c02dd6e0dfc
user12	1069	38	1269208277345	0	0	29e68815112ae04a6c02dd6e0dfc
user12	1067	30	1269208277352	0	0	29e68815112ae04a6c02dd6e0dfc
user12	1067	25	1269208277359	0	0	29e68815112ae04a6c02dd6e0dfc
user12	1063	21	1269208277366	0	0	29e68815112ae04a6c02dd6e0dfc
user12	1059	15	1269208277375	0	0	29e68815112ae04a6c02dd6e0dfc
user12	1058	14	1269208277382	0	0	29e68815112ae04a6c02dd6e0dfc
user12	1055	13	1269208277397	0	0	29e68815112ae04a6c02dd6e0dfc
user12	1054	13	1269208277418	0	0	29e68815112ae04a6c02dd6e0dfc
user12	1051	13	1269208277426	0	0	29e68815112ae04a6c02dd6e0dfc
user12	694	417	1269208279020	0	0	29e68815112ae04a6c02dd6e0dfc
user12	664	480	1269208279034	0	0	29e68815112ae04a6c02dd6e0dfc
user12	662	529	1269208279044	0	0	29e68815112ae04a6c02dd6e0dfc
user12	927	11	1269208285274	0	0	29e68815112ae04a6c02dd6e0dfc
user12	919	16	1269208285283	0	0	29e68815112ae04a6c02dd6e0dfc
user12	913	20	1269208285289	0	0	29e68815112ae04a6c02dd6e0dfc
user12	904	29	1269208285297	0	0	29e68815112ae04a6c02dd6e0dfc
user12	897	35	1269208285303	0	0	29e68815112ae04a6c02dd6e0dfc
user12	888	46	1269208285310	0	0	29e68815112ae04a6c02dd6e0dfc
user12	882	55	1269208285318	0	0	29e68815112ae04a6c02dd6e0dfc
user12	872	70	1269208285325	0	0	29e68815112ae04a6c02dd6e0dfc
user12	867	81	1269208285335	0	0	29e68815112ae04a6c02dd6e0dfc
user12	863	92	1269208285341	0	0	29e68815112ae04a6c02dd6e0dfc
user12	863	103	1269208285348	0	0	29e68815112ae04a6c02dd6e0dfc
user12	863	108	1269208285356	0	0	29e68815112ae04a6c02dd6e0dfc
user12	869	117	1269208285364	0	0	29e68815112ae04a6c02dd6e0dfc
user12	876	125	1269208285378	0	0	29e68815112ae04a6c02dd6e0dfc
user12	891	139	1269208285390	0	0	29e68815112ae04a6c02dd6e0dfc
user12	925	164	1269208285397	0	0	29e68815112ae04a6c02dd6e0dfc
user12	947	180	1269208285405	0	0	29e68815112ae04a6c02dd6e0dfc
user12	962	187	1269208285413	0	0	29e68815112ae04a6c02dd6e0dfc
user12	978	195	1269208285427	0	0	29e68815112ae04a6c02dd6e0dfc
user12	986	199	1269208285434	0	0	29e68815112ae04a6c02dd6e0dfc
user12	992	205	1269208285441	0	0	29e68815112ae04a6c02dd6e0dfc
user12	995	205	1269208285448	0	0	29e68815112ae04a6c02dd6e0dfc
user12	995	204	1269208285499	0	0	29e68815112ae04a6c02dd6e0dfc
user12	996	201	1269208285511	0	0	29e68815112ae04a6c02dd6e0dfc
user12	997	201	1269208285520	0	0	29e68815112ae04a6c02dd6e0dfc
user12	997	198	1269208285526	0	0	29e68815112ae04a6c02dd6e0dfc
user12	997	195	1269208285537	0	0	29e68815112ae04a6c02dd6e0dfc
user12	1001	189	1269208285544	0	0	29e68815112ae04a6c02dd6e0dfc
user12	1001	184	1269208285555	0	0	29e68815112ae04a6c02dd6e0dfc
user12	1002	183	1269208285562	0	0	29e68815112ae04a6c02dd6e0dfc
user12	1003	182	1269208285569	0	0	29e68815112ae04a6c02dd6e0dfc
user12	1003	181	1269208285584	0	0	29e68815112ae04a6c02dd6e0dfc
user12	1004	181	1269208285675	0	0	29e68815112ae04a6c02dd6e0dfc
user12	1009	181	1269208285691	0	0	29e68815112ae04a6c02dd6e0dfc
user12	1014	181	1269208285704	0	0	29e68815112ae04a6c02dd6e0dfc
user12	1017	181	1269208285712	0	0	29e68815112ae04a6c02dd6e0dfc
user12	1024	181	1269208285720	0	0	29e68815112ae04a6c02dd6e0dfc
user12	1035	181	1269208285726	0	0	29e68815112ae04a6c02dd6e0dfc
user12	1043	181	1269208285733	0	0	29e68815112ae04a6c02dd6e0dfc
user12	1048	181	1269208285740	0	0	29e68815112ae04a6c02dd6e0dfc
user12	1057	180	1269208285756	0	0	29e68815112ae04a6c02dd6e0dfc
user12	1065	179	1269208285771	0	0	29e68815112ae04a6c02dd6e0dfc
user12	1066	178	1269208285778	0	0	29e68815112ae04a6c02dd6e0dfc
user12	1066	177	1269208285785	0	0	29e68815112ae04a6c02dd6e0dfc
user12	1069	174	1269208285791	0	0	29e68815112ae04a6c02dd6e0dfc
user12	1070	174	1269208285799	0	0	29e68815112ae04a6c02dd6e0dfc
user12	1070	173	1269208285808	0	0	29e68815112ae04a6c02dd6e0dfc
user12	1071	173	1269208285821	0	0	29e68815112ae04a6c02dd6e0dfc
user12	1072	173	1269208285828	0	0	29e68815112ae04a6c02dd6e0dfc
user12	1072	173	1269208411696	0	0	29e68815112ae04a6c02dd6e0dfc
user12	1072	173	1269208411711	0	0	29e68815112ae04a6c02dd6e0dfc
user12	1072	173	1269208411802	0	0	29e68815112ae04a6c02dd6e0dfc
user12	1072	173	1269208411824	0	0	29e68815112ae04a6c02dd6e0dfc
user12	1072	173	1269208411852	0	0	29e68815112ae04a6c02dd6e0dfc
user12	1072	173	1269208411886	0	0	29e68815112ae04a6c02dd6e0dfc
user12	1072	173	1269208411916	0	0	29e68815112ae04a6c02dd6e0dfc
user12	1072	173	1269208411946	0	0	29e68815112ae04a6c02dd6e0dfc
user12	1072	173	1269208411979	0	0	29e68815112ae04a6c02dd6e0dfc
user12	1072	173	1269208412018	0	0	29e68815112ae04a6c02dd6e0dfc
user12	1072	173	1269208412044	0	0	29e68815112ae04a6c02dd6e0dfc
user12	1072	173	1269208412074	0	0	29e68815112ae04a6c02dd6e0dfc
user12	1072	173	1269208412104	0	0	29e68815112ae04a6c02dd6e0dfc
user12	1072	173	1269208412132	0	0	29e68815112ae04a6c02dd6e0dfc
user12	1072	173	1269208412163	0	0	29e68815112ae04a6c02dd6e0dfc
user12	1072	173	1269208412199	0	0	29e68815112ae04a6c02dd6e0dfc
user12	1072	173	1269208412226	0	0	29e68815112ae04a6c02dd6e0dfc
user12	1072	173	1269208412258	0	0	29e68815112ae04a6c02dd6e0dfc
user12	1072	173	1269208412290	0	0	29e68815112ae04a6c02dd6e0dfc
user12	1072	173	1269208412319	0	0	29e68815112ae04a6c02dd6e0dfc
user12	1072	173	1269208412351	0	0	29e68815112ae04a6c02dd6e0dfc
user12	1072	173	1269208412382	0	0	29e68815112ae04a6c02dd6e0dfc
user12	1072	173	1269208412414	0	0	29e68815112ae04a6c02dd6e0dfc
user12	1072	173	1269208412446	0	0	29e68815112ae04a6c02dd6e0dfc
user12	1072	173	1269208412478	0	0	29e68815112ae04a6c02dd6e0dfc
user12	1072	173	1269208421819	0	0	29e68815112ae04a6c02dd6e0dfc
user12	1072	173	1269208421852	0	0	29e68815112ae04a6c02dd6e0dfc
user12	1072	173	1269208421883	0	0	29e68815112ae04a6c02dd6e0dfc
user12	1072	173	1269208421915	0	0	29e68815112ae04a6c02dd6e0dfc
user12	1072	173	1269208421945	0	0	29e68815112ae04a6c02dd6e0dfc
user12	1072	173	1269208421976	0	0	29e68815112ae04a6c02dd6e0dfc
user12	1072	173	1269208422008	0	0	29e68815112ae04a6c02dd6e0dfc
user12	1072	173	1269208422038	0	0	29e68815112ae04a6c02dd6e0dfc
user12	1072	173	1269208422069	0	0	29e68815112ae04a6c02dd6e0dfc
user12	1072	173	1269208422103	0	0	29e68815112ae04a6c02dd6e0dfc
user12	1072	173	1269208422133	0	0	29e68815112ae04a6c02dd6e0dfc
user12	1072	173	1269208422165	0	0	29e68815112ae04a6c02dd6e0dfc
user12	1072	173	1269208422195	0	0	29e68815112ae04a6c02dd6e0dfc
user12	1072	173	1269208422227	0	0	29e68815112ae04a6c02dd6e0dfc
user12	1072	173	1269208422256	0	0	29e68815112ae04a6c02dd6e0dfc
user12	1072	173	1269208422289	0	0	29e68815112ae04a6c02dd6e0dfc
user12	1072	173	1269208422319	0	0	29e68815112ae04a6c02dd6e0dfc
user12	1072	173	1269208422351	0	0	29e68815112ae04a6c02dd6e0dfc
user12	1072	173	1269208422384	0	0	29e68815112ae04a6c02dd6e0dfc
user12	1072	173	1269208422418	0	0	29e68815112ae04a6c02dd6e0dfc
user12	1072	173	1269208422444	0	0	29e68815112ae04a6c02dd6e0dfc
user12	1072	173	1269208422475	0	0	29e68815112ae04a6c02dd6e0dfc
user12	1072	173	1269208422509	0	0	29e68815112ae04a6c02dd6e0dfc
user12	1072	173	1269208472188	0	0	29e68815112ae04a6c02dd6e0dfc
user12	1072	173	1269208472238	0	0	29e68815112ae04a6c02dd6e0dfc
user12	1072	173	1269208472245	0	0	29e68815112ae04a6c02dd6e0dfc
user12	1072	173	1269208472261	0	0	29e68815112ae04a6c02dd6e0dfc
user12	1072	173	1269208472316	0	0	29e68815112ae04a6c02dd6e0dfc
user12	1072	173	1269208472332	0	0	29e68815112ae04a6c02dd6e0dfc
user12	1072	173	1269208472339	0	0	29e68815112ae04a6c02dd6e0dfc
user12	1072	173	1269208472346	0	0	29e68815112ae04a6c02dd6e0dfc
user12	1072	173	1269208472353	0	0	29e68815112ae04a6c02dd6e0dfc
user12	1072	173	1269208472372	0	0	29e68815112ae04a6c02dd6e0dfc
user12	1072	173	1269208472380	0	0	29e68815112ae04a6c02dd6e0dfc
user12	1072	173	1269208472388	0	0	29e68815112ae04a6c02dd6e0dfc
user12	1072	173	1269208472397	0	0	29e68815112ae04a6c02dd6e0dfc
user12	1072	173	1269208472405	0	0	29e68815112ae04a6c02dd6e0dfc
user12	1072	173	1269208472412	0	0	29e68815112ae04a6c02dd6e0dfc
user12	1072	173	1269208472423	0	0	29e68815112ae04a6c02dd6e0dfc
user12	1072	173	1269208472431	0	0	29e68815112ae04a6c02dd6e0dfc
user12	1072	173	1269208472440	0	0	29e68815112ae04a6c02dd6e0dfc
user12	1072	173	1269208472471	0	0	29e68815112ae04a6c02dd6e0dfc
user12	1072	173	1269208472518	0	0	29e68815112ae04a6c02dd6e0dfc
user12	1072	173	1269208472518	0	0	29e68815112ae04a6c02dd6e0dfc
user12	1072	173	1269208472954	0	0	29e68815112ae04a6c02dd6e0dfc
user12	1072	173	1269208473221	0	0	29e68815112ae04a6c02dd6e0dfc
user12	1072	173	1269208473229	0	0	29e68815112ae04a6c02dd6e0dfc
user12	1072	173	1269208473237	0	0	29e68815112ae04a6c02dd6e0dfc
user12	1072	173	1269208473262	0	0	29e68815112ae04a6c02dd6e0dfc
user12	1072	173	1269208473270	0	0	29e68815112ae04a6c02dd6e0dfc
user12	1072	173	1269208473287	0	0	29e68815112ae04a6c02dd6e0dfc
user12	1072	173	1269208473305	0	0	29e68815112ae04a6c02dd6e0dfc
user12	1072	173	1269208473319	0	0	29e68815112ae04a6c02dd6e0dfc
user12	1072	173	1269208473338	0	0	29e68815112ae04a6c02dd6e0dfc
user12	1072	173	1269208502389	0	0	29e68815112ae04a6c02dd6e0dfc
user12	1072	173	1269208502396	0	0	29e68815112ae04a6c02dd6e0dfc
user12	1072	173	1269208502412	0	0	29e68815112ae04a6c02dd6e0dfc
user12	1072	173	1269208799843	0	0	29e68815112ae04a6c02dd6e0dfc
user12	1072	173	1269208799864	0	0	29e68815112ae04a6c02dd6e0dfc
user12	1072	173	1269208799902	0	0	29e68815112ae04a6c02dd6e0dfc
user12	1072	173	1269208799911	0	0	29e68815112ae04a6c02dd6e0dfc
user12	1072	173	1269208799927	0	0	29e68815112ae04a6c02dd6e0dfc
user12	1072	173	1269208799981	0	0	29e68815112ae04a6c02dd6e0dfc
user12	1072	173	1269208799997	0	0	29e68815112ae04a6c02dd6e0dfc
user12	1072	173	1269208800008	0	0	29e68815112ae04a6c02dd6e0dfc
user12	1072	173	1269208800020	0	0	29e68815112ae04a6c02dd6e0dfc
user12	1072	173	1269208800042	0	0	29e68815112ae04a6c02dd6e0dfc
user12	1072	173	1269208800052	0	0	29e68815112ae04a6c02dd6e0dfc
user12	1072	173	1269208800075	0	0	29e68815112ae04a6c02dd6e0dfc
user12	1072	173	1269208800094	0	0	29e68815112ae04a6c02dd6e0dfc
user12	1072	173	1269208800109	0	0	29e68815112ae04a6c02dd6e0dfc
user12	1072	173	1269208800125	0	0	29e68815112ae04a6c02dd6e0dfc
user12	1072	173	1269208800133	0	0	29e68815112ae04a6c02dd6e0dfc
user12	1072	173	1269208800141	0	0	29e68815112ae04a6c02dd6e0dfc
user12	1072	173	1269208800198	0	0	29e68815112ae04a6c02dd6e0dfc
user12	1072	173	1269208800198	0	0	29e68815112ae04a6c02dd6e0dfc
user12	1072	173	1269208800214	0	0	29e68815112ae04a6c02dd6e0dfc
user12	1072	173	1269208800710	0	0	29e68815112ae04a6c02dd6e0dfc
user12	1072	173	1269208800989	0	0	29e68815112ae04a6c02dd6e0dfc
user12	1072	173	1269208800997	0	0	29e68815112ae04a6c02dd6e0dfc
user12	1072	173	1269208801005	0	0	29e68815112ae04a6c02dd6e0dfc
user12	1072	173	1269208801029	0	0	29e68815112ae04a6c02dd6e0dfc
user12	1072	173	1269208801040	0	0	29e68815112ae04a6c02dd6e0dfc
user12	1072	173	1269208801058	0	0	29e68815112ae04a6c02dd6e0dfc
user12	1072	173	1269208801068	0	0	29e68815112ae04a6c02dd6e0dfc
user12	1072	173	1269208830081	0	0	29e68815112ae04a6c02dd6e0dfc
user12	1072	173	1269208830089	0	0	29e68815112ae04a6c02dd6e0dfc
user12	1072	173	1269208830104	0	0	29e68815112ae04a6c02dd6e0dfc
user12	1072	173	1269209034397	0	0	29e68815112ae04a6c02dd6e0dfc
user12	1072	173	1269209034442	0	0	29e68815112ae04a6c02dd6e0dfc
user12	1072	173	1269209034451	0	0	29e68815112ae04a6c02dd6e0dfc
user12	1072	173	1269209034468	0	0	29e68815112ae04a6c02dd6e0dfc
user12	1072	173	1269209034548	0	0	29e68815112ae04a6c02dd6e0dfc
user12	1072	173	1269209034568	0	0	29e68815112ae04a6c02dd6e0dfc
user12	1072	173	1269209034575	0	0	29e68815112ae04a6c02dd6e0dfc
user12	1072	173	1269209034583	0	0	29e68815112ae04a6c02dd6e0dfc
user12	1072	173	1269209034592	0	0	29e68815112ae04a6c02dd6e0dfc
user12	1072	173	1269209034600	0	0	29e68815112ae04a6c02dd6e0dfc
user12	1072	173	1269209034607	0	0	29e68815112ae04a6c02dd6e0dfc
user12	1072	173	1269209034615	0	0	29e68815112ae04a6c02dd6e0dfc
user12	1072	173	1269209034623	0	0	29e68815112ae04a6c02dd6e0dfc
user12	1072	173	1269209034631	0	0	29e68815112ae04a6c02dd6e0dfc
user12	1072	173	1269209034638	0	0	29e68815112ae04a6c02dd6e0dfc
user12	1072	173	1269209034645	0	0	29e68815112ae04a6c02dd6e0dfc
user12	1072	173	1269209034685	0	0	29e68815112ae04a6c02dd6e0dfc
user12	1072	173	1269209034694	0	0	29e68815112ae04a6c02dd6e0dfc
user12	1072	173	1269209035146	0	0	29e68815112ae04a6c02dd6e0dfc
user12	1072	173	1269209035425	0	0	29e68815112ae04a6c02dd6e0dfc
user12	1072	173	1269209035433	0	0	29e68815112ae04a6c02dd6e0dfc
user12	1072	173	1269209035442	0	0	29e68815112ae04a6c02dd6e0dfc
user12	1072	173	1269209035463	0	0	29e68815112ae04a6c02dd6e0dfc
user12	1072	173	1269209035471	0	0	29e68815112ae04a6c02dd6e0dfc
user12	1072	173	1269209035489	0	0	29e68815112ae04a6c02dd6e0dfc
user12	1072	173	1269209035498	0	0	29e68815112ae04a6c02dd6e0dfc
user12	1072	173	1269209035505	0	0	29e68815112ae04a6c02dd6e0dfc
user12	1072	173	1269209064616	0	0	29e68815112ae04a6c02dd6e0dfc
user12	1072	173	1269209064625	0	0	29e68815112ae04a6c02dd6e0dfc
user12	1072	173	1269209064633	0	0	29e68815112ae04a6c02dd6e0dfc
user12	1072	173	1269209243533	0	0	29e68815112ae04a6c02dd6e0dfc
user12	1072	173	1269209243579	0	0	29e68815112ae04a6c02dd6e0dfc
user12	1072	173	1269209243586	0	0	29e68815112ae04a6c02dd6e0dfc
user12	1072	173	1269209243602	0	0	29e68815112ae04a6c02dd6e0dfc
user12	1072	173	1269209243668	0	0	29e68815112ae04a6c02dd6e0dfc
user12	1072	173	1269209243676	0	0	29e68815112ae04a6c02dd6e0dfc
user12	1072	173	1269209243685	0	0	29e68815112ae04a6c02dd6e0dfc
user12	1072	173	1269209243692	0	0	29e68815112ae04a6c02dd6e0dfc
user12	1072	173	1269209243700	0	0	29e68815112ae04a6c02dd6e0dfc
user12	1072	173	1269209243707	0	0	29e68815112ae04a6c02dd6e0dfc
user12	1072	173	1269209243716	0	0	29e68815112ae04a6c02dd6e0dfc
user12	1072	173	1269209243725	0	0	29e68815112ae04a6c02dd6e0dfc
user12	1072	173	1269209243734	0	0	29e68815112ae04a6c02dd6e0dfc
user12	1072	173	1269209243742	0	0	29e68815112ae04a6c02dd6e0dfc
user12	1072	173	1269209243749	0	0	29e68815112ae04a6c02dd6e0dfc
user12	1072	173	1269209243824	0	0	29e68815112ae04a6c02dd6e0dfc
user12	1072	173	1269209243824	0	0	29e68815112ae04a6c02dd6e0dfc
user12	1072	173	1269209243840	0	0	29e68815112ae04a6c02dd6e0dfc
user12	1072	173	1269209244391	0	0	29e68815112ae04a6c02dd6e0dfc
user12	1072	173	1269209244680	0	0	29e68815112ae04a6c02dd6e0dfc
user12	1072	173	1269209244701	0	0	29e68815112ae04a6c02dd6e0dfc
user12	1072	173	1269209244742	0	0	29e68815112ae04a6c02dd6e0dfc
user12	1072	173	1269209244750	0	0	29e68815112ae04a6c02dd6e0dfc
user12	1072	173	1269209244765	0	0	29e68815112ae04a6c02dd6e0dfc
user12	1072	173	1269209244774	0	0	29e68815112ae04a6c02dd6e0dfc
user12	1072	173	1269209244784	0	0	29e68815112ae04a6c02dd6e0dfc
user12	1072	173	1269209244792	0	0	29e68815112ae04a6c02dd6e0dfc
user12	1072	173	1269209273723	0	0	29e68815112ae04a6c02dd6e0dfc
user12	1072	173	1269209273732	0	0	29e68815112ae04a6c02dd6e0dfc
user12	1072	173	1269209273739	0	0	29e68815112ae04a6c02dd6e0dfc
user12	1072	172	1269209316440	0	0	29e68815112ae04a6c02dd6e0dfc
user12	1072	168	1269209316456	0	0	29e68815112ae04a6c02dd6e0dfc
user12	1070	154	1269209316463	0	0	29e68815112ae04a6c02dd6e0dfc
user12	1058	122	1269209316474	0	0	29e68815112ae04a6c02dd6e0dfc
user12	1054	118	1269209316481	0	0	29e68815112ae04a6c02dd6e0dfc
user12	1053	118	1269209316576	0	0	29e68815112ae04a6c02dd6e0dfc
user12	1050	118	1269209316589	0	0	29e68815112ae04a6c02dd6e0dfc
user12	1045	118	1269209316597	0	0	29e68815112ae04a6c02dd6e0dfc
user12	1037	116	1269209316605	0	0	29e68815112ae04a6c02dd6e0dfc
user12	1028	108	1269209316612	0	0	29e68815112ae04a6c02dd6e0dfc
user12	1024	97	1269209316620	0	0	29e68815112ae04a6c02dd6e0dfc
user12	1023	80	1269209316629	0	0	29e68815112ae04a6c02dd6e0dfc
user12	1023	64	1269209316636	0	0	29e68815112ae04a6c02dd6e0dfc
user12	1023	36	1269209316647	0	0	29e68815112ae04a6c02dd6e0dfc
user12	796	489	1269209332635	0	0	29e68815112ae04a6c02dd6e0dfc
user12	796	489	1269209332705	0	0	29e68815112ae04a6c02dd6e0dfc
user12	796	490	1269209332739	0	0	29e68815112ae04a6c02dd6e0dfc
user12	795	490	1269209332748	0	0	29e68815112ae04a6c02dd6e0dfc
user12	795	491	1269209332775	0	0	29e68815112ae04a6c02dd6e0dfc
user12	794	491	1269209332782	0	0	29e68815112ae04a6c02dd6e0dfc
user12	790	494	1269209332819	0	0	29e68815112ae04a6c02dd6e0dfc
user12	789	495	1269209332834	0	0	29e68815112ae04a6c02dd6e0dfc
user12	788	495	1269209332849	0	0	29e68815112ae04a6c02dd6e0dfc
user12	787	495	1269209332859	0	0	29e68815112ae04a6c02dd6e0dfc
user12	787	496	1269209332875	0	0	29e68815112ae04a6c02dd6e0dfc
user12	787	496	1269209332918	0	0	29e68815112ae04a6c02dd6e0dfc
user12	787	495	1269209332943	0	0	29e68815112ae04a6c02dd6e0dfc
user12	790	494	1269209332959	0	0	29e68815112ae04a6c02dd6e0dfc
user12	795	493	1269209332968	0	0	29e68815112ae04a6c02dd6e0dfc
user12	804	489	1269209332977	0	0	29e68815112ae04a6c02dd6e0dfc
user12	815	482	1269209332990	0	0	29e68815112ae04a6c02dd6e0dfc
user12	866	454	1269209333000	0	0	29e68815112ae04a6c02dd6e0dfc
user12	898	432	1269209333012	0	0	29e68815112ae04a6c02dd6e0dfc
user12	920	400	1269209333026	0	0	29e68815112ae04a6c02dd6e0dfc
user12	938	376	1269209333038	0	0	29e68815112ae04a6c02dd6e0dfc
user12	939	376	1269209334143	0	0	29e68815112ae04a6c02dd6e0dfc
user12	940	378	1269209334152	0	0	29e68815112ae04a6c02dd6e0dfc
user12	946	384	1269209334161	0	0	29e68815112ae04a6c02dd6e0dfc
user12	952	393	1269209334170	0	0	29e68815112ae04a6c02dd6e0dfc
user12	959	402	1269209334183	0	0	29e68815112ae04a6c02dd6e0dfc
user12	988	440	1269209334197	0	0	29e68815112ae04a6c02dd6e0dfc
user12	1098	575	1269209334256	0	0	29e68815112ae04a6c02dd6e0dfc
user12	1110	587	1269209335027	0	0	29e68815112ae04a6c02dd6e0dfc
user12	1025	541	1269209335041	0	0	29e68815112ae04a6c02dd6e0dfc
user12	951	500	1269209335057	0	0	29e68815112ae04a6c02dd6e0dfc
user12	931	492	1269209335068	0	0	29e68815112ae04a6c02dd6e0dfc
user12	898	470	1269209335079	0	0	29e68815112ae04a6c02dd6e0dfc
user12	891	464	1269209335093	0	0	29e68815112ae04a6c02dd6e0dfc
user12	891	448	1269209335106	0	0	29e68815112ae04a6c02dd6e0dfc
user12	892	435	1269209335116	0	0	29e68815112ae04a6c02dd6e0dfc
user12	944	361	1269209335141	0	0	29e68815112ae04a6c02dd6e0dfc
user12	1001	312	1269209335158	0	0	29e68815112ae04a6c02dd6e0dfc
user12	1042	279	1269209335180	0	0	29e68815112ae04a6c02dd6e0dfc
user12	1059	263	1269209335196	0	0	29e68815112ae04a6c02dd6e0dfc
user12	1063	260	1269209335204	0	0	29e68815112ae04a6c02dd6e0dfc
user12	1063	259	1269209335212	0	0	29e68815112ae04a6c02dd6e0dfc
user12	1062	259	1269209335271	0	0	29e68815112ae04a6c02dd6e0dfc
user12	1061	256	1269209335280	0	0	29e68815112ae04a6c02dd6e0dfc
user12	1058	255	1269209335289	0	0	29e68815112ae04a6c02dd6e0dfc
user12	1055	252	1269209335298	0	0	29e68815112ae04a6c02dd6e0dfc
user12	1051	251	1269209335310	0	0	29e68815112ae04a6c02dd6e0dfc
user12	1051	250	1269209335320	0	0	29e68815112ae04a6c02dd6e0dfc
user12	1051	249	1269209335331	0	0	29e68815112ae04a6c02dd6e0dfc
user12	1051	248	1269209335340	0	0	29e68815112ae04a6c02dd6e0dfc
user12	1051	246	1269209335349	0	0	29e68815112ae04a6c02dd6e0dfc
user12	1053	237	1269209335361	0	0	29e68815112ae04a6c02dd6e0dfc
user12	1053	236	1269209335376	0	0	29e68815112ae04a6c02dd6e0dfc
user12	1052	236	1269209335415	0	0	29e68815112ae04a6c02dd6e0dfc
user12	1051	236	1269209335425	0	0	29e68815112ae04a6c02dd6e0dfc
user12	1046	237	1269209335440	0	0	29e68815112ae04a6c02dd6e0dfc
user12	1043	237	1269209335458	0	0	29e68815112ae04a6c02dd6e0dfc
user12	1040	238	1269209335469	0	0	29e68815112ae04a6c02dd6e0dfc
user12	1031	240	1269209335479	0	0	29e68815112ae04a6c02dd6e0dfc
user12	1026	241	1269209335487	0	0	29e68815112ae04a6c02dd6e0dfc
user12	1025	241	1269209335496	0	0	29e68815112ae04a6c02dd6e0dfc
user12	1022	242	1269209335504	0	0	29e68815112ae04a6c02dd6e0dfc
user12	1019	243	1269209335513	0	0	29e68815112ae04a6c02dd6e0dfc
user12	1016	243	1269209335525	0	0	29e68815112ae04a6c02dd6e0dfc
user12	1015	243	1269209335542	0	0	29e68815112ae04a6c02dd6e0dfc
user12	1015	244	1269209335551	0	0	29e68815112ae04a6c02dd6e0dfc
user12	1015	245	1269209335575	0	0	29e68815112ae04a6c02dd6e0dfc
user12	1014	246	1269209335591	0	0	29e68815112ae04a6c02dd6e0dfc
user12	1013	248	1269209335600	0	0	29e68815112ae04a6c02dd6e0dfc
user12	1013	252	1269209335609	0	0	29e68815112ae04a6c02dd6e0dfc
user12	1012	255	1269209335620	0	0	29e68815112ae04a6c02dd6e0dfc
user12	1011	256	1269209335642	0	0	29e68815112ae04a6c02dd6e0dfc
user12	1011	257	1269209335652	0	0	29e68815112ae04a6c02dd6e0dfc
user12	1010	257	1269209335663	0	0	29e68815112ae04a6c02dd6e0dfc
user12	1010	259	1269209335756	0	0	29e68815112ae04a6c02dd6e0dfc
user12	1009	259	1269209335765	0	0	29e68815112ae04a6c02dd6e0dfc
user12	1008	259	1269209335773	0	0	29e68815112ae04a6c02dd6e0dfc
user12	1008	260	1269209335785	0	0	29e68815112ae04a6c02dd6e0dfc
user12	1007	260	1269209335802	0	0	29e68815112ae04a6c02dd6e0dfc
user12	1007	261	1269209335855	0	0	29e68815112ae04a6c02dd6e0dfc
user12	1007	260	1269209335895	0	0	29e68815112ae04a6c02dd6e0dfc
user12	1006	260	1269209335912	0	0	29e68815112ae04a6c02dd6e0dfc
user12	1003	259	1269209335922	0	0	29e68815112ae04a6c02dd6e0dfc
user12	1000	259	1269209335931	0	0	29e68815112ae04a6c02dd6e0dfc
user12	997	258	1269209335941	0	0	29e68815112ae04a6c02dd6e0dfc
user12	992	258	1269209335951	0	0	29e68815112ae04a6c02dd6e0dfc
user12	986	257	1269209335961	0	0	29e68815112ae04a6c02dd6e0dfc
user12	985	257	1269209335971	0	0	29e68815112ae04a6c02dd6e0dfc
user12	985	256	1269209336075	0	0	29e68815112ae04a6c02dd6e0dfc
user12	985	255	1269209336089	0	0	29e68815112ae04a6c02dd6e0dfc
user12	985	254	1269209336120	0	0	29e68815112ae04a6c02dd6e0dfc
user12	985	253	1269209336136	0	0	29e68815112ae04a6c02dd6e0dfc
user12	985	252	1269209336159	0	0	29e68815112ae04a6c02dd6e0dfc
user12	985	251	1269209336191	0	0	29e68815112ae04a6c02dd6e0dfc
user12	986	251	1269209336207	0	0	29e68815112ae04a6c02dd6e0dfc
user12	986	250	1269209336218	0	0	29e68815112ae04a6c02dd6e0dfc
user12	986	249	1269209336227	0	0	29e68815112ae04a6c02dd6e0dfc
user12	986	250	1269209336391	0	0	29e68815112ae04a6c02dd6e0dfc
user12	985	250	1269209336400	0	0	29e68815112ae04a6c02dd6e0dfc
user12	984	251	1269209336418	0	0	29e68815112ae04a6c02dd6e0dfc
user12	984	252	1269209336436	0	0	29e68815112ae04a6c02dd6e0dfc
user12	983	255	1269209336446	0	0	29e68815112ae04a6c02dd6e0dfc
user12	983	256	1269209336455	0	0	29e68815112ae04a6c02dd6e0dfc
user12	982	256	1269209336463	0	0	29e68815112ae04a6c02dd6e0dfc
user12	981	256	1269209336473	0	0	29e68815112ae04a6c02dd6e0dfc
user12	981	257	1269209336486	0	0	29e68815112ae04a6c02dd6e0dfc
user12	980	257	1269209336496	0	0	29e68815112ae04a6c02dd6e0dfc
user12	978	258	1269209336505	0	0	29e68815112ae04a6c02dd6e0dfc
user12	975	259	1269209336513	0	0	29e68815112ae04a6c02dd6e0dfc
user12	971	260	1269209336522	0	0	29e68815112ae04a6c02dd6e0dfc
user12	970	261	1269209336540	0	0	29e68815112ae04a6c02dd6e0dfc
user12	967	261	1269209336556	0	0	29e68815112ae04a6c02dd6e0dfc
user12	966	261	1269209336573	0	0	29e68815112ae04a6c02dd6e0dfc
user12	966	262	1269209336583	0	0	29e68815112ae04a6c02dd6e0dfc
user12	965	262	1269209336593	0	0	29e68815112ae04a6c02dd6e0dfc
user12	965	263	1269209336602	0	0	29e68815112ae04a6c02dd6e0dfc
user12	965	264	1269209336842	0	0	29e68815112ae04a6c02dd6e0dfc
user12	965	266	1269209336852	0	0	29e68815112ae04a6c02dd6e0dfc
user12	965	269	1269209336862	0	0	29e68815112ae04a6c02dd6e0dfc
user12	965	273	1269209336873	0	0	29e68815112ae04a6c02dd6e0dfc
user12	965	276	1269209336888	0	0	29e68815112ae04a6c02dd6e0dfc
user12	965	277	1269209336905	0	0	29e68815112ae04a6c02dd6e0dfc
user12	964	277	1269209336915	0	0	29e68815112ae04a6c02dd6e0dfc
user12	964	278	1269209336925	0	0	29e68815112ae04a6c02dd6e0dfc
user12	964	279	1269209336943	0	0	29e68815112ae04a6c02dd6e0dfc
user12	963	279	1269209336953	0	0	29e68815112ae04a6c02dd6e0dfc
user12	962	280	1269209336970	0	0	29e68815112ae04a6c02dd6e0dfc
user12	962	282	1269209336982	0	0	29e68815112ae04a6c02dd6e0dfc
user12	955	290	1269209336996	0	0	29e68815112ae04a6c02dd6e0dfc
user12	951	293	1269209337008	0	0	29e68815112ae04a6c02dd6e0dfc
user12	947	300	1269209337020	0	0	29e68815112ae04a6c02dd6e0dfc
user12	946	300	1269209337029	0	0	29e68815112ae04a6c02dd6e0dfc
user12	945	301	1269209337039	0	0	29e68815112ae04a6c02dd6e0dfc
user12	945	302	1269209337049	0	0	29e68815112ae04a6c02dd6e0dfc
user12	945	303	1269209337071	0	0	29e68815112ae04a6c02dd6e0dfc
user12	945	306	1269209337103	0	0	29e68815112ae04a6c02dd6e0dfc
user12	944	306	1269209337117	0	0	29e68815112ae04a6c02dd6e0dfc
user12	944	309	1269209337130	0	0	29e68815112ae04a6c02dd6e0dfc
user12	944	310	1269209337140	0	0	29e68815112ae04a6c02dd6e0dfc
user12	944	311	1269209337157	0	0	29e68815112ae04a6c02dd6e0dfc
user12	944	312	1269209337167	0	0	29e68815112ae04a6c02dd6e0dfc
user12	944	313	1269209337196	0	0	29e68815112ae04a6c02dd6e0dfc
user12	943	313	1269209337207	0	0	29e68815112ae04a6c02dd6e0dfc
user12	942	316	1269209337218	0	0	29e68815112ae04a6c02dd6e0dfc
user12	942	317	1269209337227	0	0	29e68815112ae04a6c02dd6e0dfc
user12	942	318	1269209337237	0	0	29e68815112ae04a6c02dd6e0dfc
user12	940	320	1269209337266	0	0	29e68815112ae04a6c02dd6e0dfc
user12	939	322	1269209337288	0	0	29e68815112ae04a6c02dd6e0dfc
user12	938	323	1269209337305	0	0	29e68815112ae04a6c02dd6e0dfc
user12	937	323	1269209337315	0	0	29e68815112ae04a6c02dd6e0dfc
user12	937	326	1269209337326	0	0	29e68815112ae04a6c02dd6e0dfc
user12	934	327	1269209337340	0	0	29e68815112ae04a6c02dd6e0dfc
user12	934	328	1269209337349	0	0	29e68815112ae04a6c02dd6e0dfc
user12	934	329	1269209337359	0	0	29e68815112ae04a6c02dd6e0dfc
user12	933	329	1269209337370	0	0	29e68815112ae04a6c02dd6e0dfc
user12	933	330	1269209337381	0	0	29e68815112ae04a6c02dd6e0dfc
user12	932	331	1269209337391	0	0	29e68815112ae04a6c02dd6e0dfc
user12	932	332	1269209337412	0	0	29e68815112ae04a6c02dd6e0dfc
user12	931	335	1269209337429	0	0	29e68815112ae04a6c02dd6e0dfc
user12	931	339	1269209337440	0	0	29e68815112ae04a6c02dd6e0dfc
user12	930	341	1269209337451	0	0	29e68815112ae04a6c02dd6e0dfc
user12	930	342	1269209337460	0	0	29e68815112ae04a6c02dd6e0dfc
user12	930	343	1269209337477	0	0	29e68815112ae04a6c02dd6e0dfc
user12	930	344	1269209337491	0	0	29e68815112ae04a6c02dd6e0dfc
user12	930	345	1269209337503	0	0	29e68815112ae04a6c02dd6e0dfc
user12	929	345	1269209337515	0	0	29e68815112ae04a6c02dd6e0dfc
user12	929	346	1269209337528	0	0	29e68815112ae04a6c02dd6e0dfc
user12	929	347	1269209337540	0	0	29e68815112ae04a6c02dd6e0dfc
user12	929	348	1269209337556	0	0	29e68815112ae04a6c02dd6e0dfc
user12	928	349	1269209337568	0	0	29e68815112ae04a6c02dd6e0dfc
user12	928	350	1269209337578	0	0	29e68815112ae04a6c02dd6e0dfc
user12	928	353	1269209337595	0	0	29e68815112ae04a6c02dd6e0dfc
user12	928	356	1269209337605	0	0	29e68815112ae04a6c02dd6e0dfc
user12	927	369	1269209337618	0	0	29e68815112ae04a6c02dd6e0dfc
user12	927	390	1269209337645	0	0	29e68815112ae04a6c02dd6e0dfc
user12	927	404	1269209337671	0	0	29e68815112ae04a6c02dd6e0dfc
user12	927	407	1269209337682	0	0	29e68815112ae04a6c02dd6e0dfc
user12	927	408	1269209337692	0	0	29e68815112ae04a6c02dd6e0dfc
user12	927	410	1269209337702	0	0	29e68815112ae04a6c02dd6e0dfc
user12	927	414	1269209337712	0	0	29e68815112ae04a6c02dd6e0dfc
user12	928	414	1269209337729	0	0	29e68815112ae04a6c02dd6e0dfc
user12	928	413	1269209337895	0	0	29e68815112ae04a6c02dd6e0dfc
user12	928	412	1269209337903	0	0	29e68815112ae04a6c02dd6e0dfc
user12	929	412	1269209337912	0	0	29e68815112ae04a6c02dd6e0dfc
user12	929	411	1269209337921	0	0	29e68815112ae04a6c02dd6e0dfc
user12	932	408	1269209337930	0	0	29e68815112ae04a6c02dd6e0dfc
user12	932	405	1269209337938	0	0	29e68815112ae04a6c02dd6e0dfc
user12	936	402	1269209337947	0	0	29e68815112ae04a6c02dd6e0dfc
user12	940	398	1269209337955	0	0	29e68815112ae04a6c02dd6e0dfc
user12	940	395	1269209337966	0	0	29e68815112ae04a6c02dd6e0dfc
user12	945	388	1269209337981	0	0	29e68815112ae04a6c02dd6e0dfc
user12	949	381	1269209337991	0	0	29e68815112ae04a6c02dd6e0dfc
user12	949	380	1269209338007	0	0	29e68815112ae04a6c02dd6e0dfc
user12	950	380	1269209338039	0	0	29e68815112ae04a6c02dd6e0dfc
user12	949	380	1269209338271	0	0	29e68815112ae04a6c02dd6e0dfc
user12	949	381	1269209338289	0	0	29e68815112ae04a6c02dd6e0dfc
user12	949	382	1269209338309	0	0	29e68815112ae04a6c02dd6e0dfc
user12	948	382	1269209338318	0	0	29e68815112ae04a6c02dd6e0dfc
user12	948	385	1269209338327	0	0	29e68815112ae04a6c02dd6e0dfc
user12	948	386	1269209338336	0	0	29e68815112ae04a6c02dd6e0dfc
user12	948	389	1269209338351	0	0	29e68815112ae04a6c02dd6e0dfc
user12	948	392	1269209338367	0	0	29e68815112ae04a6c02dd6e0dfc
user12	949	395	1269209338376	0	0	29e68815112ae04a6c02dd6e0dfc
user12	950	396	1269209338385	0	0	29e68815112ae04a6c02dd6e0dfc
user12	954	399	1269209338396	0	0	29e68815112ae04a6c02dd6e0dfc
user12	958	402	1269209338405	0	0	29e68815112ae04a6c02dd6e0dfc
user12	963	403	1269209338415	0	0	29e68815112ae04a6c02dd6e0dfc
user12	978	409	1269209338423	0	0	29e68815112ae04a6c02dd6e0dfc
user12	986	409	1269209338432	0	0	29e68815112ae04a6c02dd6e0dfc
user12	991	409	1269209338441	0	0	29e68815112ae04a6c02dd6e0dfc
user12	997	409	1269209338452	0	0	29e68815112ae04a6c02dd6e0dfc
user12	1002	409	1269209338461	0	0	29e68815112ae04a6c02dd6e0dfc
user12	1007	409	1269209338470	0	0	29e68815112ae04a6c02dd6e0dfc
user12	1008	409	1269209338479	0	0	29e68815112ae04a6c02dd6e0dfc
user12	1014	409	1269209338487	0	0	29e68815112ae04a6c02dd6e0dfc
user12	1014	408	1269209338743	0	0	29e68815112ae04a6c02dd6e0dfc
user12	1015	408	1269209338759	0	0	29e68815112ae04a6c02dd6e0dfc
user12	1015	407	1269209338784	0	0	29e68815112ae04a6c02dd6e0dfc
user12	1016	407	1269209338807	0	0	29e68815112ae04a6c02dd6e0dfc
user12	1017	406	1269209338823	0	0	29e68815112ae04a6c02dd6e0dfc
user12	1018	405	1269209338879	0	0	29e68815112ae04a6c02dd6e0dfc
user12	1018	404	1269209339399	0	0	29e68815112ae04a6c02dd6e0dfc
user12	1018	403	1269209339511	0	0	29e68815112ae04a6c02dd6e0dfc
user12	1018	402	1269209341319	0	0	29e68815112ae04a6c02dd6e0dfc
user12	1018	401	1269209341367	0	0	29e68815112ae04a6c02dd6e0dfc
user12	1018	400	1269209341415	0	0	29e68815112ae04a6c02dd6e0dfc
user12	1017	400	1269209341431	0	0	29e68815112ae04a6c02dd6e0dfc
user12	1017	399	1269209341440	0	0	29e68815112ae04a6c02dd6e0dfc
user12	1017	398	1269209341479	0	0	29e68815112ae04a6c02dd6e0dfc
user12	1016	398	1269209342135	0	0	29e68815112ae04a6c02dd6e0dfc
user12	1015	398	1269209342255	0	0	29e68815112ae04a6c02dd6e0dfc
user12	1015	397	1269209342512	0	0	29e68815112ae04a6c02dd6e0dfc
user12	1015	396	1269209342535	0	0	29e68815112ae04a6c02dd6e0dfc
user12	1014	396	1269209343423	0	0	29e68815112ae04a6c02dd6e0dfc
user12	1014	395	1269209343438	0	0	29e68815112ae04a6c02dd6e0dfc
user12	1014	394	1269209343487	0	0	29e68815112ae04a6c02dd6e0dfc
user12	1014	395	1269209351790	0	0	29e68815112ae04a6c02dd6e0dfc
user12	1013	395	1269209351799	0	0	29e68815112ae04a6c02dd6e0dfc
user12	1012	395	1269209351814	0	0	29e68815112ae04a6c02dd6e0dfc
user12	1012	396	1269209351823	0	0	29e68815112ae04a6c02dd6e0dfc
user12	1011	396	1269209351838	0	0	29e68815112ae04a6c02dd6e0dfc
user12	1008	397	1269209351854	0	0	29e68815112ae04a6c02dd6e0dfc
user12	1005	398	1269209351866	0	0	29e68815112ae04a6c02dd6e0dfc
user12	1002	398	1269209351876	0	0	29e68815112ae04a6c02dd6e0dfc
user12	995	398	1269209351884	0	0	29e68815112ae04a6c02dd6e0dfc
user12	989	398	1269209351894	0	0	29e68815112ae04a6c02dd6e0dfc
user12	981	398	1269209351903	0	0	29e68815112ae04a6c02dd6e0dfc
user12	980	394	1269209351913	0	0	29e68815112ae04a6c02dd6e0dfc
user12	973	385	1269209351928	0	0	29e68815112ae04a6c02dd6e0dfc
user12	969	376	1269209351937	0	0	29e68815112ae04a6c02dd6e0dfc
user12	962	365	1269209351953	0	0	29e68815112ae04a6c02dd6e0dfc
user12	953	337	1269209351965	0	0	29e68815112ae04a6c02dd6e0dfc
user12	951	313	1269209351982	0	0	29e68815112ae04a6c02dd6e0dfc
user12	950	294	1269209351994	0	0	29e68815112ae04a6c02dd6e0dfc
user12	950	286	1269209352007	0	0	29e68815112ae04a6c02dd6e0dfc
user12	949	270	1269209352018	0	0	29e68815112ae04a6c02dd6e0dfc
user12	949	262	1269209352029	0	0	29e68815112ae04a6c02dd6e0dfc
user12	949	254	1269209352043	0	0	29e68815112ae04a6c02dd6e0dfc
user12	949	248	1269209352052	0	0	29e68815112ae04a6c02dd6e0dfc
user12	949	246	1269209352060	0	0	29e68815112ae04a6c02dd6e0dfc
user12	949	244	1269209352070	0	0	29e68815112ae04a6c02dd6e0dfc
user12	949	243	1269209352094	0	0	29e68815112ae04a6c02dd6e0dfc
user12	950	243	1269209352118	0	0	29e68815112ae04a6c02dd6e0dfc
user12	950	242	1269209352143	0	0	29e68815112ae04a6c02dd6e0dfc
user12	950	241	1269209352158	0	0	29e68815112ae04a6c02dd6e0dfc
user12	951	241	1269209352169	0	0	29e68815112ae04a6c02dd6e0dfc
user12	951	238	1269209352178	0	0	29e68815112ae04a6c02dd6e0dfc
user12	952	235	1269209352187	0	0	29e68815112ae04a6c02dd6e0dfc
user12	952	232	1269209352199	0	0	29e68815112ae04a6c02dd6e0dfc
user12	953	226	1269209352208	0	0	29e68815112ae04a6c02dd6e0dfc
user12	954	223	1269209352217	0	0	29e68815112ae04a6c02dd6e0dfc
user12	954	222	1269209352226	0	0	29e68815112ae04a6c02dd6e0dfc
user12	955	220	1269209352236	0	0	29e68815112ae04a6c02dd6e0dfc
user12	955	217	1269209352245	0	0	29e68815112ae04a6c02dd6e0dfc
user12	955	214	1269209352254	0	0	29e68815112ae04a6c02dd6e0dfc
user12	955	211	1269209352266	0	0	29e68815112ae04a6c02dd6e0dfc
user12	956	209	1269209352281	0	0	29e68815112ae04a6c02dd6e0dfc
user12	956	206	1269209352297	0	0	29e68815112ae04a6c02dd6e0dfc
user12	957	206	1269209352313	0	0	29e68815112ae04a6c02dd6e0dfc
user12	957	205	1269209352322	0	0	29e68815112ae04a6c02dd6e0dfc
user12	957	204	1269209352398	0	0	29e68815112ae04a6c02dd6e0dfc
user12	958	203	1269209352408	0	0	29e68815112ae04a6c02dd6e0dfc
user12	958	202	1269209352424	0	0	29e68815112ae04a6c02dd6e0dfc
user12	958	201	1269209352441	0	0	29e68815112ae04a6c02dd6e0dfc
user12	958	200	1269209352462	0	0	29e68815112ae04a6c02dd6e0dfc
user12	959	199	1269209352476	0	0	29e68815112ae04a6c02dd6e0dfc
user12	959	198	1269209352489	0	0	29e68815112ae04a6c02dd6e0dfc
user12	959	197	1269209352518	0	0	29e68815112ae04a6c02dd6e0dfc
user12	959	196	1269209352542	0	0	29e68815112ae04a6c02dd6e0dfc
user12	959	195	1269209352558	0	0	29e68815112ae04a6c02dd6e0dfc
user12	959	194	1269209352575	0	0	29e68815112ae04a6c02dd6e0dfc
user12	959	193	1269209352591	0	0	29e68815112ae04a6c02dd6e0dfc
user12	959	190	1269209352601	0	0	29e68815112ae04a6c02dd6e0dfc
user12	959	189	1269209352617	0	0	29e68815112ae04a6c02dd6e0dfc
user12	959	188	1269209352638	0	0	29e68815112ae04a6c02dd6e0dfc
user12	959	187	1269209352726	0	0	29e68815112ae04a6c02dd6e0dfc
user12	959	186	1269209352742	0	0	29e68815112ae04a6c02dd6e0dfc
user12	959	185	1269209352752	0	0	29e68815112ae04a6c02dd6e0dfc
user12	959	184	1269209352785	0	0	29e68815112ae04a6c02dd6e0dfc
user12	959	183	1269209352814	0	0	29e68815112ae04a6c02dd6e0dfc
user12	959	182	1269209352838	0	0	29e68815112ae04a6c02dd6e0dfc
user12	959	181	1269209352854	0	0	29e68815112ae04a6c02dd6e0dfc
user12	958	181	1269209352864	0	0	29e68815112ae04a6c02dd6e0dfc
user12	958	180	1269209352880	0	0	29e68815112ae04a6c02dd6e0dfc
user12	958	179	1269209352902	0	0	29e68815112ae04a6c02dd6e0dfc
user12	958	178	1269209352918	0	0	29e68815112ae04a6c02dd6e0dfc
user12	958	177	1269209352928	0	0	29e68815112ae04a6c02dd6e0dfc
user12	959	177	1269209352944	0	0	29e68815112ae04a6c02dd6e0dfc
user12	959	176	1269209352956	0	0	29e68815112ae04a6c02dd6e0dfc
user12	959	176	1269209353409	1269209353230	1269209353409	29e68815112ae04a6c02dd6e0dfc
user12	958	176	1269209353486	0	0	29e68815112ae04a6c02dd6e0dfc
user12	963	179	1269209353558	0	0	29e68815112ae04a6c02dd6e0dfc
user12	964	182	1269209353568	0	0	29e68815112ae04a6c02dd6e0dfc
user12	970	186	1269209353580	0	0	29e68815112ae04a6c02dd6e0dfc
user12	971	187	1269209353595	0	0	29e68815112ae04a6c02dd6e0dfc
user12	971	187	1269209354467	0	0	29e68815112ae04a6c02dd6e0dfc
user12	971	187	1269209354480	0	0	29e68815112ae04a6c02dd6e0dfc
user12	964	188	1269209359054	0	0	29e68815112ae04a6c02dd6e0dfc
user12	964	189	1269209359064	0	0	29e68815112ae04a6c02dd6e0dfc
user12	961	192	1269209359075	0	0	29e68815112ae04a6c02dd6e0dfc
user12	960	192	1269209359085	0	0	29e68815112ae04a6c02dd6e0dfc
user12	958	207	1269209359097	0	0	29e68815112ae04a6c02dd6e0dfc
user12	954	215	1269209359110	0	0	29e68815112ae04a6c02dd6e0dfc
user12	953	234	1269209359120	0	0	29e68815112ae04a6c02dd6e0dfc
user12	953	245	1269209359130	0	0	29e68815112ae04a6c02dd6e0dfc
user12	952	258	1269209359147	0	0	29e68815112ae04a6c02dd6e0dfc
user12	952	269	1269209359161	0	0	29e68815112ae04a6c02dd6e0dfc
user12	952	272	1269209359171	0	0	29e68815112ae04a6c02dd6e0dfc
user12	952	275	1269209359181	0	0	29e68815112ae04a6c02dd6e0dfc
user12	952	276	1269209359192	0	0	29e68815112ae04a6c02dd6e0dfc
user12	952	277	1269209359203	0	0	29e68815112ae04a6c02dd6e0dfc
user12	952	278	1269209359294	0	0	29e68815112ae04a6c02dd6e0dfc
user12	952	282	1269209359304	0	0	29e68815112ae04a6c02dd6e0dfc
user12	952	286	1269209359313	0	0	29e68815112ae04a6c02dd6e0dfc
user12	952	289	1269209359323	0	0	29e68815112ae04a6c02dd6e0dfc
user12	953	292	1269209359336	0	0	29e68815112ae04a6c02dd6e0dfc
user12	953	291	1269209359437	0	0	29e68815112ae04a6c02dd6e0dfc
user12	953	290	1269209359457	0	0	29e68815112ae04a6c02dd6e0dfc
user12	954	290	1269209359470	0	0	29e68815112ae04a6c02dd6e0dfc
user12	954	289	1269209359480	0	0	29e68815112ae04a6c02dd6e0dfc
user12	954	288	1269209359496	0	0	29e68815112ae04a6c02dd6e0dfc
user12	954	287	1269209359512	0	0	29e68815112ae04a6c02dd6e0dfc
user12	954	286	1269209359523	0	0	29e68815112ae04a6c02dd6e0dfc
user12	955	286	1269209359534	0	0	29e68815112ae04a6c02dd6e0dfc
user12	955	285	1269209359545	0	0	29e68815112ae04a6c02dd6e0dfc
user12	956	284	1269209359557	0	0	29e68815112ae04a6c02dd6e0dfc
user12	956	283	1269209359570	0	0	29e68815112ae04a6c02dd6e0dfc
user12	956	282	1269209359581	0	0	29e68815112ae04a6c02dd6e0dfc
user12	956	282	1269209359817	1269209359702	1269209359817	29e68815112ae04a6c02dd6e0dfc
user12	494	383	1269209434862	0	0	29e68815112ae04a6c02dd6e0dfc
user12	495	379	1269209434873	0	0	29e68815112ae04a6c02dd6e0dfc
user12	495	373	1269209434905	0	0	29e68815112ae04a6c02dd6e0dfc
user12	496	370	1269209434938	0	0	29e68815112ae04a6c02dd6e0dfc
user12	497	369	1269209434976	0	0	29e68815112ae04a6c02dd6e0dfc
user12	497	368	1269209434985	0	0	29e68815112ae04a6c02dd6e0dfc
user12	496	368	1269209435117	0	0	29e68815112ae04a6c02dd6e0dfc
user12	493	365	1269209435122	0	0	29e68815112ae04a6c02dd6e0dfc
user12	482	352	1269209435147	0	0	29e68815112ae04a6c02dd6e0dfc
user12	467	339	1269209435168	0	0	29e68815112ae04a6c02dd6e0dfc
user12	460	328	1269209435173	0	0	29e68815112ae04a6c02dd6e0dfc
user12	454	317	1269209435177	0	0	29e68815112ae04a6c02dd6e0dfc
user12	442	288	1269209435195	0	0	29e68815112ae04a6c02dd6e0dfc
user12	431	271	1269209435216	0	0	29e68815112ae04a6c02dd6e0dfc
user12	427	265	1269209435221	0	0	29e68815112ae04a6c02dd6e0dfc
user12	423	256	1269209435227	0	0	29e68815112ae04a6c02dd6e0dfc
user12	421	253	1269209435246	0	0	29e68815112ae04a6c02dd6e0dfc
user12	421	250	1269209435251	0	0	29e68815112ae04a6c02dd6e0dfc
user12	419	247	1269209435271	0	0	29e68815112ae04a6c02dd6e0dfc
user12	419	244	1269209435275	0	0	29e68815112ae04a6c02dd6e0dfc
user12	419	243	1269209435294	0	0	29e68815112ae04a6c02dd6e0dfc
user12	419	242	1269209435298	0	0	29e68815112ae04a6c02dd6e0dfc
user12	419	239	1269209435318	0	0	29e68815112ae04a6c02dd6e0dfc
user12	419	238	1269209435323	0	0	29e68815112ae04a6c02dd6e0dfc
user12	419	237	1269209435347	0	0	29e68815112ae04a6c02dd6e0dfc
user12	420	234	1269209435370	0	0	29e68815112ae04a6c02dd6e0dfc
user12	421	225	1269209435392	0	0	29e68815112ae04a6c02dd6e0dfc
user12	425	219	1269209435400	0	0	29e68815112ae04a6c02dd6e0dfc
user12	425	216	1269209435405	0	0	29e68815112ae04a6c02dd6e0dfc
user12	426	210	1269209435425	0	0	29e68815112ae04a6c02dd6e0dfc
user12	427	208	1269209435446	0	0	29e68815112ae04a6c02dd6e0dfc
user12	427	207	1269209435468	0	0	29e68815112ae04a6c02dd6e0dfc
user12	427	205	1269209435476	0	0	29e68815112ae04a6c02dd6e0dfc
user12	427	202	1269209435482	0	0	29e68815112ae04a6c02dd6e0dfc
user12	428	198	1269209435501	0	0	29e68815112ae04a6c02dd6e0dfc
user12	429	197	1269209435506	0	0	29e68815112ae04a6c02dd6e0dfc
user12	429	194	1269209435530	0	0	29e68815112ae04a6c02dd6e0dfc
user12	429	193	1269209435551	0	0	29e68815112ae04a6c02dd6e0dfc
user12	429	193	1269209435915	1269209435771	1269209435915	29e68815112ae04a6c02dd6e0dfc
user12	432	193	1269209435969	0	0	29e68815112ae04a6c02dd6e0dfc
user12	445	193	1269209435989	0	0	29e68815112ae04a6c02dd6e0dfc
user12	448	193	1269209436011	0	0	29e68815112ae04a6c02dd6e0dfc
user12	448	193	1269209436118	0	0	29e68815112ae04a6c02dd6e0dfc
user12	448	193	1269209436124	0	0	29e68815112ae04a6c02dd6e0dfc
user12	448	193	1269209436202	0	0	29e68815112ae04a6c02dd6e0dfc
user12	448	193	1269209436258	0	0	29e68815112ae04a6c02dd6e0dfc
user12	448	193	1269209436288	0	0	29e68815112ae04a6c02dd6e0dfc
user12	448	193	1269209436318	0	0	29e68815112ae04a6c02dd6e0dfc
user12	448	193	1269209436352	0	0	29e68815112ae04a6c02dd6e0dfc
user12	448	193	1269209436389	0	0	29e68815112ae04a6c02dd6e0dfc
user12	448	193	1269209436435	0	0	29e68815112ae04a6c02dd6e0dfc
user12	448	193	1269209436457	0	0	29e68815112ae04a6c02dd6e0dfc
user12	448	193	1269209436493	0	0	29e68815112ae04a6c02dd6e0dfc
user12	448	193	1269209436522	0	0	29e68815112ae04a6c02dd6e0dfc
user12	448	193	1269209436547	0	0	29e68815112ae04a6c02dd6e0dfc
user12	448	193	1269209436574	0	0	29e68815112ae04a6c02dd6e0dfc
user12	448	193	1269209436601	0	0	29e68815112ae04a6c02dd6e0dfc
user12	448	193	1269209436637	0	0	29e68815112ae04a6c02dd6e0dfc
user12	448	193	1269209436681	0	0	29e68815112ae04a6c02dd6e0dfc
user12	448	193	1269209436713	0	0	29e68815112ae04a6c02dd6e0dfc
user12	448	193	1269209436744	0	0	29e68815112ae04a6c02dd6e0dfc
user12	448	193	1269209436772	0	0	29e68815112ae04a6c02dd6e0dfc
user12	448	193	1269209436794	0	0	29e68815112ae04a6c02dd6e0dfc
user12	448	193	1269209436817	0	0	29e68815112ae04a6c02dd6e0dfc
user12	448	193	1269209436844	0	0	29e68815112ae04a6c02dd6e0dfc
user12	448	193	1269209436877	0	0	29e68815112ae04a6c02dd6e0dfc
user12	453	196	1269209443713	0	0	29e68815112ae04a6c02dd6e0dfc
user12	465	204	1269209443736	0	0	29e68815112ae04a6c02dd6e0dfc
user12	481	223	1269209443766	0	0	29e68815112ae04a6c02dd6e0dfc
user12	499	241	1269209443806	0	0	29e68815112ae04a6c02dd6e0dfc
user12	505	244	1269209443811	0	0	29e68815112ae04a6c02dd6e0dfc
user12	511	246	1269209443833	0	0	29e68815112ae04a6c02dd6e0dfc
user12	513	246	1269209443855	0	0	29e68815112ae04a6c02dd6e0dfc
user12	516	248	1269209443875	0	0	29e68815112ae04a6c02dd6e0dfc
user12	522	248	1269209443897	0	0	29e68815112ae04a6c02dd6e0dfc
user12	528	249	1269209443902	0	0	29e68815112ae04a6c02dd6e0dfc
user12	531	250	1269209443906	0	0	29e68815112ae04a6c02dd6e0dfc
user12	543	255	1269209443928	0	0	29e68815112ae04a6c02dd6e0dfc
user12	546	255	1269209443933	0	0	29e68815112ae04a6c02dd6e0dfc
user12	551	255	1269209443938	0	0	29e68815112ae04a6c02dd6e0dfc
user12	557	257	1269209443957	0	0	29e68815112ae04a6c02dd6e0dfc
user12	558	257	1269209443964	0	0	29e68815112ae04a6c02dd6e0dfc
user12	561	257	1269209443985	0	0	29e68815112ae04a6c02dd6e0dfc
user12	562	257	1269209444010	0	0	29e68815112ae04a6c02dd6e0dfc
user12	565	257	1269209444065	0	0	29e68815112ae04a6c02dd6e0dfc
user12	570	257	1269209444083	0	0	29e68815112ae04a6c02dd6e0dfc
user12	594	258	1269209444106	0	0	29e68815112ae04a6c02dd6e0dfc
user12	603	259	1269209444128	0	0	29e68815112ae04a6c02dd6e0dfc
user12	606	259	1269209444135	0	0	29e68815112ae04a6c02dd6e0dfc
user12	609	259	1269209444155	0	0	29e68815112ae04a6c02dd6e0dfc
user12	610	259	1269209444193	0	0	29e68815112ae04a6c02dd6e0dfc
user12	611	260	1269209444217	0	0	29e68815112ae04a6c02dd6e0dfc
user12	612	260	1269209444239	0	0	29e68815112ae04a6c02dd6e0dfc
user12	613	260	1269209444245	0	0	29e68815112ae04a6c02dd6e0dfc
user12	614	261	1269209444273	0	0	29e68815112ae04a6c02dd6e0dfc
user12	614	260	1269209444345	0	0	29e68815112ae04a6c02dd6e0dfc
user12	615	260	1269209444377	0	0	29e68815112ae04a6c02dd6e0dfc
user12	616	260	1269209444398	0	0	29e68815112ae04a6c02dd6e0dfc
user12	617	260	1269209444403	0	0	29e68815112ae04a6c02dd6e0dfc
user12	620	260	1269209444425	0	0	29e68815112ae04a6c02dd6e0dfc
user12	622	260	1269209444449	0	0	29e68815112ae04a6c02dd6e0dfc
user12	623	260	1269209444472	0	0	29e68815112ae04a6c02dd6e0dfc
user12	624	260	1269209444477	0	0	29e68815112ae04a6c02dd6e0dfc
user12	625	260	1269209444529	0	0	29e68815112ae04a6c02dd6e0dfc
user12	626	261	1269209444552	0	0	29e68815112ae04a6c02dd6e0dfc
user12	627	261	1269209444557	0	0	29e68815112ae04a6c02dd6e0dfc
user12	628	261	1269209444579	0	0	29e68815112ae04a6c02dd6e0dfc
user12	628	262	1269209444600	0	0	29e68815112ae04a6c02dd6e0dfc
user12	628	263	1269209444688	0	0	29e68815112ae04a6c02dd6e0dfc
user12	627	271	1269209444710	0	0	29e68815112ae04a6c02dd6e0dfc
user12	627	274	1269209444719	0	0	29e68815112ae04a6c02dd6e0dfc
user12	626	279	1269209444725	0	0	29e68815112ae04a6c02dd6e0dfc
user12	625	282	1269209444729	0	0	29e68815112ae04a6c02dd6e0dfc
user12	623	301	1269209444758	0	0	29e68815112ae04a6c02dd6e0dfc
user12	623	304	1269209444776	0	0	29e68815112ae04a6c02dd6e0dfc
user12	621	312	1269209444783	0	0	29e68815112ae04a6c02dd6e0dfc
user12	621	316	1269209444795	0	0	29e68815112ae04a6c02dd6e0dfc
user12	620	317	1269209444817	0	0	29e68815112ae04a6c02dd6e0dfc
user12	619	321	1269209444838	0	0	29e68815112ae04a6c02dd6e0dfc
user12	619	322	1269209444871	0	0	29e68815112ae04a6c02dd6e0dfc
user12	618	323	1269209444882	0	0	29e68815112ae04a6c02dd6e0dfc
user12	618	322	1269209445344	0	0	29e68815112ae04a6c02dd6e0dfc
user12	618	321	1269209445365	0	0	29e68815112ae04a6c02dd6e0dfc
user12	618	320	1269209445417	0	0	29e68815112ae04a6c02dd6e0dfc
user12	618	319	1269209445521	0	0	29e68815112ae04a6c02dd6e0dfc
user12	617	319	1269209445553	0	0	29e68815112ae04a6c02dd6e0dfc
user12	616	318	1269209445575	0	0	29e68815112ae04a6c02dd6e0dfc
user12	616	317	1269209445580	0	0	29e68815112ae04a6c02dd6e0dfc
user12	610	313	1269209445602	0	0	29e68815112ae04a6c02dd6e0dfc
user12	596	308	1269209445622	0	0	29e68815112ae04a6c02dd6e0dfc
user12	587	307	1269209445627	0	0	29e68815112ae04a6c02dd6e0dfc
user12	570	292	1269209445647	0	0	29e68815112ae04a6c02dd6e0dfc
user12	533	268	1269209445673	0	0	29e68815112ae04a6c02dd6e0dfc
user12	520	255	1269209445697	0	0	29e68815112ae04a6c02dd6e0dfc
user12	514	251	1269209445703	0	0	29e68815112ae04a6c02dd6e0dfc
user12	511	248	1269209445708	0	0	29e68815112ae04a6c02dd6e0dfc
user12	510	244	1269209445713	0	0	29e68815112ae04a6c02dd6e0dfc
user12	509	240	1269209445739	0	0	29e68815112ae04a6c02dd6e0dfc
user12	509	239	1269209445769	0	0	29e68815112ae04a6c02dd6e0dfc
user12	508	239	1269209445921	0	0	29e68815112ae04a6c02dd6e0dfc
user12	508	240	1269209445945	0	0	29e68815112ae04a6c02dd6e0dfc
user12	507	241	1269209445965	0	0	29e68815112ae04a6c02dd6e0dfc
user12	506	242	1269209445987	0	0	29e68815112ae04a6c02dd6e0dfc
user12	505	243	1269209446009	0	0	29e68815112ae04a6c02dd6e0dfc
user12	503	245	1269209446045	0	0	29e68815112ae04a6c02dd6e0dfc
user12	503	246	1269209446050	0	0	29e68815112ae04a6c02dd6e0dfc
user12	502	248	1269209446074	0	0	29e68815112ae04a6c02dd6e0dfc
user12	502	249	1269209446096	0	0	29e68815112ae04a6c02dd6e0dfc
user12	502	248	1269209446232	0	0	29e68815112ae04a6c02dd6e0dfc
user12	502	248	1269209446237	0	0	29e68815112ae04a6c02dd6e0dfc
user12	505	248	1269209446242	0	0	29e68815112ae04a6c02dd6e0dfc
user12	515	247	1269209446268	0	0	29e68815112ae04a6c02dd6e0dfc
user12	532	242	1269209446273	0	0	29e68815112ae04a6c02dd6e0dfc
user12	543	237	1269209446288	0	0	29e68815112ae04a6c02dd6e0dfc
user12	554	233	1269209446294	0	0	29e68815112ae04a6c02dd6e0dfc
user12	564	232	1269209446300	0	0	29e68815112ae04a6c02dd6e0dfc
user12	573	231	1269209446307	0	0	29e68815112ae04a6c02dd6e0dfc
user12	581	230	1269209446317	0	0	29e68815112ae04a6c02dd6e0dfc
user12	589	229	1269209446323	0	0	29e68815112ae04a6c02dd6e0dfc
user12	595	227	1269209446352	0	0	29e68815112ae04a6c02dd6e0dfc
user12	596	227	1269209446363	0	0	29e68815112ae04a6c02dd6e0dfc
user12	596	227	1269209446368	0	0	29e68815112ae04a6c02dd6e0dfc
user12	596	227	1269209446395	0	0	29e68815112ae04a6c02dd6e0dfc
user12	596	227	1269209446425	0	0	29e68815112ae04a6c02dd6e0dfc
user12	596	227	1269209446454	0	0	29e68815112ae04a6c02dd6e0dfc
user12	596	227	1269209446485	0	0	29e68815112ae04a6c02dd6e0dfc
user12	596	227	1269209446519	0	0	29e68815112ae04a6c02dd6e0dfc
user12	596	227	1269209446552	0	0	29e68815112ae04a6c02dd6e0dfc
user12	596	227	1269209446578	0	0	29e68815112ae04a6c02dd6e0dfc
user12	596	227	1269209446612	0	0	29e68815112ae04a6c02dd6e0dfc
user12	596	227	1269209446643	0	0	29e68815112ae04a6c02dd6e0dfc
user12	596	227	1269209446674	0	0	29e68815112ae04a6c02dd6e0dfc
user12	596	227	1269209446709	0	0	29e68815112ae04a6c02dd6e0dfc
user12	596	227	1269209446735	0	0	29e68815112ae04a6c02dd6e0dfc
user12	596	227	1269209446769	0	0	29e68815112ae04a6c02dd6e0dfc
user12	596	227	1269209446800	0	0	29e68815112ae04a6c02dd6e0dfc
user12	596	227	1269209446837	0	0	29e68815112ae04a6c02dd6e0dfc
user12	596	227	1269209446862	0	0	29e68815112ae04a6c02dd6e0dfc
user12	596	227	1269209446894	0	0	29e68815112ae04a6c02dd6e0dfc
user12	596	227	1269209446934	0	0	29e68815112ae04a6c02dd6e0dfc
user12	596	226	1269209447081	0	0	29e68815112ae04a6c02dd6e0dfc
user12	596	223	1269209447102	0	0	29e68815112ae04a6c02dd6e0dfc
user12	596	222	1269209447107	0	0	29e68815112ae04a6c02dd6e0dfc
user12	596	222	1269209447258	1269209447193	1269209447258	29e68815112ae04a6c02dd6e0dfc
user12	376	468	1269209657814	0	0	29e68815112ae04a6c02dd6e0dfc
user12	463	468	1269209657826	0	0	29e68815112ae04a6c02dd6e0dfc
user12	495	468	1269209657832	0	0	29e68815112ae04a6c02dd6e0dfc
user12	528	468	1269209657846	0	0	29e68815112ae04a6c02dd6e0dfc
user12	550	468	1269209657850	0	0	29e68815112ae04a6c02dd6e0dfc
user12	572	468	1269209657854	0	0	29e68815112ae04a6c02dd6e0dfc
user12	588	468	1269209657860	0	0	29e68815112ae04a6c02dd6e0dfc
user12	620	467	1269209657896	0	0	29e68815112ae04a6c02dd6e0dfc
user12	626	463	1269209657902	0	0	29e68815112ae04a6c02dd6e0dfc
user12	633	459	1269209657921	0	0	29e68815112ae04a6c02dd6e0dfc
user12	642	454	1269209657926	0	0	29e68815112ae04a6c02dd6e0dfc
user12	647	453	1269209657932	0	0	29e68815112ae04a6c02dd6e0dfc
user12	655	452	1269209657945	0	0	29e68815112ae04a6c02dd6e0dfc
user12	661	451	1269209657952	0	0	29e68815112ae04a6c02dd6e0dfc
user12	669	447	1269209657957	0	0	29e68815112ae04a6c02dd6e0dfc
user12	678	443	1269209657969	0	0	29e68815112ae04a6c02dd6e0dfc
user12	689	439	1269209657975	0	0	29e68815112ae04a6c02dd6e0dfc
user12	700	432	1269209657981	0	0	29e68815112ae04a6c02dd6e0dfc
user12	709	425	1269209657991	0	0	29e68815112ae04a6c02dd6e0dfc
user12	723	417	1269209658006	0	0	29e68815112ae04a6c02dd6e0dfc
user12	727	413	1269209658017	0	0	29e68815112ae04a6c02dd6e0dfc
user12	733	409	1269209658022	0	0	29e68815112ae04a6c02dd6e0dfc
user12	745	399	1269209658036	0	0	29e68815112ae04a6c02dd6e0dfc
user12	756	395	1269209658049	0	0	29e68815112ae04a6c02dd6e0dfc
user12	765	388	1269209658054	0	0	29e68815112ae04a6c02dd6e0dfc
user12	776	382	1269209658066	0	0	29e68815112ae04a6c02dd6e0dfc
user12	785	373	1269209658074	0	0	29e68815112ae04a6c02dd6e0dfc
user12	796	366	1269209658079	0	0	29e68815112ae04a6c02dd6e0dfc
user12	802	362	1269209658091	0	0	29e68815112ae04a6c02dd6e0dfc
user12	813	355	1269209658096	0	0	29e68815112ae04a6c02dd6e0dfc
user12	817	349	1269209658105	0	0	29e68815112ae04a6c02dd6e0dfc
user12	823	345	1269209658111	0	0	29e68815112ae04a6c02dd6e0dfc
user12	827	342	1269209658122	0	0	29e68815112ae04a6c02dd6e0dfc
user12	828	341	1269209658126	0	0	29e68815112ae04a6c02dd6e0dfc
user12	828	337	1269209658140	0	0	29e68815112ae04a6c02dd6e0dfc
user12	829	334	1269209658143	0	0	29e68815112ae04a6c02dd6e0dfc
user12	830	331	1269209658155	0	0	29e68815112ae04a6c02dd6e0dfc
user12	833	327	1269209658163	0	0	29e68815112ae04a6c02dd6e0dfc
user12	834	324	1269209658167	0	0	29e68815112ae04a6c02dd6e0dfc
user12	835	323	1269209658177	0	0	29e68815112ae04a6c02dd6e0dfc
user12	835	321	1269209658181	0	0	29e68815112ae04a6c02dd6e0dfc
user12	838	317	1269209658191	0	0	29e68815112ae04a6c02dd6e0dfc
user12	839	317	1269209658199	0	0	29e68815112ae04a6c02dd6e0dfc
user12	838	317	1269209658292	0	0	29e68815112ae04a6c02dd6e0dfc
user12	837	317	1269209658303	0	0	29e68815112ae04a6c02dd6e0dfc
user12	837	316	1269209658312	0	0	29e68815112ae04a6c02dd6e0dfc
user12	832	316	1269209658316	0	0	29e68815112ae04a6c02dd6e0dfc
user12	829	316	1269209658326	0	0	29e68815112ae04a6c02dd6e0dfc
user12	824	316	1269209658335	0	0	29e68815112ae04a6c02dd6e0dfc
user12	819	316	1269209658345	0	0	29e68815112ae04a6c02dd6e0dfc
user12	813	316	1269209658349	0	0	29e68815112ae04a6c02dd6e0dfc
user12	808	316	1269209658359	0	0	29e68815112ae04a6c02dd6e0dfc
user12	805	316	1269209658369	0	0	29e68815112ae04a6c02dd6e0dfc
user12	802	316	1269209658373	0	0	29e68815112ae04a6c02dd6e0dfc
user12	801	316	1269209658383	0	0	29e68815112ae04a6c02dd6e0dfc
user12	800	316	1269209658396	0	0	29e68815112ae04a6c02dd6e0dfc
user12	799	316	1269209658444	0	0	29e68815112ae04a6c02dd6e0dfc
user12	799	317	1269209658460	0	0	29e68815112ae04a6c02dd6e0dfc
user12	800	317	1269209658484	0	0	29e68815112ae04a6c02dd6e0dfc
user12	800	318	1269209658508	0	0	29e68815112ae04a6c02dd6e0dfc
user12	800	319	1269209658540	0	0	29e68815112ae04a6c02dd6e0dfc
user12	801	319	1269209658550	0	0	29e68815112ae04a6c02dd6e0dfc
user12	803	320	1269209658561	0	0	29e68815112ae04a6c02dd6e0dfc
user12	807	323	1269209658565	0	0	29e68815112ae04a6c02dd6e0dfc
user12	813	327	1269209658575	0	0	29e68815112ae04a6c02dd6e0dfc
user12	819	331	1269209658582	0	0	29e68815112ae04a6c02dd6e0dfc
user12	828	336	1269209658592	0	0	29e68815112ae04a6c02dd6e0dfc
user12	839	340	1269209658597	0	0	29e68815112ae04a6c02dd6e0dfc
user12	847	341	1269209658608	0	0	29e68815112ae04a6c02dd6e0dfc
user12	853	345	1269209658613	0	0	29e68815112ae04a6c02dd6e0dfc
user12	864	350	1269209658627	0	0	29e68815112ae04a6c02dd6e0dfc
user12	872	350	1269209658633	0	0	29e68815112ae04a6c02dd6e0dfc
user12	880	354	1269209658638	0	0	29e68815112ae04a6c02dd6e0dfc
user12	891	355	1269209658648	0	0	29e68815112ae04a6c02dd6e0dfc
user12	899	356	1269209658653	0	0	29e68815112ae04a6c02dd6e0dfc
user12	910	356	1269209658663	0	0	29e68815112ae04a6c02dd6e0dfc
user12	918	357	1269209658674	0	0	29e68815112ae04a6c02dd6e0dfc
user12	931	357	1269209658683	0	0	29e68815112ae04a6c02dd6e0dfc
user12	942	358	1269209658690	0	0	29e68815112ae04a6c02dd6e0dfc
user12	955	358	1269209658700	0	0	29e68815112ae04a6c02dd6e0dfc
user12	966	356	1269209658704	0	0	29e68815112ae04a6c02dd6e0dfc
user12	977	356	1269209658709	0	0	29e68815112ae04a6c02dd6e0dfc
user12	985	355	1269209658720	0	0	29e68815112ae04a6c02dd6e0dfc
user12	991	351	1269209658730	0	0	29e68815112ae04a6c02dd6e0dfc
user12	997	347	1269209658736	0	0	29e68815112ae04a6c02dd6e0dfc
user12	1005	335	1269209658754	0	0	29e68815112ae04a6c02dd6e0dfc
user12	1011	329	1269209658764	0	0	29e68815112ae04a6c02dd6e0dfc
user12	1015	323	1269209658772	0	0	29e68815112ae04a6c02dd6e0dfc
user12	1016	318	1269209658779	0	0	29e68815112ae04a6c02dd6e0dfc
user12	1017	312	1269209658784	0	0	29e68815112ae04a6c02dd6e0dfc
user12	1018	306	1269209658791	0	0	29e68815112ae04a6c02dd6e0dfc
user12	1019	301	1269209658804	0	0	29e68815112ae04a6c02dd6e0dfc
user12	1020	295	1269209658808	0	0	29e68815112ae04a6c02dd6e0dfc
user12	1020	292	1269209658813	0	0	29e68815112ae04a6c02dd6e0dfc
user12	1020	287	1269209658824	0	0	29e68815112ae04a6c02dd6e0dfc
user12	1020	284	1269209658831	0	0	29e68815112ae04a6c02dd6e0dfc
user12	1020	281	1269209658837	0	0	29e68815112ae04a6c02dd6e0dfc
user12	1016	278	1269209658848	0	0	29e68815112ae04a6c02dd6e0dfc
user12	1015	275	1269209658853	0	0	29e68815112ae04a6c02dd6e0dfc
user12	1015	269	1269209658864	0	0	29e68815112ae04a6c02dd6e0dfc
user12	1015	266	1269209658870	0	0	29e68815112ae04a6c02dd6e0dfc
user12	1014	260	1269209658881	0	0	29e68815112ae04a6c02dd6e0dfc
user12	1013	255	1269209658890	0	0	29e68815112ae04a6c02dd6e0dfc
user12	1012	249	1269209658894	0	0	29e68815112ae04a6c02dd6e0dfc
user12	1012	241	1269209658909	0	0	29e68815112ae04a6c02dd6e0dfc
user12	1012	236	1269209658914	0	0	29e68815112ae04a6c02dd6e0dfc
user12	1012	228	1269209658922	0	0	29e68815112ae04a6c02dd6e0dfc
user12	1011	220	1269209658928	0	0	29e68815112ae04a6c02dd6e0dfc
user12	1010	211	1269209658934	0	0	29e68815112ae04a6c02dd6e0dfc
user12	1009	206	1269209658945	0	0	29e68815112ae04a6c02dd6e0dfc
user12	1008	200	1269209658951	0	0	29e68815112ae04a6c02dd6e0dfc
user12	1007	197	1269209658961	0	0	29e68815112ae04a6c02dd6e0dfc
user12	1007	196	1269209658973	0	0	29e68815112ae04a6c02dd6e0dfc
user12	1007	195	1269209658983	0	0	29e68815112ae04a6c02dd6e0dfc
user12	1007	194	1269209658996	0	0	29e68815112ae04a6c02dd6e0dfc
user12	1007	193	1269209659124	0	0	29e68815112ae04a6c02dd6e0dfc
user12	1007	191	1269209659136	0	0	29e68815112ae04a6c02dd6e0dfc
user12	1007	190	1269209659141	0	0	29e68815112ae04a6c02dd6e0dfc
user12	1007	189	1269209659151	0	0	29e68815112ae04a6c02dd6e0dfc
user12	1007	188	1269209659164	0	0	29e68815112ae04a6c02dd6e0dfc
user12	1007	187	1269209659180	0	0	29e68815112ae04a6c02dd6e0dfc
user12	1006	186	1269209659196	0	0	29e68815112ae04a6c02dd6e0dfc
user12	1006	185	1269209659207	0	0	29e68815112ae04a6c02dd6e0dfc
user12	1006	184	1269209659295	0	0	29e68815112ae04a6c02dd6e0dfc
user12	1006	183	1269209659309	0	0	29e68815112ae04a6c02dd6e0dfc
user12	1006	182	1269209659324	0	0	29e68815112ae04a6c02dd6e0dfc
user12	1006	181	1269209659335	0	0	29e68815112ae04a6c02dd6e0dfc
user12	1006	178	1269209659348	0	0	29e68815112ae04a6c02dd6e0dfc
user12	1006	175	1269209659359	0	0	29e68815112ae04a6c02dd6e0dfc
user12	1006	172	1269209659372	0	0	29e68815112ae04a6c02dd6e0dfc
user12	1006	171	1269209659383	0	0	29e68815112ae04a6c02dd6e0dfc
user12	1006	170	1269209659396	0	0	29e68815112ae04a6c02dd6e0dfc
user12	1006	169	1269209659413	0	0	29e68815112ae04a6c02dd6e0dfc
user12	1006	168	1269209659436	0	0	29e68815112ae04a6c02dd6e0dfc
user12	1006	167	1269209659447	0	0	29e68815112ae04a6c02dd6e0dfc
user12	1006	167	1269209659678	1269209659541	1269209659678	29e68815112ae04a6c02dd6e0dfc
user12	1006	167	1269209661493	0	0	29e68815112ae04a6c02dd6e0dfc
user12	1006	168	1269209666004	0	0	29e68815112ae04a6c02dd6e0dfc
user12	1006	169	1269209666020	0	0	29e68815112ae04a6c02dd6e0dfc
user12	1006	171	1269209666031	0	0	29e68815112ae04a6c02dd6e0dfc
user12	1006	174	1269209666037	0	0	29e68815112ae04a6c02dd6e0dfc
user12	1006	177	1269209666048	0	0	29e68815112ae04a6c02dd6e0dfc
user12	1006	180	1269209666053	0	0	29e68815112ae04a6c02dd6e0dfc
user12	1006	185	1269209666066	0	0	29e68815112ae04a6c02dd6e0dfc
user12	1006	188	1269209666072	0	0	29e68815112ae04a6c02dd6e0dfc
user12	1006	191	1269209666083	0	0	29e68815112ae04a6c02dd6e0dfc
user12	1006	194	1269209666088	0	0	29e68815112ae04a6c02dd6e0dfc
user12	1006	197	1269209666094	0	0	29e68815112ae04a6c02dd6e0dfc
user12	1006	200	1269209666105	0	0	29e68815112ae04a6c02dd6e0dfc
user12	1006	201	1269209666111	0	0	29e68815112ae04a6c02dd6e0dfc
user12	1006	204	1269209666116	0	0	29e68815112ae04a6c02dd6e0dfc
user12	1005	209	1269209666127	0	0	29e68815112ae04a6c02dd6e0dfc
user12	1004	214	1269209666143	0	0	29e68815112ae04a6c02dd6e0dfc
user12	1004	217	1269209666151	0	0	29e68815112ae04a6c02dd6e0dfc
user12	1004	222	1269209666156	0	0	29e68815112ae04a6c02dd6e0dfc
user12	1000	228	1269209666171	0	0	29e68815112ae04a6c02dd6e0dfc
user12	999	234	1269209666177	0	0	29e68815112ae04a6c02dd6e0dfc
user12	995	238	1269209666189	0	0	29e68815112ae04a6c02dd6e0dfc
user12	994	246	1269209666204	0	0	29e68815112ae04a6c02dd6e0dfc
user12	993	252	1269209666209	0	0	29e68815112ae04a6c02dd6e0dfc
user12	993	255	1269209666214	0	0	29e68815112ae04a6c02dd6e0dfc
user12	990	260	1269209666226	0	0	29e68815112ae04a6c02dd6e0dfc
user12	989	266	1269209666233	0	0	29e68815112ae04a6c02dd6e0dfc
user12	985	269	1269209666242	0	0	29e68815112ae04a6c02dd6e0dfc
user12	984	272	1269209666247	0	0	29e68815112ae04a6c02dd6e0dfc
user12	984	276	1269209666253	0	0	29e68815112ae04a6c02dd6e0dfc
user12	983	277	1269209666268	0	0	29e68815112ae04a6c02dd6e0dfc
user12	982	277	1269209666279	0	0	29e68815112ae04a6c02dd6e0dfc
user12	982	278	1269209666292	0	0	29e68815112ae04a6c02dd6e0dfc
user12	982	279	1269209666316	0	0	29e68815112ae04a6c02dd6e0dfc
user12	981	279	1269209666328	0	0	29e68815112ae04a6c02dd6e0dfc
user12	981	280	1269209666372	0	0	29e68815112ae04a6c02dd6e0dfc
user12	981	281	1269209666388	0	0	29e68815112ae04a6c02dd6e0dfc
user12	980	281	1269209666401	0	0	29e68815112ae04a6c02dd6e0dfc
user12	980	282	1269209666412	0	0	29e68815112ae04a6c02dd6e0dfc
user12	980	281	1269209666452	0	0	29e68815112ae04a6c02dd6e0dfc
user12	980	280	1269209666464	0	0	29e68815112ae04a6c02dd6e0dfc
user12	980	277	1269209666476	0	0	29e68815112ae04a6c02dd6e0dfc
user12	979	277	1269209666488	0	0	29e68815112ae04a6c02dd6e0dfc
user12	978	276	1269209666493	0	0	29e68815112ae04a6c02dd6e0dfc
user12	977	275	1269209666508	0	0	29e68815112ae04a6c02dd6e0dfc
user12	976	275	1269209666524	0	0	29e68815112ae04a6c02dd6e0dfc
user12	975	275	1269209666540	0	0	29e68815112ae04a6c02dd6e0dfc
user12	974	275	1269209666554	0	0	29e68815112ae04a6c02dd6e0dfc
user12	973	275	1269209666565	0	0	29e68815112ae04a6c02dd6e0dfc
user12	973	275	1269209666717	1269209666636	1269209666717	29e68815112ae04a6c02dd6e0dfc
