User	X	Y	MouseTimeStamp	MouseDownTimeStamp	MouseUpTimeStamp	SessionID
user12	319	443	1270874275859	0	0	6023239ae79fe007017df5226a51
user12	318	440	1270874283277	0	0	6023239ae79fe007017df5226a51
user12	301	403	1270874283296	0	0	6023239ae79fe007017df5226a51
user12	278	360	1270874283307	0	0	6023239ae79fe007017df5226a51
user12	259	313	1270874283314	0	0	6023239ae79fe007017df5226a51
user12	240	271	1270874283318	0	0	6023239ae79fe007017df5226a51
user12	228	226	1270874283330	0	0	6023239ae79fe007017df5226a51
user12	218	195	1270874283337	0	0	6023239ae79fe007017df5226a51
user12	217	167	1270874283343	0	0	6023239ae79fe007017df5226a51
user12	215	145	1270874283354	0	0	6023239ae79fe007017df5226a51
user12	215	102	1270874283360	0	0	6023239ae79fe007017df5226a51
user12	222	62	1270874283370	0	0	6023239ae79fe007017df5226a51
user12	234	6	1270874283377	0	0	6023239ae79fe007017df5226a51
user12	191	10	1270874283535	0	0	6023239ae79fe007017df5226a51
user12	191	53	1270874283546	0	0	6023239ae79fe007017df5226a51
user12	191	91	1270874283556	0	0	6023239ae79fe007017df5226a51
user12	191	129	1270874283559	0	0	6023239ae79fe007017df5226a51
user12	192	163	1270874283570	0	0	6023239ae79fe007017df5226a51
user12	192	179	1270874283574	0	0	6023239ae79fe007017df5226a51
user12	193	190	1270874283584	0	0	6023239ae79fe007017df5226a51
user12	194	195	1270874283594	0	0	6023239ae79fe007017df5226a51
user12	197	196	1270874283604	0	0	6023239ae79fe007017df5226a51
user12	200	197	1270874283609	0	0	6023239ae79fe007017df5226a51
user12	206	198	1270874283617	0	0	6023239ae79fe007017df5226a51
user12	214	198	1270874283622	0	0	6023239ae79fe007017df5226a51
user12	225	198	1270874283636	0	0	6023239ae79fe007017df5226a51
user12	235	196	1270874283641	0	0	6023239ae79fe007017df5226a51
user12	257	188	1270874283645	0	0	6023239ae79fe007017df5226a51
user12	283	175	1270874283658	0	0	6023239ae79fe007017df5226a51
user12	321	153	1270874283665	0	0	6023239ae79fe007017df5226a51
user12	358	130	1270874283673	0	0	6023239ae79fe007017df5226a51
user12	412	101	1270874283680	0	0	6023239ae79fe007017df5226a51
user12	445	71	1270874283691	0	0	6023239ae79fe007017df5226a51
user12	464	53	1270874283698	0	0	6023239ae79fe007017df5226a51
user12	486	34	1270874283705	0	0	6023239ae79fe007017df5226a51
user12	496	22	1270874283710	0	0	6023239ae79fe007017df5226a51
user12	502	16	1270874283722	0	0	6023239ae79fe007017df5226a51
user12	503	13	1270874283727	0	0	6023239ae79fe007017df5226a51
user12	502	13	1270874283757	0	0	6023239ae79fe007017df5226a51
user12	501	16	1270874283767	0	0	6023239ae79fe007017df5226a51
user12	496	19	1270874283781	0	0	6023239ae79fe007017df5226a51
user12	490	23	1270874283791	0	0	6023239ae79fe007017df5226a51
user12	486	29	1270874283801	0	0	6023239ae79fe007017df5226a51
user12	477	36	1270874283805	0	0	6023239ae79fe007017df5226a51
user12	469	43	1270874283816	0	0	6023239ae79fe007017df5226a51
user12	457	49	1270874283821	0	0	6023239ae79fe007017df5226a51
user12	446	58	1270874283833	0	0	6023239ae79fe007017df5226a51
user12	433	71	1270874283845	0	0	6023239ae79fe007017df5226a51
user12	413	99	1270874283856	0	0	6023239ae79fe007017df5226a51
user12	406	108	1270874283868	0	0	6023239ae79fe007017df5226a51
user12	400	117	1270874283873	0	0	6023239ae79fe007017df5226a51
user12	393	126	1270874283888	0	0	6023239ae79fe007017df5226a51
user12	393	131	1270874283894	0	0	6023239ae79fe007017df5226a51
user12	393	135	1270874283911	0	0	6023239ae79fe007017df5226a51
user12	396	135	1270874283916	0	0	6023239ae79fe007017df5226a51
user12	415	135	1270874283925	0	0	6023239ae79fe007017df5226a51
user12	426	133	1270874283936	0	0	6023239ae79fe007017df5226a51
user12	440	126	1270874283943	0	0	6023239ae79fe007017df5226a51
user12	459	121	1270874283955	0	0	6023239ae79fe007017df5226a51
user12	484	115	1270874283960	0	0	6023239ae79fe007017df5226a51
user12	514	105	1270874283967	0	0	6023239ae79fe007017df5226a51
user12	560	89	1270874283978	0	0	6023239ae79fe007017df5226a51
user12	611	77	1270874283982	0	0	6023239ae79fe007017df5226a51
user12	667	69	1270874283992	0	0	6023239ae79fe007017df5226a51
user12	722	61	1270874284002	0	0	6023239ae79fe007017df5226a51
user12	777	60	1270874284009	0	0	6023239ae79fe007017df5226a51
user12	822	52	1270874284014	0	0	6023239ae79fe007017df5226a51
user12	860	50	1270874284024	0	0	6023239ae79fe007017df5226a51
user12	874	49	1270874284034	0	0	6023239ae79fe007017df5226a51
user12	884	49	1270874284039	0	0	6023239ae79fe007017df5226a51
user12	887	49	1270874284049	0	0	6023239ae79fe007017df5226a51
user12	887	52	1270874284061	0	0	6023239ae79fe007017df5226a51
user12	883	57	1270874284071	0	0	6023239ae79fe007017df5226a51
user12	879	63	1270874284081	0	0	6023239ae79fe007017df5226a51
user12	875	69	1270874284086	0	0	6023239ae79fe007017df5226a51
user12	871	78	1270874284098	0	0	6023239ae79fe007017df5226a51
user12	870	86	1270874284102	0	0	6023239ae79fe007017df5226a51
user12	869	91	1270874284112	0	0	6023239ae79fe007017df5226a51
user12	869	99	1270874284117	0	0	6023239ae79fe007017df5226a51
user12	869	102	1270874284126	0	0	6023239ae79fe007017df5226a51
user12	869	105	1270874284137	0	0	6023239ae79fe007017df5226a51
user12	869	106	1270874284141	0	0	6023239ae79fe007017df5226a51
user12	869	107	1270874284152	0	0	6023239ae79fe007017df5226a51
user12	869	108	1270874284165	0	0	6023239ae79fe007017df5226a51
user12	869	112	1270874284174	0	0	6023239ae79fe007017df5226a51
user12	870	115	1270874284185	0	0	6023239ae79fe007017df5226a51
user12	871	118	1270874284189	0	0	6023239ae79fe007017df5226a51
user12	872	121	1270874284200	0	0	6023239ae79fe007017df5226a51
user12	872	122	1270874284205	0	0	6023239ae79fe007017df5226a51
user12	873	123	1270874284214	0	0	6023239ae79fe007017df5226a51
user12	874	123	1270874284229	0	0	6023239ae79fe007017df5226a51
user12	877	124	1270874284285	0	0	6023239ae79fe007017df5226a51
user12	878	124	1270874284295	0	0	6023239ae79fe007017df5226a51
user12	882	128	1270874284309	0	0	6023239ae79fe007017df5226a51
user12	888	132	1270874284314	0	0	6023239ae79fe007017df5226a51
user12	892	138	1270874284319	0	0	6023239ae79fe007017df5226a51
user12	898	142	1270874284331	0	0	6023239ae79fe007017df5226a51
user12	905	148	1270874284339	0	0	6023239ae79fe007017df5226a51
user12	909	154	1270874284345	0	0	6023239ae79fe007017df5226a51
user12	910	159	1270874284350	0	0	6023239ae79fe007017df5226a51
user12	914	165	1270874284360	0	0	6023239ae79fe007017df5226a51
user12	914	169	1270874284366	0	0	6023239ae79fe007017df5226a51
user12	918	175	1270874284377	0	0	6023239ae79fe007017df5226a51
user12	919	180	1270874284382	0	0	6023239ae79fe007017df5226a51
user12	922	181	1270874284394	0	0	6023239ae79fe007017df5226a51
user12	922	182	1270874284398	0	0	6023239ae79fe007017df5226a51
user12	923	182	1270874284409	0	0	6023239ae79fe007017df5226a51
user12	923	183	1270874284415	0	0	6023239ae79fe007017df5226a51
user12	924	183	1270874284427	0	0	6023239ae79fe007017df5226a51
user12	925	182	1270874284493	0	0	6023239ae79fe007017df5226a51
user12	925	181	1270874284509	0	0	6023239ae79fe007017df5226a51
user12	926	181	1270874284520	0	0	6023239ae79fe007017df5226a51
user12	927	181	1270874284565	0	0	6023239ae79fe007017df5226a51
user12	928	181	1270874284576	0	0	6023239ae79fe007017df5226a51
user12	928	181	1270874284799	1270874284693	1270874284799	6023239ae79fe007017df5226a51
user12	928	181	1270874286147	0	0	6023239ae79fe007017df5226a51
user12	928	182	1270874291837	0	0	6023239ae79fe007017df5226a51
user12	927	185	1270874291856	0	0	6023239ae79fe007017df5226a51
user12	927	190	1270874291862	0	0	6023239ae79fe007017df5226a51
user12	927	196	1270874291873	0	0	6023239ae79fe007017df5226a51
user12	926	201	1270874291878	0	0	6023239ae79fe007017df5226a51
user12	926	207	1270874291889	0	0	6023239ae79fe007017df5226a51
user12	926	212	1270874291894	0	0	6023239ae79fe007017df5226a51
user12	927	215	1270874291909	0	0	6023239ae79fe007017df5226a51
user12	931	221	1270874291914	0	0	6023239ae79fe007017df5226a51
user12	932	225	1270874291920	0	0	6023239ae79fe007017df5226a51
user12	932	226	1270874291933	0	0	6023239ae79fe007017df5226a51
user12	933	226	1270874291944	0	0	6023239ae79fe007017df5226a51
user12	933	227	1270874291949	0	0	6023239ae79fe007017df5226a51
user12	933	230	1270874291965	0	0	6023239ae79fe007017df5226a51
user12	934	231	1270874291977	0	0	6023239ae79fe007017df5226a51
user12	934	235	1270874291984	0	0	6023239ae79fe007017df5226a51
user12	934	238	1270874291989	0	0	6023239ae79fe007017df5226a51
user12	934	244	1270874292004	0	0	6023239ae79fe007017df5226a51
user12	935	249	1270874292009	0	0	6023239ae79fe007017df5226a51
user12	935	255	1270874292014	0	0	6023239ae79fe007017df5226a51
user12	935	260	1270874292027	0	0	6023239ae79fe007017df5226a51
user12	935	265	1270874292041	0	0	6023239ae79fe007017df5226a51
user12	936	269	1270874292049	0	0	6023239ae79fe007017df5226a51
user12	936	272	1270874292054	0	0	6023239ae79fe007017df5226a51
user12	936	273	1270874292093	0	0	6023239ae79fe007017df5226a51
user12	937	273	1270874292104	0	0	6023239ae79fe007017df5226a51
user12	937	274	1270874292117	0	0	6023239ae79fe007017df5226a51
user12	938	274	1270874292127	0	0	6023239ae79fe007017df5226a51
user12	938	275	1270874292133	0	0	6023239ae79fe007017df5226a51
user12	939	276	1270874292144	0	0	6023239ae79fe007017df5226a51
user12	939	277	1270874292197	0	0	6023239ae79fe007017df5226a51
user12	939	278	1270874292212	0	0	6023239ae79fe007017df5226a51
user12	940	278	1270874292223	0	0	6023239ae79fe007017df5226a51
user12	941	278	1270874292229	0	0	6023239ae79fe007017df5226a51
user12	941	277	1270874292277	0	0	6023239ae79fe007017df5226a51
user12	941	276	1270874292301	0	0	6023239ae79fe007017df5226a51
user12	942	276	1270874292316	0	0	6023239ae79fe007017df5226a51
user12	942	275	1270874292332	0	0	6023239ae79fe007017df5226a51
user12	942	275	1270874292486	1270874292405	1270874292486	6023239ae79fe007017df5226a51
user12	1085	292	1270874297418	0	0	6023239ae79fe007017df5226a51
user12	1085	292	1270874298119	0	0	6023239ae79fe007017df5226a51
user12	1084	292	1270874302676	0	0	6023239ae79fe007017df5226a51
user12	1083	292	1270874302723	0	0	6023239ae79fe007017df5226a51
user12	1076	291	1270874302742	0	0	6023239ae79fe007017df5226a51
user12	1049	276	1270874302763	0	0	6023239ae79fe007017df5226a51
user12	1027	264	1270874302771	0	0	6023239ae79fe007017df5226a51
user12	991	246	1270874302775	0	0	6023239ae79fe007017df5226a51
user12	916	205	1270874302793	0	0	6023239ae79fe007017df5226a51
user12	884	183	1270874302797	0	0	6023239ae79fe007017df5226a51
user12	823	163	1270874302820	0	0	6023239ae79fe007017df5226a51
user12	795	162	1270874302824	0	0	6023239ae79fe007017df5226a51
user12	773	160	1270874302828	0	0	6023239ae79fe007017df5226a51
user12	737	159	1270874302847	0	0	6023239ae79fe007017df5226a51
user12	724	159	1270874302852	0	0	6023239ae79fe007017df5226a51
user12	720	158	1270874302872	0	0	6023239ae79fe007017df5226a51
user12	719	158	1270874302956	0	0	6023239ae79fe007017df5226a51
user12	719	157	1270874302974	0	0	6023239ae79fe007017df5226a51
user12	718	157	1270874302997	0	0	6023239ae79fe007017df5226a51
user12	717	157	1270874303018	0	0	6023239ae79fe007017df5226a51
user12	716	157	1270874303022	0	0	6023239ae79fe007017df5226a51
user12	709	157	1270874303042	0	0	6023239ae79fe007017df5226a51
user12	703	156	1270874303047	0	0	6023239ae79fe007017df5226a51
user12	692	152	1270874303053	0	0	6023239ae79fe007017df5226a51
user12	662	137	1270874303075	0	0	6023239ae79fe007017df5226a51
user12	625	119	1270874303080	0	0	6023239ae79fe007017df5226a51
user12	595	108	1270874303085	0	0	6023239ae79fe007017df5226a51
user12	541	75	1270874303106	0	0	6023239ae79fe007017df5226a51
user12	520	63	1270874303113	0	0	6023239ae79fe007017df5226a51
user12	491	45	1270874303127	0	0	6023239ae79fe007017df5226a51
user12	479	40	1270874303149	0	0	6023239ae79fe007017df5226a51
user12	472	33	1270874303160	0	0	6023239ae79fe007017df5226a51
user12	469	33	1270874303166	0	0	6023239ae79fe007017df5226a51
user12	465	32	1270874303190	0	0	6023239ae79fe007017df5226a51
user12	464	32	1270874303252	0	0	6023239ae79fe007017df5226a51
user12	461	32	1270874303272	0	0	6023239ae79fe007017df5226a51
user12	458	32	1270874303276	0	0	6023239ae79fe007017df5226a51
user12	452	32	1270874303295	0	0	6023239ae79fe007017df5226a51
user12	451	32	1270874303316	0	0	6023239ae79fe007017df5226a51
user12	451	33	1270874303363	0	0	6023239ae79fe007017df5226a51
user12	451	36	1270874303383	0	0	6023239ae79fe007017df5226a51
user12	454	44	1270874303407	0	0	6023239ae79fe007017df5226a51
user12	460	48	1270874303422	0	0	6023239ae79fe007017df5226a51
user12	463	48	1270874303429	0	0	6023239ae79fe007017df5226a51
user12	474	50	1270874303453	0	0	6023239ae79fe007017df5226a51
user12	478	51	1270874303473	0	0	6023239ae79fe007017df5226a51
user12	479	51	1270874303493	0	0	6023239ae79fe007017df5226a51
user12	480	51	1270874303556	0	0	6023239ae79fe007017df5226a51
user12	480	51	1270874303781	1270874303692	1270874303781	6023239ae79fe007017df5226a51
user12	170	468	1270874381071	0	0	6023239ae79fe007017df5226a51
user12	186	468	1270874381087	0	0	6023239ae79fe007017df5226a51
user12	197	466	1270874381092	0	0	6023239ae79fe007017df5226a51
user12	205	466	1270874381099	0	0	6023239ae79fe007017df5226a51
user12	216	465	1270874381113	0	0	6023239ae79fe007017df5226a51
user12	229	461	1270874381118	0	0	6023239ae79fe007017df5226a51
user12	240	460	1270874381123	0	0	6023239ae79fe007017df5226a51
user12	258	455	1270874381130	0	0	6023239ae79fe007017df5226a51
user12	288	445	1270874381136	0	0	6023239ae79fe007017df5226a51
user12	408	419	1270874381163	0	0	6023239ae79fe007017df5226a51
user12	454	408	1270874381176	0	0	6023239ae79fe007017df5226a51
user12	489	397	1270874381181	0	0	6023239ae79fe007017df5226a51
user12	524	390	1270874381186	0	0	6023239ae79fe007017df5226a51
user12	555	376	1270874381197	0	0	6023239ae79fe007017df5226a51
user12	575	368	1270874381204	0	0	6023239ae79fe007017df5226a51
user12	596	355	1270874381211	0	0	6023239ae79fe007017df5226a51
user12	607	349	1270874381219	0	0	6023239ae79fe007017df5226a51
user12	619	342	1270874381224	0	0	6023239ae79fe007017df5226a51
user12	623	336	1270874381237	0	0	6023239ae79fe007017df5226a51
user12	629	330	1270874381242	0	0	6023239ae79fe007017df5226a51
user12	633	324	1270874381252	0	0	6023239ae79fe007017df5226a51
user12	637	318	1270874381256	0	0	6023239ae79fe007017df5226a51
user12	637	312	1270874381267	0	0	6023239ae79fe007017df5226a51
user12	637	309	1270874381272	0	0	6023239ae79fe007017df5226a51
user12	638	306	1270874381286	0	0	6023239ae79fe007017df5226a51
user12	638	298	1270874381293	0	0	6023239ae79fe007017df5226a51
user12	638	285	1270874381305	0	0	6023239ae79fe007017df5226a51
user12	638	277	1270874381318	0	0	6023239ae79fe007017df5226a51
user12	638	271	1270874381322	0	0	6023239ae79fe007017df5226a51
user12	638	258	1270874381336	0	0	6023239ae79fe007017df5226a51
user12	638	252	1270874381347	0	0	6023239ae79fe007017df5226a51
user12	638	249	1270874381352	0	0	6023239ae79fe007017df5226a51
user12	638	244	1270874381365	0	0	6023239ae79fe007017df5226a51
user12	638	241	1270874381375	0	0	6023239ae79fe007017df5226a51
user12	639	241	1270874381387	0	0	6023239ae79fe007017df5226a51
user12	639	240	1270874381391	0	0	6023239ae79fe007017df5226a51
user12	639	239	1270874381402	0	0	6023239ae79fe007017df5226a51
user12	640	237	1270874381414	0	0	6023239ae79fe007017df5226a51
user12	640	236	1270874381418	0	0	6023239ae79fe007017df5226a51
user12	641	236	1270874381431	0	0	6023239ae79fe007017df5226a51
user12	641	235	1270874381441	0	0	6023239ae79fe007017df5226a51
user12	641	234	1270874381463	0	0	6023239ae79fe007017df5226a51
user12	642	233	1270874381473	0	0	6023239ae79fe007017df5226a51
user12	642	230	1270874381487	0	0	6023239ae79fe007017df5226a51
user12	642	227	1270874381498	0	0	6023239ae79fe007017df5226a51
user12	642	222	1270874381508	0	0	6023239ae79fe007017df5226a51
user12	643	216	1270874381513	0	0	6023239ae79fe007017df5226a51
user12	643	211	1270874381523	0	0	6023239ae79fe007017df5226a51
user12	644	203	1270874381528	0	0	6023239ae79fe007017df5226a51
user12	645	200	1270874381539	0	0	6023239ae79fe007017df5226a51
user12	646	194	1270874381544	0	0	6023239ae79fe007017df5226a51
user12	647	186	1270874381557	0	0	6023239ae79fe007017df5226a51
user12	647	178	1270874381563	0	0	6023239ae79fe007017df5226a51
user12	647	173	1270874381569	0	0	6023239ae79fe007017df5226a51
user12	647	167	1270874381583	0	0	6023239ae79fe007017df5226a51
user12	646	167	1270874381615	0	0	6023239ae79fe007017df5226a51
user12	645	167	1270874381671	0	0	6023239ae79fe007017df5226a51
user12	645	168	1270874381711	0	0	6023239ae79fe007017df5226a51
user12	648	171	1270874381729	0	0	6023239ae79fe007017df5226a51
user12	657	178	1270874381741	0	0	6023239ae79fe007017df5226a51
user12	671	185	1270874381746	0	0	6023239ae79fe007017df5226a51
user12	694	186	1270874381757	0	0	6023239ae79fe007017df5226a51
user12	732	188	1270874381761	0	0	6023239ae79fe007017df5226a51
user12	770	188	1270874381772	0	0	6023239ae79fe007017df5226a51
user12	824	188	1270874381779	0	0	6023239ae79fe007017df5226a51
user12	862	188	1270874381788	0	0	6023239ae79fe007017df5226a51
user12	906	188	1270874381794	0	0	6023239ae79fe007017df5226a51
user12	923	189	1270874381808	0	0	6023239ae79fe007017df5226a51
user12	939	189	1270874381812	0	0	6023239ae79fe007017df5226a51
user12	948	190	1270874381817	0	0	6023239ae79fe007017df5226a51
user12	956	191	1270874381828	0	0	6023239ae79fe007017df5226a51
user12	959	191	1270874381833	0	0	6023239ae79fe007017df5226a51
user12	962	192	1270874381843	0	0	6023239ae79fe007017df5226a51
user12	962	193	1270874381849	0	0	6023239ae79fe007017df5226a51
user12	961	193	1270874381911	0	0	6023239ae79fe007017df5226a51
user12	960	193	1270874382007	0	0	6023239ae79fe007017df5226a51
user12	960	192	1270874382017	0	0	6023239ae79fe007017df5226a51
user12	958	192	1270874382028	0	0	6023239ae79fe007017df5226a51
user12	957	192	1270874382033	0	0	6023239ae79fe007017df5226a51
user12	957	191	1270874382080	0	0	6023239ae79fe007017df5226a51
user12	957	188	1270874382095	0	0	6023239ae79fe007017df5226a51
user12	957	185	1270874382106	0	0	6023239ae79fe007017df5226a51
user12	957	182	1270874382114	0	0	6023239ae79fe007017df5226a51
user12	956	179	1270874382127	0	0	6023239ae79fe007017df5226a51
user12	956	178	1270874382138	0	0	6023239ae79fe007017df5226a51
user12	956	177	1270874382152	0	0	6023239ae79fe007017df5226a51
user12	956	176	1270874382183	0	0	6023239ae79fe007017df5226a51
user12	956	175	1270874382279	0	0	6023239ae79fe007017df5226a51
user12	956	174	1270874382291	0	0	6023239ae79fe007017df5226a51
user12	955	174	1270874382312	0	0	6023239ae79fe007017df5226a51
user12	954	174	1270874382408	0	0	6023239ae79fe007017df5226a51
user12	954	174	1270874382473	1270874382376	1270874382473	6023239ae79fe007017df5226a51
user12	954	173	1270874382511	0	0	6023239ae79fe007017df5226a51
user12	954	173	1270874383117	0	0	6023239ae79fe007017df5226a51
user12	955	173	1270874386815	0	0	6023239ae79fe007017df5226a51
user12	957	172	1270874386826	0	0	6023239ae79fe007017df5226a51
user12	960	172	1270874386837	0	0	6023239ae79fe007017df5226a51
user12	965	172	1270874386843	0	0	6023239ae79fe007017df5226a51
user12	972	179	1270874386848	0	0	6023239ae79fe007017df5226a51
user12	981	187	1270874386863	0	0	6023239ae79fe007017df5226a51
user12	981	198	1270874386878	0	0	6023239ae79fe007017df5226a51
user12	981	206	1270874386887	0	0	6023239ae79fe007017df5226a51
user12	979	214	1270874386896	0	0	6023239ae79fe007017df5226a51
user12	978	222	1270874386902	0	0	6023239ae79fe007017df5226a51
user12	977	230	1270874386908	0	0	6023239ae79fe007017df5226a51
user12	976	238	1270874386915	0	0	6023239ae79fe007017df5226a51
user12	972	244	1270874386928	0	0	6023239ae79fe007017df5226a51
user12	972	247	1270874386932	0	0	6023239ae79fe007017df5226a51
user12	969	248	1270874386938	0	0	6023239ae79fe007017df5226a51
user12	965	249	1270874386949	0	0	6023239ae79fe007017df5226a51
user12	962	249	1270874386954	0	0	6023239ae79fe007017df5226a51
user12	962	252	1270874386959	0	0	6023239ae79fe007017df5226a51
user12	959	252	1270874386974	0	0	6023239ae79fe007017df5226a51
user12	959	253	1270874386983	0	0	6023239ae79fe007017df5226a51
user12	958	253	1270874386987	0	0	6023239ae79fe007017df5226a51
user12	957	253	1270874387007	0	0	6023239ae79fe007017df5226a51
user12	955	254	1270874387020	0	0	6023239ae79fe007017df5226a51
user12	954	254	1270874387025	0	0	6023239ae79fe007017df5226a51
user12	953	254	1270874387036	0	0	6023239ae79fe007017df5226a51
user12	953	255	1270874387055	0	0	6023239ae79fe007017df5226a51
user12	953	256	1270874387066	0	0	6023239ae79fe007017df5226a51
user12	952	256	1270874387071	0	0	6023239ae79fe007017df5226a51
user12	952	259	1270874387088	0	0	6023239ae79fe007017df5226a51
user12	952	262	1270874387099	0	0	6023239ae79fe007017df5226a51
user12	951	267	1270874387108	0	0	6023239ae79fe007017df5226a51
user12	951	275	1270874387114	0	0	6023239ae79fe007017df5226a51
user12	951	280	1270874387125	0	0	6023239ae79fe007017df5226a51
user12	950	289	1270874387130	0	0	6023239ae79fe007017df5226a51
user12	949	289	1270874387135	0	0	6023239ae79fe007017df5226a51
user12	949	288	1270874387343	0	0	6023239ae79fe007017df5226a51
user12	949	287	1270874387355	0	0	6023239ae79fe007017df5226a51
user12	949	286	1270874387376	0	0	6023239ae79fe007017df5226a51
user12	950	285	1270874387393	0	0	6023239ae79fe007017df5226a51
user12	950	282	1270874387409	0	0	6023239ae79fe007017df5226a51
user12	950	281	1270874387423	0	0	6023239ae79fe007017df5226a51
user12	950	280	1270874387439	0	0	6023239ae79fe007017df5226a51
user12	950	280	1270874387641	1270874387551	1270874387641	6023239ae79fe007017df5226a51
user12	1102	189	1270874392088	0	0	6023239ae79fe007017df5226a51
user12	1102	190	1270874392214	0	0	6023239ae79fe007017df5226a51
user12	1102	190	1270874392613	0	0	6023239ae79fe007017df5226a51
user12	1102	191	1270874392617	0	0	6023239ae79fe007017df5226a51
user12	1102	190	1270874392694	0	0	6023239ae79fe007017df5226a51
user12	1103	190	1270874392734	0	0	6023239ae79fe007017df5226a51
user12	1103	189	1270874392752	0	0	6023239ae79fe007017df5226a51
user12	1104	189	1270874392771	0	0	6023239ae79fe007017df5226a51
user12	1105	189	1270874392798	0	0	6023239ae79fe007017df5226a51
user12	1106	189	1270874392822	0	0	6023239ae79fe007017df5226a51
user12	1107	189	1270874392842	0	0	6023239ae79fe007017df5226a51
user12	1108	189	1270874392847	0	0	6023239ae79fe007017df5226a51
user12	1109	189	1270874392865	0	0	6023239ae79fe007017df5226a51
user12	1112	189	1270874392884	0	0	6023239ae79fe007017df5226a51
user12	1113	188	1270874392905	0	0	6023239ae79fe007017df5226a51
user12	1114	188	1270874392925	0	0	6023239ae79fe007017df5226a51
user12	1115	188	1270874392929	0	0	6023239ae79fe007017df5226a51
user12	1116	188	1270874392950	0	0	6023239ae79fe007017df5226a51
user12	1119	188	1270874392961	0	0	6023239ae79fe007017df5226a51
user12	1133	188	1270874392993	0	0	6023239ae79fe007017df5226a51
user12	1135	188	1270874393012	0	0	6023239ae79fe007017df5226a51
user12	1135	187	1270874393046	0	0	6023239ae79fe007017df5226a51
user12	1135	186	1270874393065	0	0	6023239ae79fe007017df5226a51
user12	1134	185	1270874393070	0	0	6023239ae79fe007017df5226a51
user12	1133	182	1270874393088	0	0	6023239ae79fe007017df5226a51
user12	1129	175	1270874393108	0	0	6023239ae79fe007017df5226a51
user12	1125	172	1270874393112	0	0	6023239ae79fe007017df5226a51
user12	1122	168	1270874393134	0	0	6023239ae79fe007017df5226a51
user12	1118	165	1270874393138	0	0	6023239ae79fe007017df5226a51
user12	1107	163	1270874393157	0	0	6023239ae79fe007017df5226a51
user12	1101	159	1270874393161	0	0	6023239ae79fe007017df5226a51
user12	1085	159	1270874393181	0	0	6023239ae79fe007017df5226a51
user12	1077	159	1270874393185	0	0	6023239ae79fe007017df5226a51
user12	1058	159	1270874393204	0	0	6023239ae79fe007017df5226a51
user12	1050	159	1270874393209	0	0	6023239ae79fe007017df5226a51
user12	1042	159	1270874393217	0	0	6023239ae79fe007017df5226a51
user12	1021	159	1270874393235	0	0	6023239ae79fe007017df5226a51
user12	1010	159	1270874393239	0	0	6023239ae79fe007017df5226a51
user12	986	159	1270874393259	0	0	6023239ae79fe007017df5226a51
user12	973	159	1270874393264	0	0	6023239ae79fe007017df5226a51
user12	935	159	1270874393284	0	0	6023239ae79fe007017df5226a51
user12	913	159	1270874393288	0	0	6023239ae79fe007017df5226a51
user12	864	159	1270874393309	0	0	6023239ae79fe007017df5226a51
user12	842	159	1270874393314	0	0	6023239ae79fe007017df5226a51
user12	823	164	1270874393319	0	0	6023239ae79fe007017df5226a51
user12	781	171	1270874393338	0	0	6023239ae79fe007017df5226a51
user12	762	176	1270874393344	0	0	6023239ae79fe007017df5226a51
user12	734	186	1270874393364	0	0	6023239ae79fe007017df5226a51
user12	715	191	1270874393368	0	0	6023239ae79fe007017df5226a51
user12	690	203	1270874393387	0	0	6023239ae79fe007017df5226a51
user12	678	209	1270874393392	0	0	6023239ae79fe007017df5226a51
user12	659	220	1270874393414	0	0	6023239ae79fe007017df5226a51
user12	650	225	1270874393420	0	0	6023239ae79fe007017df5226a51
user12	644	229	1270874393426	0	0	6023239ae79fe007017df5226a51
user12	636	230	1270874393431	0	0	6023239ae79fe007017df5226a51
user12	613	242	1270874393456	0	0	6023239ae79fe007017df5226a51
user12	597	243	1270874393479	0	0	6023239ae79fe007017df5226a51
user12	591	243	1270874393483	0	0	6023239ae79fe007017df5226a51
user12	588	243	1270874393489	0	0	6023239ae79fe007017df5226a51
user12	578	243	1270874393507	0	0	6023239ae79fe007017df5226a51
user12	572	242	1270874393512	0	0	6023239ae79fe007017df5226a51
user12	561	240	1270874393533	0	0	6023239ae79fe007017df5226a51
user12	553	236	1270874393538	0	0	6023239ae79fe007017df5226a51
user12	539	234	1270874393559	0	0	6023239ae79fe007017df5226a51
user12	533	233	1270874393565	0	0	6023239ae79fe007017df5226a51
user12	528	232	1270874393570	0	0	6023239ae79fe007017df5226a51
user12	514	230	1270874393590	0	0	6023239ae79fe007017df5226a51
user12	511	229	1270874393596	0	0	6023239ae79fe007017df5226a51
user12	505	225	1270874393601	0	0	6023239ae79fe007017df5226a51
user12	499	224	1270874393607	0	0	6023239ae79fe007017df5226a51
user12	490	219	1270874393626	0	0	6023239ae79fe007017df5226a51
user12	480	212	1270874393647	0	0	6023239ae79fe007017df5226a51
user12	479	206	1270874393656	0	0	6023239ae79fe007017df5226a51
user12	475	200	1270874393662	0	0	6023239ae79fe007017df5226a51
user12	474	195	1270874393666	0	0	6023239ae79fe007017df5226a51
user12	474	189	1270874393671	0	0	6023239ae79fe007017df5226a51
user12	469	178	1270874393689	0	0	6023239ae79fe007017df5226a51
user12	468	171	1270874393710	0	0	6023239ae79fe007017df5226a51
user12	468	168	1270874393719	0	0	6023239ae79fe007017df5226a51
user12	466	162	1270874393740	0	0	6023239ae79fe007017df5226a51
user12	466	159	1270874393745	0	0	6023239ae79fe007017df5226a51
user12	465	156	1270874393764	0	0	6023239ae79fe007017df5226a51
user12	464	155	1270874393768	0	0	6023239ae79fe007017df5226a51
user12	461	152	1270874393787	0	0	6023239ae79fe007017df5226a51
user12	458	148	1270874393808	0	0	6023239ae79fe007017df5226a51
user12	457	148	1270874393812	0	0	6023239ae79fe007017df5226a51
user12	457	147	1270874393817	0	0	6023239ae79fe007017df5226a51
user12	454	146	1270874393836	0	0	6023239ae79fe007017df5226a51
user12	454	145	1270874393842	0	0	6023239ae79fe007017df5226a51
user12	453	143	1270874393847	0	0	6023239ae79fe007017df5226a51
user12	449	139	1270874393865	0	0	6023239ae79fe007017df5226a51
user12	445	132	1270874393885	0	0	6023239ae79fe007017df5226a51
user12	444	127	1270874393892	0	0	6023239ae79fe007017df5226a51
user12	443	121	1270874393897	0	0	6023239ae79fe007017df5226a51
user12	439	112	1270874393916	0	0	6023239ae79fe007017df5226a51
user12	438	106	1270874393922	0	0	6023239ae79fe007017df5226a51
user12	437	103	1270874393927	0	0	6023239ae79fe007017df5226a51
user12	435	97	1270874393944	0	0	6023239ae79fe007017df5226a51
user12	433	90	1270874393976	0	0	6023239ae79fe007017df5226a51
user12	433	86	1270874394006	0	0	6023239ae79fe007017df5226a51
user12	433	83	1270874394010	0	0	6023239ae79fe007017df5226a51
user12	432	83	1270874394020	0	0	6023239ae79fe007017df5226a51
user12	432	82	1270874394025	0	0	6023239ae79fe007017df5226a51
user12	431	81	1270874394052	0	0	6023239ae79fe007017df5226a51
user12	430	77	1270874394073	0	0	6023239ae79fe007017df5226a51
user12	427	76	1270874394092	0	0	6023239ae79fe007017df5226a51
user12	427	75	1270874394113	0	0	6023239ae79fe007017df5226a51
user12	427	74	1270874394118	0	0	6023239ae79fe007017df5226a51
user12	426	74	1270874394122	0	0	6023239ae79fe007017df5226a51
user12	426	71	1270874394141	0	0	6023239ae79fe007017df5226a51
user12	426	67	1270874394164	0	0	6023239ae79fe007017df5226a51
user12	424	63	1270874394178	0	0	6023239ae79fe007017df5226a51
user12	424	62	1270874394215	0	0	6023239ae79fe007017df5226a51
user12	427	61	1270874394233	0	0	6023239ae79fe007017df5226a51
user12	435	61	1270874394253	0	0	6023239ae79fe007017df5226a51
user12	444	60	1270874394274	0	0	6023239ae79fe007017df5226a51
user12	456	59	1270874394279	0	0	6023239ae79fe007017df5226a51
user12	462	58	1270874394291	0	0	6023239ae79fe007017df5226a51
user12	465	58	1270874394297	0	0	6023239ae79fe007017df5226a51
user12	471	58	1270874394322	0	0	6023239ae79fe007017df5226a51
user12	477	58	1270874394327	0	0	6023239ae79fe007017df5226a51
user12	477	57	1270874394347	0	0	6023239ae79fe007017df5226a51
user12	478	57	1270874394375	0	0	6023239ae79fe007017df5226a51
user12	479	57	1270874394407	0	0	6023239ae79fe007017df5226a51
user12	479	56	1270874394438	0	0	6023239ae79fe007017df5226a51
user12	480	55	1270874394458	0	0	6023239ae79fe007017df5226a51
user12	482	55	1270874394463	0	0	6023239ae79fe007017df5226a51
user12	483	54	1270874394474	0	0	6023239ae79fe007017df5226a51
user12	484	53	1270874394493	0	0	6023239ae79fe007017df5226a51
user12	485	53	1270874394500	0	0	6023239ae79fe007017df5226a51
user12	485	52	1270874394505	0	0	6023239ae79fe007017df5226a51
user12	485	52	1270874394664	1270874394591	1270874394664	6023239ae79fe007017df5226a51
user12	742	493	1270874428126	0	0	6023239ae79fe007017df5226a51
user12	742	494	1270874428142	0	0	6023239ae79fe007017df5226a51
user12	741	494	1270874428182	0	0	6023239ae79fe007017df5226a51
user12	741	495	1270874428191	0	0	6023239ae79fe007017df5226a51
user12	741	494	1270874428340	0	0	6023239ae79fe007017df5226a51
user12	742	494	1270874428427	0	0	6023239ae79fe007017df5226a51
user12	742	493	1270874428432	0	0	6023239ae79fe007017df5226a51
user12	742	493	1270874428881	0	0	6023239ae79fe007017df5226a51
user12	741	493	1270874429076	0	0	6023239ae79fe007017df5226a51
user12	740	493	1270874429098	0	0	6023239ae79fe007017df5226a51
user12	740	494	1270874429102	0	0	6023239ae79fe007017df5226a51
user12	740	495	1270874429156	0	0	6023239ae79fe007017df5226a51
user12	740	494	1270874429293	0	0	6023239ae79fe007017df5226a51
user12	740	493	1270874429380	0	0	6023239ae79fe007017df5226a51
user12	741	492	1270874429428	0	0	6023239ae79fe007017df5226a51
user12	741	491	1270874429463	0	0	6023239ae79fe007017df5226a51
user12	742	491	1270874430252	0	0	6023239ae79fe007017df5226a51
user12	742	490	1270874430273	0	0	6023239ae79fe007017df5226a51
user12	742	489	1270874430296	0	0	6023239ae79fe007017df5226a51
user12	741	489	1270874430396	0	0	6023239ae79fe007017df5226a51
user12	741	490	1270874430419	0	0	6023239ae79fe007017df5226a51
user12	740	491	1270874430443	0	0	6023239ae79fe007017df5226a51
user12	741	491	1270874431924	0	0	6023239ae79fe007017df5226a51
user12	742	491	1270874431964	0	0	6023239ae79fe007017df5226a51
user12	742	490	1270874432028	0	0	6023239ae79fe007017df5226a51
user12	743	490	1270874432052	0	0	6023239ae79fe007017df5226a51
user12	743	489	1270874432124	0	0	6023239ae79fe007017df5226a51
user12	744	489	1270874432152	0	0	6023239ae79fe007017df5226a51
user12	745	489	1270874433668	0	0	6023239ae79fe007017df5226a51
user12	745	488	1270874433694	0	0	6023239ae79fe007017df5226a51
user12	745	487	1270874433719	0	0	6023239ae79fe007017df5226a51
user12	746	487	1270874433744	0	0	6023239ae79fe007017df5226a51
user12	746	486	1270874434236	0	0	6023239ae79fe007017df5226a51
user12	747	486	1270874434308	0	0	6023239ae79fe007017df5226a51
user12	746	486	1270874434948	0	0	6023239ae79fe007017df5226a51
user12	745	484	1270874438992	0	0	6023239ae79fe007017df5226a51
user12	742	480	1270874438996	0	0	6023239ae79fe007017df5226a51
user12	725	458	1270874439020	0	0	6023239ae79fe007017df5226a51
user12	712	432	1270874439024	0	0	6023239ae79fe007017df5226a51
user12	690	395	1270874439029	0	0	6023239ae79fe007017df5226a51
user12	623	257	1270874439059	0	0	6023239ae79fe007017df5226a51
user12	596	214	1270874439066	0	0	6023239ae79fe007017df5226a51
user12	570	181	1270874439072	0	0	6023239ae79fe007017df5226a51
user12	549	154	1270874439079	0	0	6023239ae79fe007017df5226a51
user12	537	132	1270874439085	0	0	6023239ae79fe007017df5226a51
user12	528	105	1270874439118	0	0	6023239ae79fe007017df5226a51
user12	528	99	1270874439122	0	0	6023239ae79fe007017df5226a51
user12	528	94	1270874439127	0	0	6023239ae79fe007017df5226a51
user12	529	85	1270874439150	0	0	6023239ae79fe007017df5226a51
user12	530	85	1270874439154	0	0	6023239ae79fe007017df5226a51
user12	530	84	1270874439158	0	0	6023239ae79fe007017df5226a51
user12	530	83	1270874439183	0	0	6023239ae79fe007017df5226a51
user12	531	83	1270874439236	0	0	6023239ae79fe007017df5226a51
user12	531	82	1270874439258	0	0	6023239ae79fe007017df5226a51
user12	532	81	1270874439284	0	0	6023239ae79fe007017df5226a51
user12	533	81	1270874439287	0	0	6023239ae79fe007017df5226a51
user12	534	81	1270874439332	0	0	6023239ae79fe007017df5226a51
user12	534	80	1270874439354	0	0	6023239ae79fe007017df5226a51
user12	535	80	1270874439359	0	0	6023239ae79fe007017df5226a51
user12	538	78	1270874439382	0	0	6023239ae79fe007017df5226a51
user12	539	78	1270874439408	0	0	6023239ae79fe007017df5226a51
user12	540	78	1270874439414	0	0	6023239ae79fe007017df5226a51
user12	541	77	1270874439438	0	0	6023239ae79fe007017df5226a51
user12	545	74	1270874439445	0	0	6023239ae79fe007017df5226a51
user12	546	69	1270874439470	0	0	6023239ae79fe007017df5226a51
user12	547	68	1270874439496	0	0	6023239ae79fe007017df5226a51
user12	548	68	1270874439512	0	0	6023239ae79fe007017df5226a51
user12	548	67	1270874439538	0	0	6023239ae79fe007017df5226a51
user12	549	67	1270874439564	0	0	6023239ae79fe007017df5226a51
user12	549	66	1270874439569	0	0	6023239ae79fe007017df5226a51
user12	549	65	1270874439574	0	0	6023239ae79fe007017df5226a51
user12	550	64	1270874439618	0	0	6023239ae79fe007017df5226a51
user12	551	63	1270874439623	0	0	6023239ae79fe007017df5226a51
user12	552	61	1270874439648	0	0	6023239ae79fe007017df5226a51
user12	552	58	1270874439673	0	0	6023239ae79fe007017df5226a51
user12	553	58	1270874439697	0	0	6023239ae79fe007017df5226a51
user12	553	57	1270874439732	0	0	6023239ae79fe007017df5226a51
user12	553	57	1270874439845	1270874439772	1270874439845	6023239ae79fe007017df5226a51
user12	489	49	1270874455137	0	0	6023239ae79fe007017df5226a51
user12	489	50	1270874455211	0	0	6023239ae79fe007017df5226a51
user12	489	51	1270874455235	0	0	6023239ae79fe007017df5226a51
user12	489	52	1270874455256	0	0	6023239ae79fe007017df5226a51
user12	489	54	1270874455282	0	0	6023239ae79fe007017df5226a51
user12	490	54	1270874455287	0	0	6023239ae79fe007017df5226a51
user12	490	56	1270874455316	0	0	6023239ae79fe007017df5226a51
user12	490	58	1270874455348	0	0	6023239ae79fe007017df5226a51
user12	490	59	1270874455374	0	0	6023239ae79fe007017df5226a51
user12	491	59	1270874455499	0	0	6023239ae79fe007017df5226a51
user12	491	58	1270874455531	0	0	6023239ae79fe007017df5226a51
user12	492	58	1270874455568	0	0	6023239ae79fe007017df5226a51
user12	492	57	1270874455572	0	0	6023239ae79fe007017df5226a51
user12	492	56	1270874455604	0	0	6023239ae79fe007017df5226a51
user12	493	56	1270874455627	0	0	6023239ae79fe007017df5226a51
user12	492	56	1270874455923	0	0	6023239ae79fe007017df5226a51
user12	493	56	1270874457891	0	0	6023239ae79fe007017df5226a51
user12	496	56	1270874457912	0	0	6023239ae79fe007017df5226a51
user12	514	56	1270874457935	0	0	6023239ae79fe007017df5226a51
user12	517	56	1270874457939	0	0	6023239ae79fe007017df5226a51
user12	528	56	1270874457960	0	0	6023239ae79fe007017df5226a51
user12	539	56	1270874457985	0	0	6023239ae79fe007017df5226a51
user12	554	57	1270874457996	0	0	6023239ae79fe007017df5226a51
user12	600	62	1270874458021	0	0	6023239ae79fe007017df5226a51
user12	639	63	1270874458049	0	0	6023239ae79fe007017df5226a51
user12	704	70	1270874458072	0	0	6023239ae79fe007017df5226a51
user12	714	71	1270874458080	0	0	6023239ae79fe007017df5226a51
user12	722	72	1270874458085	0	0	6023239ae79fe007017df5226a51
user12	742	81	1270874458104	0	0	6023239ae79fe007017df5226a51
user12	767	93	1270874458126	0	0	6023239ae79fe007017df5226a51
user12	801	108	1270874458148	0	0	6023239ae79fe007017df5226a51
user12	824	121	1270874458169	0	0	6023239ae79fe007017df5226a51
user12	835	125	1270874458174	0	0	6023239ae79fe007017df5226a51
user12	843	132	1270874458179	0	0	6023239ae79fe007017df5226a51
user12	860	143	1270874458199	0	0	6023239ae79fe007017df5226a51
user12	880	156	1270874458222	0	0	6023239ae79fe007017df5226a51
user12	905	165	1270874458227	0	0	6023239ae79fe007017df5226a51
user12	942	175	1270874458249	0	0	6023239ae79fe007017df5226a51
user12	961	181	1270874458254	0	0	6023239ae79fe007017df5226a51
user12	972	185	1270874458259	0	0	6023239ae79fe007017df5226a51
user12	996	187	1270874458278	0	0	6023239ae79fe007017df5226a51
user12	1004	188	1270874458285	0	0	6023239ae79fe007017df5226a51
user12	1013	189	1270874458307	0	0	6023239ae79fe007017df5226a51
user12	1014	189	1270874458339	0	0	6023239ae79fe007017df5226a51
user12	1015	188	1270874458381	0	0	6023239ae79fe007017df5226a51
user12	1015	187	1270874458404	0	0	6023239ae79fe007017df5226a51
user12	1015	186	1270874458435	0	0	6023239ae79fe007017df5226a51
user12	1016	186	1270874458455	0	0	6023239ae79fe007017df5226a51
user12	1016	185	1270874458486	0	0	6023239ae79fe007017df5226a51
user12	1016	184	1270874458516	0	0	6023239ae79fe007017df5226a51
user12	1016	183	1270874458539	0	0	6023239ae79fe007017df5226a51
user12	1017	183	1270874458843	0	0	6023239ae79fe007017df5226a51
user12	1017	181	1270874458877	0	0	6023239ae79fe007017df5226a51
user12	1017	180	1270874458903	0	0	6023239ae79fe007017df5226a51
user12	1017	179	1270874458908	0	0	6023239ae79fe007017df5226a51
user12	1016	178	1270874458931	0	0	6023239ae79fe007017df5226a51
user12	1015	178	1270874458995	0	0	6023239ae79fe007017df5226a51
user12	1014	178	1270874459107	0	0	6023239ae79fe007017df5226a51
user12	1013	178	1270874459127	0	0	6023239ae79fe007017df5226a51
user12	1010	177	1270874459131	0	0	6023239ae79fe007017df5226a51
user12	1002	176	1270874459153	0	0	6023239ae79fe007017df5226a51
user12	994	176	1270874459158	0	0	6023239ae79fe007017df5226a51
user12	983	176	1270874459163	0	0	6023239ae79fe007017df5226a51
user12	959	172	1270874459183	0	0	6023239ae79fe007017df5226a51
user12	886	147	1270874459208	0	0	6023239ae79fe007017df5226a51
user12	851	137	1270874459212	0	0	6023239ae79fe007017df5226a51
user12	784	112	1270874459235	0	0	6023239ae79fe007017df5226a51
user12	750	105	1270874459241	0	0	6023239ae79fe007017df5226a51
user12	713	91	1270874459245	0	0	6023239ae79fe007017df5226a51
user12	659	75	1270874459268	0	0	6023239ae79fe007017df5226a51
user12	645	70	1270874459274	0	0	6023239ae79fe007017df5226a51
user12	631	65	1270874459278	0	0	6023239ae79fe007017df5226a51
user12	620	64	1270874459286	0	0	6023239ae79fe007017df5226a51
user12	608	59	1270874459309	0	0	6023239ae79fe007017df5226a51
user12	607	59	1270874459355	0	0	6023239ae79fe007017df5226a51
user12	608	62	1270874459443	0	0	6023239ae79fe007017df5226a51
user12	613	65	1270874459468	0	0	6023239ae79fe007017df5226a51
user12	646	69	1270874459489	0	0	6023239ae79fe007017df5226a51
user12	675	75	1270874459497	0	0	6023239ae79fe007017df5226a51
user12	708	77	1270874459503	0	0	6023239ae79fe007017df5226a51
user12	763	79	1270874459508	0	0	6023239ae79fe007017df5226a51
user12	883	83	1270874459532	0	0	6023239ae79fe007017df5226a51
user12	975	85	1270874459542	0	0	6023239ae79fe007017df5226a51
user12	1008	85	1270874459548	0	0	6023239ae79fe007017df5226a51
user12	1026	85	1270874459569	0	0	6023239ae79fe007017df5226a51
user12	1024	85	1270874459591	0	0	6023239ae79fe007017df5226a51
user12	1021	85	1270874459614	0	0	6023239ae79fe007017df5226a51
user12	1018	85	1270874459622	0	0	6023239ae79fe007017df5226a51
user12	1017	85	1270874459628	0	0	6023239ae79fe007017df5226a51
user12	1016	85	1270874459648	0	0	6023239ae79fe007017df5226a51
user12	1015	85	1270874459672	0	0	6023239ae79fe007017df5226a51
user12	1014	85	1270874459678	0	0	6023239ae79fe007017df5226a51
user12	1013	85	1270874459684	0	0	6023239ae79fe007017df5226a51
user12	1007	86	1270874459710	0	0	6023239ae79fe007017df5226a51
user12	1007	87	1270874459715	0	0	6023239ae79fe007017df5226a51
user12	1006	87	1270874459743	0	0	6023239ae79fe007017df5226a51
user12	1006	88	1270874459771	0	0	6023239ae79fe007017df5226a51
user12	991	88	1270874459827	0	0	6023239ae79fe007017df5226a51
user12	983	88	1270874459837	0	0	6023239ae79fe007017df5226a51
user12	967	88	1270874459859	0	0	6023239ae79fe007017df5226a51
user12	953	88	1270874459870	0	0	6023239ae79fe007017df5226a51
user12	947	87	1270874459885	0	0	6023239ae79fe007017df5226a51
user12	946	84	1270874459895	0	0	6023239ae79fe007017df5226a51
user12	946	83	1270874459900	0	0	6023239ae79fe007017df5226a51
user12	946	81	1270874459923	0	0	6023239ae79fe007017df5226a51
user12	946	80	1270874459955	0	0	6023239ae79fe007017df5226a51
user12	947	80	1270874460067	0	0	6023239ae79fe007017df5226a51
user12	947	79	1270874460087	0	0	6023239ae79fe007017df5226a51
user12	947	78	1270874460110	0	0	6023239ae79fe007017df5226a51
user12	946	78	1270874460371	0	0	6023239ae79fe007017df5226a51
user12	942	84	1270874460397	0	0	6023239ae79fe007017df5226a51
user12	919	114	1270874460422	0	0	6023239ae79fe007017df5226a51
user12	906	127	1270874460430	0	0	6023239ae79fe007017df5226a51
user12	901	141	1270874460435	0	0	6023239ae79fe007017df5226a51
user12	895	178	1270874460458	0	0	6023239ae79fe007017df5226a51
user12	889	207	1270874460467	0	0	6023239ae79fe007017df5226a51
user12	889	229	1270874460474	0	0	6023239ae79fe007017df5226a51
user12	889	251	1270874460478	0	0	6023239ae79fe007017df5226a51
user12	890	278	1270874460483	0	0	6023239ae79fe007017df5226a51
user12	897	315	1270874460504	0	0	6023239ae79fe007017df5226a51
user12	922	338	1270874460532	0	0	6023239ae79fe007017df5226a51
user12	928	342	1270874460541	0	0	6023239ae79fe007017df5226a51
user12	940	347	1270874460568	0	0	6023239ae79fe007017df5226a51
user12	941	347	1270874460618	0	0	6023239ae79fe007017df5226a51
user12	941	346	1270874460651	0	0	6023239ae79fe007017df5226a51
user12	941	345	1270874460673	0	0	6023239ae79fe007017df5226a51
user12	941	344	1270874460678	0	0	6023239ae79fe007017df5226a51
user12	941	343	1270874460702	0	0	6023239ae79fe007017df5226a51
user12	940	343	1270874460826	0	0	6023239ae79fe007017df5226a51
user12	939	343	1270874460848	0	0	6023239ae79fe007017df5226a51
user12	1015	85	1270874459672	0	0	6023239ae79fe007017df5226a51
user12	1014	85	1270874459678	0	0	6023239ae79fe007017df5226a51
user12	1013	85	1270874459684	0	0	6023239ae79fe007017df5226a51
user12	1007	86	1270874459710	0	0	6023239ae79fe007017df5226a51
user12	1007	87	1270874459715	0	0	6023239ae79fe007017df5226a51
user12	1006	87	1270874459743	0	0	6023239ae79fe007017df5226a51
user12	1006	88	1270874459771	0	0	6023239ae79fe007017df5226a51
user12	991	88	1270874459827	0	0	6023239ae79fe007017df5226a51
user12	983	88	1270874459837	0	0	6023239ae79fe007017df5226a51
user12	967	88	1270874459859	0	0	6023239ae79fe007017df5226a51
user12	953	88	1270874459870	0	0	6023239ae79fe007017df5226a51
user12	947	87	1270874459885	0	0	6023239ae79fe007017df5226a51
user12	946	84	1270874459895	0	0	6023239ae79fe007017df5226a51
user12	946	83	1270874459900	0	0	6023239ae79fe007017df5226a51
user12	946	81	1270874459923	0	0	6023239ae79fe007017df5226a51
user12	946	80	1270874459955	0	0	6023239ae79fe007017df5226a51
user12	947	80	1270874460067	0	0	6023239ae79fe007017df5226a51
user12	947	79	1270874460087	0	0	6023239ae79fe007017df5226a51
user12	947	78	1270874460110	0	0	6023239ae79fe007017df5226a51
user12	946	78	1270874460371	0	0	6023239ae79fe007017df5226a51
user12	942	84	1270874460397	0	0	6023239ae79fe007017df5226a51
user12	919	114	1270874460422	0	0	6023239ae79fe007017df5226a51
user12	906	127	1270874460430	0	0	6023239ae79fe007017df5226a51
user12	901	141	1270874460435	0	0	6023239ae79fe007017df5226a51
user12	895	178	1270874460458	0	0	6023239ae79fe007017df5226a51
user12	889	207	1270874460467	0	0	6023239ae79fe007017df5226a51
user12	889	229	1270874460474	0	0	6023239ae79fe007017df5226a51
user12	889	251	1270874460478	0	0	6023239ae79fe007017df5226a51
user12	890	278	1270874460483	0	0	6023239ae79fe007017df5226a51
user12	897	315	1270874460504	0	0	6023239ae79fe007017df5226a51
user12	922	338	1270874460532	0	0	6023239ae79fe007017df5226a51
user12	928	342	1270874460541	0	0	6023239ae79fe007017df5226a51
user12	940	347	1270874460568	0	0	6023239ae79fe007017df5226a51
user12	941	347	1270874460618	0	0	6023239ae79fe007017df5226a51
user12	941	346	1270874460651	0	0	6023239ae79fe007017df5226a51
user12	941	345	1270874460673	0	0	6023239ae79fe007017df5226a51
user12	941	344	1270874460678	0	0	6023239ae79fe007017df5226a51
user12	941	343	1270874460702	0	0	6023239ae79fe007017df5226a51
user12	940	343	1270874460826	0	0	6023239ae79fe007017df5226a51
user12	939	343	1270874460848	0	0	6023239ae79fe007017df5226a51
user12	939	342	1270874460853	0	0	6023239ae79fe007017df5226a51
user12	938	342	1270874460962	0	0	6023239ae79fe007017df5226a51
user12	938	343	1270874460987	0	0	6023239ae79fe007017df5226a51
user12	937	343	1270874461009	0	0	6023239ae79fe007017df5226a51
user12	937	342	1270874461066	0	0	6023239ae79fe007017df5226a51
user12	937	341	1270874461087	0	0	6023239ae79fe007017df5226a51
user12	936	340	1270874461093	0	0	6023239ae79fe007017df5226a51
user12	935	334	1270874461124	0	0	6023239ae79fe007017df5226a51
user12	934	333	1270874461157	0	0	6023239ae79fe007017df5226a51
user12	934	332	1270874461195	0	0	6023239ae79fe007017df5226a51
user12	934	333	1270874461355	0	0	6023239ae79fe007017df5226a51
user12	933	333	1270874461379	0	0	6023239ae79fe007017df5226a51
user12	933	334	1270874461401	0	0	6023239ae79fe007017df5226a51
user12	933	333	1270874461459	0	0	6023239ae79fe007017df5226a51
user12	933	332	1270874461480	0	0	6023239ae79fe007017df5226a51
user12	933	331	1270874461485	0	0	6023239ae79fe007017df5226a51
user12	934	326	1270874461507	0	0	6023239ae79fe007017df5226a51
user12	934	324	1270874461529	0	0	6023239ae79fe007017df5226a51
user12	935	323	1270874461551	0	0	6023239ae79fe007017df5226a51
user12	935	322	1270874461579	0	0	6023239ae79fe007017df5226a51
user12	931	317	1270874461600	0	0	6023239ae79fe007017df5226a51
user12	927	311	1270874461606	0	0	6023239ae79fe007017df5226a51
user12	918	299	1270874461610	0	0	6023239ae79fe007017df5226a51
user12	885	264	1270874461631	0	0	6023239ae79fe007017df5226a51
user12	857	243	1270874461637	0	0	6023239ae79fe007017df5226a51
user12	782	198	1270874461659	0	0	6023239ae79fe007017df5226a51
user12	730	174	1270874461664	0	0	6023239ae79fe007017df5226a51
user12	672	153	1270874461670	0	0	6023239ae79fe007017df5226a51
user12	610	137	1270874461677	0	0	6023239ae79fe007017df5226a51
user12	521	94	1270874461699	0	0	6023239ae79fe007017df5226a51
user12	486	87	1270874461705	0	0	6023239ae79fe007017df5226a51
user12	461	78	1270874461710	0	0	6023239ae79fe007017df5226a51
user12	438	72	1270874461733	0	0	6023239ae79fe007017df5226a51
user12	438	73	1270874461794	0	0	6023239ae79fe007017df5226a51
user12	439	72	1270874461898	0	0	6023239ae79fe007017df5226a51
user12	440	71	1270874461930	0	0	6023239ae79fe007017df5226a51
user12	440	70	1270874461935	0	0	6023239ae79fe007017df5226a51
user12	440	69	1270874461959	0	0	6023239ae79fe007017df5226a51
user12	439	68	1270874461965	0	0	6023239ae79fe007017df5226a51
user12	435	65	1270874461979	0	0	6023239ae79fe007017df5226a51
user12	432	64	1270874462003	0	0	6023239ae79fe007017df5226a51
user12	431	64	1270874462009	0	0	6023239ae79fe007017df5226a51
user12	430	63	1270874462014	0	0	6023239ae79fe007017df5226a51
user12	430	62	1270874462051	0	0	6023239ae79fe007017df5226a51
user12	430	61	1270874462073	0	0	6023239ae79fe007017df5226a51
user12	429	61	1270874462078	0	0	6023239ae79fe007017df5226a51
user12	429	62	1270874462155	0	0	6023239ae79fe007017df5226a51
user12	439	63	1270874462177	0	0	6023239ae79fe007017df5226a51
user12	456	69	1270874462191	0	0	6023239ae79fe007017df5226a51
user12	470	73	1270874462202	0	0	6023239ae79fe007017df5226a51
user12	497	75	1270874462207	0	0	6023239ae79fe007017df5226a51
user12	533	85	1270874462212	0	0	6023239ae79fe007017df5226a51
user12	631	117	1270874462234	0	0	6023239ae79fe007017df5226a51
user12	693	133	1270874462244	0	0	6023239ae79fe007017df5226a51
user12	744	145	1270874462249	0	0	6023239ae79fe007017df5226a51
user12	789	153	1270874462255	0	0	6023239ae79fe007017df5226a51
user12	823	160	1270874462260	0	0	6023239ae79fe007017df5226a51
user12	848	160	1270874462282	0	0	6023239ae79fe007017df5226a51
user12	851	159	1270874462287	0	0	6023239ae79fe007017df5226a51
user12	851	158	1270874462309	0	0	6023239ae79fe007017df5226a51
user12	850	158	1270874462315	0	0	6023239ae79fe007017df5226a51
user12	849	158	1270874462338	0	0	6023239ae79fe007017df5226a51
user12	848	158	1270874462514	0	0	6023239ae79fe007017df5226a51
user12	841	158	1270874462538	0	0	6023239ae79fe007017df5226a51
user12	814	156	1270874462562	0	0	6023239ae79fe007017df5226a51
user12	780	149	1270874462567	0	0	6023239ae79fe007017df5226a51
user12	740	142	1270874462574	0	0	6023239ae79fe007017df5226a51
user12	684	130	1270874462579	0	0	6023239ae79fe007017df5226a51
user12	557	114	1270874462601	0	0	6023239ae79fe007017df5226a51
user12	490	97	1270874462610	0	0	6023239ae79fe007017df5226a51
user12	434	89	1270874462615	0	0	6023239ae79fe007017df5226a51
user12	401	87	1270874462620	0	0	6023239ae79fe007017df5226a51
user12	373	86	1270874462641	0	0	6023239ae79fe007017df5226a51
user12	372	86	1270874462646	0	0	6023239ae79fe007017df5226a51
user12	377	80	1270874462670	0	0	6023239ae79fe007017df5226a51
user12	383	79	1270874462675	0	0	6023239ae79fe007017df5226a51
user12	393	69	1270874462698	0	0	6023239ae79fe007017df5226a51
user12	397	65	1270874462705	0	0	6023239ae79fe007017df5226a51
user12	403	61	1270874462719	0	0	6023239ae79fe007017df5226a51
user12	406	60	1270874462725	0	0	6023239ae79fe007017df5226a51
user12	412	58	1270874462749	0	0	6023239ae79fe007017df5226a51
user12	415	58	1270874462755	0	0	6023239ae79fe007017df5226a51
user12	416	58	1270874462763	0	0	6023239ae79fe007017df5226a51
user12	417	58	1270874462787	0	0	6023239ae79fe007017df5226a51
user12	418	58	1270874462809	0	0	6023239ae79fe007017df5226a51
user12	424	58	1270874462832	0	0	6023239ae79fe007017df5226a51
user12	427	58	1270874462838	0	0	6023239ae79fe007017df5226a51
user12	430	57	1270874462848	0	0	6023239ae79fe007017df5226a51
user12	429	57	1270874462907	0	0	6023239ae79fe007017df5226a51
user12	429	56	1270874462934	0	0	6023239ae79fe007017df5226a51
user12	428	56	1270874462944	0	0	6023239ae79fe007017df5226a51
user12	427	56	1270874462968	0	0	6023239ae79fe007017df5226a51
user12	426	56	1270874462992	0	0	6023239ae79fe007017df5226a51
user12	425	56	1270874463014	0	0	6023239ae79fe007017df5226a51
user12	423	57	1270874463038	0	0	6023239ae79fe007017df5226a51
user12	422	57	1270874463075	0	0	6023239ae79fe007017df5226a51
user12	422	53	1270874463095	0	0	6023239ae79fe007017df5226a51
user12	421	49	1270874463120	0	0	6023239ae79fe007017df5226a51
user12	421	48	1270874463143	0	0	6023239ae79fe007017df5226a51
user12	420	48	1270874463150	0	0	6023239ae79fe007017df5226a51
user12	420	48	1270874463316	1270874463227	1270874463316	6023239ae79fe007017df5226a51
user12	420	48	1270874463335	0	0	6023239ae79fe007017df5226a51
user12	419	49	1270874463351	0	0	6023239ae79fe007017df5226a51
user12	412	53	1270874463379	0	0	6023239ae79fe007017df5226a51
user12	409	57	1270874463386	0	0	6023239ae79fe007017df5226a51
user12	405	61	1270874463392	0	0	6023239ae79fe007017df5226a51
user12	399	65	1270874463399	0	0	6023239ae79fe007017df5226a51
user12	393	71	1270874463410	0	0	6023239ae79fe007017df5226a51
user12	388	91	1270874463438	0	0	6023239ae79fe007017df5226a51
user12	388	94	1270874463444	0	0	6023239ae79fe007017df5226a51
user12	398	104	1270874463469	0	0	6023239ae79fe007017df5226a51
user12	404	105	1270874463476	0	0	6023239ae79fe007017df5226a51
user12	420	107	1270874463497	0	0	6023239ae79fe007017df5226a51
user12	425	107	1270874463504	0	0	6023239ae79fe007017df5226a51
user12	434	108	1270874463509	0	0	6023239ae79fe007017df5226a51
user12	442	108	1270874463515	0	0	6023239ae79fe007017df5226a51
user12	461	108	1270874463542	0	0	6023239ae79fe007017df5226a51
user12	466	108	1270874463547	0	0	6023239ae79fe007017df5226a51
user12	474	108	1270874463569	0	0	6023239ae79fe007017df5226a51
user12	477	109	1270874463575	0	0	6023239ae79fe007017df5226a51
user12	481	110	1270874463580	0	0	6023239ae79fe007017df5226a51
user12	487	112	1270874463606	0	0	6023239ae79fe007017df5226a51
user12	488	115	1270874463613	0	0	6023239ae79fe007017df5226a51
user12	491	116	1270874463619	0	0	6023239ae79fe007017df5226a51
user12	494	117	1270874463641	0	0	6023239ae79fe007017df5226a51
user12	495	118	1270874463650	0	0	6023239ae79fe007017df5226a51
user12	496	118	1270874463673	0	0	6023239ae79fe007017df5226a51
user12	497	118	1270874463679	0	0	6023239ae79fe007017df5226a51
user12	497	117	1270874463803	0	0	6023239ae79fe007017df5226a51
user12	499	117	1270874463827	0	0	6023239ae79fe007017df5226a51
user12	499	116	1270874463853	0	0	6023239ae79fe007017df5226a51
user12	499	116	1270874463879	0	0	6023239ae79fe007017df5226a51
user12	500	117	1270874463909	0	0	6023239ae79fe007017df5226a51
user12	501	117	1270874463932	0	0	6023239ae79fe007017df5226a51
user12	503	119	1270874463958	0	0	6023239ae79fe007017df5226a51
user12	505	119	1270874463965	0	0	6023239ae79fe007017df5226a51
user12	506	119	1270874463990	0	0	6023239ae79fe007017df5226a51
user12	507	118	1270874464013	0	0	6023239ae79fe007017df5226a51
user12	509	118	1270874464039	0	0	6023239ae79fe007017df5226a51
user12	510	118	1270874464067	0	0	6023239ae79fe007017df5226a51
user12	513	118	1270874464074	0	0	6023239ae79fe007017df5226a51
user12	516	117	1270874464080	0	0	6023239ae79fe007017df5226a51
user12	517	117	1270874464087	0	0	6023239ae79fe007017df5226a51
user12	519	117	1270874464093	0	0	6023239ae79fe007017df5226a51
user12	520	117	1270874464099	0	0	6023239ae79fe007017df5226a51
user12	521	116	1270874464121	0	0	6023239ae79fe007017df5226a51
user12	521	115	1270874464127	0	0	6023239ae79fe007017df5226a51
user12	522	115	1270874464133	0	0	6023239ae79fe007017df5226a51
user12	525	111	1270874464157	0	0	6023239ae79fe007017df5226a51
user12	528	111	1270874464164	0	0	6023239ae79fe007017df5226a51
user12	529	105	1270874464187	0	0	6023239ae79fe007017df5226a51
user12	530	104	1270874464194	0	0	6023239ae79fe007017df5226a51
user12	530	101	1270874464200	0	0	6023239ae79fe007017df5226a51
user12	534	101	1270874464205	0	0	6023239ae79fe007017df5226a51
user12	534	98	1270874464212	0	0	6023239ae79fe007017df5226a51
user12	534	97	1270874464234	0	0	6023239ae79fe007017df5226a51
user12	534	96	1270874464257	0	0	6023239ae79fe007017df5226a51
user12	534	97	1270874464290	0	0	6023239ae79fe007017df5226a51
user12	535	98	1270874464313	0	0	6023239ae79fe007017df5226a51
user12	536	99	1270874464337	0	0	6023239ae79fe007017df5226a51
user12	537	99	1270874464344	0	0	6023239ae79fe007017df5226a51
user12	538	102	1270874464349	0	0	6023239ae79fe007017df5226a51
user12	539	101	1270874464410	0	0	6023239ae79fe007017df5226a51
user12	539	100	1270874464438	0	0	6023239ae79fe007017df5226a51
user12	540	100	1270874464468	0	0	6023239ae79fe007017df5226a51
user12	540	99	1270874464493	0	0	6023239ae79fe007017df5226a51
user12	540	98	1270874464531	0	0	6023239ae79fe007017df5226a51
user12	541	98	1270874464554	0	0	6023239ae79fe007017df5226a51
user12	541	97	1270874464559	0	0	6023239ae79fe007017df5226a51
user12	542	97	1270874464565	0	0	6023239ae79fe007017df5226a51
user12	542	96	1270874464571	0	0	6023239ae79fe007017df5226a51
user12	542	95	1270874464594	0	0	6023239ae79fe007017df5226a51
user12	542	93	1270874464600	0	0	6023239ae79fe007017df5226a51
user12	542	92	1270874464606	0	0	6023239ae79fe007017df5226a51
user12	542	89	1270874464611	0	0	6023239ae79fe007017df5226a51
user12	542	88	1270874464634	0	0	6023239ae79fe007017df5226a51
user12	542	87	1270874464660	0	0	6023239ae79fe007017df5226a51
user12	542	88	1270874464738	0	0	6023239ae79fe007017df5226a51
user12	542	89	1270874464762	0	0	6023239ae79fe007017df5226a51
user12	542	90	1270874464787	0	0	6023239ae79fe007017df5226a51
user12	541	93	1270874464794	0	0	6023239ae79fe007017df5226a51
user12	541	96	1270874464800	0	0	6023239ae79fe007017df5226a51
user12	541	99	1270874464808	0	0	6023239ae79fe007017df5226a51
user12	541	100	1270874464817	0	0	6023239ae79fe007017df5226a51
user12	541	102	1270874464823	0	0	6023239ae79fe007017df5226a51
user12	541	103	1270874464829	0	0	6023239ae79fe007017df5226a51
user12	541	106	1270874464836	0	0	6023239ae79fe007017df5226a51
user12	541	107	1270874464860	0	0	6023239ae79fe007017df5226a51
user12	541	106	1270874464930	0	0	6023239ae79fe007017df5226a51
user12	542	106	1270874464939	0	0	6023239ae79fe007017df5226a51
user12	542	105	1270874465082	0	0	6023239ae79fe007017df5226a51
user12	542	104	1270874465106	0	0	6023239ae79fe007017df5226a51
user12	543	100	1270874465130	0	0	6023239ae79fe007017df5226a51
user12	543	97	1270874465135	0	0	6023239ae79fe007017df5226a51
user12	543	94	1270874465162	0	0	6023239ae79fe007017df5226a51
user12	544	93	1270874465167	0	0	6023239ae79fe007017df5226a51
user12	545	91	1270874465190	0	0	6023239ae79fe007017df5226a51
user12	545	92	1270874465266	0	0	6023239ae79fe007017df5226a51
user12	546	93	1270874465291	0	0	6023239ae79fe007017df5226a51
user12	547	93	1270874465346	0	0	6023239ae79fe007017df5226a51
user12	547	92	1270874465372	0	0	6023239ae79fe007017df5226a51
user12	554	88	1270874465396	0	0	6023239ae79fe007017df5226a51
user12	560	84	1270874465421	0	0	6023239ae79fe007017df5226a51
user12	564	83	1270874465427	0	0	6023239ae79fe007017df5226a51
user12	570	79	1270874465455	0	0	6023239ae79fe007017df5226a51
user12	576	78	1270874465467	0	0	6023239ae79fe007017df5226a51
user12	580	78	1270874465475	0	0	6023239ae79fe007017df5226a51
user12	589	76	1270874465500	0	0	6023239ae79fe007017df5226a51
user12	590	75	1270874465525	0	0	6023239ae79fe007017df5226a51
user12	590	74	1270874465537	0	0	6023239ae79fe007017df5226a51
user12	591	73	1270874465566	0	0	6023239ae79fe007017df5226a51
user12	592	72	1270874465594	0	0	6023239ae79fe007017df5226a51
user12	592	70	1270874465618	0	0	6023239ae79fe007017df5226a51
user12	591	70	1270874465623	0	0	6023239ae79fe007017df5226a51
user12	590	70	1270874465650	0	0	6023239ae79fe007017df5226a51
user12	589	70	1270874465706	0	0	6023239ae79fe007017df5226a51
user12	589	69	1270874465762	0	0	6023239ae79fe007017df5226a51
user12	588	69	1270874465787	0	0	6023239ae79fe007017df5226a51
user12	588	68	1270874465813	0	0	6023239ae79fe007017df5226a51
user12	588	67	1270874465846	0	0	6023239ae79fe007017df5226a51
user12	588	66	1270874465948	0	0	6023239ae79fe007017df5226a51
user12	588	65	1270874465995	0	0	6023239ae79fe007017df5226a51
user12	588	64	1270874466035	0	0	6023239ae79fe007017df5226a51
user12	587	64	1270874466130	0	0	6023239ae79fe007017df5226a51
user12	587	63	1270874466219	0	0	6023239ae79fe007017df5226a51
user12	587	62	1270874466259	0	0	6023239ae79fe007017df5226a51
user12	587	61	1270874466283	0	0	6023239ae79fe007017df5226a51
user12	587	60	1270874466306	0	0	6023239ae79fe007017df5226a51
user12	587	59	1270874466339	0	0	6023239ae79fe007017df5226a51
user12	587	58	1270874466361	0	0	6023239ae79fe007017df5226a51
user12	586	58	1270874466368	0	0	6023239ae79fe007017df5226a51
user12	586	57	1270874466376	0	0	6023239ae79fe007017df5226a51
user12	586	56	1270874466402	0	0	6023239ae79fe007017df5226a51
user12	586	55	1270874466698	0	0	6023239ae79fe007017df5226a51
user12	586	54	1270874466721	0	0	6023239ae79fe007017df5226a51
user12	586	54	1270874466884	1270874466787	1270874466884	6023239ae79fe007017df5226a51
user12	464	229	1270874488651	0	0	6023239ae79fe007017df5226a51
user12	529	250	1270874488670	0	0	6023239ae79fe007017df5226a51
user12	556	263	1270874488675	0	0	6023239ae79fe007017df5226a51
user12	580	269	1270874488694	0	0	6023239ae79fe007017df5226a51
user12	616	276	1270874488699	0	0	6023239ae79fe007017df5226a51
user12	656	278	1270874488720	0	0	6023239ae79fe007017df5226a51
user12	702	279	1270874488742	0	0	6023239ae79fe007017df5226a51
user12	713	280	1270874488747	0	0	6023239ae79fe007017df5226a51
user12	731	280	1270874488766	0	0	6023239ae79fe007017df5226a51
user12	739	280	1270874488770	0	0	6023239ae79fe007017df5226a51
user12	753	281	1270874488797	0	0	6023239ae79fe007017df5226a51
user12	756	281	1270874488805	0	0	6023239ae79fe007017df5226a51
user12	762	282	1270874488825	0	0	6023239ae79fe007017df5226a51
user12	767	282	1270874488829	0	0	6023239ae79fe007017df5226a51
user12	778	281	1270874488850	0	0	6023239ae79fe007017df5226a51
user12	786	281	1270874488854	0	0	6023239ae79fe007017df5226a51
user12	792	281	1270874488858	0	0	6023239ae79fe007017df5226a51
user12	805	282	1270874488877	0	0	6023239ae79fe007017df5226a51
user12	817	282	1270874488898	0	0	6023239ae79fe007017df5226a51
user12	820	284	1270874488967	0	0	6023239ae79fe007017df5226a51
user12	821	285	1270874488974	0	0	6023239ae79fe007017df5226a51
user12	822	285	1270874488998	0	0	6023239ae79fe007017df5226a51
user12	823	285	1270874489002	0	0	6023239ae79fe007017df5226a51
user12	823	286	1270874489026	0	0	6023239ae79fe007017df5226a51
user12	823	287	1270874489065	0	0	6023239ae79fe007017df5226a51
user12	823	288	1270874489097	0	0	6023239ae79fe007017df5226a51
user12	823	287	1270874489177	0	0	6023239ae79fe007017df5226a51
user12	823	286	1270874489217	0	0	6023239ae79fe007017df5226a51
user12	824	286	1270874489235	0	0	6023239ae79fe007017df5226a51
user12	824	285	1270874489361	0	0	6023239ae79fe007017df5226a51
user12	823	282	1270874489380	0	0	6023239ae79fe007017df5226a51
user12	821	276	1270874489400	0	0	6023239ae79fe007017df5226a51
user12	820	270	1270874489405	0	0	6023239ae79fe007017df5226a51
user12	816	264	1270874489409	0	0	6023239ae79fe007017df5226a51
user12	801	249	1270874489428	0	0	6023239ae79fe007017df5226a51
user12	773	223	1270874489449	0	0	6023239ae79fe007017df5226a51
user12	746	207	1270874489453	0	0	6023239ae79fe007017df5226a51
user12	725	194	1270874489458	0	0	6023239ae79fe007017df5226a51
user12	677	165	1270874489477	0	0	6023239ae79fe007017df5226a51
user12	651	152	1270874489484	0	0	6023239ae79fe007017df5226a51
user12	639	146	1270874489489	0	0	6023239ae79fe007017df5226a51
user12	623	144	1270874489509	0	0	6023239ae79fe007017df5226a51
user12	620	143	1270874489515	0	0	6023239ae79fe007017df5226a51
user12	619	140	1270874489535	0	0	6023239ae79fe007017df5226a51
user12	618	139	1270874489539	0	0	6023239ae79fe007017df5226a51
user12	618	138	1270874489561	0	0	6023239ae79fe007017df5226a51
user12	617	137	1270874489566	0	0	6023239ae79fe007017df5226a51
user12	613	137	1270874489570	0	0	6023239ae79fe007017df5226a51
user12	604	137	1270874489590	0	0	6023239ae79fe007017df5226a51
user12	598	136	1270874489595	0	0	6023239ae79fe007017df5226a51
user12	582	136	1270874489615	0	0	6023239ae79fe007017df5226a51
user12	577	137	1270874489620	0	0	6023239ae79fe007017df5226a51
user12	568	138	1270874489641	0	0	6023239ae79fe007017df5226a51
user12	563	138	1270874489646	0	0	6023239ae79fe007017df5226a51
user12	562	137	1270874489651	0	0	6023239ae79fe007017df5226a51
user12	559	136	1270874489676	0	0	6023239ae79fe007017df5226a51
user12	555	136	1270874489696	0	0	6023239ae79fe007017df5226a51
user12	554	136	1270874489716	0	0	6023239ae79fe007017df5226a51
user12	554	136	1270874489744	0	0	6023239ae79fe007017df5226a51
user12	554	135	1270874489749	0	0	6023239ae79fe007017df5226a51
user12	550	134	1270874489771	0	0	6023239ae79fe007017df5226a51
user12	547	130	1270874489775	0	0	6023239ae79fe007017df5226a51
user12	543	124	1270874489780	0	0	6023239ae79fe007017df5226a51
user12	535	107	1270874489808	0	0	6023239ae79fe007017df5226a51
user12	534	99	1270874489813	0	0	6023239ae79fe007017df5226a51
user12	529	84	1270874489839	0	0	6023239ae79fe007017df5226a51
user12	529	81	1270874489844	0	0	6023239ae79fe007017df5226a51
user12	528	78	1270874489852	0	0	6023239ae79fe007017df5226a51
user12	524	74	1270874489875	0	0	6023239ae79fe007017df5226a51
user12	520	73	1270874489895	0	0	6023239ae79fe007017df5226a51
user12	519	73	1270874489916	0	0	6023239ae79fe007017df5226a51
user12	519	72	1270874489920	0	0	6023239ae79fe007017df5226a51
user12	516	71	1270874489941	0	0	6023239ae79fe007017df5226a51
user12	513	67	1270874489964	0	0	6023239ae79fe007017df5226a51
user12	507	67	1270874489978	0	0	6023239ae79fe007017df5226a51
user12	507	66	1270874489983	0	0	6023239ae79fe007017df5226a51
user12	504	66	1270874489988	0	0	6023239ae79fe007017df5226a51
user12	500	65	1270874490009	0	0	6023239ae79fe007017df5226a51
user12	499	65	1270874490034	0	0	6023239ae79fe007017df5226a51
user12	498	64	1270874490054	0	0	6023239ae79fe007017df5226a51
user12	497	63	1270874490137	0	0	6023239ae79fe007017df5226a51
user12	496	63	1270874490159	0	0	6023239ae79fe007017df5226a51
user12	496	62	1270874490164	0	0	6023239ae79fe007017df5226a51
user12	495	61	1270874490184	0	0	6023239ae79fe007017df5226a51
user12	495	60	1270874490189	0	0	6023239ae79fe007017df5226a51
user12	495	59	1270874490217	0	0	6023239ae79fe007017df5226a51
user12	494	59	1270874490241	0	0	6023239ae79fe007017df5226a51
user12	495	59	1270874493297	0	0	6023239ae79fe007017df5226a51
user12	500	58	1270874493317	0	0	6023239ae79fe007017df5226a51
user12	505	58	1270874493322	0	0	6023239ae79fe007017df5226a51
user12	513	58	1270874493332	0	0	6023239ae79fe007017df5226a51
user12	526	58	1270874493338	0	0	6023239ae79fe007017df5226a51
user12	563	58	1270874493375	0	0	6023239ae79fe007017df5226a51
user12	580	56	1270874493387	0	0	6023239ae79fe007017df5226a51
user12	581	56	1270874493396	0	0	6023239ae79fe007017df5226a51
user12	581	55	1270874493473	0	0	6023239ae79fe007017df5226a51
user12	580	55	1270874493497	0	0	6023239ae79fe007017df5226a51
user12	579	55	1270874493519	0	0	6023239ae79fe007017df5226a51
user12	578	55	1270874493540	0	0	6023239ae79fe007017df5226a51
user12	577	55	1270874493569	0	0	6023239ae79fe007017df5226a51
user12	576	55	1270874493593	0	0	6023239ae79fe007017df5226a51
user12	576	55	1270874494210	1270874494105	1270874494210	6023239ae79fe007017df5226a51
user12	593	257	1270874517985	0	0	6023239ae79fe007017df5226a51
user12	606	257	1270874518000	0	0	6023239ae79fe007017df5226a51
user12	609	257	1270874518005	0	0	6023239ae79fe007017df5226a51
user12	609	258	1270874518433	0	0	6023239ae79fe007017df5226a51
user12	609	258	1270874518460	0	0	6023239ae79fe007017df5226a51
user12	610	258	1270874518544	0	0	6023239ae79fe007017df5226a51
user12	610	257	1270874518568	0	0	6023239ae79fe007017df5226a51
user12	609	256	1270874518992	0	0	6023239ae79fe007017df5226a51
user12	606	256	1270874519010	0	0	6023239ae79fe007017df5226a51
user12	600	256	1270874519030	0	0	6023239ae79fe007017df5226a51
user12	595	256	1270874519035	0	0	6023239ae79fe007017df5226a51
user12	592	256	1270874519040	0	0	6023239ae79fe007017df5226a51
user12	584	256	1270874519058	0	0	6023239ae79fe007017df5226a51
user12	576	256	1270874519079	0	0	6023239ae79fe007017df5226a51
user12	568	256	1270874519084	0	0	6023239ae79fe007017df5226a51
user12	559	257	1270874519088	0	0	6023239ae79fe007017df5226a51
user12	543	257	1270874519107	0	0	6023239ae79fe007017df5226a51
user12	517	257	1270874519130	0	0	6023239ae79fe007017df5226a51
user12	506	257	1270874519135	0	0	6023239ae79fe007017df5226a51
user12	493	257	1270874519139	0	0	6023239ae79fe007017df5226a51
user12	467	257	1270874519161	0	0	6023239ae79fe007017df5226a51
user12	456	257	1270874519166	0	0	6023239ae79fe007017df5226a51
user12	443	257	1270874519170	0	0	6023239ae79fe007017df5226a51
user12	416	257	1270874519189	0	0	6023239ae79fe007017df5226a51
user12	384	257	1270874519214	0	0	6023239ae79fe007017df5226a51
user12	376	257	1270874519220	0	0	6023239ae79fe007017df5226a51
user12	373	257	1270874519226	0	0	6023239ae79fe007017df5226a51
user12	370	256	1270874519248	0	0	6023239ae79fe007017df5226a51
user12	369	255	1270874519252	0	0	6023239ae79fe007017df5226a51
user12	369	254	1270874519273	0	0	6023239ae79fe007017df5226a51
user12	369	253	1270874519294	0	0	6023239ae79fe007017df5226a51
user12	369	252	1270874519298	0	0	6023239ae79fe007017df5226a51
user12	370	249	1270874519318	0	0	6023239ae79fe007017df5226a51
user12	377	242	1270874519338	0	0	6023239ae79fe007017df5226a51
user12	381	233	1270874519344	0	0	6023239ae79fe007017df5226a51
user12	386	226	1270874519363	0	0	6023239ae79fe007017df5226a51
user12	388	217	1270874519385	0	0	6023239ae79fe007017df5226a51
user12	388	216	1270874519416	0	0	6023239ae79fe007017df5226a51
user12	387	216	1270874519437	0	0	6023239ae79fe007017df5226a51
user12	387	215	1270874519488	0	0	6023239ae79fe007017df5226a51
user12	387	214	1270874519507	0	0	6023239ae79fe007017df5226a51
user12	389	211	1270874519512	0	0	6023239ae79fe007017df5226a51
user12	389	206	1270874519524	0	0	6023239ae79fe007017df5226a51
user12	393	200	1270874519532	0	0	6023239ae79fe007017df5226a51
user12	394	194	1270874519536	0	0	6023239ae79fe007017df5226a51
user12	395	191	1270874519555	0	0	6023239ae79fe007017df5226a51
user12	396	189	1270874519588	0	0	6023239ae79fe007017df5226a51
user12	396	189	1270874519889	1270874519776	1270874519889	6023239ae79fe007017df5226a51
user12	395	189	1270874519908	0	0	6023239ae79fe007017df5226a51
user12	394	189	1270874519944	0	0	6023239ae79fe007017df5226a51
user12	394	190	1270874520000	0	0	6023239ae79fe007017df5226a51
user12	394	192	1270874520042	0	0	6023239ae79fe007017df5226a51
user12	394	193	1270874520054	0	0	6023239ae79fe007017df5226a51
user12	394	194	1270874520060	0	0	6023239ae79fe007017df5226a51
user12	395	195	1270874520081	0	0	6023239ae79fe007017df5226a51
user12	396	196	1270874520102	0	0	6023239ae79fe007017df5226a51
user12	397	196	1270874520107	0	0	6023239ae79fe007017df5226a51
user12	397	197	1270874520128	0	0	6023239ae79fe007017df5226a51
user12	397	198	1270874520132	0	0	6023239ae79fe007017df5226a51
user12	398	199	1270874520207	0	0	6023239ae79fe007017df5226a51
user12	401	201	1270874520232	0	0	6023239ae79fe007017df5226a51
user12	408	205	1270874520253	0	0	6023239ae79fe007017df5226a51
user12	414	209	1270874520261	0	0	6023239ae79fe007017df5226a51
user12	460	220	1270874520282	0	0	6023239ae79fe007017df5226a51
user12	553	223	1270874520306	0	0	6023239ae79fe007017df5226a51
user12	673	227	1270874520316	0	0	6023239ae79fe007017df5226a51
user12	813	227	1270874520337	0	0	6023239ae79fe007017df5226a51
user12	937	227	1270874520343	0	0	6023239ae79fe007017df5226a51
user12	1019	225	1270874520363	0	0	6023239ae79fe007017df5226a51
user12	1044	225	1270874520386	0	0	6023239ae79fe007017df5226a51
user12	1047	225	1270874520390	0	0	6023239ae79fe007017df5226a51
user12	1047	227	1270874520410	0	0	6023239ae79fe007017df5226a51
user12	1046	227	1270874520435	0	0	6023239ae79fe007017df5226a51
user12	1045	227	1270874520471	0	0	6023239ae79fe007017df5226a51
user12	1044	228	1270874520489	0	0	6023239ae79fe007017df5226a51
user12	1043	228	1270874520509	0	0	6023239ae79fe007017df5226a51
user12	1042	228	1270874520533	0	0	6023239ae79fe007017df5226a51
user12	1042	227	1270874520591	0	0	6023239ae79fe007017df5226a51
user12	1041	227	1270874521687	0	0	6023239ae79fe007017df5226a51
user12	1041	228	1270874521871	0	0	6023239ae79fe007017df5226a51
user12	1040	231	1270874521889	0	0	6023239ae79fe007017df5226a51
user12	1039	237	1270874521908	0	0	6023239ae79fe007017df5226a51
user12	1034	248	1270874521929	0	0	6023239ae79fe007017df5226a51
user12	1030	254	1270874521934	0	0	6023239ae79fe007017df5226a51
user12	1030	257	1270874521938	0	0	6023239ae79fe007017df5226a51
user12	1029	264	1270874521957	0	0	6023239ae79fe007017df5226a51
user12	1028	270	1270874521980	0	0	6023239ae79fe007017df5226a51
user12	1027	271	1270874521985	0	0	6023239ae79fe007017df5226a51
user12	1027	272	1270874522004	0	0	6023239ae79fe007017df5226a51
user12	1027	271	1270874522175	0	0	6023239ae79fe007017df5226a51
user12	1027	270	1270874522193	0	0	6023239ae79fe007017df5226a51
user12	1027	269	1270874522214	0	0	6023239ae79fe007017df5226a51
user12	1027	268	1270874522239	0	0	6023239ae79fe007017df5226a51
user12	1028	268	1270874522407	0	0	6023239ae79fe007017df5226a51
user12	1028	267	1270874522431	0	0	6023239ae79fe007017df5226a51
user12	1029	267	1270874522451	0	0	6023239ae79fe007017df5226a51
user12	1029	264	1270874522456	0	0	6023239ae79fe007017df5226a51
user12	1030	264	1270874522476	0	0	6023239ae79fe007017df5226a51
user12	1030	263	1270874522481	0	0	6023239ae79fe007017df5226a51
user12	1030	262	1270874522500	0	0	6023239ae79fe007017df5226a51
user12	1029	262	1270874522583	0	0	6023239ae79fe007017df5226a51
user12	1030	262	1270874522735	0	0	6023239ae79fe007017df5226a51
user12	1031	260	1270874522799	0	0	6023239ae79fe007017df5226a51
user12	1032	260	1270874522822	0	0	6023239ae79fe007017df5226a51
user12	1032	261	1270874523079	0	0	6023239ae79fe007017df5226a51
user12	1032	260	1270874523279	0	0	6023239ae79fe007017df5226a51
user12	1033	260	1270874523299	0	0	6023239ae79fe007017df5226a51
user12	1033	259	1270874524319	0	0	6023239ae79fe007017df5226a51
user12	1034	258	1270874524337	0	0	6023239ae79fe007017df5226a51
user12	1033	258	1270874526303	0	0	6023239ae79fe007017df5226a51
user12	1018	258	1270874526327	0	0	6023239ae79fe007017df5226a51
user12	996	253	1270874526332	0	0	6023239ae79fe007017df5226a51
user12	972	247	1270874526336	0	0	6023239ae79fe007017df5226a51
user12	912	227	1270874526358	0	0	6023239ae79fe007017df5226a51
user12	866	215	1270874526366	0	0	6023239ae79fe007017df5226a51
user12	825	204	1270874526375	0	0	6023239ae79fe007017df5226a51
user12	785	193	1270874526380	0	0	6023239ae79fe007017df5226a51
user12	755	183	1270874526384	0	0	6023239ae79fe007017df5226a51
user12	698	160	1270874526404	0	0	6023239ae79fe007017df5226a51
user12	682	149	1270874526411	0	0	6023239ae79fe007017df5226a51
user12	676	145	1270874526415	0	0	6023239ae79fe007017df5226a51
user12	664	135	1270874526436	0	0	6023239ae79fe007017df5226a51
user12	658	131	1270874526442	0	0	6023239ae79fe007017df5226a51
user12	657	128	1270874526447	0	0	6023239ae79fe007017df5226a51
user12	653	127	1270874526467	0	0	6023239ae79fe007017df5226a51
user12	653	126	1270874526473	0	0	6023239ae79fe007017df5226a51
user12	651	125	1270874526492	0	0	6023239ae79fe007017df5226a51
user12	651	124	1270874526522	0	0	6023239ae79fe007017df5226a51
user12	650	123	1270874526544	0	0	6023239ae79fe007017df5226a51
user12	641	118	1270874526568	0	0	6023239ae79fe007017df5226a51
user12	618	106	1270874526592	0	0	6023239ae79fe007017df5226a51
user12	598	98	1270874526614	0	0	6023239ae79fe007017df5226a51
user12	592	94	1270874526619	0	0	6023239ae79fe007017df5226a51
user12	584	90	1270874526624	0	0	6023239ae79fe007017df5226a51
user12	564	74	1270874526645	0	0	6023239ae79fe007017df5226a51
user12	553	70	1270874526650	0	0	6023239ae79fe007017df5226a51
user12	538	62	1270874526657	0	0	6023239ae79fe007017df5226a51
user12	523	55	1270874526670	0	0	6023239ae79fe007017df5226a51
user12	499	53	1270874526682	0	0	6023239ae79fe007017df5226a51
user12	486	53	1270874526687	0	0	6023239ae79fe007017df5226a51
user12	467	53	1270874526711	0	0	6023239ae79fe007017df5226a51
user12	464	53	1270874526716	0	0	6023239ae79fe007017df5226a51
user12	461	53	1270874526721	0	0	6023239ae79fe007017df5226a51
user12	461	54	1270874526799	0	0	6023239ae79fe007017df5226a51
user12	462	55	1270874526819	0	0	6023239ae79fe007017df5226a51
user12	462	55	1270874527048	1270874526975	1270874527048	6023239ae79fe007017df5226a51
user12	913	417	1270874531965	0	0	6023239ae79fe007017df5226a51
user12	913	418	1270874532431	0	0	6023239ae79fe007017df5226a51
user12	913	418	1270874532461	0	0	6023239ae79fe007017df5226a51
user12	912	418	1270874533758	0	0	6023239ae79fe007017df5226a51
user12	912	419	1270874533782	0	0	6023239ae79fe007017df5226a51
user12	904	420	1270874533810	0	0	6023239ae79fe007017df5226a51
user12	896	420	1270874533814	0	0	6023239ae79fe007017df5226a51
user12	882	421	1270874533818	0	0	6023239ae79fe007017df5226a51
user12	822	421	1270874533843	0	0	6023239ae79fe007017df5226a51
user12	799	419	1270874533847	0	0	6023239ae79fe007017df5226a51
user12	761	419	1270874533873	0	0	6023239ae79fe007017df5226a51
user12	733	417	1270874533882	0	0	6023239ae79fe007017df5226a51
user12	716	415	1270874533913	0	0	6023239ae79fe007017df5226a51
user12	704	414	1270874533947	0	0	6023239ae79fe007017df5226a51
user12	700	414	1270874533974	0	0	6023239ae79fe007017df5226a51
user12	695	414	1270874533978	0	0	6023239ae79fe007017df5226a51
user12	690	414	1270874534004	0	0	6023239ae79fe007017df5226a51
user12	687	414	1270874534008	0	0	6023239ae79fe007017df5226a51
user12	683	414	1270874534034	0	0	6023239ae79fe007017df5226a51
user12	682	414	1270874534039	0	0	6023239ae79fe007017df5226a51
user12	681	414	1270874534065	0	0	6023239ae79fe007017df5226a51
user12	680	414	1270874534069	0	0	6023239ae79fe007017df5226a51
user12	677	414	1270874534095	0	0	6023239ae79fe007017df5226a51
user12	643	412	1270874534125	0	0	6023239ae79fe007017df5226a51
user12	624	412	1270874534140	0	0	6023239ae79fe007017df5226a51
user12	613	412	1270874534145	0	0	6023239ae79fe007017df5226a51
user12	602	411	1270874534170	0	0	6023239ae79fe007017df5226a51
user12	601	411	1270874534175	0	0	6023239ae79fe007017df5226a51
user12	601	410	1270874534247	0	0	6023239ae79fe007017df5226a51
user12	599	410	1270874534269	0	0	6023239ae79fe007017df5226a51
user12	598	408	1270874534297	0	0	6023239ae79fe007017df5226a51
user12	595	407	1270874534322	0	0	6023239ae79fe007017df5226a51
user12	595	406	1270874534328	0	0	6023239ae79fe007017df5226a51
user12	594	406	1270874534353	0	0	6023239ae79fe007017df5226a51
user12	594	406	1270874534584	1270874534495	1270874534584	6023239ae79fe007017df5226a51
user12	593	406	1270874534767	0	0	6023239ae79fe007017df5226a51
user12	593	410	1270874534792	0	0	6023239ae79fe007017df5226a51
user12	593	414	1270874534820	0	0	6023239ae79fe007017df5226a51
user12	593	415	1270874534827	0	0	6023239ae79fe007017df5226a51
user12	593	414	1270874534871	0	0	6023239ae79fe007017df5226a51
user12	594	412	1270874534909	0	0	6023239ae79fe007017df5226a51
user12	593	412	1270874534991	0	0	6023239ae79fe007017df5226a51
user12	592	412	1270874535023	0	0	6023239ae79fe007017df5226a51
user12	592	413	1270874535046	0	0	6023239ae79fe007017df5226a51
user12	591	414	1270874535072	0	0	6023239ae79fe007017df5226a51
user12	590	415	1270874535099	0	0	6023239ae79fe007017df5226a51
user12	589	415	1270874535124	0	0	6023239ae79fe007017df5226a51
user12	589	416	1270874535207	0	0	6023239ae79fe007017df5226a51
user12	590	417	1270874535237	0	0	6023239ae79fe007017df5226a51
user12	592	418	1270874535264	0	0	6023239ae79fe007017df5226a51
user12	593	418	1270874535293	0	0	6023239ae79fe007017df5226a51
user12	592	418	1270874535319	0	0	6023239ae79fe007017df5226a51
user12	593	411	1270874535346	0	0	6023239ae79fe007017df5226a51
user12	594	411	1270874535372	0	0	6023239ae79fe007017df5226a51
user12	593	411	1270874551222	0	0	6023239ae79fe007017df5226a51
user12	571	406	1270874551248	0	0	6023239ae79fe007017df5226a51
user12	552	379	1270874551280	0	0	6023239ae79fe007017df5226a51
user12	535	341	1270874551314	0	0	6023239ae79fe007017df5226a51
user12	535	342	1270874551366	0	0	6023239ae79fe007017df5226a51
user12	535	347	1270874551393	0	0	6023239ae79fe007017df5226a51
user12	537	363	1270874551399	0	0	6023239ae79fe007017df5226a51
user12	540	382	1270874551428	0	0	6023239ae79fe007017df5226a51
user12	541	385	1270874551435	0	0	6023239ae79fe007017df5226a51
user12	541	391	1270874551441	0	0	6023239ae79fe007017df5226a51
user12	542	399	1270874551446	0	0	6023239ae79fe007017df5226a51
user12	543	411	1270874551472	0	0	6023239ae79fe007017df5226a51
user12	544	415	1270874551503	0	0	6023239ae79fe007017df5226a51
user12	544	416	1270874551582	0	0	6023239ae79fe007017df5226a51
user12	545	416	1270874551605	0	0	6023239ae79fe007017df5226a51
user12	545	417	1270874551632	0	0	6023239ae79fe007017df5226a51
user12	545	420	1270874551663	0	0	6023239ae79fe007017df5226a51
user12	548	430	1270874551700	0	0	6023239ae79fe007017df5226a51
user12	548	431	1270874551709	0	0	6023239ae79fe007017df5226a51
user12	549	431	1270874551715	0	0	6023239ae79fe007017df5226a51
user12	549	432	1270874551720	0	0	6023239ae79fe007017df5226a51
user12	550	433	1270874551746	0	0	6023239ae79fe007017df5226a51
user12	551	433	1270874551751	0	0	6023239ae79fe007017df5226a51
user12	552	434	1270874551778	0	0	6023239ae79fe007017df5226a51
user12	553	434	1270874551814	0	0	6023239ae79fe007017df5226a51
user12	554	435	1270874551841	0	0	6023239ae79fe007017df5226a51
user12	555	436	1270874551869	0	0	6023239ae79fe007017df5226a51
user12	555	435	1270874551990	0	0	6023239ae79fe007017df5226a51
user12	555	434	1270874552022	0	0	6023239ae79fe007017df5226a51
user12	556	434	1270874552062	0	0	6023239ae79fe007017df5226a51
user12	557	434	1270874552118	0	0	6023239ae79fe007017df5226a51
user12	557	434	1270874552311	1270874552238	1270874552311	6023239ae79fe007017df5226a51
user12	714	418	1270874556827	0	0	6023239ae79fe007017df5226a51
user12	714	417	1270874557453	0	0	6023239ae79fe007017df5226a51
user12	713	417	1270874561637	0	0	6023239ae79fe007017df5226a51
user12	713	418	1270874561669	0	0	6023239ae79fe007017df5226a51
user12	707	420	1270874561703	0	0	6023239ae79fe007017df5226a51
user12	706	420	1270874561708	0	0	6023239ae79fe007017df5226a51
user12	706	421	1270874561749	0	0	6023239ae79fe007017df5226a51
user12	707	421	1270874561821	0	0	6023239ae79fe007017df5226a51
user12	708	421	1270874561853	0	0	6023239ae79fe007017df5226a51
user12	708	420	1270874561880	0	0	6023239ae79fe007017df5226a51
user12	708	418	1270874561911	0	0	6023239ae79fe007017df5226a51
user12	708	417	1270874561937	0	0	6023239ae79fe007017df5226a51
user12	707	416	1270874561965	0	0	6023239ae79fe007017df5226a51
user12	707	415	1270874562045	0	0	6023239ae79fe007017df5226a51
user12	708	415	1270874562117	0	0	6023239ae79fe007017df5226a51
user12	708	414	1270874562141	0	0	6023239ae79fe007017df5226a51
user12	708	413	1270874562181	0	0	6023239ae79fe007017df5226a51
user12	709	413	1270874562245	0	0	6023239ae79fe007017df5226a51
user12	709	412	1270874562285	0	0	6023239ae79fe007017df5226a51
user12	710	412	1270874562621	0	0	6023239ae79fe007017df5226a51
user12	710	411	1270874562645	0	0	6023239ae79fe007017df5226a51
user12	711	410	1270874562677	0	0	6023239ae79fe007017df5226a51
user12	718	405	1270874562704	0	0	6023239ae79fe007017df5226a51
user12	721	405	1270874562711	0	0	6023239ae79fe007017df5226a51
user12	723	388	1270874562739	0	0	6023239ae79fe007017df5226a51
user12	718	379	1270874562743	0	0	6023239ae79fe007017df5226a51
user12	713	360	1270874562770	0	0	6023239ae79fe007017df5226a51
user12	707	354	1270874562774	0	0	6023239ae79fe007017df5226a51
user12	695	328	1270874562801	0	0	6023239ae79fe007017df5226a51
user12	688	314	1270874562806	0	0	6023239ae79fe007017df5226a51
user12	663	276	1270874562840	0	0	6023239ae79fe007017df5226a51
user12	657	270	1270874562847	0	0	6023239ae79fe007017df5226a51
user12	646	257	1270874562874	0	0	6023239ae79fe007017df5226a51
user12	641	252	1270874562902	0	0	6023239ae79fe007017df5226a51
user12	640	251	1270874562949	0	0	6023239ae79fe007017df5226a51
user12	639	251	1270874562975	0	0	6023239ae79fe007017df5226a51
user12	639	250	1270874562981	0	0	6023239ae79fe007017df5226a51
user12	637	249	1270874563016	0	0	6023239ae79fe007017df5226a51
user12	636	249	1270874563044	0	0	6023239ae79fe007017df5226a51
user12	635	249	1270874563085	0	0	6023239ae79fe007017df5226a51
user12	635	245	1270874563112	0	0	6023239ae79fe007017df5226a51
user12	634	243	1270874563140	0	0	6023239ae79fe007017df5226a51
user12	634	242	1270874563168	0	0	6023239ae79fe007017df5226a51
user12	634	241	1270874563174	0	0	6023239ae79fe007017df5226a51
user12	634	240	1270874563201	0	0	6023239ae79fe007017df5226a51
user12	634	239	1270874563207	0	0	6023239ae79fe007017df5226a51
user12	634	235	1270874563233	0	0	6023239ae79fe007017df5226a51
user12	633	227	1270874563238	0	0	6023239ae79fe007017df5226a51
user12	632	221	1270874563265	0	0	6023239ae79fe007017df5226a51
user12	631	215	1270874563271	0	0	6023239ae79fe007017df5226a51
user12	630	208	1270874563304	0	0	6023239ae79fe007017df5226a51
user12	629	208	1270874563310	0	0	6023239ae79fe007017df5226a51
user12	629	207	1270874563318	0	0	6023239ae79fe007017df5226a51
user12	629	208	1270874563757	0	0	6023239ae79fe007017df5226a51
user12	630	207	1270874563829	0	0	6023239ae79fe007017df5226a51
user12	642	202	1270874563858	0	0	6023239ae79fe007017df5226a51
user12	642	196	1270874563865	0	0	6023239ae79fe007017df5226a51
user12	646	195	1270874563870	0	0	6023239ae79fe007017df5226a51
user12	651	188	1270874563897	0	0	6023239ae79fe007017df5226a51
user12	651	187	1270874563903	0	0	6023239ae79fe007017df5226a51
user12	653	184	1270874563929	0	0	6023239ae79fe007017df5226a51
user12	653	183	1270874563933	0	0	6023239ae79fe007017df5226a51
user12	653	182	1270874563960	0	0	6023239ae79fe007017df5226a51
user12	653	181	1270874563966	0	0	6023239ae79fe007017df5226a51
user12	652	180	1270874563993	0	0	6023239ae79fe007017df5226a51
user12	651	180	1270874563999	0	0	6023239ae79fe007017df5226a51
user12	651	179	1270874564026	0	0	6023239ae79fe007017df5226a51
user12	650	179	1270874564031	0	0	6023239ae79fe007017df5226a51
user12	646	178	1270874564058	0	0	6023239ae79fe007017df5226a51
user12	643	174	1270874564063	0	0	6023239ae79fe007017df5226a51
user12	631	169	1270874564090	0	0	6023239ae79fe007017df5226a51
user12	624	167	1270874564118	0	0	6023239ae79fe007017df5226a51
user12	623	167	1270874564123	0	0	6023239ae79fe007017df5226a51
user12	623	166	1270874564150	0	0	6023239ae79fe007017df5226a51
user12	618	165	1270874564175	0	0	6023239ae79fe007017df5226a51
user12	608	163	1270874564205	0	0	6023239ae79fe007017df5226a51
user12	605	163	1270874564210	0	0	6023239ae79fe007017df5226a51
user12	604	163	1270874564249	0	0	6023239ae79fe007017df5226a51
user12	603	163	1270874564309	0	0	6023239ae79fe007017df5226a51
user12	603	163	1270874564494	1270874564421	1270874564494	6023239ae79fe007017df5226a51
user12	693	240	1270874567147	0	0	6023239ae79fe007017df5226a51
user12	693	239	1270874567293	0	0	6023239ae79fe007017df5226a51
user12	694	239	1270874567317	0	0	6023239ae79fe007017df5226a51
user12	694	238	1270874567347	0	0	6023239ae79fe007017df5226a51
user12	695	238	1270874567461	0	0	6023239ae79fe007017df5226a51
user12	694	238	1270874567556	0	0	6023239ae79fe007017df5226a51
user12	694	239	1270874567582	0	0	6023239ae79fe007017df5226a51
user12	693	239	1270874567821	0	0	6023239ae79fe007017df5226a51
user12	693	237	1270874567845	0	0	6023239ae79fe007017df5226a51
user12	687	233	1270874567869	0	0	6023239ae79fe007017df5226a51
user12	674	225	1270874567904	0	0	6023239ae79fe007017df5226a51
user12	670	222	1270874567937	0	0	6023239ae79fe007017df5226a51
user12	669	221	1270874567941	0	0	6023239ae79fe007017df5226a51
user12	665	219	1270874567970	0	0	6023239ae79fe007017df5226a51
user12	664	218	1270874567993	0	0	6023239ae79fe007017df5226a51
user12	661	215	1270874567998	0	0	6023239ae79fe007017df5226a51
user12	659	209	1270874568023	0	0	6023239ae79fe007017df5226a51
user12	659	203	1270874568050	0	0	6023239ae79fe007017df5226a51
user12	659	197	1270874568054	0	0	6023239ae79fe007017df5226a51
user12	660	184	1270874568080	0	0	6023239ae79fe007017df5226a51
user12	660	178	1270874568086	0	0	6023239ae79fe007017df5226a51
user12	661	172	1270874568113	0	0	6023239ae79fe007017df5226a51
user12	660	169	1270874568117	0	0	6023239ae79fe007017df5226a51
user12	660	168	1270874568145	0	0	6023239ae79fe007017df5226a51
user12	660	167	1270874568169	0	0	6023239ae79fe007017df5226a51
user12	660	167	1270874568447	1270874568358	1270874568447	6023239ae79fe007017df5226a51
user12	660	168	1270874570090	0	0	6023239ae79fe007017df5226a51
user12	661	168	1270874570095	0	0	6023239ae79fe007017df5226a51
user12	662	169	1270874570131	0	0	6023239ae79fe007017df5226a51
user12	663	169	1270874570139	0	0	6023239ae79fe007017df5226a51
user12	665	170	1270874570172	0	0	6023239ae79fe007017df5226a51
user12	665	169	1270874570261	0	0	6023239ae79fe007017df5226a51
user12	665	169	1270874570438	1270874570341	1270874570438	6023239ae79fe007017df5226a51
