User	X	Y	MouseTimeStamp	MouseDownTimeStamp	MouseUpTimeStamp	SessionID
user24	553	241	1268954196861	0	0	39038261c9c3af65dc04664191d9
user24	551	240	1268954196868	0	0	39038261c9c3af65dc04664191d9
user24	550	239	1268954196876	0	0	39038261c9c3af65dc04664191d9
user24	549	238	1268954196884	0	0	39038261c9c3af65dc04664191d9
user24	548	238	1268954196908	0	0	39038261c9c3af65dc04664191d9
user24	547	237	1268954196924	0	0	39038261c9c3af65dc04664191d9
user24	546	237	1268954196932	0	0	39038261c9c3af65dc04664191d9
user24	544	237	1268954196948	0	0	39038261c9c3af65dc04664191d9
user24	543	236	1268954196956	0	0	39038261c9c3af65dc04664191d9
user24	541	236	1268954196964	0	0	39038261c9c3af65dc04664191d9
user24	541	236	1268954196966	0	0	39038261c9c3af65dc04664191d9
user24	539	236	1268954196972	0	0	39038261c9c3af65dc04664191d9
user24	537	236	1268954196980	0	0	39038261c9c3af65dc04664191d9
user24	535	236	1268954196988	0	0	39038261c9c3af65dc04664191d9
user24	532	236	1268954196996	0	0	39038261c9c3af65dc04664191d9
user24	528	238	1268954197004	0	0	39038261c9c3af65dc04664191d9
user24	526	240	1268954197012	0	0	39038261c9c3af65dc04664191d9
user24	523	241	1268954197094	0	0	39038261c9c3af65dc04664191d9
user24	549	271	1268954197098	0	0	39038261c9c3af65dc04664191d9
user24	566	273	1268954197100	0	0	39038261c9c3af65dc04664191d9
user24	587	276	1268954197108	0	0	39038261c9c3af65dc04664191d9
user24	613	278	1268954197116	0	0	39038261c9c3af65dc04664191d9
user24	638	278	1268954197124	0	0	39038261c9c3af65dc04664191d9
user24	666	278	1268954197132	0	0	39038261c9c3af65dc04664191d9
user24	695	275	1268954197140	0	0	39038261c9c3af65dc04664191d9
user24	724	272	1268954197148	0	0	39038261c9c3af65dc04664191d9
user24	753	269	1268954197156	0	0	39038261c9c3af65dc04664191d9
user24	777	266	1268954197164	0	0	39038261c9c3af65dc04664191d9
user24	806	261	1268954197172	0	0	39038261c9c3af65dc04664191d9
user24	833	258	1268954197180	0	0	39038261c9c3af65dc04664191d9
user24	857	252	1268954197188	0	0	39038261c9c3af65dc04664191d9
user24	882	247	1268954197196	0	0	39038261c9c3af65dc04664191d9
user24	903	243	1268954197204	0	0	39038261c9c3af65dc04664191d9
user24	920	239	1268954197212	0	0	39038261c9c3af65dc04664191d9
user24	932	236	1268954197220	0	0	39038261c9c3af65dc04664191d9
user24	939	234	1268954197228	0	0	39038261c9c3af65dc04664191d9
user24	944	232	1268954197236	0	0	39038261c9c3af65dc04664191d9
user24	946	231	1268954197244	0	0	39038261c9c3af65dc04664191d9
user24	945	231	1268954197404	0	0	39038261c9c3af65dc04664191d9
user24	944	231	1268954197412	0	0	39038261c9c3af65dc04664191d9
user24	943	230	1268954197420	0	0	39038261c9c3af65dc04664191d9
user24	941	230	1268954197428	0	0	39038261c9c3af65dc04664191d9
user24	940	230	1268954197436	0	0	39038261c9c3af65dc04664191d9
user24	938	230	1268954197444	0	0	39038261c9c3af65dc04664191d9
user24	936	230	1268954197452	0	0	39038261c9c3af65dc04664191d9
user24	934	229	1268954197460	0	0	39038261c9c3af65dc04664191d9
user24	932	229	1268954197468	0	0	39038261c9c3af65dc04664191d9
user24	931	228	1268954197484	0	0	39038261c9c3af65dc04664191d9
user24	930	228	1268954197492	0	0	39038261c9c3af65dc04664191d9
user24	929	228	1268954197540	0	0	39038261c9c3af65dc04664191d9
user24	929	231	1268954197572	0	0	39038261c9c3af65dc04664191d9
user24	929	234	1268954197580	0	0	39038261c9c3af65dc04664191d9
user24	929	237	1268954197588	0	0	39038261c9c3af65dc04664191d9
user24	929	241	1268954197596	0	0	39038261c9c3af65dc04664191d9
user24	929	245	1268954197604	0	0	39038261c9c3af65dc04664191d9
user24	929	248	1268954197612	0	0	39038261c9c3af65dc04664191d9
user24	929	252	1268954197620	0	0	39038261c9c3af65dc04664191d9
user24	930	255	1268954197628	0	0	39038261c9c3af65dc04664191d9
user24	931	257	1268954197636	0	0	39038261c9c3af65dc04664191d9
user24	932	260	1268954197644	0	0	39038261c9c3af65dc04664191d9
user24	933	262	1268954197652	0	0	39038261c9c3af65dc04664191d9
user24	934	264	1268954197660	0	0	39038261c9c3af65dc04664191d9
user24	934	264	1268954197664	0	0	39038261c9c3af65dc04664191d9
user24	935	265	1268954197669	0	0	39038261c9c3af65dc04664191d9
user24	936	266	1268954197677	0	0	39038261c9c3af65dc04664191d9
user24	937	267	1268954197684	0	0	39038261c9c3af65dc04664191d9
user24	939	269	1268954197692	0	0	39038261c9c3af65dc04664191d9
user24	940	270	1268954197700	0	0	39038261c9c3af65dc04664191d9
user24	943	271	1268954197708	0	0	39038261c9c3af65dc04664191d9
user24	944	272	1268954197716	0	0	39038261c9c3af65dc04664191d9
user24	946	273	1268954197724	0	0	39038261c9c3af65dc04664191d9
user24	948	273	1268954197732	0	0	39038261c9c3af65dc04664191d9
user24	950	274	1268954197740	0	0	39038261c9c3af65dc04664191d9
user24	951	275	1268954197748	0	0	39038261c9c3af65dc04664191d9
user24	953	275	1268954197756	0	0	39038261c9c3af65dc04664191d9
user24	955	275	1268954197764	0	0	39038261c9c3af65dc04664191d9
user24	957	275	1268954197772	0	0	39038261c9c3af65dc04664191d9
user24	959	275	1268954197780	0	0	39038261c9c3af65dc04664191d9
user24	960	275	1268954197788	0	0	39038261c9c3af65dc04664191d9
user24	963	275	1268954197796	0	0	39038261c9c3af65dc04664191d9
user24	965	275	1268954197804	0	0	39038261c9c3af65dc04664191d9
user24	966	275	1268954197812	0	0	39038261c9c3af65dc04664191d9
user24	968	275	1268954197820	0	0	39038261c9c3af65dc04664191d9
user24	969	275	1268954197836	0	0	39038261c9c3af65dc04664191d9
user24	969	275	1268954198167	0	0	39038261c9c3af65dc04664191d9
user24	969	275	1268954198278	1268954198166	1268954198278	39038261c9c3af65dc04664191d9
user24	424	241	1268954208441	0	0	39038261c9c3af65dc04664191d9
user24	425	242	1268954208853	0	0	39038261c9c3af65dc04664191d9
user24	427	244	1268954208860	0	0	39038261c9c3af65dc04664191d9
user24	431	245	1268954208868	0	0	39038261c9c3af65dc04664191d9
user24	436	247	1268954208876	0	0	39038261c9c3af65dc04664191d9
user24	442	248	1268954208884	0	0	39038261c9c3af65dc04664191d9
user24	442	248	1268954208892	0	0	39038261c9c3af65dc04664191d9
user24	449	250	1268954208894	0	0	39038261c9c3af65dc04664191d9
user24	456	252	1268954208900	0	0	39038261c9c3af65dc04664191d9
user24	465	253	1268954208908	0	0	39038261c9c3af65dc04664191d9
user24	473	255	1268954208916	0	0	39038261c9c3af65dc04664191d9
user24	481	257	1268954208925	0	0	39038261c9c3af65dc04664191d9
user24	490	259	1268954208932	0	0	39038261c9c3af65dc04664191d9
user24	498	260	1268954209013	0	0	39038261c9c3af65dc04664191d9
user24	533	263	1268954209018	0	0	39038261c9c3af65dc04664191d9
user24	531	264	1268954209052	0	0	39038261c9c3af65dc04664191d9
user24	529	265	1268954209060	0	0	39038261c9c3af65dc04664191d9
user24	526	265	1268954209068	0	0	39038261c9c3af65dc04664191d9
user24	523	266	1268954209076	0	0	39038261c9c3af65dc04664191d9
user24	519	266	1268954209084	0	0	39038261c9c3af65dc04664191d9
user24	516	266	1268954209092	0	0	39038261c9c3af65dc04664191d9
user24	512	266	1268954209100	0	0	39038261c9c3af65dc04664191d9
user24	506	266	1268954209108	0	0	39038261c9c3af65dc04664191d9
user24	502	266	1268954209116	0	0	39038261c9c3af65dc04664191d9
user24	498	266	1268954209124	0	0	39038261c9c3af65dc04664191d9
user24	493	264	1268954209132	0	0	39038261c9c3af65dc04664191d9
user24	489	264	1268954209140	0	0	39038261c9c3af65dc04664191d9
user24	483	263	1268954209148	0	0	39038261c9c3af65dc04664191d9
user24	477	261	1268954209156	0	0	39038261c9c3af65dc04664191d9
user24	472	260	1268954209164	0	0	39038261c9c3af65dc04664191d9
user24	466	259	1268954209172	0	0	39038261c9c3af65dc04664191d9
user24	460	258	1268954209180	0	0	39038261c9c3af65dc04664191d9
user24	453	258	1268954209188	0	0	39038261c9c3af65dc04664191d9
user24	448	257	1268954209196	0	0	39038261c9c3af65dc04664191d9
user24	441	257	1268954209204	0	0	39038261c9c3af65dc04664191d9
user24	435	257	1268954209212	0	0	39038261c9c3af65dc04664191d9
user24	431	257	1268954209220	0	0	39038261c9c3af65dc04664191d9
user24	425	259	1268954209228	0	0	39038261c9c3af65dc04664191d9
user24	420	262	1268954209236	0	0	39038261c9c3af65dc04664191d9
user24	415	266	1268954209244	0	0	39038261c9c3af65dc04664191d9
user24	411	272	1268954209252	0	0	39038261c9c3af65dc04664191d9
user24	404	282	1268954209260	0	0	39038261c9c3af65dc04664191d9
user24	399	293	1268954209268	0	0	39038261c9c3af65dc04664191d9
user24	392	308	1268954209276	0	0	39038261c9c3af65dc04664191d9
user24	385	328	1268954209284	0	0	39038261c9c3af65dc04664191d9
user24	376	349	1268954209292	0	0	39038261c9c3af65dc04664191d9
user24	371	368	1268954209300	0	0	39038261c9c3af65dc04664191d9
user24	366	385	1268954209308	0	0	39038261c9c3af65dc04664191d9
user24	362	399	1268954209316	0	0	39038261c9c3af65dc04664191d9
user24	359	412	1268954209324	0	0	39038261c9c3af65dc04664191d9
user24	355	422	1268954209332	0	0	39038261c9c3af65dc04664191d9
user24	354	429	1268954209340	0	0	39038261c9c3af65dc04664191d9
user24	352	435	1268954209348	0	0	39038261c9c3af65dc04664191d9
user24	352	438	1268954209356	0	0	39038261c9c3af65dc04664191d9
user24	352	440	1268954209364	0	0	39038261c9c3af65dc04664191d9
user24	352	441	1268954209372	0	0	39038261c9c3af65dc04664191d9
user24	352	442	1268954209380	0	0	39038261c9c3af65dc04664191d9
user24	353	442	1268954209388	0	0	39038261c9c3af65dc04664191d9
user24	354	442	1268954209396	0	0	39038261c9c3af65dc04664191d9
user24	355	442	1268954209404	0	0	39038261c9c3af65dc04664191d9
user24	357	442	1268954209412	0	0	39038261c9c3af65dc04664191d9
user24	359	442	1268954209420	0	0	39038261c9c3af65dc04664191d9
user24	362	442	1268954209428	0	0	39038261c9c3af65dc04664191d9
user24	365	442	1268954209436	0	0	39038261c9c3af65dc04664191d9
user24	369	442	1268954209444	0	0	39038261c9c3af65dc04664191d9
user24	372	442	1268954209452	0	0	39038261c9c3af65dc04664191d9
user24	376	442	1268954209460	0	0	39038261c9c3af65dc04664191d9
user24	379	442	1268954209468	0	0	39038261c9c3af65dc04664191d9
user24	382	442	1268954209476	0	0	39038261c9c3af65dc04664191d9
user24	383	442	1268954209484	0	0	39038261c9c3af65dc04664191d9
user24	383	444	1268954209524	0	0	39038261c9c3af65dc04664191d9
user24	383	445	1268954209532	0	0	39038261c9c3af65dc04664191d9
user24	383	448	1268954209540	0	0	39038261c9c3af65dc04664191d9
user24	380	453	1268954209548	0	0	39038261c9c3af65dc04664191d9
user24	376	458	1268954209556	0	0	39038261c9c3af65dc04664191d9
user24	372	462	1268954209564	0	0	39038261c9c3af65dc04664191d9
user24	369	466	1268954209572	0	0	39038261c9c3af65dc04664191d9
user24	365	468	1268954209582	0	0	39038261c9c3af65dc04664191d9
user24	362	471	1268954209588	0	0	39038261c9c3af65dc04664191d9
user24	358	472	1268954209596	0	0	39038261c9c3af65dc04664191d9
user24	357	473	1268954209604	0	0	39038261c9c3af65dc04664191d9
user24	355	473	1268954209612	0	0	39038261c9c3af65dc04664191d9
user24	354	473	1268954209620	0	0	39038261c9c3af65dc04664191d9
user24	353	473	1268954209628	0	0	39038261c9c3af65dc04664191d9
user24	352	473	1268954209636	0	0	39038261c9c3af65dc04664191d9
user24	351	473	1268954209644	0	0	39038261c9c3af65dc04664191d9
user24	350	473	1268954209652	0	0	39038261c9c3af65dc04664191d9
user24	348	473	1268954209660	0	0	39038261c9c3af65dc04664191d9
user24	347	473	1268954209668	0	0	39038261c9c3af65dc04664191d9
user24	345	473	1268954209676	0	0	39038261c9c3af65dc04664191d9
user24	343	473	1268954209684	0	0	39038261c9c3af65dc04664191d9
user24	340	472	1268954209692	0	0	39038261c9c3af65dc04664191d9
user24	337	472	1268954209700	0	0	39038261c9c3af65dc04664191d9
user24	334	472	1268954209708	0	0	39038261c9c3af65dc04664191d9
user24	332	472	1268954209716	0	0	39038261c9c3af65dc04664191d9
user24	329	471	1268954209724	0	0	39038261c9c3af65dc04664191d9
user24	326	471	1268954209733	0	0	39038261c9c3af65dc04664191d9
user24	324	471	1268954209740	0	0	39038261c9c3af65dc04664191d9
user24	322	471	1268954209748	0	0	39038261c9c3af65dc04664191d9
user24	320	471	1268954209756	0	0	39038261c9c3af65dc04664191d9
user24	319	471	1268954209764	0	0	39038261c9c3af65dc04664191d9
user24	318	471	1268954209772	0	0	39038261c9c3af65dc04664191d9
user24	318	470	1268954209805	0	0	39038261c9c3af65dc04664191d9
user24	318	469	1268954209892	0	0	39038261c9c3af65dc04664191d9
user24	318	469	1268954209896	1268954209807	1268954209896	39038261c9c3af65dc04664191d9
user24	318	469	1268954209897	0	0	39038261c9c3af65dc04664191d9
user24	316	468	1268954209916	0	0	39038261c9c3af65dc04664191d9
user24	318	467	1268954209964	0	0	39038261c9c3af65dc04664191d9
user24	320	467	1268954209973	0	0	39038261c9c3af65dc04664191d9
user24	322	467	1268954209981	0	0	39038261c9c3af65dc04664191d9
user24	324	467	1268954209988	0	0	39038261c9c3af65dc04664191d9
user24	327	466	1268954209996	0	0	39038261c9c3af65dc04664191d9
user24	330	465	1268954210004	0	0	39038261c9c3af65dc04664191d9
user24	332	464	1268954210012	0	0	39038261c9c3af65dc04664191d9
user24	333	463	1268954210020	0	0	39038261c9c3af65dc04664191d9
user24	334	462	1268954210028	0	0	39038261c9c3af65dc04664191d9
user24	335	460	1268954210036	0	0	39038261c9c3af65dc04664191d9
user24	336	457	1268954210044	0	0	39038261c9c3af65dc04664191d9
user24	337	451	1268954210052	0	0	39038261c9c3af65dc04664191d9
user24	337	445	1268954210060	0	0	39038261c9c3af65dc04664191d9
user24	337	436	1268954210068	0	0	39038261c9c3af65dc04664191d9
user24	337	427	1268954210076	0	0	39038261c9c3af65dc04664191d9
user24	334	417	1268954210084	0	0	39038261c9c3af65dc04664191d9
user24	334	415	1268954210092	0	0	39038261c9c3af65dc04664191d9
user24	327	415	1268954210260	0	0	39038261c9c3af65dc04664191d9
user24	326	415	1268954210268	0	0	39038261c9c3af65dc04664191d9
user24	324	415	1268954210292	0	0	39038261c9c3af65dc04664191d9
user24	324	417	1268954210300	0	0	39038261c9c3af65dc04664191d9
user24	323	421	1268954210308	0	0	39038261c9c3af65dc04664191d9
user24	322	429	1268954210316	0	0	39038261c9c3af65dc04664191d9
user24	321	438	1268954210324	0	0	39038261c9c3af65dc04664191d9
user24	319	451	1268954210332	0	0	39038261c9c3af65dc04664191d9
user24	318	463	1268954210340	0	0	39038261c9c3af65dc04664191d9
user24	317	475	1268954210348	0	0	39038261c9c3af65dc04664191d9
user24	316	487	1268954210356	0	0	39038261c9c3af65dc04664191d9
user24	314	499	1268954210365	0	0	39038261c9c3af65dc04664191d9
user24	313	508	1268954210372	0	0	39038261c9c3af65dc04664191d9
user24	312	515	1268954210381	0	0	39038261c9c3af65dc04664191d9
user24	311	521	1268954210388	0	0	39038261c9c3af65dc04664191d9
user24	310	524	1268954210396	0	0	39038261c9c3af65dc04664191d9
user24	309	527	1268954210404	0	0	39038261c9c3af65dc04664191d9
user24	308	528	1268954210412	0	0	39038261c9c3af65dc04664191d9
user24	307	529	1268954210420	0	0	39038261c9c3af65dc04664191d9
user24	307	530	1268954210428	0	0	39038261c9c3af65dc04664191d9
user24	305	531	1268954210436	0	0	39038261c9c3af65dc04664191d9
user24	303	531	1268954210452	0	0	39038261c9c3af65dc04664191d9
user24	303	532	1268954210460	0	0	39038261c9c3af65dc04664191d9
user24	302	532	1268954210516	0	0	39038261c9c3af65dc04664191d9
user24	301	532	1268954210525	0	0	39038261c9c3af65dc04664191d9
user24	301	530	1268954210532	0	0	39038261c9c3af65dc04664191d9
user24	301	529	1268954210540	0	0	39038261c9c3af65dc04664191d9
user24	300	527	1268954210548	0	0	39038261c9c3af65dc04664191d9
user24	299	525	1268954210556	0	0	39038261c9c3af65dc04664191d9
user24	299	523	1268954210565	0	0	39038261c9c3af65dc04664191d9
user24	298	522	1268954210572	0	0	39038261c9c3af65dc04664191d9
user24	297	520	1268954210581	0	0	39038261c9c3af65dc04664191d9
user24	296	519	1268954210588	0	0	39038261c9c3af65dc04664191d9
user24	296	518	1268954210596	0	0	39038261c9c3af65dc04664191d9
user24	296	516	1268954210604	0	0	39038261c9c3af65dc04664191d9
user24	295	515	1268954210612	0	0	39038261c9c3af65dc04664191d9
user24	294	514	1268954210620	0	0	39038261c9c3af65dc04664191d9
user24	293	513	1268954210636	0	0	39038261c9c3af65dc04664191d9
user24	292	512	1268954210668	0	0	39038261c9c3af65dc04664191d9
user24	292	511	1268954210772	0	0	39038261c9c3af65dc04664191d9
user24	292	511	1268954210777	1268954210685	1268954210777	39038261c9c3af65dc04664191d9
user24	292	511	1268954210780	0	0	39038261c9c3af65dc04664191d9
user24	293	511	1268954210813	0	0	39038261c9c3af65dc04664191d9
user24	270	144	1268954216268	0	0	39038261c9c3af65dc04664191d9
user24	272	144	1268954216276	0	0	39038261c9c3af65dc04664191d9
user24	273	144	1268954216284	0	0	39038261c9c3af65dc04664191d9
user24	276	144	1268954216292	0	0	39038261c9c3af65dc04664191d9
user24	279	144	1268954216300	0	0	39038261c9c3af65dc04664191d9
user24	283	144	1268954216308	0	0	39038261c9c3af65dc04664191d9
user24	289	145	1268954216316	0	0	39038261c9c3af65dc04664191d9
user24	296	147	1268954216324	0	0	39038261c9c3af65dc04664191d9
user24	302	149	1268954216332	0	0	39038261c9c3af65dc04664191d9
user24	310	152	1268954216340	0	0	39038261c9c3af65dc04664191d9
user24	317	157	1268954216348	0	0	39038261c9c3af65dc04664191d9
user24	323	163	1268954216356	0	0	39038261c9c3af65dc04664191d9
user24	330	172	1268954216364	0	0	39038261c9c3af65dc04664191d9
user24	337	181	1268954216372	0	0	39038261c9c3af65dc04664191d9
user24	344	194	1268954216380	0	0	39038261c9c3af65dc04664191d9
user24	352	209	1268954216388	0	0	39038261c9c3af65dc04664191d9
user24	358	225	1268954216396	0	0	39038261c9c3af65dc04664191d9
user24	365	247	1268954216404	0	0	39038261c9c3af65dc04664191d9
user24	371	269	1268954216412	0	0	39038261c9c3af65dc04664191d9
user24	378	294	1268954216420	0	0	39038261c9c3af65dc04664191d9
user24	384	322	1268954216428	0	0	39038261c9c3af65dc04664191d9
user24	391	349	1268954216436	0	0	39038261c9c3af65dc04664191d9
user24	397	377	1268954216444	0	0	39038261c9c3af65dc04664191d9
user24	403	404	1268954216452	0	0	39038261c9c3af65dc04664191d9
user24	407	423	1268954216460	0	0	39038261c9c3af65dc04664191d9
user24	412	445	1268954216468	0	0	39038261c9c3af65dc04664191d9
user24	414	458	1268954216476	0	0	39038261c9c3af65dc04664191d9
user24	418	474	1268954216484	0	0	39038261c9c3af65dc04664191d9
user24	421	487	1268954216492	0	0	39038261c9c3af65dc04664191d9
user24	424	496	1268954216500	0	0	39038261c9c3af65dc04664191d9
user24	428	506	1268954216508	0	0	39038261c9c3af65dc04664191d9
user24	431	514	1268954216516	0	0	39038261c9c3af65dc04664191d9
user24	433	521	1268954216524	0	0	39038261c9c3af65dc04664191d9
user24	435	528	1268954216532	0	0	39038261c9c3af65dc04664191d9
user24	437	534	1268954216540	0	0	39038261c9c3af65dc04664191d9
user24	437	534	1268954216546	0	0	39038261c9c3af65dc04664191d9
user24	440	539	1268954216550	0	0	39038261c9c3af65dc04664191d9
user24	442	545	1268954216556	0	0	39038261c9c3af65dc04664191d9
user24	444	549	1268954216564	0	0	39038261c9c3af65dc04664191d9
user24	445	553	1268954216572	0	0	39038261c9c3af65dc04664191d9
user24	447	557	1268954216580	0	0	39038261c9c3af65dc04664191d9
user24	449	560	1268954216588	0	0	39038261c9c3af65dc04664191d9
user24	450	562	1268954216596	0	0	39038261c9c3af65dc04664191d9
user24	451	563	1268954216604	0	0	39038261c9c3af65dc04664191d9
user24	452	565	1268954216612	0	0	39038261c9c3af65dc04664191d9
user24	454	565	1268954216628	0	0	39038261c9c3af65dc04664191d9
user24	455	566	1268954216644	0	0	39038261c9c3af65dc04664191d9
user24	456	566	1268954216652	0	0	39038261c9c3af65dc04664191d9
user24	457	567	1268954216668	0	0	39038261c9c3af65dc04664191d9
user24	458	568	1268954216684	0	0	39038261c9c3af65dc04664191d9
user24	458	569	1268954216708	0	0	39038261c9c3af65dc04664191d9
user24	458	570	1268954216724	0	0	39038261c9c3af65dc04664191d9
user24	456	571	1268954216732	0	0	39038261c9c3af65dc04664191d9
user24	456	572	1268954216740	0	0	39038261c9c3af65dc04664191d9
user24	453	572	1268954216748	0	0	39038261c9c3af65dc04664191d9
user24	451	573	1268954216756	0	0	39038261c9c3af65dc04664191d9
user24	448	574	1268954216764	0	0	39038261c9c3af65dc04664191d9
user24	444	574	1268954216772	0	0	39038261c9c3af65dc04664191d9
user24	438	574	1268954216780	0	0	39038261c9c3af65dc04664191d9
user24	431	574	1268954216788	0	0	39038261c9c3af65dc04664191d9
user24	424	574	1268954216796	0	0	39038261c9c3af65dc04664191d9
user24	416	573	1268954216804	0	0	39038261c9c3af65dc04664191d9
user24	408	572	1268954216812	0	0	39038261c9c3af65dc04664191d9
user24	399	572	1268954216820	0	0	39038261c9c3af65dc04664191d9
user24	390	571	1268954216828	0	0	39038261c9c3af65dc04664191d9
user24	380	570	1268954216836	0	0	39038261c9c3af65dc04664191d9
user24	370	569	1268954216844	0	0	39038261c9c3af65dc04664191d9
user24	361	568	1268954216852	0	0	39038261c9c3af65dc04664191d9
user24	350	566	1268954216860	0	0	39038261c9c3af65dc04664191d9
user24	340	565	1268954216868	0	0	39038261c9c3af65dc04664191d9
user24	330	564	1268954216876	0	0	39038261c9c3af65dc04664191d9
user24	321	563	1268954216884	0	0	39038261c9c3af65dc04664191d9
user24	311	562	1268954216891	0	0	39038261c9c3af65dc04664191d9
user24	302	560	1268954216900	0	0	39038261c9c3af65dc04664191d9
user24	294	558	1268954216908	0	0	39038261c9c3af65dc04664191d9
user24	288	556	1268954216916	0	0	39038261c9c3af65dc04664191d9
user24	282	554	1268954216924	0	0	39038261c9c3af65dc04664191d9
user24	278	553	1268954216932	0	0	39038261c9c3af65dc04664191d9
user24	275	552	1268954216940	0	0	39038261c9c3af65dc04664191d9
user24	272	551	1268954216948	0	0	39038261c9c3af65dc04664191d9
user24	270	551	1268954216956	0	0	39038261c9c3af65dc04664191d9
user24	269	551	1268954216964	0	0	39038261c9c3af65dc04664191d9
user24	268	550	1268954216971	0	0	39038261c9c3af65dc04664191d9
user24	267	549	1268954216996	0	0	39038261c9c3af65dc04664191d9
user24	267	548	1268954217004	0	0	39038261c9c3af65dc04664191d9
user24	267	547	1268954217012	0	0	39038261c9c3af65dc04664191d9
user24	267	545	1268954217028	0	0	39038261c9c3af65dc04664191d9
user24	267	543	1268954217036	0	0	39038261c9c3af65dc04664191d9
user24	267	542	1268954217044	0	0	39038261c9c3af65dc04664191d9
user24	267	540	1268954217051	0	0	39038261c9c3af65dc04664191d9
user24	268	539	1268954217060	0	0	39038261c9c3af65dc04664191d9
user24	269	538	1268954217068	0	0	39038261c9c3af65dc04664191d9
user24	269	536	1268954217076	0	0	39038261c9c3af65dc04664191d9
user24	271	535	1268954217084	0	0	39038261c9c3af65dc04664191d9
user24	272	534	1268954217092	0	0	39038261c9c3af65dc04664191d9
user24	275	532	1268954217100	0	0	39038261c9c3af65dc04664191d9
user24	277	531	1268954217108	0	0	39038261c9c3af65dc04664191d9
user24	280	530	1268954217116	0	0	39038261c9c3af65dc04664191d9
user24	283	528	1268954217124	0	0	39038261c9c3af65dc04664191d9
user24	287	528	1268954217132	0	0	39038261c9c3af65dc04664191d9
user24	289	527	1268954217140	0	0	39038261c9c3af65dc04664191d9
user24	292	526	1268954217148	0	0	39038261c9c3af65dc04664191d9
user24	295	525	1268954217156	0	0	39038261c9c3af65dc04664191d9
user24	297	525	1268954217164	0	0	39038261c9c3af65dc04664191d9
user24	300	525	1268954217172	0	0	39038261c9c3af65dc04664191d9
user24	301	525	1268954217180	0	0	39038261c9c3af65dc04664191d9
user24	302	525	1268954217188	0	0	39038261c9c3af65dc04664191d9
user24	303	525	1268954217196	0	0	39038261c9c3af65dc04664191d9
user24	304	525	1268954217204	0	0	39038261c9c3af65dc04664191d9
user24	305	525	1268954217220	0	0	39038261c9c3af65dc04664191d9
user24	306	525	1268954217236	0	0	39038261c9c3af65dc04664191d9
user24	307	525	1268954217252	0	0	39038261c9c3af65dc04664191d9
user24	308	525	1268954217268	0	0	39038261c9c3af65dc04664191d9
user24	310	525	1268954217292	0	0	39038261c9c3af65dc04664191d9
user24	311	526	1268954217333	0	0	39038261c9c3af65dc04664191d9
user24	312	528	1268954217341	0	0	39038261c9c3af65dc04664191d9
user24	312	531	1268954217349	0	0	39038261c9c3af65dc04664191d9
user24	312	535	1268954217357	0	0	39038261c9c3af65dc04664191d9
user24	313	538	1268954217365	0	0	39038261c9c3af65dc04664191d9
user24	314	542	1268954217373	0	0	39038261c9c3af65dc04664191d9
user24	316	546	1268954217381	0	0	39038261c9c3af65dc04664191d9
user24	317	549	1268954217389	0	0	39038261c9c3af65dc04664191d9
user24	320	551	1268954217397	0	0	39038261c9c3af65dc04664191d9
user24	322	554	1268954217405	0	0	39038261c9c3af65dc04664191d9
user24	324	555	1268954217413	0	0	39038261c9c3af65dc04664191d9
user24	328	557	1268954217421	0	0	39038261c9c3af65dc04664191d9
user24	332	558	1268954217429	0	0	39038261c9c3af65dc04664191d9
user24	335	559	1268954217437	0	0	39038261c9c3af65dc04664191d9
user24	339	559	1268954217445	0	0	39038261c9c3af65dc04664191d9
user24	345	559	1268954217452	0	0	39038261c9c3af65dc04664191d9
user24	351	559	1268954217461	0	0	39038261c9c3af65dc04664191d9
user24	357	558	1268954217469	0	0	39038261c9c3af65dc04664191d9
user24	362	556	1268954217477	0	0	39038261c9c3af65dc04664191d9
user24	368	555	1268954217485	0	0	39038261c9c3af65dc04664191d9
user24	375	554	1268954217492	0	0	39038261c9c3af65dc04664191d9
user24	381	553	1268954217501	0	0	39038261c9c3af65dc04664191d9
user24	387	553	1268954217509	0	0	39038261c9c3af65dc04664191d9
user24	392	552	1268954217517	0	0	39038261c9c3af65dc04664191d9
user24	398	551	1268954217525	0	0	39038261c9c3af65dc04664191d9
user24	402	550	1268954217533	0	0	39038261c9c3af65dc04664191d9
user24	407	549	1268954217541	0	0	39038261c9c3af65dc04664191d9
user24	410	548	1268954217549	0	0	39038261c9c3af65dc04664191d9
user24	413	547	1268954217557	0	0	39038261c9c3af65dc04664191d9
user24	416	547	1268954217565	0	0	39038261c9c3af65dc04664191d9
user24	420	546	1268954217573	0	0	39038261c9c3af65dc04664191d9
user24	422	545	1268954217581	0	0	39038261c9c3af65dc04664191d9
user24	424	544	1268954217589	0	0	39038261c9c3af65dc04664191d9
user24	426	544	1268954217597	0	0	39038261c9c3af65dc04664191d9
user24	428	543	1268954217605	0	0	39038261c9c3af65dc04664191d9
user24	429	543	1268954217613	0	0	39038261c9c3af65dc04664191d9
user24	430	542	1268954217621	0	0	39038261c9c3af65dc04664191d9
user24	431	542	1268954217661	0	0	39038261c9c3af65dc04664191d9
user24	431	542	1268954217847	1268954217733	1268954217847	39038261c9c3af65dc04664191d9
user24	431	542	1268954217850	0	0	39038261c9c3af65dc04664191d9
user24	587	397	1268954243118	0	0	39038261c9c3af65dc04664191d9
user24	586	397	1268954243133	0	0	39038261c9c3af65dc04664191d9
user24	584	397	1268954243141	0	0	39038261c9c3af65dc04664191d9
user24	583	397	1268954243149	0	0	39038261c9c3af65dc04664191d9
user24	582	397	1268954243157	0	0	39038261c9c3af65dc04664191d9
user24	580	396	1268954243165	0	0	39038261c9c3af65dc04664191d9
user24	579	396	1268954243173	0	0	39038261c9c3af65dc04664191d9
user24	578	396	1268954243181	0	0	39038261c9c3af65dc04664191d9
user24	576	396	1268954243189	0	0	39038261c9c3af65dc04664191d9
user24	574	396	1268954243197	0	0	39038261c9c3af65dc04664191d9
user24	573	396	1268954243205	0	0	39038261c9c3af65dc04664191d9
user24	572	396	1268954243213	0	0	39038261c9c3af65dc04664191d9
user24	569	396	1268954243221	0	0	39038261c9c3af65dc04664191d9
user24	567	396	1268954243229	0	0	39038261c9c3af65dc04664191d9
user24	565	396	1268954243237	0	0	39038261c9c3af65dc04664191d9
user24	563	396	1268954243245	0	0	39038261c9c3af65dc04664191d9
user24	560	396	1268954243253	0	0	39038261c9c3af65dc04664191d9
user24	556	396	1268954243261	0	0	39038261c9c3af65dc04664191d9
user24	551	396	1268954243269	0	0	39038261c9c3af65dc04664191d9
user24	546	396	1268954243277	0	0	39038261c9c3af65dc04664191d9
user24	542	396	1268954243285	0	0	39038261c9c3af65dc04664191d9
user24	535	396	1268954243293	0	0	39038261c9c3af65dc04664191d9
user24	529	396	1268954243301	0	0	39038261c9c3af65dc04664191d9
user24	523	396	1268954243309	0	0	39038261c9c3af65dc04664191d9
user24	517	396	1268954243317	0	0	39038261c9c3af65dc04664191d9
user24	511	397	1268954243325	0	0	39038261c9c3af65dc04664191d9
user24	505	397	1268954243333	0	0	39038261c9c3af65dc04664191d9
user24	498	398	1268954243341	0	0	39038261c9c3af65dc04664191d9
user24	494	398	1268954243349	0	0	39038261c9c3af65dc04664191d9
user24	490	399	1268954243357	0	0	39038261c9c3af65dc04664191d9
user24	485	400	1268954243365	0	0	39038261c9c3af65dc04664191d9
user24	482	401	1268954243373	0	0	39038261c9c3af65dc04664191d9
user24	481	401	1268954243381	0	0	39038261c9c3af65dc04664191d9
user24	479	402	1268954243389	0	0	39038261c9c3af65dc04664191d9
user24	478	403	1268954243397	0	0	39038261c9c3af65dc04664191d9
user24	476	404	1268954243405	0	0	39038261c9c3af65dc04664191d9
user24	475	405	1268954243413	0	0	39038261c9c3af65dc04664191d9
user24	473	406	1268954243421	0	0	39038261c9c3af65dc04664191d9
user24	472	407	1268954243429	0	0	39038261c9c3af65dc04664191d9
user24	470	409	1268954243437	0	0	39038261c9c3af65dc04664191d9
user24	468	411	1268954243445	0	0	39038261c9c3af65dc04664191d9
user24	466	413	1268954243453	0	0	39038261c9c3af65dc04664191d9
user24	463	416	1268954243461	0	0	39038261c9c3af65dc04664191d9
user24	461	417	1268954243536	0	0	39038261c9c3af65dc04664191d9
user24	414	442	1268954243540	0	0	39038261c9c3af65dc04664191d9
user24	407	445	1268954243544	0	0	39038261c9c3af65dc04664191d9
user24	398	447	1268954243549	0	0	39038261c9c3af65dc04664191d9
user24	388	449	1268954243557	0	0	39038261c9c3af65dc04664191d9
user24	379	453	1268954243565	0	0	39038261c9c3af65dc04664191d9
user24	369	455	1268954243573	0	0	39038261c9c3af65dc04664191d9
user24	359	457	1268954243581	0	0	39038261c9c3af65dc04664191d9
user24	349	459	1268954243589	0	0	39038261c9c3af65dc04664191d9
user24	338	461	1268954243597	0	0	39038261c9c3af65dc04664191d9
user24	327	464	1268954243605	0	0	39038261c9c3af65dc04664191d9
user24	317	466	1268954243613	0	0	39038261c9c3af65dc04664191d9
user24	305	467	1268954243621	0	0	39038261c9c3af65dc04664191d9
user24	294	469	1268954243629	0	0	39038261c9c3af65dc04664191d9
user24	283	470	1268954243637	0	0	39038261c9c3af65dc04664191d9
user24	270	472	1268954243645	0	0	39038261c9c3af65dc04664191d9
user24	261	474	1268954243653	0	0	39038261c9c3af65dc04664191d9
user24	248	476	1268954243661	0	0	39038261c9c3af65dc04664191d9
user24	238	478	1268954243669	0	0	39038261c9c3af65dc04664191d9
user24	229	480	1268954243677	0	0	39038261c9c3af65dc04664191d9
user24	219	482	1268954243685	0	0	39038261c9c3af65dc04664191d9
user24	210	486	1268954243693	0	0	39038261c9c3af65dc04664191d9
user24	203	488	1268954243701	0	0	39038261c9c3af65dc04664191d9
user24	196	491	1268954243709	0	0	39038261c9c3af65dc04664191d9
user24	190	493	1268954243717	0	0	39038261c9c3af65dc04664191d9
user24	184	496	1268954243726	0	0	39038261c9c3af65dc04664191d9
user24	179	499	1268954243733	0	0	39038261c9c3af65dc04664191d9
user24	174	501	1268954243741	0	0	39038261c9c3af65dc04664191d9
user24	169	505	1268954243749	0	0	39038261c9c3af65dc04664191d9
user24	164	509	1268954243757	0	0	39038261c9c3af65dc04664191d9
user24	160	514	1268954243765	0	0	39038261c9c3af65dc04664191d9
user24	157	519	1268954243773	0	0	39038261c9c3af65dc04664191d9
user24	155	523	1268954243781	0	0	39038261c9c3af65dc04664191d9
user24	153	527	1268954243789	0	0	39038261c9c3af65dc04664191d9
user24	152	532	1268954243797	0	0	39038261c9c3af65dc04664191d9
user24	152	536	1268954243805	0	0	39038261c9c3af65dc04664191d9
user24	152	539	1268954243813	0	0	39038261c9c3af65dc04664191d9
user24	153	543	1268954243821	0	0	39038261c9c3af65dc04664191d9
user24	157	547	1268954243829	0	0	39038261c9c3af65dc04664191d9
user24	160	551	1268954243837	0	0	39038261c9c3af65dc04664191d9
user24	165	554	1268954243845	0	0	39038261c9c3af65dc04664191d9
user24	171	557	1268954243853	0	0	39038261c9c3af65dc04664191d9
user24	180	560	1268954243861	0	0	39038261c9c3af65dc04664191d9
user24	189	562	1268954243869	0	0	39038261c9c3af65dc04664191d9
user24	199	563	1268954243877	0	0	39038261c9c3af65dc04664191d9
user24	210	564	1268954243885	0	0	39038261c9c3af65dc04664191d9
user24	222	565	1268954243893	0	0	39038261c9c3af65dc04664191d9
user24	236	566	1268954243901	0	0	39038261c9c3af65dc04664191d9
user24	251	566	1268954243909	0	0	39038261c9c3af65dc04664191d9
user24	266	568	1268954243917	0	0	39038261c9c3af65dc04664191d9
user24	283	569	1268954243925	0	0	39038261c9c3af65dc04664191d9
user24	303	569	1268954243933	0	0	39038261c9c3af65dc04664191d9
user24	322	569	1268954243941	0	0	39038261c9c3af65dc04664191d9
user24	345	568	1268954243949	0	0	39038261c9c3af65dc04664191d9
user24	368	567	1268954243958	0	0	39038261c9c3af65dc04664191d9
user24	394	565	1268954243965	0	0	39038261c9c3af65dc04664191d9
user24	420	564	1268954243973	0	0	39038261c9c3af65dc04664191d9
user24	443	562	1268954243981	0	0	39038261c9c3af65dc04664191d9
user24	469	561	1268954243989	0	0	39038261c9c3af65dc04664191d9
user24	492	559	1268954243997	0	0	39038261c9c3af65dc04664191d9
user24	513	557	1268954244005	0	0	39038261c9c3af65dc04664191d9
user24	533	555	1268954244013	0	0	39038261c9c3af65dc04664191d9
user24	551	553	1268954244021	0	0	39038261c9c3af65dc04664191d9
user24	565	552	1268954244029	0	0	39038261c9c3af65dc04664191d9
user24	580	550	1268954244037	0	0	39038261c9c3af65dc04664191d9
user24	594	549	1268954244045	0	0	39038261c9c3af65dc04664191d9
user24	606	548	1268954244053	0	0	39038261c9c3af65dc04664191d9
user24	616	547	1268954244061	0	0	39038261c9c3af65dc04664191d9
user24	624	546	1268954244069	0	0	39038261c9c3af65dc04664191d9
user24	631	545	1268954244077	0	0	39038261c9c3af65dc04664191d9
user24	636	544	1268954244085	0	0	39038261c9c3af65dc04664191d9
user24	638	543	1268954244093	0	0	39038261c9c3af65dc04664191d9
user24	640	543	1268954244101	0	0	39038261c9c3af65dc04664191d9
user24	636	543	1268954244157	0	0	39038261c9c3af65dc04664191d9
user24	631	543	1268954244165	0	0	39038261c9c3af65dc04664191d9
user24	624	543	1268954244173	0	0	39038261c9c3af65dc04664191d9
user24	616	543	1268954244181	0	0	39038261c9c3af65dc04664191d9
user24	605	544	1268954244189	0	0	39038261c9c3af65dc04664191d9
user24	595	544	1268954244197	0	0	39038261c9c3af65dc04664191d9
user24	583	544	1268954244205	0	0	39038261c9c3af65dc04664191d9
user24	571	544	1268954244213	0	0	39038261c9c3af65dc04664191d9
user24	559	544	1268954244221	0	0	39038261c9c3af65dc04664191d9
user24	545	542	1268954244229	0	0	39038261c9c3af65dc04664191d9
user24	533	542	1268954244237	0	0	39038261c9c3af65dc04664191d9
user24	521	541	1268954244245	0	0	39038261c9c3af65dc04664191d9
user24	510	540	1268954244253	0	0	39038261c9c3af65dc04664191d9
user24	499	540	1268954244261	0	0	39038261c9c3af65dc04664191d9
user24	488	539	1268954244269	0	0	39038261c9c3af65dc04664191d9
user24	478	539	1268954244277	0	0	39038261c9c3af65dc04664191d9
user24	470	538	1268954244285	0	0	39038261c9c3af65dc04664191d9
user24	470	538	1268954244291	0	0	39038261c9c3af65dc04664191d9
user24	462	538	1268954244295	0	0	39038261c9c3af65dc04664191d9
user24	453	538	1268954244301	0	0	39038261c9c3af65dc04664191d9
user24	446	538	1268954244309	0	0	39038261c9c3af65dc04664191d9
user24	441	538	1268954244317	0	0	39038261c9c3af65dc04664191d9
user24	435	538	1268954244325	0	0	39038261c9c3af65dc04664191d9
user24	432	538	1268954244333	0	0	39038261c9c3af65dc04664191d9
user24	429	538	1268954244341	0	0	39038261c9c3af65dc04664191d9
user24	426	538	1268954244349	0	0	39038261c9c3af65dc04664191d9
user24	424	539	1268954244357	0	0	39038261c9c3af65dc04664191d9
user24	422	539	1268954244365	0	0	39038261c9c3af65dc04664191d9
user24	419	539	1268954244373	0	0	39038261c9c3af65dc04664191d9
user24	416	539	1268954244381	0	0	39038261c9c3af65dc04664191d9
user24	415	540	1268954244389	0	0	39038261c9c3af65dc04664191d9
user24	414	541	1268954244397	0	0	39038261c9c3af65dc04664191d9
user24	411	541	1268954244405	0	0	39038261c9c3af65dc04664191d9
user24	409	542	1268954244413	0	0	39038261c9c3af65dc04664191d9
user24	408	542	1268954244421	0	0	39038261c9c3af65dc04664191d9
user24	406	542	1268954244429	0	0	39038261c9c3af65dc04664191d9
user24	404	542	1268954244437	0	0	39038261c9c3af65dc04664191d9
user24	403	542	1268954244445	0	0	39038261c9c3af65dc04664191d9
user24	402	542	1268954244453	0	0	39038261c9c3af65dc04664191d9
user24	401	542	1268954244461	0	0	39038261c9c3af65dc04664191d9
user24	400	542	1268954244469	0	0	39038261c9c3af65dc04664191d9
user24	398	542	1268954244485	0	0	39038261c9c3af65dc04664191d9
user24	397	542	1268954244533	0	0	39038261c9c3af65dc04664191d9
user24	398	542	1268954244589	0	0	39038261c9c3af65dc04664191d9
user24	398	542	1268954245079	1268954244934	1268954245079	39038261c9c3af65dc04664191d9
user24	398	542	1268954245083	0	0	39038261c9c3af65dc04664191d9
user24	484	518	1268954247189	0	0	39038261c9c3af65dc04664191d9
user24	486	517	1268954247197	0	0	39038261c9c3af65dc04664191d9
user24	491	514	1268954247205	0	0	39038261c9c3af65dc04664191d9
user24	498	509	1268954247282	0	0	39038261c9c3af65dc04664191d9
user24	626	388	1268954247287	0	0	39038261c9c3af65dc04664191d9
user24	633	380	1268954247293	0	0	39038261c9c3af65dc04664191d9
user24	636	371	1268954247301	0	0	39038261c9c3af65dc04664191d9
user24	638	364	1268954247309	0	0	39038261c9c3af65dc04664191d9
user24	639	358	1268954247317	0	0	39038261c9c3af65dc04664191d9
user24	639	355	1268954247325	0	0	39038261c9c3af65dc04664191d9
user24	639	351	1268954247333	0	0	39038261c9c3af65dc04664191d9
user24	639	349	1268954247341	0	0	39038261c9c3af65dc04664191d9
user24	637	345	1268954247349	0	0	39038261c9c3af65dc04664191d9
user24	635	342	1268954247357	0	0	39038261c9c3af65dc04664191d9
user24	632	339	1268954247365	0	0	39038261c9c3af65dc04664191d9
user24	628	337	1268954247373	0	0	39038261c9c3af65dc04664191d9
user24	624	336	1268954247381	0	0	39038261c9c3af65dc04664191d9
user24	620	334	1268954247389	0	0	39038261c9c3af65dc04664191d9
user24	620	334	1268954247396	0	0	39038261c9c3af65dc04664191d9
user24	617	333	1268954247400	0	0	39038261c9c3af65dc04664191d9
user24	614	333	1268954247405	0	0	39038261c9c3af65dc04664191d9
user24	611	332	1268954247413	0	0	39038261c9c3af65dc04664191d9
user24	608	332	1268954247421	0	0	39038261c9c3af65dc04664191d9
user24	606	332	1268954247429	0	0	39038261c9c3af65dc04664191d9
user24	603	331	1268954247437	0	0	39038261c9c3af65dc04664191d9
user24	601	330	1268954247445	0	0	39038261c9c3af65dc04664191d9
user24	600	330	1268954247453	0	0	39038261c9c3af65dc04664191d9
user24	598	329	1268954247461	0	0	39038261c9c3af65dc04664191d9
user24	595	329	1268954247469	0	0	39038261c9c3af65dc04664191d9
user24	594	329	1268954247485	0	0	39038261c9c3af65dc04664191d9
user24	592	328	1268954247493	0	0	39038261c9c3af65dc04664191d9
user24	591	328	1268954247501	0	0	39038261c9c3af65dc04664191d9
user24	589	327	1268954247509	0	0	39038261c9c3af65dc04664191d9
user24	588	327	1268954247517	0	0	39038261c9c3af65dc04664191d9
user24	587	326	1268954247525	0	0	39038261c9c3af65dc04664191d9
user24	587	325	1268954247533	0	0	39038261c9c3af65dc04664191d9
user24	586	324	1268954247541	0	0	39038261c9c3af65dc04664191d9
user24	586	323	1268954247549	0	0	39038261c9c3af65dc04664191d9
user24	585	321	1268954247557	0	0	39038261c9c3af65dc04664191d9
user24	585	318	1268954247565	0	0	39038261c9c3af65dc04664191d9
user24	584	316	1268954247573	0	0	39038261c9c3af65dc04664191d9
user24	584	314	1268954247581	0	0	39038261c9c3af65dc04664191d9
user24	584	312	1268954247589	0	0	39038261c9c3af65dc04664191d9
user24	584	310	1268954247597	0	0	39038261c9c3af65dc04664191d9
user24	585	307	1268954247605	0	0	39038261c9c3af65dc04664191d9
user24	585	305	1268954247613	0	0	39038261c9c3af65dc04664191d9
user24	588	304	1268954247621	0	0	39038261c9c3af65dc04664191d9
user24	589	302	1268954247629	0	0	39038261c9c3af65dc04664191d9
user24	591	301	1268954247637	0	0	39038261c9c3af65dc04664191d9
user24	594	299	1268954247645	0	0	39038261c9c3af65dc04664191d9
user24	596	298	1268954247653	0	0	39038261c9c3af65dc04664191d9
user24	598	298	1268954247661	0	0	39038261c9c3af65dc04664191d9
user24	600	297	1268954247669	0	0	39038261c9c3af65dc04664191d9
user24	604	295	1268954247677	0	0	39038261c9c3af65dc04664191d9
user24	607	294	1268954247685	0	0	39038261c9c3af65dc04664191d9
user24	610	293	1268954247693	0	0	39038261c9c3af65dc04664191d9
user24	616	291	1268954247701	0	0	39038261c9c3af65dc04664191d9
user24	621	289	1268954247709	0	0	39038261c9c3af65dc04664191d9
user24	628	287	1268954247717	0	0	39038261c9c3af65dc04664191d9
user24	635	285	1268954247725	0	0	39038261c9c3af65dc04664191d9
user24	645	283	1268954247733	0	0	39038261c9c3af65dc04664191d9
user24	655	279	1268954247741	0	0	39038261c9c3af65dc04664191d9
user24	666	277	1268954247749	0	0	39038261c9c3af65dc04664191d9
user24	677	275	1268954247757	0	0	39038261c9c3af65dc04664191d9
user24	690	271	1268954247765	0	0	39038261c9c3af65dc04664191d9
user24	705	268	1268954247773	0	0	39038261c9c3af65dc04664191d9
user24	721	265	1268954247781	0	0	39038261c9c3af65dc04664191d9
user24	738	260	1268954247789	0	0	39038261c9c3af65dc04664191d9
user24	757	256	1268954247797	0	0	39038261c9c3af65dc04664191d9
user24	779	250	1268954247805	0	0	39038261c9c3af65dc04664191d9
user24	801	244	1268954247813	0	0	39038261c9c3af65dc04664191d9
user24	824	238	1268954247821	0	0	39038261c9c3af65dc04664191d9
user24	846	232	1268954247829	0	0	39038261c9c3af65dc04664191d9
user24	868	226	1268954247837	0	0	39038261c9c3af65dc04664191d9
user24	884	223	1268954247845	0	0	39038261c9c3af65dc04664191d9
user24	898	220	1268954247853	0	0	39038261c9c3af65dc04664191d9
user24	909	219	1268954247861	0	0	39038261c9c3af65dc04664191d9
user24	917	218	1268954247869	0	0	39038261c9c3af65dc04664191d9
user24	923	218	1268954247877	0	0	39038261c9c3af65dc04664191d9
user24	927	218	1268954247885	0	0	39038261c9c3af65dc04664191d9
user24	929	218	1268954247893	0	0	39038261c9c3af65dc04664191d9
user24	931	219	1268954247901	0	0	39038261c9c3af65dc04664191d9
user24	931	220	1268954247917	0	0	39038261c9c3af65dc04664191d9
user24	931	221	1268954247925	0	0	39038261c9c3af65dc04664191d9
user24	931	222	1268954247941	0	0	39038261c9c3af65dc04664191d9
user24	929	224	1268954247957	0	0	39038261c9c3af65dc04664191d9
user24	928	224	1268954247965	0	0	39038261c9c3af65dc04664191d9
user24	927	224	1268954247973	0	0	39038261c9c3af65dc04664191d9
user24	925	225	1268954247981	0	0	39038261c9c3af65dc04664191d9
user24	924	226	1268954247989	0	0	39038261c9c3af65dc04664191d9
user24	922	226	1268954247997	0	0	39038261c9c3af65dc04664191d9
user24	921	226	1268954248005	0	0	39038261c9c3af65dc04664191d9
user24	920	226	1268954248013	0	0	39038261c9c3af65dc04664191d9
user24	919	226	1268954248021	0	0	39038261c9c3af65dc04664191d9
user24	917	226	1268954248029	0	0	39038261c9c3af65dc04664191d9
user24	916	226	1268954248045	0	0	39038261c9c3af65dc04664191d9
user24	915	226	1268954248061	0	0	39038261c9c3af65dc04664191d9
user24	914	226	1268954248069	0	0	39038261c9c3af65dc04664191d9
user24	913	226	1268954248085	0	0	39038261c9c3af65dc04664191d9
user24	912	225	1268954248093	0	0	39038261c9c3af65dc04664191d9
user24	910	224	1268954248101	0	0	39038261c9c3af65dc04664191d9
user24	909	223	1268954248109	0	0	39038261c9c3af65dc04664191d9
user24	907	221	1268954248117	0	0	39038261c9c3af65dc04664191d9
user24	903	220	1268954248125	0	0	39038261c9c3af65dc04664191d9
user24	897	217	1268954248133	0	0	39038261c9c3af65dc04664191d9
user24	893	215	1268954248141	0	0	39038261c9c3af65dc04664191d9
user24	886	213	1268954248149	0	0	39038261c9c3af65dc04664191d9
user24	877	211	1268954248157	0	0	39038261c9c3af65dc04664191d9
user24	867	209	1268954248165	0	0	39038261c9c3af65dc04664191d9
user24	858	206	1268954248173	0	0	39038261c9c3af65dc04664191d9
user24	849	204	1268954248181	0	0	39038261c9c3af65dc04664191d9
user24	838	201	1268954248189	0	0	39038261c9c3af65dc04664191d9
user24	828	200	1268954248197	0	0	39038261c9c3af65dc04664191d9
user24	817	198	1268954248205	0	0	39038261c9c3af65dc04664191d9
user24	806	197	1268954248213	0	0	39038261c9c3af65dc04664191d9
user24	794	194	1268954248221	0	0	39038261c9c3af65dc04664191d9
user24	781	193	1268954248229	0	0	39038261c9c3af65dc04664191d9
user24	768	192	1268954248237	0	0	39038261c9c3af65dc04664191d9
user24	755	190	1268954248245	0	0	39038261c9c3af65dc04664191d9
user24	743	189	1268954248253	0	0	39038261c9c3af65dc04664191d9
user24	729	187	1268954248261	0	0	39038261c9c3af65dc04664191d9
user24	717	186	1268954248269	0	0	39038261c9c3af65dc04664191d9
user24	705	185	1268954248277	0	0	39038261c9c3af65dc04664191d9
user24	694	184	1268954248285	0	0	39038261c9c3af65dc04664191d9
user24	683	183	1268954248293	0	0	39038261c9c3af65dc04664191d9
user24	674	182	1268954248301	0	0	39038261c9c3af65dc04664191d9
user24	667	182	1268954248309	0	0	39038261c9c3af65dc04664191d9
user24	660	181	1268954248317	0	0	39038261c9c3af65dc04664191d9
user24	655	180	1268954248325	0	0	39038261c9c3af65dc04664191d9
user24	650	180	1268954248333	0	0	39038261c9c3af65dc04664191d9
user24	647	180	1268954248341	0	0	39038261c9c3af65dc04664191d9
user24	644	179	1268954248349	0	0	39038261c9c3af65dc04664191d9
user24	642	179	1268954248357	0	0	39038261c9c3af65dc04664191d9
user24	640	179	1268954248365	0	0	39038261c9c3af65dc04664191d9
user24	639	179	1268954248373	0	0	39038261c9c3af65dc04664191d9
user24	637	179	1268954248381	0	0	39038261c9c3af65dc04664191d9
user24	637	178	1268954248573	0	0	39038261c9c3af65dc04664191d9
user24	637	177	1268954248581	0	0	39038261c9c3af65dc04664191d9
user24	638	176	1268954248589	0	0	39038261c9c3af65dc04664191d9
user24	641	174	1268954248597	0	0	39038261c9c3af65dc04664191d9
user24	644	173	1268954248605	0	0	39038261c9c3af65dc04664191d9
user24	647	171	1268954248613	0	0	39038261c9c3af65dc04664191d9
user24	651	169	1268954248621	0	0	39038261c9c3af65dc04664191d9
user24	655	168	1268954248629	0	0	39038261c9c3af65dc04664191d9
user24	659	167	1268954248637	0	0	39038261c9c3af65dc04664191d9
user24	661	167	1268954248645	0	0	39038261c9c3af65dc04664191d9
user24	663	166	1268954248654	0	0	39038261c9c3af65dc04664191d9
user24	666	165	1268954248661	0	0	39038261c9c3af65dc04664191d9
user24	667	165	1268954248669	0	0	39038261c9c3af65dc04664191d9
user24	670	165	1268954248677	0	0	39038261c9c3af65dc04664191d9
user24	671	165	1268954248685	0	0	39038261c9c3af65dc04664191d9
user24	672	165	1268954248693	0	0	39038261c9c3af65dc04664191d9
user24	673	165	1268954248701	0	0	39038261c9c3af65dc04664191d9
user24	674	165	1268954248725	0	0	39038261c9c3af65dc04664191d9
user24	675	165	1268954248741	0	0	39038261c9c3af65dc04664191d9
user24	676	165	1268954248781	0	0	39038261c9c3af65dc04664191d9
user24	678	165	1268954248805	0	0	39038261c9c3af65dc04664191d9
user24	679	165	1268954248837	0	0	39038261c9c3af65dc04664191d9
user24	679	165	1268954249167	1268954249029	1268954249167	39038261c9c3af65dc04664191d9
user24	941	294	1268954375219	0	0	39038261c9c3af65dc04664191d9
user24	765	337	1268954375265	0	0	39038261c9c3af65dc04664191d9
user24	712	352	1268954375279	0	0	39038261c9c3af65dc04664191d9
user24	640	372	1268954375290	0	0	39038261c9c3af65dc04664191d9
user24	617	378	1268954375294	0	0	39038261c9c3af65dc04664191d9
user24	589	386	1268954375312	0	0	39038261c9c3af65dc04664191d9
user24	578	390	1268954375318	0	0	39038261c9c3af65dc04664191d9
user24	569	394	1268954375326	0	0	39038261c9c3af65dc04664191d9
user24	561	398	1268954375334	0	0	39038261c9c3af65dc04664191d9
user24	554	402	1268954375342	0	0	39038261c9c3af65dc04664191d9
user24	548	405	1268954375350	0	0	39038261c9c3af65dc04664191d9
user24	543	409	1268954375358	0	0	39038261c9c3af65dc04664191d9
user24	539	413	1268954375366	0	0	39038261c9c3af65dc04664191d9
user24	535	417	1268954375373	0	0	39038261c9c3af65dc04664191d9
user24	532	420	1268954375382	0	0	39038261c9c3af65dc04664191d9
user24	530	424	1268954375390	0	0	39038261c9c3af65dc04664191d9
user24	529	427	1268954375398	0	0	39038261c9c3af65dc04664191d9
user24	528	429	1268954375406	0	0	39038261c9c3af65dc04664191d9
user24	527	432	1268954375414	0	0	39038261c9c3af65dc04664191d9
user24	526	436	1268954375422	0	0	39038261c9c3af65dc04664191d9
user24	526	440	1268954375430	0	0	39038261c9c3af65dc04664191d9
user24	526	443	1268954375438	0	0	39038261c9c3af65dc04664191d9
user24	526	446	1268954375446	0	0	39038261c9c3af65dc04664191d9
user24	527	450	1268954375454	0	0	39038261c9c3af65dc04664191d9
user24	530	454	1268954375462	0	0	39038261c9c3af65dc04664191d9
user24	533	459	1268954375470	0	0	39038261c9c3af65dc04664191d9
user24	536	462	1268954375477	0	0	39038261c9c3af65dc04664191d9
user24	541	468	1268954375485	0	0	39038261c9c3af65dc04664191d9
user24	545	471	1268954375494	0	0	39038261c9c3af65dc04664191d9
user24	550	476	1268954375501	0	0	39038261c9c3af65dc04664191d9
user24	555	479	1268954375510	0	0	39038261c9c3af65dc04664191d9
user24	560	483	1268954375517	0	0	39038261c9c3af65dc04664191d9
user24	566	486	1268954375526	0	0	39038261c9c3af65dc04664191d9
user24	572	490	1268954375533	0	0	39038261c9c3af65dc04664191d9
user24	578	493	1268954375541	0	0	39038261c9c3af65dc04664191d9
user24	585	496	1268954375550	0	0	39038261c9c3af65dc04664191d9
user24	593	498	1268954375557	0	0	39038261c9c3af65dc04664191d9
user24	599	500	1268954375642	0	0	39038261c9c3af65dc04664191d9
user24	649	493	1268954375644	0	0	39038261c9c3af65dc04664191d9
user24	657	491	1268954375646	0	0	39038261c9c3af65dc04664191d9
user24	668	488	1268954375654	0	0	39038261c9c3af65dc04664191d9
user24	680	484	1268954375661	0	0	39038261c9c3af65dc04664191d9
user24	691	480	1268954375669	0	0	39038261c9c3af65dc04664191d9
user24	705	475	1268954375677	0	0	39038261c9c3af65dc04664191d9
user24	723	467	1268954375685	0	0	39038261c9c3af65dc04664191d9
user24	738	462	1268954375693	0	0	39038261c9c3af65dc04664191d9
user24	757	456	1268954375701	0	0	39038261c9c3af65dc04664191d9
user24	774	452	1268954375709	0	0	39038261c9c3af65dc04664191d9
user24	790	449	1268954375717	0	0	39038261c9c3af65dc04664191d9
user24	807	443	1268954375726	0	0	39038261c9c3af65dc04664191d9
user24	826	439	1268954375733	0	0	39038261c9c3af65dc04664191d9
user24	846	434	1268954375741	0	0	39038261c9c3af65dc04664191d9
user24	866	427	1268954375750	0	0	39038261c9c3af65dc04664191d9
user24	886	421	1268954375757	0	0	39038261c9c3af65dc04664191d9
user24	903	414	1268954375766	0	0	39038261c9c3af65dc04664191d9
user24	916	410	1268954375841	0	0	39038261c9c3af65dc04664191d9
user24	946	394	1268954375842	0	0	39038261c9c3af65dc04664191d9
user24	947	391	1268954375846	0	0	39038261c9c3af65dc04664191d9
user24	947	388	1268954375854	0	0	39038261c9c3af65dc04664191d9
user24	947	385	1268954375862	0	0	39038261c9c3af65dc04664191d9
user24	947	382	1268954375869	0	0	39038261c9c3af65dc04664191d9
user24	947	380	1268954375877	0	0	39038261c9c3af65dc04664191d9
user24	947	377	1268954375885	0	0	39038261c9c3af65dc04664191d9
user24	946	376	1268954375894	0	0	39038261c9c3af65dc04664191d9
user24	945	374	1268954375901	0	0	39038261c9c3af65dc04664191d9
user24	943	372	1268954375909	0	0	39038261c9c3af65dc04664191d9
user24	942	370	1268954375917	0	0	39038261c9c3af65dc04664191d9
user24	941	368	1268954375926	0	0	39038261c9c3af65dc04664191d9
user24	939	365	1268954375933	0	0	39038261c9c3af65dc04664191d9
user24	939	363	1268954375942	0	0	39038261c9c3af65dc04664191d9
user24	937	361	1268954375949	0	0	39038261c9c3af65dc04664191d9
user24	935	358	1268954375958	0	0	39038261c9c3af65dc04664191d9
user24	934	357	1268954375965	0	0	39038261c9c3af65dc04664191d9
user24	933	356	1268954375974	0	0	39038261c9c3af65dc04664191d9
user24	932	354	1268954375981	0	0	39038261c9c3af65dc04664191d9
user24	930	353	1268954375989	0	0	39038261c9c3af65dc04664191d9
user24	929	353	1268954376006	0	0	39038261c9c3af65dc04664191d9
user24	927	353	1268954376030	0	0	39038261c9c3af65dc04664191d9
user24	926	355	1268954376037	0	0	39038261c9c3af65dc04664191d9
user24	924	360	1268954376045	0	0	39038261c9c3af65dc04664191d9
user24	921	366	1268954376054	0	0	39038261c9c3af65dc04664191d9
user24	918	373	1268954376062	0	0	39038261c9c3af65dc04664191d9
user24	916	382	1268954376070	0	0	39038261c9c3af65dc04664191d9
user24	914	390	1268954376078	0	0	39038261c9c3af65dc04664191d9
user24	913	398	1268954376086	0	0	39038261c9c3af65dc04664191d9
user24	912	407	1268954376093	0	0	39038261c9c3af65dc04664191d9
user24	911	412	1268954376102	0	0	39038261c9c3af65dc04664191d9
user24	911	419	1268954376110	0	0	39038261c9c3af65dc04664191d9
user24	911	424	1268954376118	0	0	39038261c9c3af65dc04664191d9
user24	911	427	1268954376126	0	0	39038261c9c3af65dc04664191d9
user24	913	432	1268954376134	0	0	39038261c9c3af65dc04664191d9
user24	915	434	1268954376142	0	0	39038261c9c3af65dc04664191d9
user24	916	437	1268954376150	0	0	39038261c9c3af65dc04664191d9
user24	919	440	1268954376157	0	0	39038261c9c3af65dc04664191d9
user24	920	443	1268954376165	0	0	39038261c9c3af65dc04664191d9
user24	922	444	1268954376173	0	0	39038261c9c3af65dc04664191d9
user24	924	447	1268954376181	0	0	39038261c9c3af65dc04664191d9
user24	926	448	1268954376190	0	0	39038261c9c3af65dc04664191d9
user24	926	448	1268954376194	0	0	39038261c9c3af65dc04664191d9
user24	928	450	1268954376198	0	0	39038261c9c3af65dc04664191d9
user24	929	451	1268954376206	0	0	39038261c9c3af65dc04664191d9
user24	931	452	1268954376214	0	0	39038261c9c3af65dc04664191d9
user24	933	453	1268954376222	0	0	39038261c9c3af65dc04664191d9
user24	934	454	1268954376230	0	0	39038261c9c3af65dc04664191d9
user24	936	456	1268954376237	0	0	39038261c9c3af65dc04664191d9
user24	938	456	1268954376246	0	0	39038261c9c3af65dc04664191d9
user24	940	457	1268954376253	0	0	39038261c9c3af65dc04664191d9
user24	941	458	1268954376262	0	0	39038261c9c3af65dc04664191d9
user24	942	458	1268954376269	0	0	39038261c9c3af65dc04664191d9
user24	944	458	1268954376277	0	0	39038261c9c3af65dc04664191d9
user24	945	458	1268954376293	0	0	39038261c9c3af65dc04664191d9
user24	947	458	1268954376317	0	0	39038261c9c3af65dc04664191d9
user24	947	456	1268954376341	0	0	39038261c9c3af65dc04664191d9
user24	947	454	1268954376349	0	0	39038261c9c3af65dc04664191d9
user24	948	452	1268954376357	0	0	39038261c9c3af65dc04664191d9
user24	948	450	1268954376366	0	0	39038261c9c3af65dc04664191d9
user24	948	448	1268954376373	0	0	39038261c9c3af65dc04664191d9
user24	948	447	1268954376381	0	0	39038261c9c3af65dc04664191d9
user24	948	446	1268954376389	0	0	39038261c9c3af65dc04664191d9
user24	949	445	1268954376398	0	0	39038261c9c3af65dc04664191d9
user24	949	444	1268954376413	0	0	39038261c9c3af65dc04664191d9
user24	949	443	1268954376502	0	0	39038261c9c3af65dc04664191d9
user24	949	443	1268954376505	0	0	39038261c9c3af65dc04664191d9
user24	949	443	1268954376967	1268954376505	1268954376967	39038261c9c3af65dc04664191d9
