User	X	Y	MouseTimeStamp	MouseDownTimeStamp	MouseUpTimeStamp	SessionID
user10	278	332	1269234905443	0	0	44b1f5e6ba86000854a3681f0907
user10	307	325	1269234905458	0	0	44b1f5e6ba86000854a3681f0907
user10	327	317	1269234905461	0	0	44b1f5e6ba86000854a3681f0907
user10	419	282	1269234905501	0	0	44b1f5e6ba86000854a3681f0907
user10	442	273	1269234905504	0	0	44b1f5e6ba86000854a3681f0907
user10	506	245	1269234905528	0	0	44b1f5e6ba86000854a3681f0907
user10	519	238	1269234905533	0	0	44b1f5e6ba86000854a3681f0907
user10	537	230	1269234905539	0	0	44b1f5e6ba86000854a3681f0907
user10	548	223	1269234905547	0	0	44b1f5e6ba86000854a3681f0907
user10	555	216	1269234905555	0	0	44b1f5e6ba86000854a3681f0907
user10	563	210	1269234905564	0	0	44b1f5e6ba86000854a3681f0907
user10	568	204	1269234905571	0	0	44b1f5e6ba86000854a3681f0907
user10	574	199	1269234905579	0	0	44b1f5e6ba86000854a3681f0907
user10	579	195	1269234905587	0	0	44b1f5e6ba86000854a3681f0907
user10	582	192	1269234905595	0	0	44b1f5e6ba86000854a3681f0907
user10	586	188	1269234905604	0	0	44b1f5e6ba86000854a3681f0907
user10	588	185	1269234905611	0	0	44b1f5e6ba86000854a3681f0907
user10	591	181	1269234905619	0	0	44b1f5e6ba86000854a3681f0907
user10	594	181	1269234905891	0	0	44b1f5e6ba86000854a3681f0907
user10	595	181	1269234905899	0	0	44b1f5e6ba86000854a3681f0907
user10	597	181	1269234905915	0	0	44b1f5e6ba86000854a3681f0907
user10	601	181	1269234905923	0	0	44b1f5e6ba86000854a3681f0907
user10	605	182	1269234905931	0	0	44b1f5e6ba86000854a3681f0907
user10	612	182	1269234905939	0	0	44b1f5e6ba86000854a3681f0907
user10	618	182	1269234905947	0	0	44b1f5e6ba86000854a3681f0907
user10	625	183	1269234905955	0	0	44b1f5e6ba86000854a3681f0907
user10	632	183	1269234905964	0	0	44b1f5e6ba86000854a3681f0907
user10	638	183	1269234905971	0	0	44b1f5e6ba86000854a3681f0907
user10	646	183	1269234905979	0	0	44b1f5e6ba86000854a3681f0907
user10	652	183	1269234905987	0	0	44b1f5e6ba86000854a3681f0907
user10	660	183	1269234905995	0	0	44b1f5e6ba86000854a3681f0907
user10	670	184	1269234906003	0	0	44b1f5e6ba86000854a3681f0907
user10	680	184	1269234906011	0	0	44b1f5e6ba86000854a3681f0907
user10	691	184	1269234906019	0	0	44b1f5e6ba86000854a3681f0907
user10	706	185	1269234906027	0	0	44b1f5e6ba86000854a3681f0907
user10	722	185	1269234906036	0	0	44b1f5e6ba86000854a3681f0907
user10	736	186	1269234906043	0	0	44b1f5e6ba86000854a3681f0907
user10	755	186	1269234906051	0	0	44b1f5e6ba86000854a3681f0907
user10	769	186	1269234906059	0	0	44b1f5e6ba86000854a3681f0907
user10	785	186	1269234906067	0	0	44b1f5e6ba86000854a3681f0907
user10	802	186	1269234906075	0	0	44b1f5e6ba86000854a3681f0907
user10	824	186	1269234906083	0	0	44b1f5e6ba86000854a3681f0907
user10	840	186	1269234906091	0	0	44b1f5e6ba86000854a3681f0907
user10	855	184	1269234906099	0	0	44b1f5e6ba86000854a3681f0907
user10	869	184	1269234906107	0	0	44b1f5e6ba86000854a3681f0907
user10	882	184	1269234906115	0	0	44b1f5e6ba86000854a3681f0907
user10	895	183	1269234906123	0	0	44b1f5e6ba86000854a3681f0907
user10	905	180	1269234906131	0	0	44b1f5e6ba86000854a3681f0907
user10	914	179	1269234906140	0	0	44b1f5e6ba86000854a3681f0907
user10	921	176	1269234906147	0	0	44b1f5e6ba86000854a3681f0907
user10	928	173	1269234906155	0	0	44b1f5e6ba86000854a3681f0907
user10	932	172	1269234906163	0	0	44b1f5e6ba86000854a3681f0907
user10	935	171	1269234906171	0	0	44b1f5e6ba86000854a3681f0907
user10	937	171	1269234906179	0	0	44b1f5e6ba86000854a3681f0907
user10	938	171	1269234906187	0	0	44b1f5e6ba86000854a3681f0907
user10	939	171	1269234906195	0	0	44b1f5e6ba86000854a3681f0907
user10	940	171	1269234906203	0	0	44b1f5e6ba86000854a3681f0907
user10	942	171	1269234906235	0	0	44b1f5e6ba86000854a3681f0907
user10	943	170	1269234906259	0	0	44b1f5e6ba86000854a3681f0907
user10	944	170	1269234906267	0	0	44b1f5e6ba86000854a3681f0907
user10	946	169	1269234906291	0	0	44b1f5e6ba86000854a3681f0907
user10	947	169	1269234906307	0	0	44b1f5e6ba86000854a3681f0907
user10	947	168	1269234906315	0	0	44b1f5e6ba86000854a3681f0907
user10	948	168	1269234906331	0	0	44b1f5e6ba86000854a3681f0907
user10	948	168	1269234906596	1269234906483	1269234906596	44b1f5e6ba86000854a3681f0907
user10	949	168	1269234912803	0	0	44b1f5e6ba86000854a3681f0907
user10	950	171	1269234912811	0	0	44b1f5e6ba86000854a3681f0907
user10	952	173	1269234912819	0	0	44b1f5e6ba86000854a3681f0907
user10	954	178	1269234912827	0	0	44b1f5e6ba86000854a3681f0907
user10	957	182	1269234912835	0	0	44b1f5e6ba86000854a3681f0907
user10	960	187	1269234912844	0	0	44b1f5e6ba86000854a3681f0907
user10	964	192	1269234912851	0	0	44b1f5e6ba86000854a3681f0907
user10	966	194	1269234912860	0	0	44b1f5e6ba86000854a3681f0907
user10	971	199	1269234912868	0	0	44b1f5e6ba86000854a3681f0907
user10	974	203	1269234912876	0	0	44b1f5e6ba86000854a3681f0907
user10	979	208	1269234912883	0	0	44b1f5e6ba86000854a3681f0907
user10	984	211	1269234912890	0	0	44b1f5e6ba86000854a3681f0907
user10	989	216	1269234912900	0	0	44b1f5e6ba86000854a3681f0907
user10	993	222	1269234912908	0	0	44b1f5e6ba86000854a3681f0907
user10	998	225	1269234912915	0	0	44b1f5e6ba86000854a3681f0907
user10	999	228	1269234912923	0	0	44b1f5e6ba86000854a3681f0907
user10	1002	230	1269234912931	0	0	44b1f5e6ba86000854a3681f0907
user10	1003	232	1269234912939	0	0	44b1f5e6ba86000854a3681f0907
user10	1005	234	1269234912947	0	0	44b1f5e6ba86000854a3681f0907
user10	1008	238	1269234912956	0	0	44b1f5e6ba86000854a3681f0907
user10	1010	242	1269234912963	0	0	44b1f5e6ba86000854a3681f0907
user10	1014	247	1269234912972	0	0	44b1f5e6ba86000854a3681f0907
user10	1015	250	1269234912980	0	0	44b1f5e6ba86000854a3681f0907
user10	1018	254	1269234912987	0	0	44b1f5e6ba86000854a3681f0907
user10	1019	256	1269234912994	0	0	44b1f5e6ba86000854a3681f0907
user10	1021	258	1269234913003	0	0	44b1f5e6ba86000854a3681f0907
user10	1022	261	1269234913010	0	0	44b1f5e6ba86000854a3681f0907
user10	1025	262	1269234913018	0	0	44b1f5e6ba86000854a3681f0907
user10	1025	263	1269234913026	0	0	44b1f5e6ba86000854a3681f0907
user10	1025	264	1269234913036	0	0	44b1f5e6ba86000854a3681f0907
user10	1025	265	1269234913043	0	0	44b1f5e6ba86000854a3681f0907
user10	1026	267	1269234913050	0	0	44b1f5e6ba86000854a3681f0907
user10	1026	268	1269234913059	0	0	44b1f5e6ba86000854a3681f0907
user10	1026	270	1269234913066	0	0	44b1f5e6ba86000854a3681f0907
user10	1026	271	1269234913074	0	0	44b1f5e6ba86000854a3681f0907
user10	1026	273	1269234913082	0	0	44b1f5e6ba86000854a3681f0907
user10	1026	276	1269234913090	0	0	44b1f5e6ba86000854a3681f0907
user10	1026	277	1269234913098	0	0	44b1f5e6ba86000854a3681f0907
user10	1026	278	1269234913106	0	0	44b1f5e6ba86000854a3681f0907
user10	1024	279	1269234913114	0	0	44b1f5e6ba86000854a3681f0907
user10	1023	280	1269234913122	0	0	44b1f5e6ba86000854a3681f0907
user10	1022	282	1269234913130	0	0	44b1f5e6ba86000854a3681f0907
user10	1021	282	1269234913138	0	0	44b1f5e6ba86000854a3681f0907
user10	1020	284	1269234913146	0	0	44b1f5e6ba86000854a3681f0907
user10	1019	285	1269234913154	0	0	44b1f5e6ba86000854a3681f0907
user10	1019	286	1269234913162	0	0	44b1f5e6ba86000854a3681f0907
user10	1018	287	1269234913170	0	0	44b1f5e6ba86000854a3681f0907
user10	1018	288	1269234913178	0	0	44b1f5e6ba86000854a3681f0907
user10	1018	289	1269234913186	0	0	44b1f5e6ba86000854a3681f0907
user10	1017	289	1269234913194	0	0	44b1f5e6ba86000854a3681f0907
user10	1017	288	1269234913242	0	0	44b1f5e6ba86000854a3681f0907
user10	1016	287	1269234913250	0	0	44b1f5e6ba86000854a3681f0907
user10	1016	286	1269234913258	0	0	44b1f5e6ba86000854a3681f0907
user10	1015	286	1269234913274	0	0	44b1f5e6ba86000854a3681f0907
user10	1015	285	1269234913290	0	0	44b1f5e6ba86000854a3681f0907
user10	1015	284	1269234913322	0	0	44b1f5e6ba86000854a3681f0907
user10	1015	284	1269234913427	1269234913363	1269234913427	44b1f5e6ba86000854a3681f0907
user10	524	49	1269234919859	0	0	44b1f5e6ba86000854a3681f0907
user10	524	48	1269234919894	0	0	44b1f5e6ba86000854a3681f0907
user10	525	48	1269234919911	0	0	44b1f5e6ba86000854a3681f0907
user10	526	48	1269234919916	0	0	44b1f5e6ba86000854a3681f0907
user10	529	47	1269234919923	0	0	44b1f5e6ba86000854a3681f0907
user10	534	47	1269234919941	0	0	44b1f5e6ba86000854a3681f0907
user10	541	47	1269234919957	0	0	44b1f5e6ba86000854a3681f0907
user10	545	47	1269234919969	0	0	44b1f5e6ba86000854a3681f0907
user10	549	47	1269234919972	0	0	44b1f5e6ba86000854a3681f0907
user10	554	47	1269234919983	0	0	44b1f5e6ba86000854a3681f0907
user10	563	47	1269234919996	0	0	44b1f5e6ba86000854a3681f0907
user10	567	47	1269234920009	0	0	44b1f5e6ba86000854a3681f0907
user10	570	47	1269234920011	0	0	44b1f5e6ba86000854a3681f0907
user10	572	47	1269234920024	0	0	44b1f5e6ba86000854a3681f0907
user10	574	47	1269234920026	0	0	44b1f5e6ba86000854a3681f0907
user10	576	47	1269234920045	0	0	44b1f5e6ba86000854a3681f0907
user10	577	47	1269234920074	0	0	44b1f5e6ba86000854a3681f0907
user10	577	47	1269234920348	0	0	44b1f5e6ba86000854a3681f0907
user10	578	47	1269234920482	0	0	44b1f5e6ba86000854a3681f0907
user10	579	47	1269234920496	0	0	44b1f5e6ba86000854a3681f0907
user10	580	47	1269234920513	0	0	44b1f5e6ba86000854a3681f0907
user10	581	47	1269234920529	0	0	44b1f5e6ba86000854a3681f0907
user10	582	47	1269234920532	0	0	44b1f5e6ba86000854a3681f0907
user10	583	47	1269234920549	0	0	44b1f5e6ba86000854a3681f0907
user10	584	47	1269234920566	0	0	44b1f5e6ba86000854a3681f0907
user10	586	48	1269234920583	0	0	44b1f5e6ba86000854a3681f0907
user10	587	48	1269234920599	0	0	44b1f5e6ba86000854a3681f0907
user10	588	48	1269234920614	0	0	44b1f5e6ba86000854a3681f0907
user10	590	48	1269234920629	0	0	44b1f5e6ba86000854a3681f0907
user10	591	48	1269234920650	0	0	44b1f5e6ba86000854a3681f0907
user10	591	49	1269234920690	0	0	44b1f5e6ba86000854a3681f0907
user10	592	49	1269234920706	0	0	44b1f5e6ba86000854a3681f0907
user10	592	50	1269234920722	0	0	44b1f5e6ba86000854a3681f0907
user10	592	51	1269234920738	0	0	44b1f5e6ba86000854a3681f0907
user10	592	52	1269234920752	0	0	44b1f5e6ba86000854a3681f0907
user10	592	54	1269234920766	0	0	44b1f5e6ba86000854a3681f0907
user10	592	59	1269234920780	0	0	44b1f5e6ba86000854a3681f0907
user10	592	62	1269234920794	0	0	44b1f5e6ba86000854a3681f0907
user10	592	64	1269234920796	0	0	44b1f5e6ba86000854a3681f0907
user10	592	66	1269234920808	0	0	44b1f5e6ba86000854a3681f0907
user10	592	67	1269234920810	0	0	44b1f5e6ba86000854a3681f0907
user10	592	69	1269234920822	0	0	44b1f5e6ba86000854a3681f0907
user10	592	74	1269234920841	0	0	44b1f5e6ba86000854a3681f0907
user10	592	76	1269234920843	0	0	44b1f5e6ba86000854a3681f0907
user10	592	79	1269234920854	0	0	44b1f5e6ba86000854a3681f0907
user10	592	89	1269234920867	0	0	44b1f5e6ba86000854a3681f0907
user10	592	95	1269234920879	0	0	44b1f5e6ba86000854a3681f0907
user10	594	103	1269234920891	0	0	44b1f5e6ba86000854a3681f0907
user10	597	113	1269234920893	0	0	44b1f5e6ba86000854a3681f0907
user10	601	121	1269234920905	0	0	44b1f5e6ba86000854a3681f0907
user10	611	136	1269234920918	0	0	44b1f5e6ba86000854a3681f0907
user10	622	147	1269234920931	0	0	44b1f5e6ba86000854a3681f0907
user10	627	153	1269234920945	0	0	44b1f5e6ba86000854a3681f0907
user10	631	157	1269234920947	0	0	44b1f5e6ba86000854a3681f0907
user10	637	163	1269234920962	0	0	44b1f5e6ba86000854a3681f0907
user10	640	164	1269234920975	0	0	44b1f5e6ba86000854a3681f0907
user10	646	167	1269234920987	0	0	44b1f5e6ba86000854a3681f0907
user10	648	169	1269234921000	0	0	44b1f5e6ba86000854a3681f0907
user10	653	170	1269234921013	0	0	44b1f5e6ba86000854a3681f0907
user10	654	171	1269234921025	0	0	44b1f5e6ba86000854a3681f0907
user10	656	171	1269234921027	0	0	44b1f5e6ba86000854a3681f0907
user10	657	171	1269234921042	0	0	44b1f5e6ba86000854a3681f0907
user10	659	171	1269234921066	0	0	44b1f5e6ba86000854a3681f0907
user10	660	171	1269234921082	0	0	44b1f5e6ba86000854a3681f0907
user10	662	171	1269234921098	0	0	44b1f5e6ba86000854a3681f0907
user10	664	171	1269234921110	0	0	44b1f5e6ba86000854a3681f0907
user10	666	171	1269234921122	0	0	44b1f5e6ba86000854a3681f0907
user10	669	171	1269234921124	0	0	44b1f5e6ba86000854a3681f0907
user10	672	172	1269234921136	0	0	44b1f5e6ba86000854a3681f0907
user10	675	172	1269234921138	0	0	44b1f5e6ba86000854a3681f0907
user10	678	172	1269234921151	0	0	44b1f5e6ba86000854a3681f0907
user10	685	173	1269234921166	0	0	44b1f5e6ba86000854a3681f0907
user10	693	173	1269234921179	0	0	44b1f5e6ba86000854a3681f0907
user10	696	173	1269234921191	0	0	44b1f5e6ba86000854a3681f0907
user10	703	173	1269234921204	0	0	44b1f5e6ba86000854a3681f0907
user10	706	173	1269234921217	0	0	44b1f5e6ba86000854a3681f0907
user10	709	172	1269234921219	0	0	44b1f5e6ba86000854a3681f0907
user10	710	171	1269234921232	0	0	44b1f5e6ba86000854a3681f0907
user10	713	171	1269234921235	0	0	44b1f5e6ba86000854a3681f0907
user10	715	170	1269234921248	0	0	44b1f5e6ba86000854a3681f0907
user10	716	169	1269234921250	0	0	44b1f5e6ba86000854a3681f0907
user10	717	169	1269234921263	0	0	44b1f5e6ba86000854a3681f0907
user10	717	168	1269234921274	0	0	44b1f5e6ba86000854a3681f0907
user10	718	168	1269234921288	0	0	44b1f5e6ba86000854a3681f0907
user10	718	168	1269234921410	1269234921315	1269234921410	44b1f5e6ba86000854a3681f0907
user10	768	253	1269234923951	0	0	44b1f5e6ba86000854a3681f0907
user10	767	253	1269234924098	0	0	44b1f5e6ba86000854a3681f0907
user10	767	254	1269234924108	0	0	44b1f5e6ba86000854a3681f0907
user10	768	254	1269234924130	0	0	44b1f5e6ba86000854a3681f0907
user10	769	254	1269234924146	0	0	44b1f5e6ba86000854a3681f0907
user10	770	255	1269234924162	0	0	44b1f5e6ba86000854a3681f0907
user10	770	256	1269234924178	0	0	44b1f5e6ba86000854a3681f0907
user10	769	255	1269234924466	0	0	44b1f5e6ba86000854a3681f0907
user10	769	254	1269234924477	0	0	44b1f5e6ba86000854a3681f0907
user10	768	254	1269234924489	0	0	44b1f5e6ba86000854a3681f0907
user10	767	254	1269234924503	0	0	44b1f5e6ba86000854a3681f0907
user10	767	253	1269234924506	0	0	44b1f5e6ba86000854a3681f0907
user10	765	253	1269234924521	0	0	44b1f5e6ba86000854a3681f0907
user10	765	253	1269234924536	0	0	44b1f5e6ba86000854a3681f0907
user10	764	253	1269234924538	0	0	44b1f5e6ba86000854a3681f0907
user10	764	252	1269234924554	0	0	44b1f5e6ba86000854a3681f0907
user10	763	251	1269234926146	0	0	44b1f5e6ba86000854a3681f0907
user10	762	251	1269234926158	0	0	44b1f5e6ba86000854a3681f0907
user10	759	248	1269234926170	0	0	44b1f5e6ba86000854a3681f0907
user10	757	247	1269234926183	0	0	44b1f5e6ba86000854a3681f0907
user10	752	242	1269234926196	0	0	44b1f5e6ba86000854a3681f0907
user10	748	238	1269234926208	0	0	44b1f5e6ba86000854a3681f0907
user10	746	235	1269234926211	0	0	44b1f5e6ba86000854a3681f0907
user10	742	232	1269234926222	0	0	44b1f5e6ba86000854a3681f0907
user10	737	226	1269234926235	0	0	44b1f5e6ba86000854a3681f0907
user10	733	224	1269234926248	0	0	44b1f5e6ba86000854a3681f0907
user10	729	219	1269234926250	0	0	44b1f5e6ba86000854a3681f0907
user10	727	216	1269234926264	0	0	44b1f5e6ba86000854a3681f0907
user10	726	213	1269234926267	0	0	44b1f5e6ba86000854a3681f0907
user10	725	211	1269234926280	0	0	44b1f5e6ba86000854a3681f0907
user10	724	209	1269234926282	0	0	44b1f5e6ba86000854a3681f0907
user10	721	204	1269234926298	0	0	44b1f5e6ba86000854a3681f0907
user10	721	201	1269234926310	0	0	44b1f5e6ba86000854a3681f0907
user10	720	199	1269234926320	0	0	44b1f5e6ba86000854a3681f0907
user10	720	197	1269234926322	0	0	44b1f5e6ba86000854a3681f0907
user10	720	195	1269234926334	0	0	44b1f5e6ba86000854a3681f0907
user10	719	191	1269234926346	0	0	44b1f5e6ba86000854a3681f0907
user10	719	188	1269234926358	0	0	44b1f5e6ba86000854a3681f0907
user10	718	186	1269234926369	0	0	44b1f5e6ba86000854a3681f0907
user10	718	185	1269234926371	0	0	44b1f5e6ba86000854a3681f0907
user10	718	183	1269234926384	0	0	44b1f5e6ba86000854a3681f0907
user10	718	180	1269234926392	0	0	44b1f5e6ba86000854a3681f0907
user10	718	178	1269234926395	0	0	44b1f5e6ba86000854a3681f0907
user10	718	176	1269234926415	0	0	44b1f5e6ba86000854a3681f0907
user10	717	175	1269234926429	0	0	44b1f5e6ba86000854a3681f0907
user10	717	174	1269234926440	0	0	44b1f5e6ba86000854a3681f0907
user10	717	172	1269234926452	0	0	44b1f5e6ba86000854a3681f0907
user10	717	171	1269234926464	0	0	44b1f5e6ba86000854a3681f0907
user10	717	170	1269234926477	0	0	44b1f5e6ba86000854a3681f0907
user10	717	169	1269234926487	0	0	44b1f5e6ba86000854a3681f0907
user10	717	168	1269234926500	0	0	44b1f5e6ba86000854a3681f0907
user10	717	167	1269234926522	0	0	44b1f5e6ba86000854a3681f0907
user10	717	167	1269234926634	1269234926546	1269234926634	44b1f5e6ba86000854a3681f0907
user10	771	251	1269234928348	0	0	44b1f5e6ba86000854a3681f0907
user10	771	251	1269234928866	0	0	44b1f5e6ba86000854a3681f0907
user10	771	250	1269234929793	0	0	44b1f5e6ba86000854a3681f0907
user10	770	249	1269234929808	0	0	44b1f5e6ba86000854a3681f0907
user10	769	249	1269234929810	0	0	44b1f5e6ba86000854a3681f0907
user10	768	247	1269234929826	0	0	44b1f5e6ba86000854a3681f0907
user10	764	243	1269234929842	0	0	44b1f5e6ba86000854a3681f0907
user10	759	235	1269234929857	0	0	44b1f5e6ba86000854a3681f0907
user10	752	227	1269234929874	0	0	44b1f5e6ba86000854a3681f0907
user10	745	219	1269234929891	0	0	44b1f5e6ba86000854a3681f0907
user10	737	208	1269234929906	0	0	44b1f5e6ba86000854a3681f0907
user10	733	203	1269234929920	0	0	44b1f5e6ba86000854a3681f0907
user10	730	197	1269234929922	0	0	44b1f5e6ba86000854a3681f0907
user10	727	194	1269234929935	0	0	44b1f5e6ba86000854a3681f0907
user10	725	191	1269234929939	0	0	44b1f5e6ba86000854a3681f0907
user10	724	188	1269234929953	0	0	44b1f5e6ba86000854a3681f0907
user10	723	186	1269234929955	0	0	44b1f5e6ba86000854a3681f0907
user10	723	185	1269234929969	0	0	44b1f5e6ba86000854a3681f0907
user10	722	183	1269234929971	0	0	44b1f5e6ba86000854a3681f0907
user10	722	181	1269234929985	0	0	44b1f5e6ba86000854a3681f0907
user10	722	180	1269234929988	0	0	44b1f5e6ba86000854a3681f0907
user10	722	176	1269234930002	0	0	44b1f5e6ba86000854a3681f0907
user10	722	175	1269234930018	0	0	44b1f5e6ba86000854a3681f0907
user10	722	174	1269234930034	0	0	44b1f5e6ba86000854a3681f0907
user10	722	173	1269234930047	0	0	44b1f5e6ba86000854a3681f0907
user10	721	171	1269234930050	0	0	44b1f5e6ba86000854a3681f0907
user10	720	171	1269234930063	0	0	44b1f5e6ba86000854a3681f0907
user10	720	167	1269234930086	0	0	44b1f5e6ba86000854a3681f0907
user10	720	166	1269234930091	0	0	44b1f5e6ba86000854a3681f0907
user10	720	166	1269234930306	1269234930170	1269234930306	44b1f5e6ba86000854a3681f0907
user10	542	47	1269234940752	0	0	44b1f5e6ba86000854a3681f0907
user10	543	47	1269234941065	0	0	44b1f5e6ba86000854a3681f0907
user10	544	47	1269234941089	0	0	44b1f5e6ba86000854a3681f0907
user10	545	47	1269234941105	0	0	44b1f5e6ba86000854a3681f0907
user10	546	47	1269234941118	0	0	44b1f5e6ba86000854a3681f0907
user10	547	47	1269234941130	0	0	44b1f5e6ba86000854a3681f0907
user10	549	47	1269234941142	0	0	44b1f5e6ba86000854a3681f0907
user10	552	47	1269234941155	0	0	44b1f5e6ba86000854a3681f0907
user10	554	47	1269234941169	0	0	44b1f5e6ba86000854a3681f0907
user10	556	47	1269234941181	0	0	44b1f5e6ba86000854a3681f0907
user10	559	47	1269234941193	0	0	44b1f5e6ba86000854a3681f0907
user10	560	47	1269234941205	0	0	44b1f5e6ba86000854a3681f0907
user10	561	47	1269234941216	0	0	44b1f5e6ba86000854a3681f0907
user10	563	47	1269234941218	0	0	44b1f5e6ba86000854a3681f0907
user10	565	47	1269234941228	0	0	44b1f5e6ba86000854a3681f0907
user10	566	47	1269234941240	0	0	44b1f5e6ba86000854a3681f0907
user10	567	47	1269234941242	0	0	44b1f5e6ba86000854a3681f0907
user10	569	47	1269234941255	0	0	44b1f5e6ba86000854a3681f0907
user10	569	47	1269234941269	0	0	44b1f5e6ba86000854a3681f0907
user10	570	47	1269234941280	0	0	44b1f5e6ba86000854a3681f0907
user10	571	47	1269234941298	0	0	44b1f5e6ba86000854a3681f0907
user10	572	47	1269234941309	0	0	44b1f5e6ba86000854a3681f0907
user10	573	47	1269234941320	0	0	44b1f5e6ba86000854a3681f0907
user10	575	47	1269234941330	0	0	44b1f5e6ba86000854a3681f0907
user10	576	47	1269234941341	0	0	44b1f5e6ba86000854a3681f0907
user10	578	47	1269234941354	0	0	44b1f5e6ba86000854a3681f0907
user10	580	48	1269234941367	0	0	44b1f5e6ba86000854a3681f0907
user10	582	48	1269234941369	0	0	44b1f5e6ba86000854a3681f0907
user10	584	48	1269234941379	0	0	44b1f5e6ba86000854a3681f0907
user10	585	48	1269234941386	0	0	44b1f5e6ba86000854a3681f0907
user10	587	49	1269234941397	0	0	44b1f5e6ba86000854a3681f0907
user10	590	49	1269234941411	0	0	44b1f5e6ba86000854a3681f0907
user10	591	49	1269234941424	0	0	44b1f5e6ba86000854a3681f0907
user10	593	49	1269234941426	0	0	44b1f5e6ba86000854a3681f0907
user10	595	50	1269234941438	0	0	44b1f5e6ba86000854a3681f0907
user10	596	51	1269234941448	0	0	44b1f5e6ba86000854a3681f0907
user10	599	52	1269234941459	0	0	44b1f5e6ba86000854a3681f0907
user10	600	53	1269234941471	0	0	44b1f5e6ba86000854a3681f0907
user10	602	54	1269234941473	0	0	44b1f5e6ba86000854a3681f0907
user10	606	56	1269234941484	0	0	44b1f5e6ba86000854a3681f0907
user10	611	59	1269234941495	0	0	44b1f5e6ba86000854a3681f0907
user10	623	69	1269234941510	0	0	44b1f5e6ba86000854a3681f0907
user10	630	77	1269234941513	0	0	44b1f5e6ba86000854a3681f0907
user10	636	82	1269234941525	0	0	44b1f5e6ba86000854a3681f0907
user10	643	88	1269234941536	0	0	44b1f5e6ba86000854a3681f0907
user10	648	93	1269234941538	0	0	44b1f5e6ba86000854a3681f0907
user10	654	99	1269234941548	0	0	44b1f5e6ba86000854a3681f0907
user10	660	106	1269234941559	0	0	44b1f5e6ba86000854a3681f0907
user10	666	112	1269234941561	0	0	44b1f5e6ba86000854a3681f0907
user10	672	118	1269234941575	0	0	44b1f5e6ba86000854a3681f0907
user10	677	123	1269234941577	0	0	44b1f5e6ba86000854a3681f0907
user10	682	128	1269234941590	0	0	44b1f5e6ba86000854a3681f0907
user10	689	135	1269234941605	0	0	44b1f5e6ba86000854a3681f0907
user10	694	140	1269234941621	0	0	44b1f5e6ba86000854a3681f0907
user10	699	144	1269234941636	0	0	44b1f5e6ba86000854a3681f0907
user10	704	148	1269234941651	0	0	44b1f5e6ba86000854a3681f0907
user10	706	149	1269234941661	0	0	44b1f5e6ba86000854a3681f0907
user10	709	152	1269234941674	0	0	44b1f5e6ba86000854a3681f0907
user10	712	153	1269234941685	0	0	44b1f5e6ba86000854a3681f0907
user10	714	155	1269234941697	0	0	44b1f5e6ba86000854a3681f0907
user10	715	155	1269234941709	0	0	44b1f5e6ba86000854a3681f0907
user10	716	158	1269234941721	0	0	44b1f5e6ba86000854a3681f0907
user10	717	160	1269234941723	0	0	44b1f5e6ba86000854a3681f0907
user10	719	161	1269234941734	0	0	44b1f5e6ba86000854a3681f0907
user10	721	163	1269234941745	0	0	44b1f5e6ba86000854a3681f0907
user10	723	163	1269234941747	0	0	44b1f5e6ba86000854a3681f0907
user10	725	165	1269234941758	0	0	44b1f5e6ba86000854a3681f0907
user10	727	166	1269234941770	0	0	44b1f5e6ba86000854a3681f0907
user10	729	166	1269234941772	0	0	44b1f5e6ba86000854a3681f0907
user10	730	166	1269234941783	0	0	44b1f5e6ba86000854a3681f0907
user10	731	166	1269234941794	0	0	44b1f5e6ba86000854a3681f0907
user10	731	166	1269234941969	1269234941865	1269234941969	44b1f5e6ba86000854a3681f0907
user10	529	56	1269234951204	0	0	44b1f5e6ba86000854a3681f0907
user10	529	56	1269234951686	0	0	44b1f5e6ba86000854a3681f0907
user10	529	57	1269234951704	0	0	44b1f5e6ba86000854a3681f0907
user10	529	59	1269234951721	0	0	44b1f5e6ba86000854a3681f0907
user10	530	62	1269234951737	0	0	44b1f5e6ba86000854a3681f0907
user10	533	67	1269234951753	0	0	44b1f5e6ba86000854a3681f0907
user10	538	81	1269234951771	0	0	44b1f5e6ba86000854a3681f0907
user10	544	91	1269234951776	0	0	44b1f5e6ba86000854a3681f0907
user10	549	100	1269234951792	0	0	44b1f5e6ba86000854a3681f0907
user10	553	114	1269234951795	0	0	44b1f5e6ba86000854a3681f0907
user10	563	141	1269234951809	0	0	44b1f5e6ba86000854a3681f0907
user10	565	154	1269234951822	0	0	44b1f5e6ba86000854a3681f0907
user10	567	168	1269234951825	0	0	44b1f5e6ba86000854a3681f0907
user10	570	183	1269234951840	0	0	44b1f5e6ba86000854a3681f0907
user10	573	194	1269234951842	0	0	44b1f5e6ba86000854a3681f0907
user10	575	203	1269234951855	0	0	44b1f5e6ba86000854a3681f0907
user10	576	216	1269234951858	0	0	44b1f5e6ba86000854a3681f0907
user10	576	226	1269234951871	0	0	44b1f5e6ba86000854a3681f0907
user10	577	237	1269234951874	0	0	44b1f5e6ba86000854a3681f0907
user10	577	245	1269234951888	0	0	44b1f5e6ba86000854a3681f0907
user10	577	254	1269234951890	0	0	44b1f5e6ba86000854a3681f0907
user10	577	259	1269234951902	0	0	44b1f5e6ba86000854a3681f0907
user10	577	265	1269234951904	0	0	44b1f5e6ba86000854a3681f0907
user10	577	268	1269234951916	0	0	44b1f5e6ba86000854a3681f0907
user10	577	269	1269234951927	0	0	44b1f5e6ba86000854a3681f0907
user10	576	270	1269234951931	0	0	44b1f5e6ba86000854a3681f0907
user10	576	271	1269234951969	0	0	44b1f5e6ba86000854a3681f0907
user10	576	272	1269234952096	0	0	44b1f5e6ba86000854a3681f0907
user10	576	271	1269234952106	0	0	44b1f5e6ba86000854a3681f0907
user10	577	270	1269234952118	0	0	44b1f5e6ba86000854a3681f0907
user10	579	267	1269234952121	0	0	44b1f5e6ba86000854a3681f0907
user10	582	264	1269234952132	0	0	44b1f5e6ba86000854a3681f0907
user10	586	262	1269234952143	0	0	44b1f5e6ba86000854a3681f0907
user10	589	258	1269234952146	0	0	44b1f5e6ba86000854a3681f0907
user10	597	251	1269234952158	0	0	44b1f5e6ba86000854a3681f0907
user10	609	238	1269234952170	0	0	44b1f5e6ba86000854a3681f0907
user10	618	231	1269234952181	0	0	44b1f5e6ba86000854a3681f0907
user10	638	219	1269234952192	0	0	44b1f5e6ba86000854a3681f0907
user10	648	213	1269234952205	0	0	44b1f5e6ba86000854a3681f0907
user10	657	211	1269234952216	0	0	44b1f5e6ba86000854a3681f0907
user10	663	208	1269234952218	0	0	44b1f5e6ba86000854a3681f0907
user10	670	205	1269234952229	0	0	44b1f5e6ba86000854a3681f0907
user10	676	201	1269234952234	0	0	44b1f5e6ba86000854a3681f0907
user10	681	199	1269234952244	0	0	44b1f5e6ba86000854a3681f0907
user10	689	192	1269234952256	0	0	44b1f5e6ba86000854a3681f0907
user10	693	189	1269234952268	0	0	44b1f5e6ba86000854a3681f0907
user10	696	187	1269234952278	0	0	44b1f5e6ba86000854a3681f0907
user10	700	183	1269234952290	0	0	44b1f5e6ba86000854a3681f0907
user10	702	182	1269234952304	0	0	44b1f5e6ba86000854a3681f0907
user10	704	181	1269234952306	0	0	44b1f5e6ba86000854a3681f0907
user10	705	181	1269234952318	0	0	44b1f5e6ba86000854a3681f0907
user10	707	179	1269234952321	0	0	44b1f5e6ba86000854a3681f0907
user10	709	179	1269234952332	0	0	44b1f5e6ba86000854a3681f0907
user10	711	177	1269234952342	0	0	44b1f5e6ba86000854a3681f0907
user10	714	175	1269234952355	0	0	44b1f5e6ba86000854a3681f0907
user10	717	174	1269234952366	0	0	44b1f5e6ba86000854a3681f0907
user10	720	172	1269234952369	0	0	44b1f5e6ba86000854a3681f0907
user10	722	170	1269234952379	0	0	44b1f5e6ba86000854a3681f0907
user10	724	168	1269234952391	0	0	44b1f5e6ba86000854a3681f0907
user10	726	167	1269234952393	0	0	44b1f5e6ba86000854a3681f0907
user10	727	165	1269234952405	0	0	44b1f5e6ba86000854a3681f0907
user10	728	164	1269234952416	0	0	44b1f5e6ba86000854a3681f0907
user10	728	163	1269234952419	0	0	44b1f5e6ba86000854a3681f0907
user10	729	163	1269234952429	0	0	44b1f5e6ba86000854a3681f0907
user10	729	163	1269234952609	1269234952504	1269234952609	44b1f5e6ba86000854a3681f0907
user10	734	173	1269234954652	0	0	44b1f5e6ba86000854a3681f0907
user10	734	173	1269234954793	1269234954673	1269234954793	44b1f5e6ba86000854a3681f0907
user10	537	56	1269234968774	0	0	44b1f5e6ba86000854a3681f0907
user10	538	56	1269234969111	0	0	44b1f5e6ba86000854a3681f0907
user10	539	56	1269234969123	0	0	44b1f5e6ba86000854a3681f0907
user10	541	56	1269234969136	0	0	44b1f5e6ba86000854a3681f0907
user10	543	56	1269234969151	0	0	44b1f5e6ba86000854a3681f0907
user10	545	57	1269234969164	0	0	44b1f5e6ba86000854a3681f0907
user10	550	60	1269234969176	0	0	44b1f5e6ba86000854a3681f0907
user10	555	64	1269234969190	0	0	44b1f5e6ba86000854a3681f0907
user10	559	69	1269234969193	0	0	44b1f5e6ba86000854a3681f0907
user10	568	78	1269234969208	0	0	44b1f5e6ba86000854a3681f0907
user10	579	88	1269234969223	0	0	44b1f5e6ba86000854a3681f0907
user10	584	93	1269234969238	0	0	44b1f5e6ba86000854a3681f0907
user10	590	97	1269234969240	0	0	44b1f5e6ba86000854a3681f0907
user10	597	104	1269234969252	0	0	44b1f5e6ba86000854a3681f0907
user10	604	112	1269234969264	0	0	44b1f5e6ba86000854a3681f0907
user10	609	115	1269234969277	0	0	44b1f5e6ba86000854a3681f0907
user10	611	118	1269234969280	0	0	44b1f5e6ba86000854a3681f0907
user10	614	121	1269234969294	0	0	44b1f5e6ba86000854a3681f0907
user10	616	125	1269234969296	0	0	44b1f5e6ba86000854a3681f0907
user10	619	130	1269234969309	0	0	44b1f5e6ba86000854a3681f0907
user10	621	139	1269234969321	0	0	44b1f5e6ba86000854a3681f0907
user10	623	143	1269234969331	0	0	44b1f5e6ba86000854a3681f0907
user10	624	149	1269234969343	0	0	44b1f5e6ba86000854a3681f0907
user10	625	153	1269234969345	0	0	44b1f5e6ba86000854a3681f0907
user10	627	157	1269234969356	0	0	44b1f5e6ba86000854a3681f0907
user10	628	161	1269234969368	0	0	44b1f5e6ba86000854a3681f0907
user10	631	169	1269234969379	0	0	44b1f5e6ba86000854a3681f0907
user10	633	171	1269234969390	0	0	44b1f5e6ba86000854a3681f0907
user10	635	174	1269234969393	0	0	44b1f5e6ba86000854a3681f0907
user10	638	177	1269234969404	0	0	44b1f5e6ba86000854a3681f0907
user10	640	179	1269234969414	0	0	44b1f5e6ba86000854a3681f0907
user10	642	181	1269234969416	0	0	44b1f5e6ba86000854a3681f0907
user10	645	183	1269234969428	0	0	44b1f5e6ba86000854a3681f0907
user10	650	186	1269234969440	0	0	44b1f5e6ba86000854a3681f0907
user10	653	187	1269234969450	0	0	44b1f5e6ba86000854a3681f0907
user10	656	189	1269234969461	0	0	44b1f5e6ba86000854a3681f0907
user10	658	189	1269234969463	0	0	44b1f5e6ba86000854a3681f0907
user10	660	190	1269234969475	0	0	44b1f5e6ba86000854a3681f0907
user10	663	190	1269234969486	0	0	44b1f5e6ba86000854a3681f0907
user10	665	190	1269234969488	0	0	44b1f5e6ba86000854a3681f0907
user10	667	190	1269234969498	0	0	44b1f5e6ba86000854a3681f0907
user10	673	190	1269234969513	0	0	44b1f5e6ba86000854a3681f0907
user10	676	190	1269234969524	0	0	44b1f5e6ba86000854a3681f0907
user10	679	190	1269234969534	0	0	44b1f5e6ba86000854a3681f0907
user10	684	190	1269234969545	0	0	44b1f5e6ba86000854a3681f0907
user10	687	190	1269234969557	0	0	44b1f5e6ba86000854a3681f0907
user10	691	190	1269234969567	0	0	44b1f5e6ba86000854a3681f0907
user10	692	190	1269234969579	0	0	44b1f5e6ba86000854a3681f0907
user10	696	190	1269234969591	0	0	44b1f5e6ba86000854a3681f0907
user10	697	189	1269234969601	0	0	44b1f5e6ba86000854a3681f0907
user10	699	189	1269234969615	0	0	44b1f5e6ba86000854a3681f0907
user10	699	188	1269234969627	0	0	44b1f5e6ba86000854a3681f0907
user10	700	188	1269234969639	0	0	44b1f5e6ba86000854a3681f0907
user10	701	187	1269234969641	0	0	44b1f5e6ba86000854a3681f0907
user10	705	185	1269234969656	0	0	44b1f5e6ba86000854a3681f0907
user10	706	184	1269234969666	0	0	44b1f5e6ba86000854a3681f0907
user10	707	184	1269234969678	0	0	44b1f5e6ba86000854a3681f0907
user10	709	182	1269234969680	0	0	44b1f5e6ba86000854a3681f0907
user10	711	182	1269234969694	0	0	44b1f5e6ba86000854a3681f0907
user10	712	182	1269234969696	0	0	44b1f5e6ba86000854a3681f0907
user10	713	181	1269234969708	0	0	44b1f5e6ba86000854a3681f0907
user10	714	180	1269234969718	0	0	44b1f5e6ba86000854a3681f0907
user10	716	179	1269234969730	0	0	44b1f5e6ba86000854a3681f0907
user10	717	178	1269234969741	0	0	44b1f5e6ba86000854a3681f0907
user10	718	178	1269234969744	0	0	44b1f5e6ba86000854a3681f0907
user10	719	177	1269234969755	0	0	44b1f5e6ba86000854a3681f0907
user10	721	177	1269234969765	0	0	44b1f5e6ba86000854a3681f0907
user10	722	177	1269234969767	0	0	44b1f5e6ba86000854a3681f0907
user10	724	176	1269234969779	0	0	44b1f5e6ba86000854a3681f0907
user10	725	175	1269234969791	0	0	44b1f5e6ba86000854a3681f0907
user10	726	174	1269234969802	0	0	44b1f5e6ba86000854a3681f0907
user10	726	173	1269234969813	0	0	44b1f5e6ba86000854a3681f0907
user10	726	172	1269234969855	0	0	44b1f5e6ba86000854a3681f0907
user10	726	171	1269234969887	0	0	44b1f5e6ba86000854a3681f0907
user10	727	171	1269234969911	0	0	44b1f5e6ba86000854a3681f0907
user10	727	171	1269234970096	1269234969999	1269234970096	44b1f5e6ba86000854a3681f0907
user10	708	225	1269234972447	0	0	44b1f5e6ba86000854a3681f0907
user10	708	225	1269234972934	0	0	44b1f5e6ba86000854a3681f0907
user10	709	224	1269234974335	0	0	44b1f5e6ba86000854a3681f0907
user10	710	223	1269234974351	0	0	44b1f5e6ba86000854a3681f0907
user10	710	222	1269234974369	0	0	44b1f5e6ba86000854a3681f0907
user10	710	221	1269234974384	0	0	44b1f5e6ba86000854a3681f0907
user10	711	220	1269234974388	0	0	44b1f5e6ba86000854a3681f0907
user10	712	219	1269234974403	0	0	44b1f5e6ba86000854a3681f0907
user10	712	217	1269234974405	0	0	44b1f5e6ba86000854a3681f0907
user10	713	216	1269234974408	0	0	44b1f5e6ba86000854a3681f0907
user10	714	211	1269234974423	0	0	44b1f5e6ba86000854a3681f0907
user10	715	209	1269234974438	0	0	44b1f5e6ba86000854a3681f0907
user10	716	206	1269234974441	0	0	44b1f5e6ba86000854a3681f0907
user10	717	202	1269234974456	0	0	44b1f5e6ba86000854a3681f0907
user10	717	197	1269234974472	0	0	44b1f5e6ba86000854a3681f0907
user10	717	194	1269234974487	0	0	44b1f5e6ba86000854a3681f0907
user10	718	192	1269234974501	0	0	44b1f5e6ba86000854a3681f0907
user10	718	189	1269234974504	0	0	44b1f5e6ba86000854a3681f0907
user10	718	187	1269234974516	0	0	44b1f5e6ba86000854a3681f0907
user10	718	186	1269234974519	0	0	44b1f5e6ba86000854a3681f0907
user10	718	184	1269234974531	0	0	44b1f5e6ba86000854a3681f0907
user10	717	181	1269234974544	0	0	44b1f5e6ba86000854a3681f0907
user10	717	180	1269234974558	0	0	44b1f5e6ba86000854a3681f0907
user10	717	179	1269234974560	0	0	44b1f5e6ba86000854a3681f0907
user10	717	178	1269234974573	0	0	44b1f5e6ba86000854a3681f0907
user10	716	176	1269234974576	0	0	44b1f5e6ba86000854a3681f0907
user10	716	175	1269234974589	0	0	44b1f5e6ba86000854a3681f0907
user10	716	173	1269234974591	0	0	44b1f5e6ba86000854a3681f0907
user10	716	172	1269234974603	0	0	44b1f5e6ba86000854a3681f0907
user10	716	170	1269234974613	0	0	44b1f5e6ba86000854a3681f0907
user10	716	167	1269234974625	0	0	44b1f5e6ba86000854a3681f0907
user10	716	166	1269234974639	0	0	44b1f5e6ba86000854a3681f0907
user10	716	164	1269234974641	0	0	44b1f5e6ba86000854a3681f0907
user10	716	163	1269234974652	0	0	44b1f5e6ba86000854a3681f0907
user10	716	162	1269234974663	0	0	44b1f5e6ba86000854a3681f0907
user10	716	161	1269234974677	0	0	44b1f5e6ba86000854a3681f0907
user10	716	161	1269234974831	1269234974711	1269234974831	44b1f5e6ba86000854a3681f0907
user10	661	240	1269234976100	0	0	44b1f5e6ba86000854a3681f0907
user10	661	243	1269234976108	0	0	44b1f5e6ba86000854a3681f0907
user10	661	245	1269234976111	0	0	44b1f5e6ba86000854a3681f0907
user10	661	248	1269234976138	0	0	44b1f5e6ba86000854a3681f0907
user10	662	248	1269234976423	0	0	44b1f5e6ba86000854a3681f0907
user10	663	248	1269234976439	0	0	44b1f5e6ba86000854a3681f0907
user10	663	249	1269234976495	0	0	44b1f5e6ba86000854a3681f0907
user10	663	249	1269234976694	0	0	44b1f5e6ba86000854a3681f0907
user10	664	248	1269234976784	0	0	44b1f5e6ba86000854a3681f0907
user10	664	247	1269234976799	0	0	44b1f5e6ba86000854a3681f0907
user10	666	247	1269234976803	0	0	44b1f5e6ba86000854a3681f0907
user10	668	245	1269234976818	0	0	44b1f5e6ba86000854a3681f0907
user10	670	243	1269234976821	0	0	44b1f5e6ba86000854a3681f0907
user10	673	241	1269234976824	0	0	44b1f5e6ba86000854a3681f0907
user10	679	236	1269234976839	0	0	44b1f5e6ba86000854a3681f0907
user10	683	233	1269234976855	0	0	44b1f5e6ba86000854a3681f0907
user10	688	228	1269234976858	0	0	44b1f5e6ba86000854a3681f0907
user10	695	220	1269234976874	0	0	44b1f5e6ba86000854a3681f0907
user10	703	211	1269234976890	0	0	44b1f5e6ba86000854a3681f0907
user10	708	203	1269234976903	0	0	44b1f5e6ba86000854a3681f0907
user10	709	201	1269234976916	0	0	44b1f5e6ba86000854a3681f0907
user10	711	196	1269234976928	0	0	44b1f5e6ba86000854a3681f0907
user10	712	193	1269234976941	0	0	44b1f5e6ba86000854a3681f0907
user10	712	192	1269234976943	0	0	44b1f5e6ba86000854a3681f0907
user10	712	190	1269234976955	0	0	44b1f5e6ba86000854a3681f0907
user10	712	186	1269234976970	0	0	44b1f5e6ba86000854a3681f0907
user10	713	183	1269234976983	0	0	44b1f5e6ba86000854a3681f0907
user10	713	182	1269234976986	0	0	44b1f5e6ba86000854a3681f0907
user10	714	181	1269234976997	0	0	44b1f5e6ba86000854a3681f0907
user10	714	177	1269234977008	0	0	44b1f5e6ba86000854a3681f0907
user10	715	176	1269234977022	0	0	44b1f5e6ba86000854a3681f0907
user10	715	175	1269234977024	0	0	44b1f5e6ba86000854a3681f0907
user10	715	174	1269234977039	0	0	44b1f5e6ba86000854a3681f0907
user10	716	174	1269234977050	0	0	44b1f5e6ba86000854a3681f0907
user10	716	173	1269234977063	0	0	44b1f5e6ba86000854a3681f0907
user10	717	172	1269234977074	0	0	44b1f5e6ba86000854a3681f0907
user10	718	171	1269234977090	0	0	44b1f5e6ba86000854a3681f0907
user10	719	169	1269234977106	0	0	44b1f5e6ba86000854a3681f0907
user10	719	168	1269234977127	0	0	44b1f5e6ba86000854a3681f0907
user10	719	168	1269234977239	1269234977139	1269234977239	44b1f5e6ba86000854a3681f0907
user10	540	48	1269234981555	0	0	44b1f5e6ba86000854a3681f0907
user10	540	49	1269234981759	0	0	44b1f5e6ba86000854a3681f0907
user10	541	50	1269234981771	0	0	44b1f5e6ba86000854a3681f0907
user10	544	55	1269234981784	0	0	44b1f5e6ba86000854a3681f0907
user10	545	59	1269234981798	0	0	44b1f5e6ba86000854a3681f0907
user10	548	62	1269234981801	0	0	44b1f5e6ba86000854a3681f0907
user10	555	72	1269234981818	0	0	44b1f5e6ba86000854a3681f0907
user10	560	79	1269234981823	0	0	44b1f5e6ba86000854a3681f0907
user10	572	92	1269234981839	0	0	44b1f5e6ba86000854a3681f0907
user10	586	106	1269234981856	0	0	44b1f5e6ba86000854a3681f0907
user10	599	118	1269234981872	0	0	44b1f5e6ba86000854a3681f0907
user10	611	130	1269234981889	0	0	44b1f5e6ba86000854a3681f0907
user10	619	140	1269234981903	0	0	44b1f5e6ba86000854a3681f0907
user10	622	144	1269234981916	0	0	44b1f5e6ba86000854a3681f0907
user10	625	150	1269234981919	0	0	44b1f5e6ba86000854a3681f0907
user10	629	153	1269234981931	0	0	44b1f5e6ba86000854a3681f0907
user10	634	160	1269234981945	0	0	44b1f5e6ba86000854a3681f0907
user10	636	162	1269234981957	0	0	44b1f5e6ba86000854a3681f0907
user10	638	166	1269234981960	0	0	44b1f5e6ba86000854a3681f0907
user10	640	167	1269234981974	0	0	44b1f5e6ba86000854a3681f0907
user10	642	169	1269234981976	0	0	44b1f5e6ba86000854a3681f0907
user10	642	170	1269234981989	0	0	44b1f5e6ba86000854a3681f0907
user10	642	172	1269234981991	0	0	44b1f5e6ba86000854a3681f0907
user10	643	173	1269234982004	0	0	44b1f5e6ba86000854a3681f0907
user10	644	175	1269234982015	0	0	44b1f5e6ba86000854a3681f0907
user10	646	176	1269234982026	0	0	44b1f5e6ba86000854a3681f0907
user10	646	177	1269234982038	0	0	44b1f5e6ba86000854a3681f0907
user10	648	178	1269234982040	0	0	44b1f5e6ba86000854a3681f0907
user10	649	179	1269234982052	0	0	44b1f5e6ba86000854a3681f0907
user10	650	180	1269234982065	0	0	44b1f5e6ba86000854a3681f0907
user10	652	182	1269234982077	0	0	44b1f5e6ba86000854a3681f0907
user10	654	183	1269234982089	0	0	44b1f5e6ba86000854a3681f0907
user10	656	184	1269234982101	0	0	44b1f5e6ba86000854a3681f0907
user10	656	185	1269234982103	0	0	44b1f5e6ba86000854a3681f0907
user10	656	185	1269234982117	0	0	44b1f5e6ba86000854a3681f0907
user10	657	186	1269234982119	0	0	44b1f5e6ba86000854a3681f0907
user10	658	187	1269234982130	0	0	44b1f5e6ba86000854a3681f0907
user10	658	189	1269234982141	0	0	44b1f5e6ba86000854a3681f0907
user10	660	190	1269234982144	0	0	44b1f5e6ba86000854a3681f0907
user10	662	192	1269234982165	0	0	44b1f5e6ba86000854a3681f0907
user10	664	193	1269234982167	0	0	44b1f5e6ba86000854a3681f0907
user10	668	195	1269234982183	0	0	44b1f5e6ba86000854a3681f0907
user10	671	195	1269234982197	0	0	44b1f5e6ba86000854a3681f0907
user10	674	196	1269234982200	0	0	44b1f5e6ba86000854a3681f0907
user10	679	198	1269234982210	0	0	44b1f5e6ba86000854a3681f0907
user10	682	199	1269234982221	0	0	44b1f5e6ba86000854a3681f0907
user10	685	200	1269234982223	0	0	44b1f5e6ba86000854a3681f0907
user10	691	201	1269234982237	0	0	44b1f5e6ba86000854a3681f0907
user10	695	201	1269234982239	0	0	44b1f5e6ba86000854a3681f0907
user10	698	202	1269234982251	0	0	44b1f5e6ba86000854a3681f0907
user10	702	202	1269234982262	0	0	44b1f5e6ba86000854a3681f0907
user10	705	202	1269234982273	0	0	44b1f5e6ba86000854a3681f0907
user10	705	203	1269234982503	0	0	44b1f5e6ba86000854a3681f0907
user10	708	202	1269234982516	0	0	44b1f5e6ba86000854a3681f0907
user10	709	202	1269234982519	0	0	44b1f5e6ba86000854a3681f0907
user10	710	202	1269234982531	0	0	44b1f5e6ba86000854a3681f0907
user10	713	202	1269234982545	0	0	44b1f5e6ba86000854a3681f0907
user10	717	202	1269234982559	0	0	44b1f5e6ba86000854a3681f0907
user10	719	202	1269234982572	0	0	44b1f5e6ba86000854a3681f0907
user10	722	202	1269234982584	0	0	44b1f5e6ba86000854a3681f0907
user10	724	201	1269234982587	0	0	44b1f5e6ba86000854a3681f0907
user10	726	201	1269234982599	0	0	44b1f5e6ba86000854a3681f0907
user10	727	200	1269234982602	0	0	44b1f5e6ba86000854a3681f0907
user10	728	200	1269234982613	0	0	44b1f5e6ba86000854a3681f0907
user10	730	199	1269234982627	0	0	44b1f5e6ba86000854a3681f0907
user10	734	197	1269234982641	0	0	44b1f5e6ba86000854a3681f0907
user10	738	194	1269234982656	0	0	44b1f5e6ba86000854a3681f0907
user10	739	193	1269234982669	0	0	44b1f5e6ba86000854a3681f0907
user10	741	192	1269234982672	0	0	44b1f5e6ba86000854a3681f0907
user10	742	191	1269234982684	0	0	44b1f5e6ba86000854a3681f0907
user10	743	189	1269234982687	0	0	44b1f5e6ba86000854a3681f0907
user10	744	189	1269234982698	0	0	44b1f5e6ba86000854a3681f0907
user10	744	187	1269234982710	0	0	44b1f5e6ba86000854a3681f0907
user10	744	186	1269234982712	0	0	44b1f5e6ba86000854a3681f0907
user10	744	184	1269234982726	0	0	44b1f5e6ba86000854a3681f0907
user10	744	183	1269234982742	0	0	44b1f5e6ba86000854a3681f0907
user10	744	181	1269234982755	0	0	44b1f5e6ba86000854a3681f0907
user10	744	180	1269234982767	0	0	44b1f5e6ba86000854a3681f0907
user10	744	178	1269234982769	0	0	44b1f5e6ba86000854a3681f0907
user10	744	177	1269234982780	0	0	44b1f5e6ba86000854a3681f0907
user10	744	175	1269234982792	0	0	44b1f5e6ba86000854a3681f0907
user10	744	174	1269234982803	0	0	44b1f5e6ba86000854a3681f0907
user10	744	173	1269234982814	0	0	44b1f5e6ba86000854a3681f0907
user10	744	172	1269234982816	0	0	44b1f5e6ba86000854a3681f0907
user10	744	171	1269234982854	0	0	44b1f5e6ba86000854a3681f0907
user10	743	171	1269234982878	0	0	44b1f5e6ba86000854a3681f0907
user10	743	170	1269234982942	0	0	44b1f5e6ba86000854a3681f0907
user10	743	170	1269234983183	1269234983055	1269234983183	44b1f5e6ba86000854a3681f0907
user10	734	166	1269234985896	0	0	44b1f5e6ba86000854a3681f0907
user10	733	166	1269234985959	0	0	44b1f5e6ba86000854a3681f0907
user10	732	166	1269234986007	0	0	44b1f5e6ba86000854a3681f0907
user10	731	166	1269234986023	0	0	44b1f5e6ba86000854a3681f0907
user10	730	166	1269234986039	0	0	44b1f5e6ba86000854a3681f0907
user10	729	166	1269234986055	0	0	44b1f5e6ba86000854a3681f0907
user10	728	166	1269234986078	0	0	44b1f5e6ba86000854a3681f0907
user10	727	166	1269234986095	0	0	44b1f5e6ba86000854a3681f0907
user10	726	166	1269234986150	0	0	44b1f5e6ba86000854a3681f0907
user10	726	167	1269234986163	0	0	44b1f5e6ba86000854a3681f0907
user10	726	168	1269234986182	0	0	44b1f5e6ba86000854a3681f0907
user10	725	169	1269234986196	0	0	44b1f5e6ba86000854a3681f0907
user10	725	170	1269234986209	0	0	44b1f5e6ba86000854a3681f0907
user10	725	171	1269234986223	0	0	44b1f5e6ba86000854a3681f0907
user10	725	172	1269234986238	0	0	44b1f5e6ba86000854a3681f0907
user10	725	173	1269234986255	0	0	44b1f5e6ba86000854a3681f0907
user10	725	174	1269234986266	0	0	44b1f5e6ba86000854a3681f0907
user10	723	176	1269234986280	0	0	44b1f5e6ba86000854a3681f0907
user10	723	179	1269234986295	0	0	44b1f5e6ba86000854a3681f0907
user10	721	181	1269234986309	0	0	44b1f5e6ba86000854a3681f0907
user10	719	185	1269234986323	0	0	44b1f5e6ba86000854a3681f0907
user10	717	187	1269234986335	0	0	44b1f5e6ba86000854a3681f0907
user10	716	187	1269234986347	0	0	44b1f5e6ba86000854a3681f0907
user10	715	188	1269234986361	0	0	44b1f5e6ba86000854a3681f0907
user10	714	188	1269234986374	0	0	44b1f5e6ba86000854a3681f0907
user10	713	188	1269234986386	0	0	44b1f5e6ba86000854a3681f0907
user10	712	188	1269234986400	0	0	44b1f5e6ba86000854a3681f0907
user10	712	188	1269234986419	0	0	44b1f5e6ba86000854a3681f0907
user10	711	188	1269234986426	0	0	44b1f5e6ba86000854a3681f0907
user10	709	187	1269234986442	0	0	44b1f5e6ba86000854a3681f0907
user10	705	186	1269234986458	0	0	44b1f5e6ba86000854a3681f0907
user10	700	184	1269234986474	0	0	44b1f5e6ba86000854a3681f0907
user10	696	182	1269234986487	0	0	44b1f5e6ba86000854a3681f0907
user10	694	181	1269234986502	0	0	44b1f5e6ba86000854a3681f0907
user10	692	180	1269234986508	0	0	44b1f5e6ba86000854a3681f0907
user10	691	180	1269234986522	0	0	44b1f5e6ba86000854a3681f0907
user10	692	180	1269234986614	0	0	44b1f5e6ba86000854a3681f0907
user10	694	178	1269234986625	0	0	44b1f5e6ba86000854a3681f0907
user10	695	178	1269234986637	0	0	44b1f5e6ba86000854a3681f0907
user10	700	176	1269234986650	0	0	44b1f5e6ba86000854a3681f0907
user10	702	175	1269234986662	0	0	44b1f5e6ba86000854a3681f0907
user10	703	174	1269234986663	0	0	44b1f5e6ba86000854a3681f0907
user10	705	174	1269234986675	0	0	44b1f5e6ba86000854a3681f0907
user10	707	174	1269234986686	0	0	44b1f5e6ba86000854a3681f0907
user10	708	174	1269234986688	0	0	44b1f5e6ba86000854a3681f0907
user10	709	173	1269234986701	0	0	44b1f5e6ba86000854a3681f0907
user10	710	173	1269234986703	0	0	44b1f5e6ba86000854a3681f0907
user10	711	172	1269234986862	0	0	44b1f5e6ba86000854a3681f0907
user10	712	171	1269234986886	0	0	44b1f5e6ba86000854a3681f0907
user10	713	171	1269234986898	0	0	44b1f5e6ba86000854a3681f0907
user10	713	170	1269234986911	0	0	44b1f5e6ba86000854a3681f0907
user10	714	170	1269234986913	0	0	44b1f5e6ba86000854a3681f0907
user10	715	170	1269234986934	0	0	44b1f5e6ba86000854a3681f0907
user10	716	169	1269234986947	0	0	44b1f5e6ba86000854a3681f0907
user10	717	169	1269234986960	0	0	44b1f5e6ba86000854a3681f0907
user10	718	169	1269234986972	0	0	44b1f5e6ba86000854a3681f0907
user10	720	169	1269234986985	0	0	44b1f5e6ba86000854a3681f0907
user10	721	168	1269234986998	0	0	44b1f5e6ba86000854a3681f0907
user10	722	168	1269234987009	0	0	44b1f5e6ba86000854a3681f0907
user10	723	168	1269234987020	0	0	44b1f5e6ba86000854a3681f0907
user10	723	168	1269234987207	1269234987102	1269234987207	44b1f5e6ba86000854a3681f0907
user10	547	309	1269234989101	0	0	44b1f5e6ba86000854a3681f0907
user10	547	309	1269234989431	1269234989334	1269234989431	44b1f5e6ba86000854a3681f0907
user10	547	309	1269234989594	0	0	44b1f5e6ba86000854a3681f0907
user10	550	309	1269235002646	0	0	44b1f5e6ba86000854a3681f0907
user10	559	310	1269235002662	0	0	44b1f5e6ba86000854a3681f0907
user10	564	313	1269235002678	0	0	44b1f5e6ba86000854a3681f0907
user10	570	318	1269235002694	0	0	44b1f5e6ba86000854a3681f0907
user10	577	324	1269235002713	0	0	44b1f5e6ba86000854a3681f0907
user10	589	330	1269235002730	0	0	44b1f5e6ba86000854a3681f0907
user10	604	334	1269235002747	0	0	44b1f5e6ba86000854a3681f0907
user10	608	335	1269235002752	0	0	44b1f5e6ba86000854a3681f0907
user10	617	335	1269235002768	0	0	44b1f5e6ba86000854a3681f0907
user10	619	335	1269235002785	0	0	44b1f5e6ba86000854a3681f0907
user10	621	335	1269235002799	0	0	44b1f5e6ba86000854a3681f0907
user10	621	335	1269235003070	1269235003006	1269235003070	44b1f5e6ba86000854a3681f0907
user10	621	335	1269235004675	0	0	44b1f5e6ba86000854a3681f0907
user10	621	335	1269235005162	0	0	44b1f5e6ba86000854a3681f0907
user10	623	335	1269235005325	0	0	44b1f5e6ba86000854a3681f0907
user10	624	335	1269235005341	0	0	44b1f5e6ba86000854a3681f0907
user10	624	333	1269235005356	0	0	44b1f5e6ba86000854a3681f0907
user10	625	330	1269235005359	0	0	44b1f5e6ba86000854a3681f0907
user10	625	319	1269235005375	0	0	44b1f5e6ba86000854a3681f0907
user10	625	305	1269235005394	0	0	44b1f5e6ba86000854a3681f0907
user10	627	290	1269235005412	0	0	44b1f5e6ba86000854a3681f0907
user10	629	285	1269235005415	0	0	44b1f5e6ba86000854a3681f0907
user10	633	274	1269235005431	0	0	44b1f5e6ba86000854a3681f0907
user10	634	266	1269235005448	0	0	44b1f5e6ba86000854a3681f0907
user10	635	259	1269235005465	0	0	44b1f5e6ba86000854a3681f0907
user10	636	253	1269235005483	0	0	44b1f5e6ba86000854a3681f0907
user10	636	250	1269235005487	0	0	44b1f5e6ba86000854a3681f0907
user10	636	248	1269235005501	0	0	44b1f5e6ba86000854a3681f0907
user10	636	245	1269235005503	0	0	44b1f5e6ba86000854a3681f0907
user10	636	242	1269235005517	0	0	44b1f5e6ba86000854a3681f0907
user10	636	240	1269235005519	0	0	44b1f5e6ba86000854a3681f0907
user10	636	236	1269235005532	0	0	44b1f5e6ba86000854a3681f0907
user10	637	234	1269235005535	0	0	44b1f5e6ba86000854a3681f0907
user10	637	231	1269235005548	0	0	44b1f5e6ba86000854a3681f0907
user10	637	229	1269235005550	0	0	44b1f5e6ba86000854a3681f0907
user10	637	228	1269235005564	0	0	44b1f5e6ba86000854a3681f0907
user10	637	227	1269235005567	0	0	44b1f5e6ba86000854a3681f0907
user10	637	225	1269235005580	0	0	44b1f5e6ba86000854a3681f0907
user10	637	223	1269235005583	0	0	44b1f5e6ba86000854a3681f0907
user10	637	221	1269235005596	0	0	44b1f5e6ba86000854a3681f0907
user10	637	220	1269235005598	0	0	44b1f5e6ba86000854a3681f0907
user10	638	218	1269235005611	0	0	44b1f5e6ba86000854a3681f0907
user10	638	216	1269235005622	0	0	44b1f5e6ba86000854a3681f0907
user10	638	214	1269235005624	0	0	44b1f5e6ba86000854a3681f0907
user10	638	213	1269235005636	0	0	44b1f5e6ba86000854a3681f0907
user10	638	212	1269235005643	0	0	44b1f5e6ba86000854a3681f0907
user10	638	210	1269235005646	0	0	44b1f5e6ba86000854a3681f0907
user10	638	209	1269235005661	0	0	44b1f5e6ba86000854a3681f0907
user10	638	207	1269235005663	0	0	44b1f5e6ba86000854a3681f0907
user10	640	204	1269235005679	0	0	44b1f5e6ba86000854a3681f0907
user10	640	203	1269235005692	0	0	44b1f5e6ba86000854a3681f0907
user10	640	201	1269235005694	0	0	44b1f5e6ba86000854a3681f0907
user10	641	200	1269235005710	0	0	44b1f5e6ba86000854a3681f0907
user10	642	200	1269235005941	0	0	44b1f5e6ba86000854a3681f0907
user10	643	200	1269235005959	0	0	44b1f5e6ba86000854a3681f0907
user10	644	200	1269235005973	0	0	44b1f5e6ba86000854a3681f0907
user10	646	200	1269235005984	0	0	44b1f5e6ba86000854a3681f0907
user10	649	200	1269235005996	0	0	44b1f5e6ba86000854a3681f0907
user10	652	199	1269235005999	0	0	44b1f5e6ba86000854a3681f0907
user10	656	198	1269235006012	0	0	44b1f5e6ba86000854a3681f0907
user10	660	198	1269235006014	0	0	44b1f5e6ba86000854a3681f0907
user10	664	198	1269235006029	0	0	44b1f5e6ba86000854a3681f0907
user10	669	196	1269235006031	0	0	44b1f5e6ba86000854a3681f0907
user10	673	193	1269235006043	0	0	44b1f5e6ba86000854a3681f0907
user10	677	192	1269235006046	0	0	44b1f5e6ba86000854a3681f0907
user10	680	191	1269235006058	0	0	44b1f5e6ba86000854a3681f0907
user10	684	189	1269235006070	0	0	44b1f5e6ba86000854a3681f0907
user10	687	187	1269235006084	0	0	44b1f5e6ba86000854a3681f0907
user10	691	186	1269235006087	0	0	44b1f5e6ba86000854a3681f0907
user10	694	186	1269235006100	0	0	44b1f5e6ba86000854a3681f0907
user10	697	184	1269235006102	0	0	44b1f5e6ba86000854a3681f0907
user10	700	182	1269235006113	0	0	44b1f5e6ba86000854a3681f0907
user10	704	180	1269235006124	0	0	44b1f5e6ba86000854a3681f0907
user10	706	178	1269235006127	0	0	44b1f5e6ba86000854a3681f0907
user10	708	177	1269235006138	0	0	44b1f5e6ba86000854a3681f0907
user10	711	176	1269235006150	0	0	44b1f5e6ba86000854a3681f0907
user10	712	175	1269235006164	0	0	44b1f5e6ba86000854a3681f0907
user10	713	175	1269235006165	0	0	44b1f5e6ba86000854a3681f0907
user10	713	174	1269235006213	0	0	44b1f5e6ba86000854a3681f0907
user10	714	174	1269235006224	0	0	44b1f5e6ba86000854a3681f0907
user10	715	174	1269235006245	0	0	44b1f5e6ba86000854a3681f0907
user10	715	173	1269235006285	0	0	44b1f5e6ba86000854a3681f0907
user10	715	172	1269235006317	0	0	44b1f5e6ba86000854a3681f0907
user10	716	172	1269235006413	0	0	44b1f5e6ba86000854a3681f0907
user10	716	171	1269235006424	0	0	44b1f5e6ba86000854a3681f0907
user10	716	170	1269235006437	0	0	44b1f5e6ba86000854a3681f0907
user10	717	170	1269235006461	0	0	44b1f5e6ba86000854a3681f0907
user10	717	170	1269235007134	1269235006981	1269235007134	44b1f5e6ba86000854a3681f0907
user10	540	57	1269235012268	0	0	44b1f5e6ba86000854a3681f0907
user10	540	58	1269235012637	0	0	44b1f5e6ba86000854a3681f0907
user10	542	61	1269235012648	0	0	44b1f5e6ba86000854a3681f0907
user10	542	64	1269235012659	0	0	44b1f5e6ba86000854a3681f0907
user10	549	78	1269235012672	0	0	44b1f5e6ba86000854a3681f0907
user10	562	98	1269235012685	0	0	44b1f5e6ba86000854a3681f0907
user10	569	113	1269235012697	0	0	44b1f5e6ba86000854a3681f0907
user10	582	140	1269235012711	0	0	44b1f5e6ba86000854a3681f0907
user10	597	169	1269235012727	0	0	44b1f5e6ba86000854a3681f0907
user10	602	183	1269235012740	0	0	44b1f5e6ba86000854a3681f0907
user10	604	195	1269235012742	0	0	44b1f5e6ba86000854a3681f0907
user10	607	209	1269235012756	0	0	44b1f5e6ba86000854a3681f0907
user10	611	224	1269235012759	0	0	44b1f5e6ba86000854a3681f0907
user10	612	253	1269235012774	0	0	44b1f5e6ba86000854a3681f0907
user10	612	267	1269235012788	0	0	44b1f5e6ba86000854a3681f0907
user10	612	280	1269235012792	0	0	44b1f5e6ba86000854a3681f0907
user10	608	292	1269235012804	0	0	44b1f5e6ba86000854a3681f0907
user10	606	303	1269235012806	0	0	44b1f5e6ba86000854a3681f0907
user10	601	311	1269235012818	0	0	44b1f5e6ba86000854a3681f0907
user10	588	325	1269235012830	0	0	44b1f5e6ba86000854a3681f0907
user10	583	330	1269235012842	0	0	44b1f5e6ba86000854a3681f0907
user10	573	338	1269235012854	0	0	44b1f5e6ba86000854a3681f0907
user10	569	339	1269235012865	0	0	44b1f5e6ba86000854a3681f0907
user10	563	340	1269235012876	0	0	44b1f5e6ba86000854a3681f0907
user10	559	341	1269235012878	0	0	44b1f5e6ba86000854a3681f0907
user10	555	341	1269235012890	0	0	44b1f5e6ba86000854a3681f0907
user10	548	341	1269235012903	0	0	44b1f5e6ba86000854a3681f0907
user10	546	341	1269235012913	0	0	44b1f5e6ba86000854a3681f0907
user10	541	341	1269235012925	0	0	44b1f5e6ba86000854a3681f0907
user10	538	341	1269235012937	0	0	44b1f5e6ba86000854a3681f0907
user10	537	339	1269235012947	0	0	44b1f5e6ba86000854a3681f0907
user10	533	337	1269235012958	0	0	44b1f5e6ba86000854a3681f0907
user10	532	335	1269235012970	0	0	44b1f5e6ba86000854a3681f0907
user10	528	331	1269235012981	0	0	44b1f5e6ba86000854a3681f0907
user10	526	329	1269235012984	0	0	44b1f5e6ba86000854a3681f0907
user10	524	326	1269235012995	0	0	44b1f5e6ba86000854a3681f0907
user10	520	324	1269235012997	0	0	44b1f5e6ba86000854a3681f0907
user10	516	320	1269235013008	0	0	44b1f5e6ba86000854a3681f0907
user10	513	317	1269235013020	0	0	44b1f5e6ba86000854a3681f0907
user10	509	312	1269235013022	0	0	44b1f5e6ba86000854a3681f0907
user10	505	308	1269235013035	0	0	44b1f5e6ba86000854a3681f0907
user10	503	306	1269235013038	0	0	44b1f5e6ba86000854a3681f0907
user10	499	301	1269235013048	0	0	44b1f5e6ba86000854a3681f0907
user10	497	299	1269235013060	0	0	44b1f5e6ba86000854a3681f0907
user10	494	295	1269235013062	0	0	44b1f5e6ba86000854a3681f0907
user10	493	294	1269235013074	0	0	44b1f5e6ba86000854a3681f0907
user10	491	290	1269235013089	0	0	44b1f5e6ba86000854a3681f0907
user10	490	289	1269235013100	0	0	44b1f5e6ba86000854a3681f0907
user10	489	287	1269235013111	0	0	44b1f5e6ba86000854a3681f0907
user10	489	286	1269235013123	0	0	44b1f5e6ba86000854a3681f0907
user10	489	286	1269235013136	0	0	44b1f5e6ba86000854a3681f0907
user10	489	286	1269235013245	1269235013181	1269235013245	44b1f5e6ba86000854a3681f0907
user10	489	286	1269235017478	0	0	44b1f5e6ba86000854a3681f0907
user10	489	286	1269235017557	0	0	44b1f5e6ba86000854a3681f0907
user10	489	286	1269235017559	0	0	44b1f5e6ba86000854a3681f0907
user10	489	286	1269235017562	0	0	44b1f5e6ba86000854a3681f0907
user10	489	286	1269235017642	0	0	44b1f5e6ba86000854a3681f0907
user10	489	286	1269235018162	0	0	44b1f5e6ba86000854a3681f0907
user10	489	286	1269235018166	0	0	44b1f5e6ba86000854a3681f0907
user10	492	286	1269235018677	0	0	44b1f5e6ba86000854a3681f0907
user10	496	286	1269235018691	0	0	44b1f5e6ba86000854a3681f0907
user10	505	286	1269235018694	0	0	44b1f5e6ba86000854a3681f0907
user10	522	292	1269235018711	0	0	44b1f5e6ba86000854a3681f0907
user10	538	300	1269235018727	0	0	44b1f5e6ba86000854a3681f0907
user10	551	309	1269235018743	0	0	44b1f5e6ba86000854a3681f0907
user10	568	320	1269235018760	0	0	44b1f5e6ba86000854a3681f0907
user10	587	331	1269235018780	0	0	44b1f5e6ba86000854a3681f0907
user10	597	333	1269235018784	0	0	44b1f5e6ba86000854a3681f0907
user10	615	338	1269235018798	0	0	44b1f5e6ba86000854a3681f0907
user10	624	340	1269235018811	0	0	44b1f5e6ba86000854a3681f0907
user10	632	341	1269235018813	0	0	44b1f5e6ba86000854a3681f0907
user10	637	341	1269235018826	0	0	44b1f5e6ba86000854a3681f0907
user10	641	341	1269235018829	0	0	44b1f5e6ba86000854a3681f0907
user10	643	341	1269235018842	0	0	44b1f5e6ba86000854a3681f0907
user10	645	341	1269235018845	0	0	44b1f5e6ba86000854a3681f0907
user10	646	341	1269235018860	0	0	44b1f5e6ba86000854a3681f0907
user10	646	340	1269235018884	0	0	44b1f5e6ba86000854a3681f0907
user10	647	339	1269235018900	0	0	44b1f5e6ba86000854a3681f0907
user10	647	338	1269235018924	0	0	44b1f5e6ba86000854a3681f0907
user10	647	337	1269235018940	0	0	44b1f5e6ba86000854a3681f0907
user10	647	336	1269235018956	0	0	44b1f5e6ba86000854a3681f0907
user10	647	335	1269235018972	0	0	44b1f5e6ba86000854a3681f0907
user10	647	334	1269235018988	0	0	44b1f5e6ba86000854a3681f0907
user10	647	332	1269235019004	0	0	44b1f5e6ba86000854a3681f0907
user10	646	331	1269235019022	0	0	44b1f5e6ba86000854a3681f0907
user10	646	329	1269235019033	0	0	44b1f5e6ba86000854a3681f0907
user10	646	327	1269235019046	0	0	44b1f5e6ba86000854a3681f0907
user10	646	326	1269235019060	0	0	44b1f5e6ba86000854a3681f0907
user10	646	325	1269235019084	0	0	44b1f5e6ba86000854a3681f0907
user10	646	325	1269235019253	1269235019165	1269235019253	44b1f5e6ba86000854a3681f0907
user10	685	176	1269235022491	0	0	44b1f5e6ba86000854a3681f0907
user10	690	178	1269235022508	0	0	44b1f5e6ba86000854a3681f0907
user10	692	181	1269235022511	0	0	44b1f5e6ba86000854a3681f0907
user10	693	183	1269235022525	0	0	44b1f5e6ba86000854a3681f0907
user10	694	186	1269235022530	0	0	44b1f5e6ba86000854a3681f0907
user10	694	189	1269235022532	0	0	44b1f5e6ba86000854a3681f0907
user10	694	192	1269235022547	0	0	44b1f5e6ba86000854a3681f0907
user10	693	195	1269235022549	0	0	44b1f5e6ba86000854a3681f0907
user10	692	199	1269235022564	0	0	44b1f5e6ba86000854a3681f0907
user10	690	203	1269235022567	0	0	44b1f5e6ba86000854a3681f0907
user10	685	211	1269235022581	0	0	44b1f5e6ba86000854a3681f0907
user10	681	214	1269235022595	0	0	44b1f5e6ba86000854a3681f0907
user10	679	218	1269235022597	0	0	44b1f5e6ba86000854a3681f0907
user10	678	220	1269235022608	0	0	44b1f5e6ba86000854a3681f0907
user10	677	221	1269235022620	0	0	44b1f5e6ba86000854a3681f0907
user10	678	221	1269235022644	0	0	44b1f5e6ba86000854a3681f0907
user10	680	221	1269235022655	0	0	44b1f5e6ba86000854a3681f0907
user10	682	221	1269235022667	0	0	44b1f5e6ba86000854a3681f0907
user10	687	221	1269235022669	0	0	44b1f5e6ba86000854a3681f0907
user10	691	221	1269235022682	0	0	44b1f5e6ba86000854a3681f0907
user10	699	221	1269235022684	0	0	44b1f5e6ba86000854a3681f0907
user10	706	220	1269235022696	0	0	44b1f5e6ba86000854a3681f0907
user10	713	218	1269235022709	0	0	44b1f5e6ba86000854a3681f0907
user10	720	217	1269235022712	0	0	44b1f5e6ba86000854a3681f0907
user10	731	216	1269235022729	0	0	44b1f5e6ba86000854a3681f0907
user10	738	216	1269235022747	0	0	44b1f5e6ba86000854a3681f0907
user10	741	216	1269235022749	0	0	44b1f5e6ba86000854a3681f0907
user10	742	216	1269235022765	0	0	44b1f5e6ba86000854a3681f0907
user10	743	216	1269235022775	0	0	44b1f5e6ba86000854a3681f0907
user10	743	215	1269235022956	0	0	44b1f5e6ba86000854a3681f0907
user10	743	214	1269235022966	0	0	44b1f5e6ba86000854a3681f0907
user10	744	213	1269235022976	0	0	44b1f5e6ba86000854a3681f0907
user10	744	212	1269235022990	0	0	44b1f5e6ba86000854a3681f0907
user10	744	211	1269235023003	0	0	44b1f5e6ba86000854a3681f0907
user10	744	210	1269235023005	0	0	44b1f5e6ba86000854a3681f0907
user10	744	207	1269235023018	0	0	44b1f5e6ba86000854a3681f0907
user10	744	205	1269235023020	0	0	44b1f5e6ba86000854a3681f0907
user10	743	204	1269235023034	0	0	44b1f5e6ba86000854a3681f0907
user10	743	202	1269235023046	0	0	44b1f5e6ba86000854a3681f0907
user10	742	200	1269235023048	0	0	44b1f5e6ba86000854a3681f0907
user10	741	199	1269235023062	0	0	44b1f5e6ba86000854a3681f0907
user10	740	197	1269235023064	0	0	44b1f5e6ba86000854a3681f0907
user10	738	195	1269235023075	0	0	44b1f5e6ba86000854a3681f0907
user10	738	191	1269235023078	0	0	44b1f5e6ba86000854a3681f0907
user10	735	190	1269235023090	0	0	44b1f5e6ba86000854a3681f0907
user10	733	188	1269235023093	0	0	44b1f5e6ba86000854a3681f0907
user10	732	186	1269235023104	0	0	44b1f5e6ba86000854a3681f0907
user10	730	183	1269235023117	0	0	44b1f5e6ba86000854a3681f0907
user10	729	183	1269235023127	0	0	44b1f5e6ba86000854a3681f0907
user10	729	182	1269235023138	0	0	44b1f5e6ba86000854a3681f0907
user10	728	182	1269235023151	0	0	44b1f5e6ba86000854a3681f0907
user10	727	181	1269235023164	0	0	44b1f5e6ba86000854a3681f0907
user10	727	180	1269235023180	0	0	44b1f5e6ba86000854a3681f0907
user10	726	180	1269235023191	0	0	44b1f5e6ba86000854a3681f0907
user10	726	179	1269235023203	0	0	44b1f5e6ba86000854a3681f0907
user10	726	178	1269235023205	0	0	44b1f5e6ba86000854a3681f0907
user10	726	177	1269235023220	0	0	44b1f5e6ba86000854a3681f0907
user10	725	177	1269235023232	0	0	44b1f5e6ba86000854a3681f0907
user10	725	176	1269235023243	0	0	44b1f5e6ba86000854a3681f0907
user10	724	174	1269235023254	0	0	44b1f5e6ba86000854a3681f0907
user10	724	173	1269235023276	0	0	44b1f5e6ba86000854a3681f0907
user10	724	172	1269235023292	0	0	44b1f5e6ba86000854a3681f0907
user10	724	171	1269235023308	0	0	44b1f5e6ba86000854a3681f0907
user10	724	170	1269235023324	0	0	44b1f5e6ba86000854a3681f0907
user10	724	169	1269235023380	0	0	44b1f5e6ba86000854a3681f0907
user10	724	169	1269235023485	1269235023390	1269235023485	44b1f5e6ba86000854a3681f0907
user10	333	174	1269235035669	0	0	44b1f5e6ba86000854a3681f0907
user10	334	174	1269235036003	0	0	44b1f5e6ba86000854a3681f0907
user10	336	174	1269235036015	0	0	44b1f5e6ba86000854a3681f0907
user10	338	174	1269235036026	0	0	44b1f5e6ba86000854a3681f0907
user10	341	174	1269235036029	0	0	44b1f5e6ba86000854a3681f0907
user10	344	174	1269235036040	0	0	44b1f5e6ba86000854a3681f0907
user10	349	174	1269235036051	0	0	44b1f5e6ba86000854a3681f0907
user10	356	175	1269235036053	0	0	44b1f5e6ba86000854a3681f0907
user10	365	176	1269235036065	0	0	44b1f5e6ba86000854a3681f0907
user10	374	177	1269235036077	0	0	44b1f5e6ba86000854a3681f0907
user10	384	177	1269235036079	0	0	44b1f5e6ba86000854a3681f0907
user10	395	180	1269235036089	0	0	44b1f5e6ba86000854a3681f0907
user10	418	180	1269235036103	0	0	44b1f5e6ba86000854a3681f0907
user10	430	180	1269235036115	0	0	44b1f5e6ba86000854a3681f0907
user10	444	180	1269235036117	0	0	44b1f5e6ba86000854a3681f0907
user10	456	181	1269235036129	0	0	44b1f5e6ba86000854a3681f0907
user10	465	181	1269235036132	0	0	44b1f5e6ba86000854a3681f0907
user10	474	181	1269235036144	0	0	44b1f5e6ba86000854a3681f0907
user10	482	181	1269235036154	0	0	44b1f5e6ba86000854a3681f0907
user10	490	181	1269235036157	0	0	44b1f5e6ba86000854a3681f0907
user10	496	181	1269235036169	0	0	44b1f5e6ba86000854a3681f0907
user10	508	181	1269235036182	0	0	44b1f5e6ba86000854a3681f0907
user10	512	181	1269235036193	0	0	44b1f5e6ba86000854a3681f0907
user10	515	181	1269235036196	0	0	44b1f5e6ba86000854a3681f0907
user10	518	181	1269235036205	0	0	44b1f5e6ba86000854a3681f0907
user10	521	181	1269235036215	0	0	44b1f5e6ba86000854a3681f0907
user10	526	181	1269235036228	0	0	44b1f5e6ba86000854a3681f0907
user10	529	181	1269235036237	0	0	44b1f5e6ba86000854a3681f0907
user10	532	181	1269235036248	0	0	44b1f5e6ba86000854a3681f0907
user10	534	181	1269235036258	0	0	44b1f5e6ba86000854a3681f0907
user10	536	181	1269235036261	0	0	44b1f5e6ba86000854a3681f0907
user10	539	181	1269235036270	0	0	44b1f5e6ba86000854a3681f0907
user10	541	181	1269235036281	0	0	44b1f5e6ba86000854a3681f0907
user10	542	181	1269235036291	0	0	44b1f5e6ba86000854a3681f0907
user10	543	181	1269235036293	0	0	44b1f5e6ba86000854a3681f0907
user10	543	181	1269235036305	0	0	44b1f5e6ba86000854a3681f0907
user10	543	182	1269235036459	0	0	44b1f5e6ba86000854a3681f0907
user10	543	183	1269235036547	0	0	44b1f5e6ba86000854a3681f0907
user10	543	184	1269235036556	0	0	44b1f5e6ba86000854a3681f0907
user10	543	185	1269235036579	0	0	44b1f5e6ba86000854a3681f0907
user10	543	186	1269235036596	0	0	44b1f5e6ba86000854a3681f0907
user10	543	187	1269235036612	0	0	44b1f5e6ba86000854a3681f0907
user10	543	188	1269235036622	0	0	44b1f5e6ba86000854a3681f0907
user10	543	188	1269235036756	1269235036676	1269235036756	44b1f5e6ba86000854a3681f0907
user10	544	188	1269235036859	0	0	44b1f5e6ba86000854a3681f0907
user10	545	188	1269235036870	0	0	44b1f5e6ba86000854a3681f0907
user10	546	188	1269235036882	0	0	44b1f5e6ba86000854a3681f0907
user10	548	189	1269235036885	0	0	44b1f5e6ba86000854a3681f0907
user10	551	190	1269235036898	0	0	44b1f5e6ba86000854a3681f0907
user10	554	190	1269235036901	0	0	44b1f5e6ba86000854a3681f0907
user10	562	191	1269235036918	0	0	44b1f5e6ba86000854a3681f0907
user10	565	192	1269235036931	0	0	44b1f5e6ba86000854a3681f0907
user10	569	192	1269235036934	0	0	44b1f5e6ba86000854a3681f0907
user10	571	192	1269235036949	0	0	44b1f5e6ba86000854a3681f0907
user10	573	193	1269235036952	0	0	44b1f5e6ba86000854a3681f0907
user10	576	193	1269235036966	0	0	44b1f5e6ba86000854a3681f0907
user10	577	193	1269235036980	0	0	44b1f5e6ba86000854a3681f0907
user10	578	193	1269235057938	0	0	44b1f5e6ba86000854a3681f0907
user10	580	193	1269235057954	0	0	44b1f5e6ba86000854a3681f0907
user10	580	194	1269235057986	0	0	44b1f5e6ba86000854a3681f0907
user10	582	197	1269235058010	0	0	44b1f5e6ba86000854a3681f0907
user10	584	198	1269235058013	0	0	44b1f5e6ba86000854a3681f0907
user10	586	199	1269235058031	0	0	44b1f5e6ba86000854a3681f0907
user10	589	201	1269235058046	0	0	44b1f5e6ba86000854a3681f0907
user10	590	202	1269235058062	0	0	44b1f5e6ba86000854a3681f0907
user10	591	203	1269235058081	0	0	44b1f5e6ba86000854a3681f0907
user10	591	204	1269235058085	0	0	44b1f5e6ba86000854a3681f0907
user10	593	205	1269235058101	0	0	44b1f5e6ba86000854a3681f0907
user10	596	206	1269235058115	0	0	44b1f5e6ba86000854a3681f0907
user10	597	207	1269235058130	0	0	44b1f5e6ba86000854a3681f0907
user10	598	208	1269235058146	0	0	44b1f5e6ba86000854a3681f0907
user10	599	208	1269235058162	0	0	44b1f5e6ba86000854a3681f0907
user10	601	209	1269235058179	0	0	44b1f5e6ba86000854a3681f0907
user10	602	210	1269235058190	0	0	44b1f5e6ba86000854a3681f0907
user10	604	212	1269235058211	0	0	44b1f5e6ba86000854a3681f0907
user10	604	213	1269235058216	0	0	44b1f5e6ba86000854a3681f0907
user10	604	214	1269235058219	0	0	44b1f5e6ba86000854a3681f0907
user10	605	214	1269235058235	0	0	44b1f5e6ba86000854a3681f0907
user10	607	216	1269235058251	0	0	44b1f5e6ba86000854a3681f0907
user10	608	218	1269235058264	0	0	44b1f5e6ba86000854a3681f0907
user10	609	218	1269235058267	0	0	44b1f5e6ba86000854a3681f0907
user10	611	218	1269235058279	0	0	44b1f5e6ba86000854a3681f0907
user10	611	219	1269235058289	0	0	44b1f5e6ba86000854a3681f0907
user10	612	219	1269235058292	0	0	44b1f5e6ba86000854a3681f0907
user10	612	219	1269235058499	1269235058434	1269235058499	44b1f5e6ba86000854a3681f0907
user10	535	51	1269235064202	0	0	44b1f5e6ba86000854a3681f0907
user10	535	51	1269235064695	0	0	44b1f5e6ba86000854a3681f0907
user10	537	51	1269235065090	0	0	44b1f5e6ba86000854a3681f0907
user10	545	51	1269235065106	0	0	44b1f5e6ba86000854a3681f0907
user10	553	52	1269235065123	0	0	44b1f5e6ba86000854a3681f0907
user10	567	54	1269235065141	0	0	44b1f5e6ba86000854a3681f0907
user10	583	59	1269235065158	0	0	44b1f5e6ba86000854a3681f0907
user10	591	64	1269235065165	0	0	44b1f5e6ba86000854a3681f0907
user10	608	72	1269235065186	0	0	44b1f5e6ba86000854a3681f0907
user10	614	76	1269235065191	0	0	44b1f5e6ba86000854a3681f0907
user10	629	87	1269235065207	0	0	44b1f5e6ba86000854a3681f0907
user10	642	99	1269235065224	0	0	44b1f5e6ba86000854a3681f0907
user10	651	106	1269235065226	0	0	44b1f5e6ba86000854a3681f0907
user10	659	112	1269235065240	0	0	44b1f5e6ba86000854a3681f0907
user10	665	118	1269235065243	0	0	44b1f5e6ba86000854a3681f0907
user10	675	129	1269235065258	0	0	44b1f5e6ba86000854a3681f0907
user10	678	133	1269235065272	0	0	44b1f5e6ba86000854a3681f0907
user10	684	136	1269235065275	0	0	44b1f5e6ba86000854a3681f0907
user10	688	140	1269235065290	0	0	44b1f5e6ba86000854a3681f0907
user10	691	143	1269235065292	0	0	44b1f5e6ba86000854a3681f0907
user10	695	146	1269235065310	0	0	44b1f5e6ba86000854a3681f0907
user10	699	151	1269235065325	0	0	44b1f5e6ba86000854a3681f0907
user10	703	155	1269235065342	0	0	44b1f5e6ba86000854a3681f0907
user10	706	159	1269235065358	0	0	44b1f5e6ba86000854a3681f0907
user10	708	162	1269235065373	0	0	44b1f5e6ba86000854a3681f0907
user10	710	162	1269235065387	0	0	44b1f5e6ba86000854a3681f0907
user10	711	165	1269235065390	0	0	44b1f5e6ba86000854a3681f0907
user10	711	166	1269235065402	0	0	44b1f5e6ba86000854a3681f0907
user10	713	166	1269235065404	0	0	44b1f5e6ba86000854a3681f0907
user10	713	166	1269235065618	1269235065554	1269235065618	44b1f5e6ba86000854a3681f0907
user10	713	166	1269235066550	0	0	44b1f5e6ba86000854a3681f0907
user10	713	166	1269235067058	0	0	44b1f5e6ba86000854a3681f0907
user10	713	167	1269235067130	0	0	44b1f5e6ba86000854a3681f0907
user10	713	168	1269235067143	0	0	44b1f5e6ba86000854a3681f0907
user10	713	175	1269235067159	0	0	44b1f5e6ba86000854a3681f0907
user10	713	183	1269235067174	0	0	44b1f5e6ba86000854a3681f0907
user10	713	192	1269235067192	0	0	44b1f5e6ba86000854a3681f0907
user10	713	198	1269235067196	0	0	44b1f5e6ba86000854a3681f0907
user10	714	208	1269235067210	0	0	44b1f5e6ba86000854a3681f0907
user10	714	213	1269235067225	0	0	44b1f5e6ba86000854a3681f0907
user10	714	217	1269235067232	0	0	44b1f5e6ba86000854a3681f0907
user10	714	221	1269235067235	0	0	44b1f5e6ba86000854a3681f0907
user10	714	230	1269235067250	0	0	44b1f5e6ba86000854a3681f0907
user10	714	232	1269235067264	0	0	44b1f5e6ba86000854a3681f0907
user10	714	235	1269235067268	0	0	44b1f5e6ba86000854a3681f0907
user10	714	238	1269235067282	0	0	44b1f5e6ba86000854a3681f0907
user10	714	239	1269235067285	0	0	44b1f5e6ba86000854a3681f0907
user10	714	242	1269235067302	0	0	44b1f5e6ba86000854a3681f0907
user10	714	244	1269235067315	0	0	44b1f5e6ba86000854a3681f0907
user10	714	245	1269235067337	0	0	44b1f5e6ba86000854a3681f0907
user10	714	244	1269235070137	0	0	44b1f5e6ba86000854a3681f0907
user10	715	243	1269235070153	0	0	44b1f5e6ba86000854a3681f0907
user10	715	241	1269235070155	0	0	44b1f5e6ba86000854a3681f0907
user10	716	239	1269235070171	0	0	44b1f5e6ba86000854a3681f0907
user10	716	235	1269235070187	0	0	44b1f5e6ba86000854a3681f0907
user10	717	231	1269235070202	0	0	44b1f5e6ba86000854a3681f0907
user10	718	228	1269235070217	0	0	44b1f5e6ba86000854a3681f0907
user10	720	223	1269235070220	0	0	44b1f5e6ba86000854a3681f0907
user10	722	220	1269235070236	0	0	44b1f5e6ba86000854a3681f0907
user10	722	217	1269235070241	0	0	44b1f5e6ba86000854a3681f0907
user10	722	215	1269235070244	0	0	44b1f5e6ba86000854a3681f0907
user10	723	208	1269235070258	0	0	44b1f5e6ba86000854a3681f0907
user10	724	201	1269235070274	0	0	44b1f5e6ba86000854a3681f0907
user10	724	195	1269235070291	0	0	44b1f5e6ba86000854a3681f0907
user10	724	192	1269235070304	0	0	44b1f5e6ba86000854a3681f0907
user10	724	189	1269235070307	0	0	44b1f5e6ba86000854a3681f0907
user10	724	187	1269235070320	0	0	44b1f5e6ba86000854a3681f0907
user10	724	185	1269235070323	0	0	44b1f5e6ba86000854a3681f0907
user10	724	184	1269235070336	0	0	44b1f5e6ba86000854a3681f0907
user10	724	183	1269235070339	0	0	44b1f5e6ba86000854a3681f0907
user10	723	183	1269235070354	0	0	44b1f5e6ba86000854a3681f0907
user10	723	182	1269235070371	0	0	44b1f5e6ba86000854a3681f0907
user10	723	180	1269235070385	0	0	44b1f5e6ba86000854a3681f0907
user10	723	178	1269235070398	0	0	44b1f5e6ba86000854a3681f0907
user10	723	177	1269235070401	0	0	44b1f5e6ba86000854a3681f0907
user10	723	175	1269235070413	0	0	44b1f5e6ba86000854a3681f0907
user10	723	173	1269235070426	0	0	44b1f5e6ba86000854a3681f0907
user10	722	172	1269235070441	0	0	44b1f5e6ba86000854a3681f0907
user10	722	170	1269235070455	0	0	44b1f5e6ba86000854a3681f0907
user10	722	169	1269235070468	0	0	44b1f5e6ba86000854a3681f0907
user10	722	168	1269235070482	0	0	44b1f5e6ba86000854a3681f0907
user10	722	168	1269235070658	1269235070578	1269235070658	44b1f5e6ba86000854a3681f0907
user10	722	168	1269235072203	0	0	44b1f5e6ba86000854a3681f0907
user10	721	170	1269235072665	0	0	44b1f5e6ba86000854a3681f0907
user10	719	174	1269235072682	0	0	44b1f5e6ba86000854a3681f0907
user10	715	180	1269235072685	0	0	44b1f5e6ba86000854a3681f0907
user10	693	216	1269235072709	0	0	44b1f5e6ba86000854a3681f0907
user10	645	282	1269235072732	0	0	44b1f5e6ba86000854a3681f0907
user10	629	316	1269235072748	0	0	44b1f5e6ba86000854a3681f0907
user10	606	346	1269235072752	0	0	44b1f5e6ba86000854a3681f0907
user10	582	382	1269235072755	0	0	44b1f5e6ba86000854a3681f0907
user10	552	425	1269235072773	0	0	44b1f5e6ba86000854a3681f0907
user10	530	456	1269235072792	0	0	44b1f5e6ba86000854a3681f0907
user10	515	474	1269235072808	0	0	44b1f5e6ba86000854a3681f0907
user10	511	478	1269235072811	0	0	44b1f5e6ba86000854a3681f0907
user10	509	479	1269235072825	0	0	44b1f5e6ba86000854a3681f0907
user10	507	481	1269235072828	0	0	44b1f5e6ba86000854a3681f0907
user10	506	481	1269235072841	0	0	44b1f5e6ba86000854a3681f0907
user10	505	481	1269235072844	0	0	44b1f5e6ba86000854a3681f0907
user10	505	481	1269235072860	0	0	44b1f5e6ba86000854a3681f0907
user10	505	480	1269235072881	0	0	44b1f5e6ba86000854a3681f0907
user10	505	479	1269235072894	0	0	44b1f5e6ba86000854a3681f0907
user10	502	477	1269235072908	0	0	44b1f5e6ba86000854a3681f0907
user10	499	473	1269235072922	0	0	44b1f5e6ba86000854a3681f0907
user10	496	471	1269235072937	0	0	44b1f5e6ba86000854a3681f0907
user10	494	468	1269235072939	0	0	44b1f5e6ba86000854a3681f0907
user10	490	465	1269235072954	0	0	44b1f5e6ba86000854a3681f0907
user10	489	464	1269235072968	0	0	44b1f5e6ba86000854a3681f0907
user10	488	463	1269235072970	0	0	44b1f5e6ba86000854a3681f0907
user10	488	461	1269235072983	0	0	44b1f5e6ba86000854a3681f0907
user10	486	460	1269235072986	0	0	44b1f5e6ba86000854a3681f0907
user10	486	458	1269235072997	0	0	44b1f5e6ba86000854a3681f0907
user10	486	451	1269235073010	0	0	44b1f5e6ba86000854a3681f0907
user10	486	447	1269235073025	0	0	44b1f5e6ba86000854a3681f0907
user10	486	445	1269235073027	0	0	44b1f5e6ba86000854a3681f0907
user10	486	441	1269235073040	0	0	44b1f5e6ba86000854a3681f0907
user10	486	438	1269235073042	0	0	44b1f5e6ba86000854a3681f0907
user10	486	434	1269235073055	0	0	44b1f5e6ba86000854a3681f0907
user10	486	431	1269235073059	0	0	44b1f5e6ba86000854a3681f0907
user10	486	429	1269235073072	0	0	44b1f5e6ba86000854a3681f0907
user10	486	427	1269235073074	0	0	44b1f5e6ba86000854a3681f0907
user10	485	425	1269235073087	0	0	44b1f5e6ba86000854a3681f0907
user10	485	422	1269235073101	0	0	44b1f5e6ba86000854a3681f0907
user10	485	421	1269235073113	0	0	44b1f5e6ba86000854a3681f0907
user10	485	419	1269235073125	0	0	44b1f5e6ba86000854a3681f0907
user10	485	418	1269235073138	0	0	44b1f5e6ba86000854a3681f0907
user10	485	417	1269235073177	0	0	44b1f5e6ba86000854a3681f0907
user10	485	417	1269235073306	1269235073209	1269235073306	44b1f5e6ba86000854a3681f0907
user10	485	417	1269235077746	0	0	44b1f5e6ba86000854a3681f0907
user10	485	417	1269235077851	0	0	44b1f5e6ba86000854a3681f0907
user10	485	417	1269235077854	0	0	44b1f5e6ba86000854a3681f0907
user10	485	417	1269235077857	0	0	44b1f5e6ba86000854a3681f0907
user10	485	417	1269235077923	0	0	44b1f5e6ba86000854a3681f0907
user10	485	417	1269235078423	0	0	44b1f5e6ba86000854a3681f0907
user10	486	417	1269235086145	0	0	44b1f5e6ba86000854a3681f0907
user10	493	416	1269235086160	0	0	44b1f5e6ba86000854a3681f0907
user10	520	415	1269235086177	0	0	44b1f5e6ba86000854a3681f0907
user10	545	416	1269235086193	0	0	44b1f5e6ba86000854a3681f0907
user10	551	419	1269235086209	0	0	44b1f5e6ba86000854a3681f0907
user10	557	421	1269235086226	0	0	44b1f5e6ba86000854a3681f0907
user10	569	427	1269235086242	0	0	44b1f5e6ba86000854a3681f0907
user10	587	438	1269235086260	0	0	44b1f5e6ba86000854a3681f0907
user10	603	444	1269235086278	0	0	44b1f5e6ba86000854a3681f0907
user10	609	446	1269235086284	0	0	44b1f5e6ba86000854a3681f0907
user10	616	446	1269235086302	0	0	44b1f5e6ba86000854a3681f0907
user10	619	446	1269235086316	0	0	44b1f5e6ba86000854a3681f0907
user10	620	446	1269235086369	0	0	44b1f5e6ba86000854a3681f0907
user10	621	446	1269235086385	0	0	44b1f5e6ba86000854a3681f0907
user10	622	446	1269235086398	0	0	44b1f5e6ba86000854a3681f0907
user10	623	446	1269235086401	0	0	44b1f5e6ba86000854a3681f0907
user10	624	447	1269235086414	0	0	44b1f5e6ba86000854a3681f0907
user10	625	447	1269235086418	0	0	44b1f5e6ba86000854a3681f0907
user10	626	447	1269235086433	0	0	44b1f5e6ba86000854a3681f0907
user10	627	447	1269235086457	0	0	44b1f5e6ba86000854a3681f0907
user10	627	447	1269235086665	1269235086561	1269235086665	44b1f5e6ba86000854a3681f0907
user10	537	50	1269235100558	0	0	44b1f5e6ba86000854a3681f0907
user10	537	51	1269235100896	0	0	44b1f5e6ba86000854a3681f0907
user10	537	58	1269235100908	0	0	44b1f5e6ba86000854a3681f0907
user10	538	79	1269235100922	0	0	44b1f5e6ba86000854a3681f0907
user10	538	104	1269235100939	0	0	44b1f5e6ba86000854a3681f0907
user10	538	119	1269235100952	0	0	44b1f5e6ba86000854a3681f0907
user10	538	133	1269235100956	0	0	44b1f5e6ba86000854a3681f0907
user10	536	152	1269235100968	0	0	44b1f5e6ba86000854a3681f0907
user10	536	168	1269235100971	0	0	44b1f5e6ba86000854a3681f0907
user10	536	190	1269235100982	0	0	44b1f5e6ba86000854a3681f0907
user10	537	219	1269235100996	0	0	44b1f5e6ba86000854a3681f0907
user10	538	244	1269235101009	0	0	44b1f5e6ba86000854a3681f0907
user10	539	251	1269235101022	0	0	44b1f5e6ba86000854a3681f0907
user10	539	258	1269235101025	0	0	44b1f5e6ba86000854a3681f0907
user10	539	265	1269235101037	0	0	44b1f5e6ba86000854a3681f0907
user10	539	274	1269235101050	0	0	44b1f5e6ba86000854a3681f0907
user10	538	277	1269235101062	0	0	44b1f5e6ba86000854a3681f0907
user10	536	281	1269235101064	0	0	44b1f5e6ba86000854a3681f0907
user10	535	283	1269235101076	0	0	44b1f5e6ba86000854a3681f0907
user10	533	284	1269235101090	0	0	44b1f5e6ba86000854a3681f0907
user10	533	285	1269235101100	0	0	44b1f5e6ba86000854a3681f0907
user10	532	285	1269235101111	0	0	44b1f5e6ba86000854a3681f0907
user10	531	285	1269235101123	0	0	44b1f5e6ba86000854a3681f0907
user10	531	286	1269235101133	0	0	44b1f5e6ba86000854a3681f0907
user10	530	288	1269235101146	0	0	44b1f5e6ba86000854a3681f0907
user10	529	289	1269235101158	0	0	44b1f5e6ba86000854a3681f0907
user10	529	290	1269235101160	0	0	44b1f5e6ba86000854a3681f0907
user10	529	291	1269235101172	0	0	44b1f5e6ba86000854a3681f0907
user10	528	292	1269235101182	0	0	44b1f5e6ba86000854a3681f0907
user10	527	294	1269235101185	0	0	44b1f5e6ba86000854a3681f0907
user10	527	295	1269235101196	0	0	44b1f5e6ba86000854a3681f0907
user10	527	296	1269235101208	0	0	44b1f5e6ba86000854a3681f0907
user10	527	297	1269235101222	0	0	44b1f5e6ba86000854a3681f0907
user10	526	298	1269235101232	0	0	44b1f5e6ba86000854a3681f0907
user10	526	298	1269235101246	0	0	44b1f5e6ba86000854a3681f0907
user10	526	299	1269235101248	0	0	44b1f5e6ba86000854a3681f0907
user10	526	300	1269235101261	0	0	44b1f5e6ba86000854a3681f0907
user10	526	301	1269235101272	0	0	44b1f5e6ba86000854a3681f0907
user10	526	301	1269235101384	1269235101312	1269235101384	44b1f5e6ba86000854a3681f0907
user10	531	300	1269235113799	0	0	44b1f5e6ba86000854a3681f0907
user10	539	297	1269235113814	0	0	44b1f5e6ba86000854a3681f0907
user10	546	296	1269235113817	0	0	44b1f5e6ba86000854a3681f0907
user10	561	296	1269235113837	0	0	44b1f5e6ba86000854a3681f0907
user10	564	296	1269235113840	0	0	44b1f5e6ba86000854a3681f0907
user10	566	298	1269235113856	0	0	44b1f5e6ba86000854a3681f0907
user10	567	298	1269235113879	0	0	44b1f5e6ba86000854a3681f0907
user10	568	298	1269235113895	0	0	44b1f5e6ba86000854a3681f0907
user10	573	300	1269235113908	0	0	44b1f5e6ba86000854a3681f0907
user10	579	303	1269235113921	0	0	44b1f5e6ba86000854a3681f0907
user10	581	304	1269235113935	0	0	44b1f5e6ba86000854a3681f0907
user10	586	306	1269235113937	0	0	44b1f5e6ba86000854a3681f0907
user10	589	307	1269235113950	0	0	44b1f5e6ba86000854a3681f0907
user10	592	311	1269235113953	0	0	44b1f5e6ba86000854a3681f0907
user10	602	315	1269235113968	0	0	44b1f5e6ba86000854a3681f0907
user10	606	319	1269235113984	0	0	44b1f5e6ba86000854a3681f0907
user10	612	323	1269235113988	0	0	44b1f5e6ba86000854a3681f0907
user10	616	325	1269235114000	0	0	44b1f5e6ba86000854a3681f0907
user10	618	327	1269235114002	0	0	44b1f5e6ba86000854a3681f0907
user10	624	329	1269235114016	0	0	44b1f5e6ba86000854a3681f0907
user10	625	331	1269235114026	0	0	44b1f5e6ba86000854a3681f0907
user10	626	332	1269235114040	0	0	44b1f5e6ba86000854a3681f0907
user10	629	333	1269235114053	0	0	44b1f5e6ba86000854a3681f0907
user10	629	334	1269235114064	0	0	44b1f5e6ba86000854a3681f0907
user10	632	334	1269235114076	0	0	44b1f5e6ba86000854a3681f0907
user10	633	334	1269235114095	0	0	44b1f5e6ba86000854a3681f0907
user10	634	334	1269235114106	0	0	44b1f5e6ba86000854a3681f0907
user10	635	334	1269235114119	0	0	44b1f5e6ba86000854a3681f0907
user10	636	334	1269235114135	0	0	44b1f5e6ba86000854a3681f0907
user10	636	333	1269235114145	0	0	44b1f5e6ba86000854a3681f0907
user10	638	333	1269235114159	0	0	44b1f5e6ba86000854a3681f0907
user10	638	332	1269235114175	0	0	44b1f5e6ba86000854a3681f0907
user10	639	332	1269235114188	0	0	44b1f5e6ba86000854a3681f0907
user10	642	331	1269235114202	0	0	44b1f5e6ba86000854a3681f0907
user10	643	330	1269235114215	0	0	44b1f5e6ba86000854a3681f0907
user10	644	329	1269235114237	0	0	44b1f5e6ba86000854a3681f0907
user10	645	328	1269235114241	0	0	44b1f5e6ba86000854a3681f0907
user10	645	327	1269235114255	0	0	44b1f5e6ba86000854a3681f0907
user10	645	326	1269235114269	0	0	44b1f5e6ba86000854a3681f0907
user10	645	325	1269235114285	0	0	44b1f5e6ba86000854a3681f0907
user10	645	324	1269235114288	0	0	44b1f5e6ba86000854a3681f0907
user10	646	324	1269235114302	0	0	44b1f5e6ba86000854a3681f0907
user10	646	324	1269235114704	1269235114591	1269235114704	44b1f5e6ba86000854a3681f0907
