User	X	Y	MouseTimeStamp	MouseDownTimeStamp	MouseUpTimeStamp	SessionID
user10	160	336	1271890761577	0	0	298a76318ed25d3d395fee7497ae
user10	160	336	1271890761640	0	0	298a76318ed25d3d395fee7497ae
user10	160	336	1271890762094	0	0	298a76318ed25d3d395fee7497ae
user10	158	335	1271890772066	0	0	298a76318ed25d3d395fee7497ae
user10	157	334	1271890772074	0	0	298a76318ed25d3d395fee7497ae
user10	156	334	1271890772082	0	0	298a76318ed25d3d395fee7497ae
user10	157	334	1271890772249	0	0	298a76318ed25d3d395fee7497ae
user10	165	332	1271890772258	0	0	298a76318ed25d3d395fee7497ae
user10	188	330	1271890772267	0	0	298a76318ed25d3d395fee7497ae
user10	220	323	1271890772275	0	0	298a76318ed25d3d395fee7497ae
user10	265	315	1271890772282	0	0	298a76318ed25d3d395fee7497ae
user10	310	306	1271890772290	0	0	298a76318ed25d3d395fee7497ae
user10	346	295	1271890772298	0	0	298a76318ed25d3d395fee7497ae
user10	380	288	1271890772306	0	0	298a76318ed25d3d395fee7497ae
user10	409	284	1271890772314	0	0	298a76318ed25d3d395fee7497ae
user10	434	282	1271890772322	0	0	298a76318ed25d3d395fee7497ae
user10	453	282	1271890772330	0	0	298a76318ed25d3d395fee7497ae
user10	471	281	1271890772338	0	0	298a76318ed25d3d395fee7497ae
user10	487	281	1271890772346	0	0	298a76318ed25d3d395fee7497ae
user10	502	282	1271890772354	0	0	298a76318ed25d3d395fee7497ae
user10	517	284	1271890772364	0	0	298a76318ed25d3d395fee7497ae
user10	534	291	1271890772371	0	0	298a76318ed25d3d395fee7497ae
user10	549	297	1271890772378	0	0	298a76318ed25d3d395fee7497ae
user10	561	302	1271890772386	0	0	298a76318ed25d3d395fee7497ae
user10	572	310	1271890772394	0	0	298a76318ed25d3d395fee7497ae
user10	581	319	1271890772402	0	0	298a76318ed25d3d395fee7497ae
user10	591	326	1271890772410	0	0	298a76318ed25d3d395fee7497ae
user10	596	331	1271890772418	0	0	298a76318ed25d3d395fee7497ae
user10	601	335	1271890772426	0	0	298a76318ed25d3d395fee7497ae
user10	601	336	1271890772434	0	0	298a76318ed25d3d395fee7497ae
user10	601	337	1271890772442	0	0	298a76318ed25d3d395fee7497ae
user10	601	338	1271890772450	0	0	298a76318ed25d3d395fee7497ae
user10	603	340	1271890772467	0	0	298a76318ed25d3d395fee7497ae
user10	605	343	1271890772474	0	0	298a76318ed25d3d395fee7497ae
user10	610	344	1271890772482	0	0	298a76318ed25d3d395fee7497ae
user10	615	345	1271890772490	0	0	298a76318ed25d3d395fee7497ae
user10	622	345	1271890772498	0	0	298a76318ed25d3d395fee7497ae
user10	630	343	1271890772506	0	0	298a76318ed25d3d395fee7497ae
user10	637	341	1271890772514	0	0	298a76318ed25d3d395fee7497ae
user10	646	337	1271890772522	0	0	298a76318ed25d3d395fee7497ae
user10	654	333	1271890772530	0	0	298a76318ed25d3d395fee7497ae
user10	665	331	1271890772537	0	0	298a76318ed25d3d395fee7497ae
user10	677	330	1271890772546	0	0	298a76318ed25d3d395fee7497ae
user10	699	330	1271890772554	0	0	298a76318ed25d3d395fee7497ae
user10	732	331	1271890772562	0	0	298a76318ed25d3d395fee7497ae
user10	769	338	1271890772570	0	0	298a76318ed25d3d395fee7497ae
user10	807	345	1271890772577	0	0	298a76318ed25d3d395fee7497ae
user10	849	351	1271890772586	0	0	298a76318ed25d3d395fee7497ae
user10	893	356	1271890772594	0	0	298a76318ed25d3d395fee7497ae
user10	931	356	1271890772603	0	0	298a76318ed25d3d395fee7497ae
user10	964	356	1271890772610	0	0	298a76318ed25d3d395fee7497ae
user10	997	354	1271890772618	0	0	298a76318ed25d3d395fee7497ae
user10	1027	344	1271890772626	0	0	298a76318ed25d3d395fee7497ae
user10	1052	334	1271890772633	0	0	298a76318ed25d3d395fee7497ae
user10	1071	324	1271890772642	0	0	298a76318ed25d3d395fee7497ae
user10	1084	316	1271890772650	0	0	298a76318ed25d3d395fee7497ae
user10	1090	310	1271890772658	0	0	298a76318ed25d3d395fee7497ae
user10	1092	303	1271890772666	0	0	298a76318ed25d3d395fee7497ae
user10	1092	295	1271890772674	0	0	298a76318ed25d3d395fee7497ae
user10	1092	287	1271890772682	0	0	298a76318ed25d3d395fee7497ae
user10	1088	277	1271890772690	0	0	298a76318ed25d3d395fee7497ae
user10	1084	267	1271890772698	0	0	298a76318ed25d3d395fee7497ae
user10	1077	257	1271890772706	0	0	298a76318ed25d3d395fee7497ae
user10	1068	247	1271890772715	0	0	298a76318ed25d3d395fee7497ae
user10	1060	239	1271890772722	0	0	298a76318ed25d3d395fee7497ae
user10	1052	233	1271890772731	0	0	298a76318ed25d3d395fee7497ae
user10	1045	228	1271890772738	0	0	298a76318ed25d3d395fee7497ae
user10	1039	227	1271890772746	0	0	298a76318ed25d3d395fee7497ae
user10	1035	226	1271890772754	0	0	298a76318ed25d3d395fee7497ae
user10	1032	225	1271890772762	0	0	298a76318ed25d3d395fee7497ae
user10	1030	225	1271890772770	0	0	298a76318ed25d3d395fee7497ae
user10	1029	224	1271890772777	0	0	298a76318ed25d3d395fee7497ae
user10	1029	223	1271890772786	0	0	298a76318ed25d3d395fee7497ae
user10	1028	222	1271890772810	0	0	298a76318ed25d3d395fee7497ae
user10	1027	220	1271890772818	0	0	298a76318ed25d3d395fee7497ae
user10	1026	219	1271890772826	0	0	298a76318ed25d3d395fee7497ae
user10	1024	217	1271890772834	0	0	298a76318ed25d3d395fee7497ae
user10	1020	216	1271890772842	0	0	298a76318ed25d3d395fee7497ae
user10	1018	214	1271890772850	0	0	298a76318ed25d3d395fee7497ae
user10	1017	214	1271890772858	0	0	298a76318ed25d3d395fee7497ae
user10	1014	214	1271890772865	0	0	298a76318ed25d3d395fee7497ae
user10	1012	214	1271890772873	0	0	298a76318ed25d3d395fee7497ae
user10	1010	213	1271890772882	0	0	298a76318ed25d3d395fee7497ae
user10	1007	213	1271890772889	0	0	298a76318ed25d3d395fee7497ae
user10	1005	213	1271890772897	0	0	298a76318ed25d3d395fee7497ae
user10	1002	212	1271890772906	0	0	298a76318ed25d3d395fee7497ae
user10	1000	211	1271890772913	0	0	298a76318ed25d3d395fee7497ae
user10	998	210	1271890772921	0	0	298a76318ed25d3d395fee7497ae
user10	996	209	1271890772929	0	0	298a76318ed25d3d395fee7497ae
user10	994	208	1271890772938	0	0	298a76318ed25d3d395fee7497ae
user10	992	208	1271890772946	0	0	298a76318ed25d3d395fee7497ae
user10	990	206	1271890772954	0	0	298a76318ed25d3d395fee7497ae
user10	987	205	1271890772962	0	0	298a76318ed25d3d395fee7497ae
user10	985	203	1271890772971	0	0	298a76318ed25d3d395fee7497ae
user10	982	201	1271890772978	0	0	298a76318ed25d3d395fee7497ae
user10	979	199	1271890772986	0	0	298a76318ed25d3d395fee7497ae
user10	975	197	1271890772994	0	0	298a76318ed25d3d395fee7497ae
user10	973	196	1271890773002	0	0	298a76318ed25d3d395fee7497ae
user10	971	195	1271890773010	0	0	298a76318ed25d3d395fee7497ae
user10	969	194	1271890773018	0	0	298a76318ed25d3d395fee7497ae
user10	969	193	1271890773026	0	0	298a76318ed25d3d395fee7497ae
user10	968	192	1271890773034	0	0	298a76318ed25d3d395fee7497ae
user10	967	191	1271890773050	0	0	298a76318ed25d3d395fee7497ae
user10	967	190	1271890773065	0	0	298a76318ed25d3d395fee7497ae
user10	966	190	1271890773074	0	0	298a76318ed25d3d395fee7497ae
user10	966	189	1271890773082	0	0	298a76318ed25d3d395fee7497ae
user10	965	189	1271890773090	0	0	298a76318ed25d3d395fee7497ae
user10	965	188	1271890773097	0	0	298a76318ed25d3d395fee7497ae
user10	964	188	1271890773105	0	0	298a76318ed25d3d395fee7497ae
user10	963	187	1271890773113	0	0	298a76318ed25d3d395fee7497ae
user10	963	186	1271890773129	0	0	298a76318ed25d3d395fee7497ae
user10	962	185	1271890773138	0	0	298a76318ed25d3d395fee7497ae
user10	962	184	1271890773147	0	0	298a76318ed25d3d395fee7497ae
user10	961	184	1271890773154	0	0	298a76318ed25d3d395fee7497ae
user10	961	183	1271890773162	0	0	298a76318ed25d3d395fee7497ae
user10	960	182	1271890773170	0	0	298a76318ed25d3d395fee7497ae
user10	960	181	1271890773210	0	0	298a76318ed25d3d395fee7497ae
user10	960	180	1271890773242	0	0	298a76318ed25d3d395fee7497ae
user10	960	179	1271890773258	0	0	298a76318ed25d3d395fee7497ae
user10	960	178	1271890773274	0	0	298a76318ed25d3d395fee7497ae
user10	960	178	1271890773306	1271890773234	1271890773306	298a76318ed25d3d395fee7497ae
user10	961	178	1271890780737	0	0	298a76318ed25d3d395fee7497ae
user10	963	178	1271890780746	0	0	298a76318ed25d3d395fee7497ae
user10	966	178	1271890780754	0	0	298a76318ed25d3d395fee7497ae
user10	968	178	1271890780761	0	0	298a76318ed25d3d395fee7497ae
user10	969	178	1271890780769	0	0	298a76318ed25d3d395fee7497ae
user10	971	178	1271890780778	0	0	298a76318ed25d3d395fee7497ae
user10	972	178	1271890780786	0	0	298a76318ed25d3d395fee7497ae
user10	974	178	1271890780794	0	0	298a76318ed25d3d395fee7497ae
user10	976	178	1271890780801	0	0	298a76318ed25d3d395fee7497ae
user10	977	178	1271890780809	0	0	298a76318ed25d3d395fee7497ae
user10	978	178	1271890780819	0	0	298a76318ed25d3d395fee7497ae
user10	981	178	1271890780828	0	0	298a76318ed25d3d395fee7497ae
user10	984	178	1271890780835	0	0	298a76318ed25d3d395fee7497ae
user10	987	178	1271890780843	0	0	298a76318ed25d3d395fee7497ae
user10	991	180	1271890780852	0	0	298a76318ed25d3d395fee7497ae
user10	995	183	1271890780864	0	0	298a76318ed25d3d395fee7497ae
user10	1003	186	1271890780868	0	0	298a76318ed25d3d395fee7497ae
user10	1007	189	1271890780874	0	0	298a76318ed25d3d395fee7497ae
user10	1015	193	1271890780881	0	0	298a76318ed25d3d395fee7497ae
user10	1022	198	1271890780889	0	0	298a76318ed25d3d395fee7497ae
user10	1027	203	1271890780897	0	0	298a76318ed25d3d395fee7497ae
user10	1033	207	1271890780905	0	0	298a76318ed25d3d395fee7497ae
user10	1035	209	1271890780913	0	0	298a76318ed25d3d395fee7497ae
user10	1038	213	1271890780921	0	0	298a76318ed25d3d395fee7497ae
user10	1040	216	1271890780931	0	0	298a76318ed25d3d395fee7497ae
user10	1041	219	1271890780938	0	0	298a76318ed25d3d395fee7497ae
user10	1043	223	1271890780945	0	0	298a76318ed25d3d395fee7497ae
user10	1044	226	1271890780953	0	0	298a76318ed25d3d395fee7497ae
user10	1044	230	1271890780961	0	0	298a76318ed25d3d395fee7497ae
user10	1045	233	1271890780969	0	0	298a76318ed25d3d395fee7497ae
user10	1045	235	1271890780978	0	0	298a76318ed25d3d395fee7497ae
user10	1045	238	1271890780985	0	0	298a76318ed25d3d395fee7497ae
user10	1045	239	1271890780993	0	0	298a76318ed25d3d395fee7497ae
user10	1043	242	1271890781001	0	0	298a76318ed25d3d395fee7497ae
user10	1042	245	1271890781010	0	0	298a76318ed25d3d395fee7497ae
user10	1041	247	1271890781017	0	0	298a76318ed25d3d395fee7497ae
user10	1039	248	1271890781025	0	0	298a76318ed25d3d395fee7497ae
user10	1039	251	1271890781033	0	0	298a76318ed25d3d395fee7497ae
user10	1039	254	1271890781041	0	0	298a76318ed25d3d395fee7497ae
user10	1038	257	1271890781050	0	0	298a76318ed25d3d395fee7497ae
user10	1037	259	1271890781057	0	0	298a76318ed25d3d395fee7497ae
user10	1036	261	1271890781065	0	0	298a76318ed25d3d395fee7497ae
user10	1036	262	1271890781073	0	0	298a76318ed25d3d395fee7497ae
user10	1033	264	1271890781084	0	0	298a76318ed25d3d395fee7497ae
user10	1032	265	1271890781097	0	0	298a76318ed25d3d395fee7497ae
user10	1029	266	1271890781105	0	0	298a76318ed25d3d395fee7497ae
user10	1028	268	1271890781113	0	0	298a76318ed25d3d395fee7497ae
user10	1026	271	1271890781121	0	0	298a76318ed25d3d395fee7497ae
user10	1026	275	1271890781129	0	0	298a76318ed25d3d395fee7497ae
user10	1024	279	1271890781137	0	0	298a76318ed25d3d395fee7497ae
user10	1021	283	1271890781145	0	0	298a76318ed25d3d395fee7497ae
user10	1019	286	1271890781153	0	0	298a76318ed25d3d395fee7497ae
user10	1019	288	1271890781161	0	0	298a76318ed25d3d395fee7497ae
user10	1017	290	1271890781169	0	0	298a76318ed25d3d395fee7497ae
user10	1016	289	1271890781273	0	0	298a76318ed25d3d395fee7497ae
user10	1016	288	1271890781289	0	0	298a76318ed25d3d395fee7497ae
user10	1016	288	1271890781427	1271890781321	1271890781427	298a76318ed25d3d395fee7497ae
user10	713	589	1271890789225	0	0	298a76318ed25d3d395fee7497ae
user10	710	557	1271890789246	0	0	298a76318ed25d3d395fee7497ae
user10	706	539	1271890789252	0	0	298a76318ed25d3d395fee7497ae
user10	698	512	1271890789263	0	0	298a76318ed25d3d395fee7497ae
user10	690	482	1271890789268	0	0	298a76318ed25d3d395fee7497ae
user10	672	427	1271890789286	0	0	298a76318ed25d3d395fee7497ae
user10	627	345	1271890789307	0	0	298a76318ed25d3d395fee7497ae
user10	601	306	1271890789329	0	0	298a76318ed25d3d395fee7497ae
user10	590	294	1271890789333	0	0	298a76318ed25d3d395fee7497ae
user10	567	269	1271890789353	0	0	298a76318ed25d3d395fee7497ae
user10	557	259	1271890789358	0	0	298a76318ed25d3d395fee7497ae
user10	542	243	1271890789375	0	0	298a76318ed25d3d395fee7497ae
user10	537	237	1271890789378	0	0	298a76318ed25d3d395fee7497ae
user10	533	232	1271890789392	0	0	298a76318ed25d3d395fee7497ae
user10	532	231	1271890789395	0	0	298a76318ed25d3d395fee7497ae
user10	532	229	1271890789412	0	0	298a76318ed25d3d395fee7497ae
user10	530	229	1271890789681	0	0	298a76318ed25d3d395fee7497ae
user10	530	230	1271890789698	0	0	298a76318ed25d3d395fee7497ae
user10	529	230	1271890789712	0	0	298a76318ed25d3d395fee7497ae
user10	528	230	1271890789737	0	0	298a76318ed25d3d395fee7497ae
user10	526	230	1271890789762	0	0	298a76318ed25d3d395fee7497ae
user10	525	230	1271890789783	0	0	298a76318ed25d3d395fee7497ae
user10	524	230	1271890789802	0	0	298a76318ed25d3d395fee7497ae
user10	523	230	1271890789817	0	0	298a76318ed25d3d395fee7497ae
user10	522	230	1271890789835	0	0	298a76318ed25d3d395fee7497ae
user10	522	229	1271890789850	0	0	298a76318ed25d3d395fee7497ae
user10	522	228	1271890789865	0	0	298a76318ed25d3d395fee7497ae
user10	522	227	1271890789881	0	0	298a76318ed25d3d395fee7497ae
user10	522	226	1271890789894	0	0	298a76318ed25d3d395fee7497ae
user10	522	223	1271890789906	0	0	298a76318ed25d3d395fee7497ae
user10	522	222	1271890789919	0	0	298a76318ed25d3d395fee7497ae
user10	522	223	1271890791009	0	0	298a76318ed25d3d395fee7497ae
user10	523	223	1271890791273	0	0	298a76318ed25d3d395fee7497ae
user10	523	224	1271890791305	0	0	298a76318ed25d3d395fee7497ae
user10	522	224	1271890791377	0	0	298a76318ed25d3d395fee7497ae
user10	522	225	1271890791441	0	0	298a76318ed25d3d395fee7497ae
user10	523	225	1271890791497	0	0	298a76318ed25d3d395fee7497ae
user10	524	225	1271890791513	0	0	298a76318ed25d3d395fee7497ae
user10	525	225	1271890791539	0	0	298a76318ed25d3d395fee7497ae
user10	526	225	1271890791569	0	0	298a76318ed25d3d395fee7497ae
user10	527	225	1271890791593	0	0	298a76318ed25d3d395fee7497ae
user10	528	225	1271890791657	0	0	298a76318ed25d3d395fee7497ae
user10	529	225	1271890791953	0	0	298a76318ed25d3d395fee7497ae
user10	530	225	1271890791993	0	0	298a76318ed25d3d395fee7497ae
user10	531	225	1271890792010	0	0	298a76318ed25d3d395fee7497ae
user10	534	226	1271890792032	0	0	298a76318ed25d3d395fee7497ae
user10	537	227	1271890792049	0	0	298a76318ed25d3d395fee7497ae
user10	540	227	1271890792069	0	0	298a76318ed25d3d395fee7497ae
user10	544	227	1271890792087	0	0	298a76318ed25d3d395fee7497ae
user10	546	227	1271890792090	0	0	298a76318ed25d3d395fee7497ae
user10	551	227	1271890792114	0	0	298a76318ed25d3d395fee7497ae
user10	557	226	1271890792153	0	0	298a76318ed25d3d395fee7497ae
user10	559	226	1271890792156	0	0	298a76318ed25d3d395fee7497ae
user10	564	225	1271890792181	0	0	298a76318ed25d3d395fee7497ae
user10	569	225	1271890792200	0	0	298a76318ed25d3d395fee7497ae
user10	571	224	1271890792202	0	0	298a76318ed25d3d395fee7497ae
user10	578	222	1271890792225	0	0	298a76318ed25d3d395fee7497ae
user10	582	219	1271890792240	0	0	298a76318ed25d3d395fee7497ae
user10	587	217	1271890792244	0	0	298a76318ed25d3d395fee7497ae
user10	600	205	1271890792268	0	0	298a76318ed25d3d395fee7497ae
user10	609	193	1271890792283	0	0	298a76318ed25d3d395fee7497ae
user10	613	186	1271890792296	0	0	298a76318ed25d3d395fee7497ae
user10	617	179	1271890792298	0	0	298a76318ed25d3d395fee7497ae
user10	623	164	1271890792316	0	0	298a76318ed25d3d395fee7497ae
user10	626	150	1271890792335	0	0	298a76318ed25d3d395fee7497ae
user10	626	145	1271890792337	0	0	298a76318ed25d3d395fee7497ae
user10	628	139	1271890792352	0	0	298a76318ed25d3d395fee7497ae
user10	628	134	1271890792354	0	0	298a76318ed25d3d395fee7497ae
user10	628	122	1271890792372	0	0	298a76318ed25d3d395fee7497ae
user10	628	111	1271890792388	0	0	298a76318ed25d3d395fee7497ae
user10	625	102	1271890792405	0	0	298a76318ed25d3d395fee7497ae
user10	623	94	1271890792427	0	0	298a76318ed25d3d395fee7497ae
user10	623	93	1271890792442	0	0	298a76318ed25d3d395fee7497ae
user10	623	92	1271890792444	0	0	298a76318ed25d3d395fee7497ae
user10	623	91	1271890792460	0	0	298a76318ed25d3d395fee7497ae
user10	623	90	1271890792472	0	0	298a76318ed25d3d395fee7497ae
user10	623	87	1271890792484	0	0	298a76318ed25d3d395fee7497ae
user10	624	84	1271890792500	0	0	298a76318ed25d3d395fee7497ae
user10	625	79	1271890792515	0	0	298a76318ed25d3d395fee7497ae
user10	625	75	1271890792529	0	0	298a76318ed25d3d395fee7497ae
user10	625	74	1271890792541	0	0	298a76318ed25d3d395fee7497ae
user10	625	70	1271890792553	0	0	298a76318ed25d3d395fee7497ae
user10	625	69	1271890792568	0	0	298a76318ed25d3d395fee7497ae
user10	625	67	1271890792571	0	0	298a76318ed25d3d395fee7497ae
user10	625	65	1271890792577	0	0	298a76318ed25d3d395fee7497ae
user10	625	64	1271890792592	0	0	298a76318ed25d3d395fee7497ae
user10	625	62	1271890792594	0	0	298a76318ed25d3d395fee7497ae
user10	625	59	1271890792609	0	0	298a76318ed25d3d395fee7497ae
user10	625	57	1271890792611	0	0	298a76318ed25d3d395fee7497ae
user10	625	56	1271890792624	0	0	298a76318ed25d3d395fee7497ae
user10	626	55	1271890792626	0	0	298a76318ed25d3d395fee7497ae
user10	626	54	1271890792641	0	0	298a76318ed25d3d395fee7497ae
user10	626	53	1271890792657	0	0	298a76318ed25d3d395fee7497ae
user10	626	52	1271890792672	0	0	298a76318ed25d3d395fee7497ae
user10	627	52	1271890792688	0	0	298a76318ed25d3d395fee7497ae
user10	627	51	1271890792690	0	0	298a76318ed25d3d395fee7497ae
user10	627	51	1271890792857	1271890792736	1271890792857	298a76318ed25d3d395fee7497ae
user10	728	494	1271890798365	0	0	298a76318ed25d3d395fee7497ae
user10	728	494	1271890798847	0	0	298a76318ed25d3d395fee7497ae
user10	727	492	1271890798920	0	0	298a76318ed25d3d395fee7497ae
user10	725	491	1271890798937	0	0	298a76318ed25d3d395fee7497ae
user10	724	489	1271890798950	0	0	298a76318ed25d3d395fee7497ae
user10	722	487	1271890798953	0	0	298a76318ed25d3d395fee7497ae
user10	719	482	1271890798971	0	0	298a76318ed25d3d395fee7497ae
user10	716	478	1271890798986	0	0	298a76318ed25d3d395fee7497ae
user10	711	469	1271890799001	0	0	298a76318ed25d3d395fee7497ae
user10	709	464	1271890799016	0	0	298a76318ed25d3d395fee7497ae
user10	706	459	1271890799019	0	0	298a76318ed25d3d395fee7497ae
user10	704	454	1271890799032	0	0	298a76318ed25d3d395fee7497ae
user10	701	447	1271890799035	0	0	298a76318ed25d3d395fee7497ae
user10	698	438	1271890799050	0	0	298a76318ed25d3d395fee7497ae
user10	693	430	1271890799053	0	0	298a76318ed25d3d395fee7497ae
user10	688	417	1271890799067	0	0	298a76318ed25d3d395fee7497ae
user10	683	406	1271890799070	0	0	298a76318ed25d3d395fee7497ae
user10	680	394	1271890799072	0	0	298a76318ed25d3d395fee7497ae
user10	674	383	1271890799084	0	0	298a76318ed25d3d395fee7497ae
user10	670	372	1271890799095	0	0	298a76318ed25d3d395fee7497ae
user10	657	351	1271890799109	0	0	298a76318ed25d3d395fee7497ae
user10	643	332	1271890799121	0	0	298a76318ed25d3d395fee7497ae
user10	634	325	1271890799134	0	0	298a76318ed25d3d395fee7497ae
user10	628	318	1271890799137	0	0	298a76318ed25d3d395fee7497ae
user10	619	311	1271890799149	0	0	298a76318ed25d3d395fee7497ae
user10	606	299	1271890799161	0	0	298a76318ed25d3d395fee7497ae
user10	600	295	1271890799176	0	0	298a76318ed25d3d395fee7497ae
user10	593	291	1271890799181	0	0	298a76318ed25d3d395fee7497ae
user10	580	285	1271890799195	0	0	298a76318ed25d3d395fee7497ae
user10	567	280	1271890799210	0	0	298a76318ed25d3d395fee7497ae
user10	561	278	1271890799222	0	0	298a76318ed25d3d395fee7497ae
user10	555	275	1271890799233	0	0	298a76318ed25d3d395fee7497ae
user10	552	273	1271890799237	0	0	298a76318ed25d3d395fee7497ae
user10	551	273	1271890799248	0	0	298a76318ed25d3d395fee7497ae
user10	550	273	1271890799656	0	0	298a76318ed25d3d395fee7497ae
user10	549	274	1271890799670	0	0	298a76318ed25d3d395fee7497ae
user10	548	274	1271890799688	0	0	298a76318ed25d3d395fee7497ae
user10	548	275	1271890799721	0	0	298a76318ed25d3d395fee7497ae
user10	548	276	1271890799809	0	0	298a76318ed25d3d395fee7497ae
user10	547	277	1271890799881	0	0	298a76318ed25d3d395fee7497ae
user10	546	277	1271890800104	0	0	298a76318ed25d3d395fee7497ae
user10	546	278	1271890800232	0	0	298a76318ed25d3d395fee7497ae
user10	545	278	1271890800264	0	0	298a76318ed25d3d395fee7497ae
user10	545	277	1271890800776	0	0	298a76318ed25d3d395fee7497ae
user10	546	277	1271890800800	0	0	298a76318ed25d3d395fee7497ae
user10	546	276	1271890800813	0	0	298a76318ed25d3d395fee7497ae
user10	547	276	1271890800816	0	0	298a76318ed25d3d395fee7497ae
user10	548	276	1271890800832	0	0	298a76318ed25d3d395fee7497ae
user10	549	275	1271890800835	0	0	298a76318ed25d3d395fee7497ae
user10	550	275	1271890800849	0	0	298a76318ed25d3d395fee7497ae
user10	552	274	1271890800867	0	0	298a76318ed25d3d395fee7497ae
user10	554	273	1271890800883	0	0	298a76318ed25d3d395fee7497ae
user10	558	271	1271890800901	0	0	298a76318ed25d3d395fee7497ae
user10	559	270	1271890800904	0	0	298a76318ed25d3d395fee7497ae
user10	561	269	1271890800918	0	0	298a76318ed25d3d395fee7497ae
user10	564	268	1271890800921	0	0	298a76318ed25d3d395fee7497ae
user10	567	266	1271890800935	0	0	298a76318ed25d3d395fee7497ae
user10	569	264	1271890800938	0	0	298a76318ed25d3d395fee7497ae
user10	575	259	1271890800954	0	0	298a76318ed25d3d395fee7497ae
user10	585	250	1271890800970	0	0	298a76318ed25d3d395fee7497ae
user10	593	242	1271890800985	0	0	298a76318ed25d3d395fee7497ae
user10	598	238	1271890800997	0	0	298a76318ed25d3d395fee7497ae
user10	604	232	1271890801012	0	0	298a76318ed25d3d395fee7497ae
user10	615	221	1271890801023	0	0	298a76318ed25d3d395fee7497ae
user10	625	211	1271890801038	0	0	298a76318ed25d3d395fee7497ae
user10	636	202	1271890801050	0	0	298a76318ed25d3d395fee7497ae
user10	640	199	1271890801062	0	0	298a76318ed25d3d395fee7497ae
user10	643	194	1271890801066	0	0	298a76318ed25d3d395fee7497ae
user10	646	189	1271890801078	0	0	298a76318ed25d3d395fee7497ae
user10	650	185	1271890801081	0	0	298a76318ed25d3d395fee7497ae
user10	653	181	1271890801090	0	0	298a76318ed25d3d395fee7497ae
user10	655	177	1271890801102	0	0	298a76318ed25d3d395fee7497ae
user10	656	174	1271890801104	0	0	298a76318ed25d3d395fee7497ae
user10	657	170	1271890801116	0	0	298a76318ed25d3d395fee7497ae
user10	657	167	1271890801127	0	0	298a76318ed25d3d395fee7497ae
user10	657	162	1271890801132	0	0	298a76318ed25d3d395fee7497ae
user10	657	157	1271890801141	0	0	298a76318ed25d3d395fee7497ae
user10	657	151	1271890801144	0	0	298a76318ed25d3d395fee7497ae
user10	657	146	1271890801153	0	0	298a76318ed25d3d395fee7497ae
user10	657	137	1271890801169	0	0	298a76318ed25d3d395fee7497ae
user10	657	135	1271890801182	0	0	298a76318ed25d3d395fee7497ae
user10	657	133	1271890801185	0	0	298a76318ed25d3d395fee7497ae
user10	657	131	1271890801196	0	0	298a76318ed25d3d395fee7497ae
user10	657	130	1271890801207	0	0	298a76318ed25d3d395fee7497ae
user10	657	128	1271890801212	0	0	298a76318ed25d3d395fee7497ae
user10	657	125	1271890801222	0	0	298a76318ed25d3d395fee7497ae
user10	657	123	1271890801224	0	0	298a76318ed25d3d395fee7497ae
user10	657	121	1271890801238	0	0	298a76318ed25d3d395fee7497ae
user10	657	119	1271890801241	0	0	298a76318ed25d3d395fee7497ae
user10	656	117	1271890801252	0	0	298a76318ed25d3d395fee7497ae
user10	656	115	1271890801264	0	0	298a76318ed25d3d395fee7497ae
user10	655	113	1271890801266	0	0	298a76318ed25d3d395fee7497ae
user10	655	111	1271890801279	0	0	298a76318ed25d3d395fee7497ae
user10	654	110	1271890801283	0	0	298a76318ed25d3d395fee7497ae
user10	654	109	1271890801295	0	0	298a76318ed25d3d395fee7497ae
user10	654	108	1271890801299	0	0	298a76318ed25d3d395fee7497ae
user10	653	107	1271890801311	0	0	298a76318ed25d3d395fee7497ae
user10	653	106	1271890801322	0	0	298a76318ed25d3d395fee7497ae
user10	653	105	1271890801338	0	0	298a76318ed25d3d395fee7497ae
user10	653	104	1271890801350	0	0	298a76318ed25d3d395fee7497ae
user10	653	103	1271890801362	0	0	298a76318ed25d3d395fee7497ae
user10	652	102	1271890801364	0	0	298a76318ed25d3d395fee7497ae
user10	651	100	1271890801376	0	0	298a76318ed25d3d395fee7497ae
user10	650	100	1271890801386	0	0	298a76318ed25d3d395fee7497ae
user10	649	97	1271890801400	0	0	298a76318ed25d3d395fee7497ae
user10	649	96	1271890801401	0	0	298a76318ed25d3d395fee7497ae
user10	647	95	1271890801411	0	0	298a76318ed25d3d395fee7497ae
user10	647	93	1271890801421	0	0	298a76318ed25d3d395fee7497ae
user10	646	91	1271890801433	0	0	298a76318ed25d3d395fee7497ae
user10	645	89	1271890801447	0	0	298a76318ed25d3d395fee7497ae
user10	644	88	1271890801449	0	0	298a76318ed25d3d395fee7497ae
user10	643	87	1271890801459	0	0	298a76318ed25d3d395fee7497ae
user10	642	84	1271890801472	0	0	298a76318ed25d3d395fee7497ae
user10	642	83	1271890801473	0	0	298a76318ed25d3d395fee7497ae
user10	640	81	1271890801484	0	0	298a76318ed25d3d395fee7497ae
user10	640	79	1271890801494	0	0	298a76318ed25d3d395fee7497ae
user10	638	78	1271890801496	0	0	298a76318ed25d3d395fee7497ae
user10	637	77	1271890801508	0	0	298a76318ed25d3d395fee7497ae
user10	637	75	1271890801519	0	0	298a76318ed25d3d395fee7497ae
user10	636	74	1271890801521	0	0	298a76318ed25d3d395fee7497ae
user10	636	73	1271890801532	0	0	298a76318ed25d3d395fee7497ae
user10	635	71	1271890801543	0	0	298a76318ed25d3d395fee7497ae
user10	634	69	1271890801554	0	0	298a76318ed25d3d395fee7497ae
user10	634	67	1271890801570	0	0	298a76318ed25d3d395fee7497ae
user10	632	65	1271890801587	0	0	298a76318ed25d3d395fee7497ae
user10	632	64	1271890801600	0	0	298a76318ed25d3d395fee7497ae
user10	632	63	1271890801602	0	0	298a76318ed25d3d395fee7497ae
user10	631	62	1271890801616	0	0	298a76318ed25d3d395fee7497ae
user10	631	60	1271890801629	0	0	298a76318ed25d3d395fee7497ae
user10	631	59	1271890801632	0	0	298a76318ed25d3d395fee7497ae
user10	631	58	1271890801642	0	0	298a76318ed25d3d395fee7497ae
user10	630	57	1271890801653	0	0	298a76318ed25d3d395fee7497ae
user10	630	55	1271890801664	0	0	298a76318ed25d3d395fee7497ae
user10	629	54	1271890801666	0	0	298a76318ed25d3d395fee7497ae
user10	629	52	1271890801679	0	0	298a76318ed25d3d395fee7497ae
user10	629	51	1271890801689	0	0	298a76318ed25d3d395fee7497ae
user10	628	51	1271890801700	0	0	298a76318ed25d3d395fee7497ae
user10	628	50	1271890801710	0	0	298a76318ed25d3d395fee7497ae
user10	628	49	1271890801724	0	0	298a76318ed25d3d395fee7497ae
user10	628	48	1271890801760	0	0	298a76318ed25d3d395fee7497ae
user10	628	48	1271890802153	1271890802016	1271890802153	298a76318ed25d3d395fee7497ae
user10	528	55	1271890808445	0	0	298a76318ed25d3d395fee7497ae
user10	530	55	1271890808639	0	0	298a76318ed25d3d395fee7497ae
user10	534	55	1271890808655	0	0	298a76318ed25d3d395fee7497ae
user10	537	55	1271890808658	0	0	298a76318ed25d3d395fee7497ae
user10	542	55	1271890808669	0	0	298a76318ed25d3d395fee7497ae
user10	557	55	1271890808685	0	0	298a76318ed25d3d395fee7497ae
user10	572	55	1271890808698	0	0	298a76318ed25d3d395fee7497ae
user10	580	57	1271890808712	0	0	298a76318ed25d3d395fee7497ae
user10	589	59	1271890808714	0	0	298a76318ed25d3d395fee7497ae
user10	605	63	1271890808732	0	0	298a76318ed25d3d395fee7497ae
user10	619	67	1271890808751	0	0	298a76318ed25d3d395fee7497ae
user10	623	70	1271890808754	0	0	298a76318ed25d3d395fee7497ae
user10	629	73	1271890808767	0	0	298a76318ed25d3d395fee7497ae
user10	633	75	1271890808769	0	0	298a76318ed25d3d395fee7497ae
user10	634	78	1271890808783	0	0	298a76318ed25d3d395fee7497ae
user10	637	82	1271890808785	0	0	298a76318ed25d3d395fee7497ae
user10	639	84	1271890808797	0	0	298a76318ed25d3d395fee7497ae
user10	639	87	1271890808800	0	0	298a76318ed25d3d395fee7497ae
user10	639	90	1271890808811	0	0	298a76318ed25d3d395fee7497ae
user10	639	93	1271890808821	0	0	298a76318ed25d3d395fee7497ae
user10	636	103	1271890808835	0	0	298a76318ed25d3d395fee7497ae
user10	634	109	1271890808846	0	0	298a76318ed25d3d395fee7497ae
user10	631	113	1271890808849	0	0	298a76318ed25d3d395fee7497ae
user10	630	119	1271890808861	0	0	298a76318ed25d3d395fee7497ae
user10	627	123	1271890808871	0	0	298a76318ed25d3d395fee7497ae
user10	623	130	1271890808886	0	0	298a76318ed25d3d395fee7497ae
user10	621	134	1271890808887	0	0	298a76318ed25d3d395fee7497ae
user10	620	137	1271890808899	0	0	298a76318ed25d3d395fee7497ae
user10	618	140	1271890808911	0	0	298a76318ed25d3d395fee7497ae
user10	618	142	1271890808913	0	0	298a76318ed25d3d395fee7497ae
user10	618	145	1271890808925	0	0	298a76318ed25d3d395fee7497ae
user10	618	148	1271890808935	0	0	298a76318ed25d3d395fee7497ae
user10	619	150	1271890808940	0	0	298a76318ed25d3d395fee7497ae
user10	621	152	1271890808945	0	0	298a76318ed25d3d395fee7497ae
user10	623	154	1271890808958	0	0	298a76318ed25d3d395fee7497ae
user10	625	155	1271890808961	0	0	298a76318ed25d3d395fee7497ae
user10	628	157	1271890808975	0	0	298a76318ed25d3d395fee7497ae
user10	634	157	1271890808977	0	0	298a76318ed25d3d395fee7497ae
user10	638	157	1271890808990	0	0	298a76318ed25d3d395fee7497ae
user10	642	157	1271890808993	0	0	298a76318ed25d3d395fee7497ae
user10	646	157	1271890809005	0	0	298a76318ed25d3d395fee7497ae
user10	653	157	1271890809019	0	0	298a76318ed25d3d395fee7497ae
user10	657	157	1271890809030	0	0	298a76318ed25d3d395fee7497ae
user10	660	157	1271890809032	0	0	298a76318ed25d3d395fee7497ae
user10	664	157	1271890809046	0	0	298a76318ed25d3d395fee7497ae
user10	667	157	1271890809048	0	0	298a76318ed25d3d395fee7497ae
user10	670	157	1271890809060	0	0	298a76318ed25d3d395fee7497ae
user10	672	157	1271890809071	0	0	298a76318ed25d3d395fee7497ae
user10	674	157	1271890809074	0	0	298a76318ed25d3d395fee7497ae
user10	677	157	1271890809085	0	0	298a76318ed25d3d395fee7497ae
user10	678	155	1271890809098	0	0	298a76318ed25d3d395fee7497ae
user10	679	154	1271890809109	0	0	298a76318ed25d3d395fee7497ae
user10	680	152	1271890809122	0	0	298a76318ed25d3d395fee7497ae
user10	680	152	1271890809135	0	0	298a76318ed25d3d395fee7497ae
user10	681	153	1271890809631	0	0	298a76318ed25d3d395fee7497ae
user10	682	153	1271890809648	0	0	298a76318ed25d3d395fee7497ae
user10	682	154	1271890809664	0	0	298a76318ed25d3d395fee7497ae
user10	682	155	1271890809688	0	0	298a76318ed25d3d395fee7497ae
user10	682	156	1271890809704	0	0	298a76318ed25d3d395fee7497ae
user10	682	159	1271890809722	0	0	298a76318ed25d3d395fee7497ae
user10	682	162	1271890809738	0	0	298a76318ed25d3d395fee7497ae
user10	679	166	1271890809757	0	0	298a76318ed25d3d395fee7497ae
user10	678	167	1271890809761	0	0	298a76318ed25d3d395fee7497ae
user10	675	170	1271890809776	0	0	298a76318ed25d3d395fee7497ae
user10	674	170	1271890809789	0	0	298a76318ed25d3d395fee7497ae
user10	669	171	1271890809804	0	0	298a76318ed25d3d395fee7497ae
user10	662	172	1271890809818	0	0	298a76318ed25d3d395fee7497ae
user10	656	173	1271890809834	0	0	298a76318ed25d3d395fee7497ae
user10	650	173	1271890809859	0	0	298a76318ed25d3d395fee7497ae
user10	648	173	1271890809865	0	0	298a76318ed25d3d395fee7497ae
user10	648	172	1271890809880	0	0	298a76318ed25d3d395fee7497ae
user10	647	172	1271890809883	0	0	298a76318ed25d3d395fee7497ae
user10	648	171	1271890809911	0	0	298a76318ed25d3d395fee7497ae
user10	649	171	1271890809959	0	0	298a76318ed25d3d395fee7497ae
user10	649	171	1271890810048	1271890809921	1271890810048	298a76318ed25d3d395fee7497ae
user10	626	56	1271890812574	0	0	298a76318ed25d3d395fee7497ae
user10	627	57	1271890812711	0	0	298a76318ed25d3d395fee7497ae
user10	628	58	1271890812727	0	0	298a76318ed25d3d395fee7497ae
user10	629	60	1271890812740	0	0	298a76318ed25d3d395fee7497ae
user10	636	66	1271890812755	0	0	298a76318ed25d3d395fee7497ae
user10	645	73	1271890812772	0	0	298a76318ed25d3d395fee7497ae
user10	650	80	1271890812775	0	0	298a76318ed25d3d395fee7497ae
user10	659	89	1271890812791	0	0	298a76318ed25d3d395fee7497ae
user10	661	95	1271890812806	0	0	298a76318ed25d3d395fee7497ae
user10	664	102	1271890812808	0	0	298a76318ed25d3d395fee7497ae
user10	668	115	1271890812823	0	0	298a76318ed25d3d395fee7497ae
user10	671	131	1271890812844	0	0	298a76318ed25d3d395fee7497ae
user10	674	149	1271890812860	0	0	298a76318ed25d3d395fee7497ae
user10	677	178	1271890812883	0	0	298a76318ed25d3d395fee7497ae
user10	677	184	1271890812889	0	0	298a76318ed25d3d395fee7497ae
user10	677	207	1271890812916	0	0	298a76318ed25d3d395fee7497ae
user10	674	223	1271890812930	0	0	298a76318ed25d3d395fee7497ae
user10	669	244	1271890812944	0	0	298a76318ed25d3d395fee7497ae
user10	667	256	1271890812956	0	0	298a76318ed25d3d395fee7497ae
user10	663	276	1271890812970	0	0	298a76318ed25d3d395fee7497ae
user10	659	287	1271890812983	0	0	298a76318ed25d3d395fee7497ae
user10	657	297	1271890812986	0	0	298a76318ed25d3d395fee7497ae
user10	656	304	1271890812998	0	0	298a76318ed25d3d395fee7497ae
user10	654	311	1271890813001	0	0	298a76318ed25d3d395fee7497ae
user10	654	315	1271890813011	0	0	298a76318ed25d3d395fee7497ae
user10	653	320	1271890813026	0	0	298a76318ed25d3d395fee7497ae
user10	653	322	1271890813039	0	0	298a76318ed25d3d395fee7497ae
user10	653	323	1271890813041	0	0	298a76318ed25d3d395fee7497ae
user10	653	324	1271890813057	0	0	298a76318ed25d3d395fee7497ae
user10	653	325	1271890813069	0	0	298a76318ed25d3d395fee7497ae
user10	653	326	1271890813087	0	0	298a76318ed25d3d395fee7497ae
user10	651	327	1271890813098	0	0	298a76318ed25d3d395fee7497ae
user10	651	328	1271890813110	0	0	298a76318ed25d3d395fee7497ae
user10	650	329	1271890813113	0	0	298a76318ed25d3d395fee7497ae
user10	649	330	1271890813136	0	0	298a76318ed25d3d395fee7497ae
user10	648	331	1271890813149	0	0	298a76318ed25d3d395fee7497ae
user10	647	331	1271890815856	0	0	298a76318ed25d3d395fee7497ae
user10	646	331	1271890815927	0	0	298a76318ed25d3d395fee7497ae
user10	646	331	1271890816473	1271890816352	1271890816473	298a76318ed25d3d395fee7497ae
user10	646	329	1271890817192	0	0	298a76318ed25d3d395fee7497ae
user10	646	327	1271890817208	0	0	298a76318ed25d3d395fee7497ae
user10	647	325	1271890817212	0	0	298a76318ed25d3d395fee7497ae
user10	649	319	1271890817229	0	0	298a76318ed25d3d395fee7497ae
user10	650	314	1271890817233	0	0	298a76318ed25d3d395fee7497ae
user10	654	305	1271890817253	0	0	298a76318ed25d3d395fee7497ae
user10	656	299	1271890817257	0	0	298a76318ed25d3d395fee7497ae
user10	659	287	1271890817273	0	0	298a76318ed25d3d395fee7497ae
user10	663	258	1271890817305	0	0	298a76318ed25d3d395fee7497ae
user10	663	243	1271890817324	0	0	298a76318ed25d3d395fee7497ae
user10	663	236	1271890817328	0	0	298a76318ed25d3d395fee7497ae
user10	663	223	1271890817346	0	0	298a76318ed25d3d395fee7497ae
user10	663	204	1271890817368	0	0	298a76318ed25d3d395fee7497ae
user10	663	196	1271890817388	0	0	298a76318ed25d3d395fee7497ae
user10	662	192	1271890817395	0	0	298a76318ed25d3d395fee7497ae
user10	661	186	1271890817413	0	0	298a76318ed25d3d395fee7497ae
user10	660	184	1271890817417	0	0	298a76318ed25d3d395fee7497ae
user10	660	183	1271890817435	0	0	298a76318ed25d3d395fee7497ae
user10	660	182	1271890817452	0	0	298a76318ed25d3d395fee7497ae
user10	660	181	1271890817483	0	0	298a76318ed25d3d395fee7497ae
user10	660	178	1271890817511	0	0	298a76318ed25d3d395fee7497ae
user10	660	175	1271890817529	0	0	298a76318ed25d3d395fee7497ae
user10	660	174	1271890817542	0	0	298a76318ed25d3d395fee7497ae
user10	660	173	1271890817545	0	0	298a76318ed25d3d395fee7497ae
user10	660	172	1271890817558	0	0	298a76318ed25d3d395fee7497ae
user10	660	171	1271890817573	0	0	298a76318ed25d3d395fee7497ae
user10	660	170	1271890817586	0	0	298a76318ed25d3d395fee7497ae
user10	660	169	1271890817602	0	0	298a76318ed25d3d395fee7497ae
user10	660	168	1271890817617	0	0	298a76318ed25d3d395fee7497ae
user10	660	166	1271890817631	0	0	298a76318ed25d3d395fee7497ae
user10	660	165	1271890817644	0	0	298a76318ed25d3d395fee7497ae
user10	660	164	1271890817663	0	0	298a76318ed25d3d395fee7497ae
user10	660	164	1271890817903	1271890817783	1271890817903	298a76318ed25d3d395fee7497ae
user10	660	164	1271890820369	0	0	298a76318ed25d3d395fee7497ae
user10	660	164	1271890820859	0	0	298a76318ed25d3d395fee7497ae
user10	660	165	1271890823575	0	0	298a76318ed25d3d395fee7497ae
user10	660	166	1271890823591	0	0	298a76318ed25d3d395fee7497ae
user10	661	167	1271890823607	0	0	298a76318ed25d3d395fee7497ae
user10	661	168	1271890823625	0	0	298a76318ed25d3d395fee7497ae
user10	661	169	1271890823640	0	0	298a76318ed25d3d395fee7497ae
user10	661	170	1271890823679	0	0	298a76318ed25d3d395fee7497ae
user10	661	171	1271890823727	0	0	298a76318ed25d3d395fee7497ae
user10	661	172	1271890823743	0	0	298a76318ed25d3d395fee7497ae
user10	661	172	1271890825527	1271890825407	1271890825527	298a76318ed25d3d395fee7497ae
user10	661	172	1271890826121	0	0	298a76318ed25d3d395fee7497ae
user10	661	172	1271890826168	0	0	298a76318ed25d3d395fee7497ae
user10	661	172	1271890826645	0	0	298a76318ed25d3d395fee7497ae
user10	661	171	1271890826999	0	0	298a76318ed25d3d395fee7497ae
user10	661	169	1271890827013	0	0	298a76318ed25d3d395fee7497ae
user10	659	163	1271890827017	0	0	298a76318ed25d3d395fee7497ae
user10	655	146	1271890827034	0	0	298a76318ed25d3d395fee7497ae
user10	650	128	1271890827050	0	0	298a76318ed25d3d395fee7497ae
user10	642	114	1271890827068	0	0	298a76318ed25d3d395fee7497ae
user10	637	108	1271890827072	0	0	298a76318ed25d3d395fee7497ae
user10	629	98	1271890827087	0	0	298a76318ed25d3d395fee7497ae
user10	623	90	1271890827105	0	0	298a76318ed25d3d395fee7497ae
user10	619	84	1271890827125	0	0	298a76318ed25d3d395fee7497ae
user10	619	82	1271890827127	0	0	298a76318ed25d3d395fee7497ae
user10	618	81	1271890827142	0	0	298a76318ed25d3d395fee7497ae
user10	618	78	1271890827145	0	0	298a76318ed25d3d395fee7497ae
user10	616	74	1271890827160	0	0	298a76318ed25d3d395fee7497ae
user10	615	72	1271890827175	0	0	298a76318ed25d3d395fee7497ae
user10	615	71	1271890827188	0	0	298a76318ed25d3d395fee7497ae
user10	615	69	1271890827191	0	0	298a76318ed25d3d395fee7497ae
user10	615	68	1271890827209	0	0	298a76318ed25d3d395fee7497ae
user10	615	66	1271890827215	0	0	298a76318ed25d3d395fee7497ae
user10	615	64	1271890827231	0	0	298a76318ed25d3d395fee7497ae
user10	615	62	1271890827245	0	0	298a76318ed25d3d395fee7497ae
user10	615	60	1271890827247	0	0	298a76318ed25d3d395fee7497ae
user10	615	59	1271890827262	0	0	298a76318ed25d3d395fee7497ae
user10	615	57	1271890827275	0	0	298a76318ed25d3d395fee7497ae
user10	615	56	1271890827287	0	0	298a76318ed25d3d395fee7497ae
user10	615	55	1271890827310	0	0	298a76318ed25d3d395fee7497ae
user10	615	54	1271890827326	0	0	298a76318ed25d3d395fee7497ae
user10	615	54	1271890827471	1271890827367	1271890827471	298a76318ed25d3d395fee7497ae
user10	626	172	1271890835508	0	0	298a76318ed25d3d395fee7497ae
user10	626	170	1271890835926	0	0	298a76318ed25d3d395fee7497ae
user10	626	169	1271890835945	0	0	298a76318ed25d3d395fee7497ae
user10	624	166	1271890835962	0	0	298a76318ed25d3d395fee7497ae
user10	624	163	1271890835979	0	0	298a76318ed25d3d395fee7497ae
user10	622	162	1271890835982	0	0	298a76318ed25d3d395fee7497ae
user10	621	160	1271890836001	0	0	298a76318ed25d3d395fee7497ae
user10	621	156	1271890836016	0	0	298a76318ed25d3d395fee7497ae
user10	621	156	1271890836040	0	0	298a76318ed25d3d395fee7497ae
user10	620	156	1271890836550	0	0	298a76318ed25d3d395fee7497ae
user10	620	155	1271890836566	0	0	298a76318ed25d3d395fee7497ae
user10	619	155	1271890836582	0	0	298a76318ed25d3d395fee7497ae
user10	618	155	1271890836599	0	0	298a76318ed25d3d395fee7497ae
user10	617	153	1271890836617	0	0	298a76318ed25d3d395fee7497ae
user10	616	152	1271890836638	0	0	298a76318ed25d3d395fee7497ae
user10	615	152	1271890836653	0	0	298a76318ed25d3d395fee7497ae
user10	614	151	1271890836655	0	0	298a76318ed25d3d395fee7497ae
user10	613	151	1271890836672	0	0	298a76318ed25d3d395fee7497ae
user10	612	150	1271890836684	0	0	298a76318ed25d3d395fee7497ae
user10	611	150	1271890836686	0	0	298a76318ed25d3d395fee7497ae
user10	610	149	1271890836711	0	0	298a76318ed25d3d395fee7497ae
user10	608	149	1271890836723	0	0	298a76318ed25d3d395fee7497ae
user10	605	149	1271890836744	0	0	298a76318ed25d3d395fee7497ae
user10	604	148	1271890836747	0	0	298a76318ed25d3d395fee7497ae
user10	602	146	1271890836764	0	0	298a76318ed25d3d395fee7497ae
user10	600	145	1271890836766	0	0	298a76318ed25d3d395fee7497ae
user10	598	144	1271890836787	0	0	298a76318ed25d3d395fee7497ae
user10	594	142	1271890836800	0	0	298a76318ed25d3d395fee7497ae
user10	590	140	1271890836816	0	0	298a76318ed25d3d395fee7497ae
user10	589	139	1271890836829	0	0	298a76318ed25d3d395fee7497ae
user10	588	138	1271890836832	0	0	298a76318ed25d3d395fee7497ae
user10	585	136	1271890836848	0	0	298a76318ed25d3d395fee7497ae
user10	583	134	1271890836861	0	0	298a76318ed25d3d395fee7497ae
user10	581	132	1271890836875	0	0	298a76318ed25d3d395fee7497ae
user10	580	130	1271890836887	0	0	298a76318ed25d3d395fee7497ae
user10	579	128	1271890836900	0	0	298a76318ed25d3d395fee7497ae
user10	579	126	1271890836903	0	0	298a76318ed25d3d395fee7497ae
user10	578	125	1271890836915	0	0	298a76318ed25d3d395fee7497ae
user10	576	121	1271890836930	0	0	298a76318ed25d3d395fee7497ae
user10	574	119	1271890836940	0	0	298a76318ed25d3d395fee7497ae
user10	572	115	1271890836952	0	0	298a76318ed25d3d395fee7497ae
user10	570	109	1271890836968	0	0	298a76318ed25d3d395fee7497ae
user10	569	106	1271890836979	0	0	298a76318ed25d3d395fee7497ae
user10	568	104	1271890836989	0	0	298a76318ed25d3d395fee7497ae
user10	568	102	1271890836991	0	0	298a76318ed25d3d395fee7497ae
user10	566	100	1271890837002	0	0	298a76318ed25d3d395fee7497ae
user10	565	96	1271890837016	0	0	298a76318ed25d3d395fee7497ae
user10	563	94	1271890837028	0	0	298a76318ed25d3d395fee7497ae
user10	563	91	1271890837030	0	0	298a76318ed25d3d395fee7497ae
user10	563	88	1271890837043	0	0	298a76318ed25d3d395fee7497ae
user10	560	83	1271890837054	0	0	298a76318ed25d3d395fee7497ae
user10	560	82	1271890837067	0	0	298a76318ed25d3d395fee7497ae
user10	557	75	1271890837080	0	0	298a76318ed25d3d395fee7497ae
user10	556	72	1271890837090	0	0	298a76318ed25d3d395fee7497ae
user10	555	69	1271890837104	0	0	298a76318ed25d3d395fee7497ae
user10	554	67	1271890837116	0	0	298a76318ed25d3d395fee7497ae
user10	553	66	1271890837122	0	0	298a76318ed25d3d395fee7497ae
user10	553	63	1271890837138	0	0	298a76318ed25d3d395fee7497ae
user10	552	59	1271890837151	0	0	298a76318ed25d3d395fee7497ae
user10	552	58	1271890837165	0	0	298a76318ed25d3d395fee7497ae
user10	551	56	1271890837167	0	0	298a76318ed25d3d395fee7497ae
user10	551	55	1271890837182	0	0	298a76318ed25d3d395fee7497ae
user10	550	54	1271890837192	0	0	298a76318ed25d3d395fee7497ae
user10	549	53	1271890837206	0	0	298a76318ed25d3d395fee7497ae
user10	549	52	1271890837218	0	0	298a76318ed25d3d395fee7497ae
user10	548	51	1271890837236	0	0	298a76318ed25d3d395fee7497ae
user10	548	50	1271890837238	0	0	298a76318ed25d3d395fee7497ae
user10	548	49	1271890837250	0	0	298a76318ed25d3d395fee7497ae
user10	548	48	1271890837262	0	0	298a76318ed25d3d395fee7497ae
user10	548	47	1271890837286	0	0	298a76318ed25d3d395fee7497ae
user10	548	47	1271890837718	1271890837454	1271890837718	298a76318ed25d3d395fee7497ae
user10	600	86	1271890840344	0	0	298a76318ed25d3d395fee7497ae
user10	602	85	1271890840359	0	0	298a76318ed25d3d395fee7497ae
user10	602	84	1271890840372	0	0	298a76318ed25d3d395fee7497ae
user10	602	84	1271890840496	0	0	298a76318ed25d3d395fee7497ae
user10	601	84	1271890840774	0	0	298a76318ed25d3d395fee7497ae
user10	600	84	1271890840790	0	0	298a76318ed25d3d395fee7497ae
user10	600	85	1271890840822	0	0	298a76318ed25d3d395fee7497ae
user10	600	86	1271890840838	0	0	298a76318ed25d3d395fee7497ae
user10	602	88	1271890840854	0	0	298a76318ed25d3d395fee7497ae
user10	603	88	1271890840867	0	0	298a76318ed25d3d395fee7497ae
user10	606	90	1271890840870	0	0	298a76318ed25d3d395fee7497ae
user10	606	92	1271890840884	0	0	298a76318ed25d3d395fee7497ae
user10	607	94	1271890840887	0	0	298a76318ed25d3d395fee7497ae
user10	608	96	1271890840898	0	0	298a76318ed25d3d395fee7497ae
user10	609	103	1271890840915	0	0	298a76318ed25d3d395fee7497ae
user10	611	112	1271890840927	0	0	298a76318ed25d3d395fee7497ae
user10	614	123	1271890840945	0	0	298a76318ed25d3d395fee7497ae
user10	615	133	1271890840959	0	0	298a76318ed25d3d395fee7497ae
user10	616	136	1271890840974	0	0	298a76318ed25d3d395fee7497ae
user10	617	140	1271890840976	0	0	298a76318ed25d3d395fee7497ae
user10	618	144	1271890840988	0	0	298a76318ed25d3d395fee7497ae
user10	620	147	1271890840990	0	0	298a76318ed25d3d395fee7497ae
user10	621	150	1271890841004	0	0	298a76318ed25d3d395fee7497ae
user10	624	154	1271890841007	0	0	298a76318ed25d3d395fee7497ae
user10	626	157	1271890841020	0	0	298a76318ed25d3d395fee7497ae
user10	628	158	1271890841022	0	0	298a76318ed25d3d395fee7497ae
user10	629	160	1271890841033	0	0	298a76318ed25d3d395fee7497ae
user10	630	162	1271890841044	0	0	298a76318ed25d3d395fee7497ae
user10	632	164	1271890841048	0	0	298a76318ed25d3d395fee7497ae
user10	633	165	1271890841062	0	0	298a76318ed25d3d395fee7497ae
user10	634	166	1271890841063	0	0	298a76318ed25d3d395fee7497ae
user10	636	168	1271890841076	0	0	298a76318ed25d3d395fee7497ae
user10	637	170	1271890841079	0	0	298a76318ed25d3d395fee7497ae
user10	638	171	1271890841092	0	0	298a76318ed25d3d395fee7497ae
user10	639	173	1271890841094	0	0	298a76318ed25d3d395fee7497ae
user10	640	176	1271890841110	0	0	298a76318ed25d3d395fee7497ae
user10	641	176	1271890841123	0	0	298a76318ed25d3d395fee7497ae
user10	641	177	1271890841134	0	0	298a76318ed25d3d395fee7497ae
user10	641	178	1271890841149	0	0	298a76318ed25d3d395fee7497ae
user10	641	179	1271890841174	0	0	298a76318ed25d3d395fee7497ae
user10	641	180	1271890841184	0	0	298a76318ed25d3d395fee7497ae
user10	641	181	1271890841198	0	0	298a76318ed25d3d395fee7497ae
user10	641	182	1271890841222	0	0	298a76318ed25d3d395fee7497ae
user10	641	181	1271890841334	0	0	298a76318ed25d3d395fee7497ae
user10	641	180	1271890841350	0	0	298a76318ed25d3d395fee7497ae
user10	640	179	1271890841362	0	0	298a76318ed25d3d395fee7497ae
user10	639	179	1271890841382	0	0	298a76318ed25d3d395fee7497ae
user10	639	178	1271890841406	0	0	298a76318ed25d3d395fee7497ae
user10	639	177	1271890841422	0	0	298a76318ed25d3d395fee7497ae
user10	638	176	1271890841462	0	0	298a76318ed25d3d395fee7497ae
user10	638	175	1271890841478	0	0	298a76318ed25d3d395fee7497ae
user10	638	175	1271890845190	1271890844886	1271890845190	298a76318ed25d3d395fee7497ae
user10	638	175	1271890847102	0	0	298a76318ed25d3d395fee7497ae
user10	638	175	1271890847643	0	0	298a76318ed25d3d395fee7497ae
user10	638	175	1271890850998	1271890850894	1271890850998	298a76318ed25d3d395fee7497ae
user10	638	175	1271890851372	0	0	298a76318ed25d3d395fee7497ae
user10	639	173	1271890851541	0	0	298a76318ed25d3d395fee7497ae
user10	640	170	1271890851556	0	0	298a76318ed25d3d395fee7497ae
user10	640	170	1271890851870	0	0	298a76318ed25d3d395fee7497ae
user10	641	170	1271890852157	0	0	298a76318ed25d3d395fee7497ae
user10	644	172	1271890852173	0	0	298a76318ed25d3d395fee7497ae
user10	645	174	1271890852176	0	0	298a76318ed25d3d395fee7497ae
user10	647	174	1271890852196	0	0	298a76318ed25d3d395fee7497ae
user10	648	174	1271890852199	0	0	298a76318ed25d3d395fee7497ae
user10	648	175	1271890852216	0	0	298a76318ed25d3d395fee7497ae
user10	648	176	1271890852237	0	0	298a76318ed25d3d395fee7497ae
user10	649	177	1271890852261	0	0	298a76318ed25d3d395fee7497ae
user10	650	177	1271890852277	0	0	298a76318ed25d3d395fee7497ae
user10	650	178	1271890852292	0	0	298a76318ed25d3d395fee7497ae
user10	651	178	1271890852295	0	0	298a76318ed25d3d395fee7497ae
user10	652	178	1271890852308	0	0	298a76318ed25d3d395fee7497ae
user10	653	178	1271890852323	0	0	298a76318ed25d3d395fee7497ae
user10	653	177	1271890852325	0	0	298a76318ed25d3d395fee7497ae
user10	653	176	1271890852339	0	0	298a76318ed25d3d395fee7497ae
user10	654	177	1271890852645	0	0	298a76318ed25d3d395fee7497ae
user10	655	179	1271890852656	0	0	298a76318ed25d3d395fee7497ae
user10	657	182	1271890852679	0	0	298a76318ed25d3d395fee7497ae
user10	657	183	1271890852697	0	0	298a76318ed25d3d395fee7497ae
user10	656	183	1271890852893	0	0	298a76318ed25d3d395fee7497ae
user10	656	181	1271890852905	0	0	298a76318ed25d3d395fee7497ae
user10	655	179	1271890852920	0	0	298a76318ed25d3d395fee7497ae
user10	653	176	1271890852934	0	0	298a76318ed25d3d395fee7497ae
user10	651	171	1271890852952	0	0	298a76318ed25d3d395fee7497ae
user10	649	166	1271890852979	0	0	298a76318ed25d3d395fee7497ae
user10	646	163	1271890852982	0	0	298a76318ed25d3d395fee7497ae
user10	646	162	1271890852996	0	0	298a76318ed25d3d395fee7497ae
user10	645	161	1271890853014	0	0	298a76318ed25d3d395fee7497ae
user10	645	161	1271890853166	1271890853069	1271890853166	298a76318ed25d3d395fee7497ae
user10	649	171	1271890854383	0	0	298a76318ed25d3d395fee7497ae
user10	649	171	1271890854866	0	0	298a76318ed25d3d395fee7497ae
user10	649	171	1271890855094	1271890854925	1271890855094	298a76318ed25d3d395fee7497ae
user10	649	171	1271890855416	0	0	298a76318ed25d3d395fee7497ae
user10	649	171	1271890855909	0	0	298a76318ed25d3d395fee7497ae
user10	649	171	1271890857246	1271890857109	1271890857246	298a76318ed25d3d395fee7497ae
user10	649	171	1271890857665	0	0	298a76318ed25d3d395fee7497ae
user10	649	171	1271890857750	0	0	298a76318ed25d3d395fee7497ae
user10	649	171	1271890858375	0	0	298a76318ed25d3d395fee7497ae
user10	650	171	1271890858477	0	0	298a76318ed25d3d395fee7497ae
user10	655	171	1271890858495	0	0	298a76318ed25d3d395fee7497ae
user10	659	171	1271890858510	0	0	298a76318ed25d3d395fee7497ae
user10	663	171	1271890858513	0	0	298a76318ed25d3d395fee7497ae
user10	676	171	1271890858530	0	0	298a76318ed25d3d395fee7497ae
user10	684	172	1271890858533	0	0	298a76318ed25d3d395fee7497ae
user10	697	173	1271890858550	0	0	298a76318ed25d3d395fee7497ae
user10	705	174	1271890858569	0	0	298a76318ed25d3d395fee7497ae
user10	710	175	1271890858584	0	0	298a76318ed25d3d395fee7497ae
user10	714	175	1271890858597	0	0	298a76318ed25d3d395fee7497ae
user10	715	175	1271890858611	0	0	298a76318ed25d3d395fee7497ae
user10	715	174	1271890858629	0	0	298a76318ed25d3d395fee7497ae
user10	716	173	1271890858641	0	0	298a76318ed25d3d395fee7497ae
user10	716	172	1271890858653	0	0	298a76318ed25d3d395fee7497ae
user10	717	172	1271890858667	0	0	298a76318ed25d3d395fee7497ae
user10	717	170	1271890858670	0	0	298a76318ed25d3d395fee7497ae
user10	718	169	1271890858685	0	0	298a76318ed25d3d395fee7497ae
user10	718	168	1271890858717	0	0	298a76318ed25d3d395fee7497ae
user10	718	167	1271890858741	0	0	298a76318ed25d3d395fee7497ae
user10	718	167	1271890858853	1271890858757	1271890858853	298a76318ed25d3d395fee7497ae
user10	718	103	1271890860331	0	0	298a76318ed25d3d395fee7497ae
user10	716	103	1271890860893	0	0	298a76318ed25d3d395fee7497ae
user10	714	105	1271890860907	0	0	298a76318ed25d3d395fee7497ae
user10	713	106	1271890860910	0	0	298a76318ed25d3d395fee7497ae
user10	710	109	1271890860930	0	0	298a76318ed25d3d395fee7497ae
user10	708	110	1271890860933	0	0	298a76318ed25d3d395fee7497ae
user10	706	111	1271890860951	0	0	298a76318ed25d3d395fee7497ae
user10	704	113	1271890860968	0	0	298a76318ed25d3d395fee7497ae
user10	703	114	1271890860984	0	0	298a76318ed25d3d395fee7497ae
user10	701	117	1271890861002	0	0	298a76318ed25d3d395fee7497ae
user10	699	117	1271890861006	0	0	298a76318ed25d3d395fee7497ae
user10	696	120	1271890861026	0	0	298a76318ed25d3d395fee7497ae
user10	693	125	1271890861042	0	0	298a76318ed25d3d395fee7497ae
user10	691	128	1271890861045	0	0	298a76318ed25d3d395fee7497ae
user10	688	134	1271890861065	0	0	298a76318ed25d3d395fee7497ae
user10	685	137	1271890861083	0	0	298a76318ed25d3d395fee7497ae
user10	682	139	1271890861085	0	0	298a76318ed25d3d395fee7497ae
user10	678	143	1271890861101	0	0	298a76318ed25d3d395fee7497ae
user10	677	143	1271890861115	0	0	298a76318ed25d3d395fee7497ae
user10	676	145	1271890861117	0	0	298a76318ed25d3d395fee7497ae
user10	675	145	1271890861132	0	0	298a76318ed25d3d395fee7497ae
user10	673	146	1271890861135	0	0	298a76318ed25d3d395fee7497ae
user10	670	148	1271890861148	0	0	298a76318ed25d3d395fee7497ae
user10	669	149	1271890861165	0	0	298a76318ed25d3d395fee7497ae
user10	668	151	1271890861178	0	0	298a76318ed25d3d395fee7497ae
user10	666	153	1271890861190	0	0	298a76318ed25d3d395fee7497ae
user10	665	153	1271890861203	0	0	298a76318ed25d3d395fee7497ae
user10	664	154	1271890861205	0	0	298a76318ed25d3d395fee7497ae
user10	664	155	1271890861217	0	0	298a76318ed25d3d395fee7497ae
user10	661	158	1271890861230	0	0	298a76318ed25d3d395fee7497ae
user10	660	160	1271890861245	0	0	298a76318ed25d3d395fee7497ae
user10	659	160	1271890861256	0	0	298a76318ed25d3d395fee7497ae
user10	658	161	1271890861271	0	0	298a76318ed25d3d395fee7497ae
user10	658	162	1271890861283	0	0	298a76318ed25d3d395fee7497ae
user10	658	163	1271890861285	0	0	298a76318ed25d3d395fee7497ae
user10	658	164	1271890861301	0	0	298a76318ed25d3d395fee7497ae
user10	657	165	1271890861313	0	0	298a76318ed25d3d395fee7497ae
user10	657	166	1271890861325	0	0	298a76318ed25d3d395fee7497ae
user10	656	167	1271890861339	0	0	298a76318ed25d3d395fee7497ae
user10	655	168	1271890861352	0	0	298a76318ed25d3d395fee7497ae
user10	654	170	1271890861368	0	0	298a76318ed25d3d395fee7497ae
user10	653	171	1271890861381	0	0	298a76318ed25d3d395fee7497ae
user10	653	172	1271890861396	0	0	298a76318ed25d3d395fee7497ae
user10	653	173	1271890861398	0	0	298a76318ed25d3d395fee7497ae
user10	652	173	1271890861410	0	0	298a76318ed25d3d395fee7497ae
user10	652	174	1271890861414	0	0	298a76318ed25d3d395fee7497ae
user10	651	175	1271890861445	0	0	298a76318ed25d3d395fee7497ae
user10	651	176	1271890861468	0	0	298a76318ed25d3d395fee7497ae
user10	650	176	1271890861480	0	0	298a76318ed25d3d395fee7497ae
user10	650	177	1271890861495	0	0	298a76318ed25d3d395fee7497ae
user10	649	177	1271890861516	0	0	298a76318ed25d3d395fee7497ae
user10	648	177	1271890861636	0	0	298a76318ed25d3d395fee7497ae
user10	647	177	1271890861653	0	0	298a76318ed25d3d395fee7497ae
user10	646	176	1271890861668	0	0	298a76318ed25d3d395fee7497ae
user10	646	175	1271890861693	0	0	298a76318ed25d3d395fee7497ae
user10	645	175	1271890861705	0	0	298a76318ed25d3d395fee7497ae
user10	644	175	1271890861725	0	0	298a76318ed25d3d395fee7497ae
user10	643	175	1271890861741	0	0	298a76318ed25d3d395fee7497ae
user10	642	174	1271890861757	0	0	298a76318ed25d3d395fee7497ae
user10	641	174	1271890861805	0	0	298a76318ed25d3d395fee7497ae
user10	641	173	1271890861877	0	0	298a76318ed25d3d395fee7497ae
user10	641	172	1271890861925	0	0	298a76318ed25d3d395fee7497ae
user10	640	171	1271890861937	0	0	298a76318ed25d3d395fee7497ae
user10	640	170	1271890861952	0	0	298a76318ed25d3d395fee7497ae
user10	640	168	1271890861973	0	0	298a76318ed25d3d395fee7497ae
user10	640	167	1271890861989	0	0	298a76318ed25d3d395fee7497ae
user10	639	166	1271890862005	0	0	298a76318ed25d3d395fee7497ae
user10	639	166	1271890862165	1271890862069	1271890862165	298a76318ed25d3d395fee7497ae
user10	639	166	1271890864421	0	0	298a76318ed25d3d395fee7497ae
user10	639	166	1271890864972	0	0	298a76318ed25d3d395fee7497ae
user10	641	168	1271890865116	0	0	298a76318ed25d3d395fee7497ae
user10	641	171	1271890865131	0	0	298a76318ed25d3d395fee7497ae
user10	643	176	1271890865143	0	0	298a76318ed25d3d395fee7497ae
user10	645	178	1271890865156	0	0	298a76318ed25d3d395fee7497ae
user10	647	183	1271890865158	0	0	298a76318ed25d3d395fee7497ae
user10	651	188	1271890865176	0	0	298a76318ed25d3d395fee7497ae
user10	655	192	1271890865191	0	0	298a76318ed25d3d395fee7497ae
user10	656	195	1271890865209	0	0	298a76318ed25d3d395fee7497ae
user10	657	196	1271890865226	0	0	298a76318ed25d3d395fee7497ae
user10	657	197	1271890865230	0	0	298a76318ed25d3d395fee7497ae
user10	657	199	1271890865247	0	0	298a76318ed25d3d395fee7497ae
user10	658	202	1271890865264	0	0	298a76318ed25d3d395fee7497ae
user10	658	201	1271890866100	0	0	298a76318ed25d3d395fee7497ae
user10	657	200	1271890866112	0	0	298a76318ed25d3d395fee7497ae
user10	656	199	1271890866126	0	0	298a76318ed25d3d395fee7497ae
user10	656	196	1271890866144	0	0	298a76318ed25d3d395fee7497ae
user10	656	195	1271890866157	0	0	298a76318ed25d3d395fee7497ae
user10	656	193	1271890866159	0	0	298a76318ed25d3d395fee7497ae
user10	656	191	1271890866173	0	0	298a76318ed25d3d395fee7497ae
user10	655	189	1271890866175	0	0	298a76318ed25d3d395fee7497ae
user10	655	188	1271890866185	0	0	298a76318ed25d3d395fee7497ae
user10	655	184	1271890866199	0	0	298a76318ed25d3d395fee7497ae
user10	655	183	1271890866211	0	0	298a76318ed25d3d395fee7497ae
user10	655	180	1271890866213	0	0	298a76318ed25d3d395fee7497ae
user10	655	179	1271890866227	0	0	298a76318ed25d3d395fee7497ae
user10	655	177	1271890866229	0	0	298a76318ed25d3d395fee7497ae
user10	655	174	1271890866242	0	0	298a76318ed25d3d395fee7497ae
user10	655	171	1271890866252	0	0	298a76318ed25d3d395fee7497ae
user10	654	170	1271890866266	0	0	298a76318ed25d3d395fee7497ae
user10	653	170	1271890866281	0	0	298a76318ed25d3d395fee7497ae
user10	653	169	1271890866296	0	0	298a76318ed25d3d395fee7497ae
user10	653	168	1271890866412	0	0	298a76318ed25d3d395fee7497ae
user10	653	168	1271890866581	1271890866484	1271890866581	298a76318ed25d3d395fee7497ae
user10	653	168	1271890867855	0	0	298a76318ed25d3d395fee7497ae
user10	653	168	1271890868593	0	0	298a76318ed25d3d395fee7497ae
user10	652	169	1271890868692	0	0	298a76318ed25d3d395fee7497ae
user10	651	178	1271890868711	0	0	298a76318ed25d3d395fee7497ae
user10	648	195	1271890868728	0	0	298a76318ed25d3d395fee7497ae
user10	645	231	1271890868750	0	0	298a76318ed25d3d395fee7497ae
user10	644	272	1271890868773	0	0	298a76318ed25d3d395fee7497ae
user10	644	299	1271890868776	0	0	298a76318ed25d3d395fee7497ae
user10	652	362	1271890868792	0	0	298a76318ed25d3d395fee7497ae
user10	662	435	1271890868810	0	0	298a76318ed25d3d395fee7497ae
user10	666	466	1271890868814	0	0	298a76318ed25d3d395fee7497ae
user10	671	533	1271890868834	0	0	298a76318ed25d3d395fee7497ae
user10	675	592	1271890868854	0	0	298a76318ed25d3d395fee7497ae
user10	692	588	1271890883556	0	0	298a76318ed25d3d395fee7497ae
user10	676	552	1271890883573	0	0	298a76318ed25d3d395fee7497ae
user10	658	510	1271890883595	0	0	298a76318ed25d3d395fee7497ae
user10	646	476	1271890883599	0	0	298a76318ed25d3d395fee7497ae
user10	623	420	1271890883617	0	0	298a76318ed25d3d395fee7497ae
user10	597	333	1271890883636	0	0	298a76318ed25d3d395fee7497ae
user10	577	280	1271890883654	0	0	298a76318ed25d3d395fee7497ae
user10	560	239	1271890883672	0	0	298a76318ed25d3d395fee7497ae
user10	545	211	1271890883688	0	0	298a76318ed25d3d395fee7497ae
user10	540	194	1271890883702	0	0	298a76318ed25d3d395fee7497ae
user10	532	183	1271890883717	0	0	298a76318ed25d3d395fee7497ae
user10	522	175	1271890883733	0	0	298a76318ed25d3d395fee7497ae
user10	517	168	1271890883751	0	0	298a76318ed25d3d395fee7497ae
user10	517	165	1271890883765	0	0	298a76318ed25d3d395fee7497ae
user10	517	164	1271890883780	0	0	298a76318ed25d3d395fee7497ae
user10	519	166	1271890884051	0	0	298a76318ed25d3d395fee7497ae
user10	521	168	1271890884062	0	0	298a76318ed25d3d395fee7497ae
user10	525	169	1271890884074	0	0	298a76318ed25d3d395fee7497ae
user10	527	171	1271890884077	0	0	298a76318ed25d3d395fee7497ae
user10	530	173	1271890884088	0	0	298a76318ed25d3d395fee7497ae
user10	535	176	1271890884104	0	0	298a76318ed25d3d395fee7497ae
user10	540	177	1271890884124	0	0	298a76318ed25d3d395fee7497ae
user10	542	177	1271890884138	0	0	298a76318ed25d3d395fee7497ae
user10	543	177	1271890884163	0	0	298a76318ed25d3d395fee7497ae
user10	544	176	1271890884179	0	0	298a76318ed25d3d395fee7497ae
user10	544	175	1271890884191	0	0	298a76318ed25d3d395fee7497ae
user10	545	173	1271890884204	0	0	298a76318ed25d3d395fee7497ae
user10	546	171	1271890884218	0	0	298a76318ed25d3d395fee7497ae
user10	547	169	1271890884220	0	0	298a76318ed25d3d395fee7497ae
user10	547	167	1271890884233	0	0	298a76318ed25d3d395fee7497ae
user10	549	165	1271890884236	0	0	298a76318ed25d3d395fee7497ae
user10	550	163	1271890884249	0	0	298a76318ed25d3d395fee7497ae
user10	553	158	1271890884252	0	0	298a76318ed25d3d395fee7497ae
user10	556	154	1271890884263	0	0	298a76318ed25d3d395fee7497ae
user10	561	144	1271890884277	0	0	298a76318ed25d3d395fee7497ae
user10	564	141	1271890884290	0	0	298a76318ed25d3d395fee7497ae
user10	568	135	1271890884292	0	0	298a76318ed25d3d395fee7497ae
user10	570	131	1271890884305	0	0	298a76318ed25d3d395fee7497ae
user10	574	128	1271890884308	0	0	298a76318ed25d3d395fee7497ae
user10	576	123	1271890884321	0	0	298a76318ed25d3d395fee7497ae
user10	579	119	1271890884333	0	0	298a76318ed25d3d395fee7497ae
user10	583	114	1271890884337	0	0	298a76318ed25d3d395fee7497ae
user10	585	109	1271890884349	0	0	298a76318ed25d3d395fee7497ae
user10	589	104	1271890884351	0	0	298a76318ed25d3d395fee7497ae
user10	593	98	1271890884362	0	0	298a76318ed25d3d395fee7497ae
user10	599	90	1271890884374	0	0	298a76318ed25d3d395fee7497ae
user10	605	83	1271890884392	0	0	298a76318ed25d3d395fee7497ae
user10	610	78	1271890884404	0	0	298a76318ed25d3d395fee7497ae
user10	611	74	1271890884424	0	0	298a76318ed25d3d395fee7497ae
user10	613	72	1271890884442	0	0	298a76318ed25d3d395fee7497ae
user10	614	70	1271890884444	0	0	298a76318ed25d3d395fee7497ae
user10	617	68	1271890884460	0	0	298a76318ed25d3d395fee7497ae
user10	617	66	1271890884475	0	0	298a76318ed25d3d395fee7497ae
user10	618	66	1271890884492	0	0	298a76318ed25d3d395fee7497ae
user10	618	65	1271890884519	0	0	298a76318ed25d3d395fee7497ae
user10	619	64	1271890884539	0	0	298a76318ed25d3d395fee7497ae
user10	619	63	1271890884551	0	0	298a76318ed25d3d395fee7497ae
user10	619	62	1271890884562	0	0	298a76318ed25d3d395fee7497ae
user10	619	61	1271890884564	0	0	298a76318ed25d3d395fee7497ae
user10	619	60	1271890884576	0	0	298a76318ed25d3d395fee7497ae
user10	619	59	1271890884592	0	0	298a76318ed25d3d395fee7497ae
user10	620	58	1271890884605	0	0	298a76318ed25d3d395fee7497ae
user10	620	57	1271890884619	0	0	298a76318ed25d3d395fee7497ae
user10	620	56	1271890884643	0	0	298a76318ed25d3d395fee7497ae
user10	620	55	1271890884659	0	0	298a76318ed25d3d395fee7497ae
user10	620	54	1271890884675	0	0	298a76318ed25d3d395fee7497ae
user10	620	54	1271890884812	1271890884715	1271890884812	298a76318ed25d3d395fee7497ae
user10	345	350	1271890890606	0	0	298a76318ed25d3d395fee7497ae
user10	346	350	1271890890675	0	0	298a76318ed25d3d395fee7497ae
user10	351	350	1271890890695	0	0	298a76318ed25d3d395fee7497ae
user10	360	347	1271890890713	0	0	298a76318ed25d3d395fee7497ae
user10	364	346	1271890890716	0	0	298a76318ed25d3d395fee7497ae
user10	381	339	1271890890731	0	0	298a76318ed25d3d395fee7497ae
user10	410	329	1271890890758	0	0	298a76318ed25d3d395fee7497ae
user10	432	320	1271890890773	0	0	298a76318ed25d3d395fee7497ae
user10	443	313	1271890890786	0	0	298a76318ed25d3d395fee7497ae
user10	460	305	1271890890789	0	0	298a76318ed25d3d395fee7497ae
user10	473	297	1271890890806	0	0	298a76318ed25d3d395fee7497ae
user10	489	288	1271890890808	0	0	298a76318ed25d3d395fee7497ae
user10	514	270	1271890890823	0	0	298a76318ed25d3d395fee7497ae
user10	526	262	1271890890827	0	0	298a76318ed25d3d395fee7497ae
user10	534	255	1271890890841	0	0	298a76318ed25d3d395fee7497ae
user10	543	250	1271890890843	0	0	298a76318ed25d3d395fee7497ae
user10	556	241	1271890890862	0	0	298a76318ed25d3d395fee7497ae
user10	562	236	1271890890877	0	0	298a76318ed25d3d395fee7497ae
user10	564	232	1271890890892	0	0	298a76318ed25d3d395fee7497ae
user10	564	232	1271890891085	0	0	298a76318ed25d3d395fee7497ae
user10	564	231	1271890891187	0	0	298a76318ed25d3d395fee7497ae
user10	564	230	1271890891197	0	0	298a76318ed25d3d395fee7497ae
user10	565	229	1271890891209	0	0	298a76318ed25d3d395fee7497ae
user10	566	227	1271890891212	0	0	298a76318ed25d3d395fee7497ae
user10	566	224	1271890891223	0	0	298a76318ed25d3d395fee7497ae
user10	566	218	1271890891235	0	0	298a76318ed25d3d395fee7497ae
user10	566	213	1271890891253	0	0	298a76318ed25d3d395fee7497ae
user10	565	208	1271890891266	0	0	298a76318ed25d3d395fee7497ae
user10	565	205	1271890891268	0	0	298a76318ed25d3d395fee7497ae
user10	563	201	1271890891284	0	0	298a76318ed25d3d395fee7497ae
user10	562	197	1271890891286	0	0	298a76318ed25d3d395fee7497ae
user10	561	191	1271890891298	0	0	298a76318ed25d3d395fee7497ae
user10	559	185	1271890891300	0	0	298a76318ed25d3d395fee7497ae
user10	558	182	1271890891313	0	0	298a76318ed25d3d395fee7497ae
user10	558	178	1271890891315	0	0	298a76318ed25d3d395fee7497ae
user10	558	173	1271890891330	0	0	298a76318ed25d3d395fee7497ae
user10	558	169	1271890891332	0	0	298a76318ed25d3d395fee7497ae
user10	558	163	1271890891345	0	0	298a76318ed25d3d395fee7497ae
user10	558	158	1271890891347	0	0	298a76318ed25d3d395fee7497ae
user10	558	152	1271890891361	0	0	298a76318ed25d3d395fee7497ae
user10	558	148	1271890891363	0	0	298a76318ed25d3d395fee7497ae
user10	558	142	1271890891375	0	0	298a76318ed25d3d395fee7497ae
user10	558	132	1271890891389	0	0	298a76318ed25d3d395fee7497ae
user10	558	129	1271890891400	0	0	298a76318ed25d3d395fee7497ae
user10	558	122	1271890891413	0	0	298a76318ed25d3d395fee7497ae
user10	557	120	1271890891427	0	0	298a76318ed25d3d395fee7497ae
user10	557	117	1271890891429	0	0	298a76318ed25d3d395fee7497ae
user10	556	114	1271890891439	0	0	298a76318ed25d3d395fee7497ae
user10	556	110	1271890891454	0	0	298a76318ed25d3d395fee7497ae
user10	555	106	1271890891467	0	0	298a76318ed25d3d395fee7497ae
user10	554	104	1271890891480	0	0	298a76318ed25d3d395fee7497ae
user10	553	101	1271890891483	0	0	298a76318ed25d3d395fee7497ae
user10	551	98	1271890891505	0	0	298a76318ed25d3d395fee7497ae
user10	550	95	1271890891509	0	0	298a76318ed25d3d395fee7497ae
user10	548	93	1271890891527	0	0	298a76318ed25d3d395fee7497ae
user10	547	91	1271890891538	0	0	298a76318ed25d3d395fee7497ae
user10	546	90	1271890891539	0	0	298a76318ed25d3d395fee7497ae
user10	545	88	1271890891551	0	0	298a76318ed25d3d395fee7497ae
user10	545	85	1271890891566	0	0	298a76318ed25d3d395fee7497ae
user10	544	85	1271890891578	0	0	298a76318ed25d3d395fee7497ae
user10	544	84	1271890891579	0	0	298a76318ed25d3d395fee7497ae
user10	543	83	1271890891593	0	0	298a76318ed25d3d395fee7497ae
user10	542	82	1271890891595	0	0	298a76318ed25d3d395fee7497ae
user10	541	81	1271890891606	0	0	298a76318ed25d3d395fee7497ae
user10	539	78	1271890891621	0	0	298a76318ed25d3d395fee7497ae
user10	537	77	1271890891633	0	0	298a76318ed25d3d395fee7497ae
user10	536	76	1271890891644	0	0	298a76318ed25d3d395fee7497ae
user10	535	75	1271890891657	0	0	298a76318ed25d3d395fee7497ae
user10	534	74	1271890891669	0	0	298a76318ed25d3d395fee7497ae
user10	534	73	1271890891681	0	0	298a76318ed25d3d395fee7497ae
user10	534	72	1271890891684	0	0	298a76318ed25d3d395fee7497ae
user10	533	72	1271890891697	0	0	298a76318ed25d3d395fee7497ae
user10	532	71	1271890891707	0	0	298a76318ed25d3d395fee7497ae
user10	531	71	1271890891739	0	0	298a76318ed25d3d395fee7497ae
user10	531	70	1271890892531	0	0	298a76318ed25d3d395fee7497ae
user10	531	69	1271890892579	0	0	298a76318ed25d3d395fee7497ae
user10	531	68	1271890892597	0	0	298a76318ed25d3d395fee7497ae
user10	531	67	1271890892643	0	0	298a76318ed25d3d395fee7497ae
user10	531	66	1271890892707	0	0	298a76318ed25d3d395fee7497ae
user10	530	66	1271890892724	0	0	298a76318ed25d3d395fee7497ae
user10	530	65	1271890892755	0	0	298a76318ed25d3d395fee7497ae
user10	530	64	1271890892779	0	0	298a76318ed25d3d395fee7497ae
user10	530	63	1271890892819	0	0	298a76318ed25d3d395fee7497ae
user10	530	62	1271890892867	0	0	298a76318ed25d3d395fee7497ae
user10	530	61	1271890892907	0	0	298a76318ed25d3d395fee7497ae
user10	530	60	1271890893395	0	0	298a76318ed25d3d395fee7497ae
user10	530	59	1271890893411	0	0	298a76318ed25d3d395fee7497ae
user10	530	58	1271890893431	0	0	298a76318ed25d3d395fee7497ae
user10	530	56	1271890893448	0	0	298a76318ed25d3d395fee7497ae
user10	530	55	1271890893475	0	0	298a76318ed25d3d395fee7497ae
user10	530	54	1271890893515	0	0	298a76318ed25d3d395fee7497ae
user10	530	53	1271890893563	0	0	298a76318ed25d3d395fee7497ae
user10	530	53	1271890898307	1271890898171	1271890898307	298a76318ed25d3d395fee7497ae
user10	530	53	1271890901309	0	0	298a76318ed25d3d395fee7497ae
user10	530	53	1271890901789	0	0	298a76318ed25d3d395fee7497ae
user10	532	55	1271890901890	0	0	298a76318ed25d3d395fee7497ae
user10	541	64	1271890901907	0	0	298a76318ed25d3d395fee7497ae
user10	546	69	1271890901922	0	0	298a76318ed25d3d395fee7497ae
user10	559	76	1271890901931	0	0	298a76318ed25d3d395fee7497ae
user10	573	83	1271890901948	0	0	298a76318ed25d3d395fee7497ae
user10	589	92	1271890901964	0	0	298a76318ed25d3d395fee7497ae
user10	603	98	1271890901981	0	0	298a76318ed25d3d395fee7497ae
user10	616	104	1271890901999	0	0	298a76318ed25d3d395fee7497ae
user10	627	109	1271890902014	0	0	298a76318ed25d3d395fee7497ae
user10	632	113	1271890902031	0	0	298a76318ed25d3d395fee7497ae
user10	635	114	1271890902035	0	0	298a76318ed25d3d395fee7497ae
user10	637	117	1271890902051	0	0	298a76318ed25d3d395fee7497ae
user10	640	121	1271890902069	0	0	298a76318ed25d3d395fee7497ae
user10	641	123	1271890902081	0	0	298a76318ed25d3d395fee7497ae
user10	641	124	1271890902083	0	0	298a76318ed25d3d395fee7497ae
user10	642	125	1271890902097	0	0	298a76318ed25d3d395fee7497ae
user10	644	126	1271890902099	0	0	298a76318ed25d3d395fee7497ae
user10	646	130	1271890902116	0	0	298a76318ed25d3d395fee7497ae
user10	648	133	1271890902131	0	0	298a76318ed25d3d395fee7497ae
user10	650	136	1271890902147	0	0	298a76318ed25d3d395fee7497ae
user10	651	138	1271890902162	0	0	298a76318ed25d3d395fee7497ae
user10	652	139	1271890902164	0	0	298a76318ed25d3d395fee7497ae
user10	652	141	1271890902177	0	0	298a76318ed25d3d395fee7497ae
user10	653	142	1271890902179	0	0	298a76318ed25d3d395fee7497ae
user10	653	143	1271890902190	0	0	298a76318ed25d3d395fee7497ae
user10	654	145	1271890902202	0	0	298a76318ed25d3d395fee7497ae
user10	654	147	1271890902214	0	0	298a76318ed25d3d395fee7497ae
user10	654	148	1271890902226	0	0	298a76318ed25d3d395fee7497ae
user10	654	150	1271890902238	0	0	298a76318ed25d3d395fee7497ae
user10	654	151	1271890902250	0	0	298a76318ed25d3d395fee7497ae
user10	654	152	1271890902266	0	0	298a76318ed25d3d395fee7497ae
user10	654	153	1271890902278	0	0	298a76318ed25d3d395fee7497ae
user10	653	154	1271890902290	0	0	298a76318ed25d3d395fee7497ae
user10	653	155	1271890902306	0	0	298a76318ed25d3d395fee7497ae
user10	653	156	1271890902322	0	0	298a76318ed25d3d395fee7497ae
user10	653	157	1271890902336	0	0	298a76318ed25d3d395fee7497ae
user10	652	158	1271890902348	0	0	298a76318ed25d3d395fee7497ae
user10	652	159	1271890902370	0	0	298a76318ed25d3d395fee7497ae
user10	652	159	1271890902515	1271890902410	1271890902515	298a76318ed25d3d395fee7497ae
user10	776	193	1271890904090	0	0	298a76318ed25d3d395fee7497ae
user10	776	193	1271890904684	0	0	298a76318ed25d3d395fee7497ae
user10	775	193	1271890906570	0	0	298a76318ed25d3d395fee7497ae
user10	775	192	1271890906583	0	0	298a76318ed25d3d395fee7497ae
user10	774	192	1271890906586	0	0	298a76318ed25d3d395fee7497ae
user10	773	192	1271890906602	0	0	298a76318ed25d3d395fee7497ae
user10	771	192	1271890906605	0	0	298a76318ed25d3d395fee7497ae
user10	769	192	1271890906620	0	0	298a76318ed25d3d395fee7497ae
user10	766	191	1271890906623	0	0	298a76318ed25d3d395fee7497ae
user10	762	190	1271890906637	0	0	298a76318ed25d3d395fee7497ae
user10	759	188	1271890906640	0	0	298a76318ed25d3d395fee7497ae
user10	753	185	1271890906643	0	0	298a76318ed25d3d395fee7497ae
user10	743	179	1271890906660	0	0	298a76318ed25d3d395fee7497ae
user10	728	173	1271890906676	0	0	298a76318ed25d3d395fee7497ae
user10	721	167	1271890906695	0	0	298a76318ed25d3d395fee7497ae
user10	714	163	1271890906708	0	0	298a76318ed25d3d395fee7497ae
user10	710	160	1271890906724	0	0	298a76318ed25d3d395fee7497ae
user10	708	159	1271890906744	0	0	298a76318ed25d3d395fee7497ae
user10	708	158	1271890906747	0	0	298a76318ed25d3d395fee7497ae
user10	707	156	1271890906763	0	0	298a76318ed25d3d395fee7497ae
user10	706	156	1271890906776	0	0	298a76318ed25d3d395fee7497ae
user10	706	155	1271890906788	0	0	298a76318ed25d3d395fee7497ae
user10	705	155	1271890906789	0	0	298a76318ed25d3d395fee7497ae
user10	705	154	1271890906803	0	0	298a76318ed25d3d395fee7497ae
user10	704	153	1271890906805	0	0	298a76318ed25d3d395fee7497ae
user10	704	152	1271890906815	0	0	298a76318ed25d3d395fee7497ae
user10	703	151	1271890906829	0	0	298a76318ed25d3d395fee7497ae
user10	702	150	1271890906842	0	0	298a76318ed25d3d395fee7497ae
user10	701	149	1271890906843	0	0	298a76318ed25d3d395fee7497ae
user10	701	148	1271890906855	0	0	298a76318ed25d3d395fee7497ae
user10	700	146	1271890906869	0	0	298a76318ed25d3d395fee7497ae
user10	699	145	1271890906880	0	0	298a76318ed25d3d395fee7497ae
user10	698	144	1271890906893	0	0	298a76318ed25d3d395fee7497ae
user10	698	142	1271890906907	0	0	298a76318ed25d3d395fee7497ae
user10	697	142	1271890906917	0	0	298a76318ed25d3d395fee7497ae
user10	694	140	1271890906932	0	0	298a76318ed25d3d395fee7497ae
user10	693	140	1271890906944	0	0	298a76318ed25d3d395fee7497ae
user10	691	139	1271890906956	0	0	298a76318ed25d3d395fee7497ae
user10	689	138	1271890906971	0	0	298a76318ed25d3d395fee7497ae
user10	688	138	1271890906986	0	0	298a76318ed25d3d395fee7497ae
user10	688	137	1271890906997	0	0	298a76318ed25d3d395fee7497ae
user10	687	137	1271890907013	0	0	298a76318ed25d3d395fee7497ae
user10	686	137	1271890907026	0	0	298a76318ed25d3d395fee7497ae
user10	685	137	1271890907042	0	0	298a76318ed25d3d395fee7497ae
user10	684	137	1271890907074	0	0	298a76318ed25d3d395fee7497ae
user10	683	137	1271890907090	0	0	298a76318ed25d3d395fee7497ae
user10	682	137	1271890907104	0	0	298a76318ed25d3d395fee7497ae
user10	681	137	1271890907106	0	0	298a76318ed25d3d395fee7497ae
user10	680	136	1271890907116	0	0	298a76318ed25d3d395fee7497ae
user10	678	135	1271890907131	0	0	298a76318ed25d3d395fee7497ae
user10	676	135	1271890907144	0	0	298a76318ed25d3d395fee7497ae
user10	674	135	1271890907155	0	0	298a76318ed25d3d395fee7497ae
user10	673	134	1271890907170	0	0	298a76318ed25d3d395fee7497ae
user10	672	134	1271890907186	0	0	298a76318ed25d3d395fee7497ae
user10	671	133	1271890907198	0	0	298a76318ed25d3d395fee7497ae
user10	670	132	1271890907212	0	0	298a76318ed25d3d395fee7497ae
user10	669	132	1271890907226	0	0	298a76318ed25d3d395fee7497ae
user10	668	132	1271890907242	0	0	298a76318ed25d3d395fee7497ae
user10	668	131	1271890907282	0	0	298a76318ed25d3d395fee7497ae
user10	667	131	1271890907292	0	0	298a76318ed25d3d395fee7497ae
user10	666	131	1271890907386	0	0	298a76318ed25d3d395fee7497ae
user10	666	131	1271890907603	1271890907506	1271890907603	298a76318ed25d3d395fee7497ae
user10	666	131	1271890910725	0	0	298a76318ed25d3d395fee7497ae
user10	666	133	1271890911106	0	0	298a76318ed25d3d395fee7497ae
user10	666	135	1271890911120	0	0	298a76318ed25d3d395fee7497ae
user10	666	137	1271890911123	0	0	298a76318ed25d3d395fee7497ae
user10	666	142	1271890911140	0	0	298a76318ed25d3d395fee7497ae
user10	666	146	1271890911155	0	0	298a76318ed25d3d395fee7497ae
user10	667	148	1271890911172	0	0	298a76318ed25d3d395fee7497ae
user10	667	149	1271890911194	0	0	298a76318ed25d3d395fee7497ae
user10	667	150	1271890911226	0	0	298a76318ed25d3d395fee7497ae
user10	667	151	1271890911242	0	0	298a76318ed25d3d395fee7497ae
user10	667	152	1271890911259	0	0	298a76318ed25d3d395fee7497ae
user10	667	153	1271890911279	0	0	298a76318ed25d3d395fee7497ae
user10	666	155	1271890911283	0	0	298a76318ed25d3d395fee7497ae
user10	666	156	1271890911298	0	0	298a76318ed25d3d395fee7497ae
user10	665	157	1271890911316	0	0	298a76318ed25d3d395fee7497ae
user10	665	158	1271890911331	0	0	298a76318ed25d3d395fee7497ae
user10	664	158	1271890911335	0	0	298a76318ed25d3d395fee7497ae
user10	664	159	1271890911338	0	0	298a76318ed25d3d395fee7497ae
user10	663	160	1271890911354	0	0	298a76318ed25d3d395fee7497ae
user10	661	162	1271890911371	0	0	298a76318ed25d3d395fee7497ae
user10	661	164	1271890911385	0	0	298a76318ed25d3d395fee7497ae
user10	660	165	1271890911387	0	0	298a76318ed25d3d395fee7497ae
user10	660	167	1271890911402	0	0	298a76318ed25d3d395fee7497ae
user10	659	167	1271890911418	0	0	298a76318ed25d3d395fee7497ae
user10	659	168	1271890911431	0	0	298a76318ed25d3d395fee7497ae
user10	659	168	1271890911546	1271890911475	1271890911546	298a76318ed25d3d395fee7497ae
user10	659	168	1271890912670	0	0	298a76318ed25d3d395fee7497ae
user10	659	168	1271890913190	0	0	298a76318ed25d3d395fee7497ae
user10	659	170	1271890923305	0	0	298a76318ed25d3d395fee7497ae
user10	661	175	1271890923325	0	0	298a76318ed25d3d395fee7497ae
user10	663	179	1271890923340	0	0	298a76318ed25d3d395fee7497ae
user10	668	185	1271890923359	0	0	298a76318ed25d3d395fee7497ae
user10	671	187	1271890923362	0	0	298a76318ed25d3d395fee7497ae
user10	679	193	1271890923379	0	0	298a76318ed25d3d395fee7497ae
user10	686	197	1271890923399	0	0	298a76318ed25d3d395fee7497ae
user10	696	203	1271890923418	0	0	298a76318ed25d3d395fee7497ae
user10	700	204	1271890923433	0	0	298a76318ed25d3d395fee7497ae
user10	704	206	1271890923437	0	0	298a76318ed25d3d395fee7497ae
user10	710	209	1271890923454	0	0	298a76318ed25d3d395fee7497ae
user10	717	214	1271890923468	0	0	298a76318ed25d3d395fee7497ae
user10	724	217	1271890923482	0	0	298a76318ed25d3d395fee7497ae
user10	726	219	1271890923497	0	0	298a76318ed25d3d395fee7497ae
user10	728	219	1271890923500	0	0	298a76318ed25d3d395fee7497ae
user10	731	220	1271890923513	0	0	298a76318ed25d3d395fee7497ae
user10	732	221	1271890923515	0	0	298a76318ed25d3d395fee7497ae
user10	736	223	1271890923532	0	0	298a76318ed25d3d395fee7497ae
user10	737	224	1271890923545	0	0	298a76318ed25d3d395fee7497ae
user10	738	224	1271890923547	0	0	298a76318ed25d3d395fee7497ae
user10	739	225	1271890923562	0	0	298a76318ed25d3d395fee7497ae
user10	740	225	1271890923574	0	0	298a76318ed25d3d395fee7497ae
user10	738	223	1271890928433	0	0	298a76318ed25d3d395fee7497ae
user10	736	219	1271890928446	0	0	298a76318ed25d3d395fee7497ae
user10	725	211	1271890928463	0	0	298a76318ed25d3d395fee7497ae
user10	714	200	1271890928479	0	0	298a76318ed25d3d395fee7497ae
user10	707	193	1271890928486	0	0	298a76318ed25d3d395fee7497ae
user10	700	186	1271890928489	0	0	298a76318ed25d3d395fee7497ae
user10	684	172	1271890928505	0	0	298a76318ed25d3d395fee7497ae
user10	678	166	1271890928520	0	0	298a76318ed25d3d395fee7497ae
user10	671	160	1271890928525	0	0	298a76318ed25d3d395fee7497ae
user10	662	149	1271890928543	0	0	298a76318ed25d3d395fee7497ae
user10	657	144	1271890928546	0	0	298a76318ed25d3d395fee7497ae
user10	651	137	1271890928564	0	0	298a76318ed25d3d395fee7497ae
user10	647	131	1271890928578	0	0	298a76318ed25d3d395fee7497ae
user10	646	129	1271890928593	0	0	298a76318ed25d3d395fee7497ae
user10	645	127	1271890928596	0	0	298a76318ed25d3d395fee7497ae
user10	643	123	1271890928609	0	0	298a76318ed25d3d395fee7497ae
user10	642	121	1271890928623	0	0	298a76318ed25d3d395fee7497ae
user10	642	119	1271890928625	0	0	298a76318ed25d3d395fee7497ae
user10	641	117	1271890928639	0	0	298a76318ed25d3d395fee7497ae
user10	641	116	1271890928641	0	0	298a76318ed25d3d395fee7497ae
user10	639	113	1271890928657	0	0	298a76318ed25d3d395fee7497ae
user10	639	112	1271890928670	0	0	298a76318ed25d3d395fee7497ae
user10	639	109	1271890928686	0	0	298a76318ed25d3d395fee7497ae
user10	639	107	1271890928697	0	0	298a76318ed25d3d395fee7497ae
user10	639	106	1271890928699	0	0	298a76318ed25d3d395fee7497ae
user10	639	105	1271890928710	0	0	298a76318ed25d3d395fee7497ae
user10	638	102	1271890928725	0	0	298a76318ed25d3d395fee7497ae
user10	638	101	1271890928737	0	0	298a76318ed25d3d395fee7497ae
user10	638	100	1271890928747	0	0	298a76318ed25d3d395fee7497ae
user10	638	99	1271890928761	0	0	298a76318ed25d3d395fee7497ae
user10	638	98	1271890928785	0	0	298a76318ed25d3d395fee7497ae
user10	638	98	1271890936441	1271890936225	1271890936441	298a76318ed25d3d395fee7497ae
user10	638	98	1271890938629	0	0	298a76318ed25d3d395fee7497ae
user10	638	98	1271890939318	0	0	298a76318ed25d3d395fee7497ae
user10	638	100	1271890939544	0	0	298a76318ed25d3d395fee7497ae
user10	639	101	1271890939558	0	0	298a76318ed25d3d395fee7497ae
user10	640	104	1271890939560	0	0	298a76318ed25d3d395fee7497ae
user10	641	106	1271890939577	0	0	298a76318ed25d3d395fee7497ae
user10	642	109	1271890939594	0	0	298a76318ed25d3d395fee7497ae
user10	643	110	1271890939613	0	0	298a76318ed25d3d395fee7497ae
user10	643	111	1271890939648	0	0	298a76318ed25d3d395fee7497ae
user10	644	111	1271890939665	0	0	298a76318ed25d3d395fee7497ae
user10	644	112	1271890939680	0	0	298a76318ed25d3d395fee7497ae
user10	645	112	1271890939697	0	0	298a76318ed25d3d395fee7497ae
user10	645	113	1271890939710	0	0	298a76318ed25d3d395fee7497ae
user10	646	114	1271890939712	0	0	298a76318ed25d3d395fee7497ae
user10	646	115	1271890939728	0	0	298a76318ed25d3d395fee7497ae
user10	646	116	1271890939745	0	0	298a76318ed25d3d395fee7497ae
user10	647	117	1271890939760	0	0	298a76318ed25d3d395fee7497ae
user10	648	118	1271890939775	0	0	298a76318ed25d3d395fee7497ae
user10	648	119	1271890939787	0	0	298a76318ed25d3d395fee7497ae
user10	649	120	1271890939800	0	0	298a76318ed25d3d395fee7497ae
user10	649	122	1271890939816	0	0	298a76318ed25d3d395fee7497ae
user10	650	124	1271890939831	0	0	298a76318ed25d3d395fee7497ae
user10	651	125	1271890939833	0	0	298a76318ed25d3d395fee7497ae
user10	651	128	1271890939845	0	0	298a76318ed25d3d395fee7497ae
user10	654	132	1271890939857	0	0	298a76318ed25d3d395fee7497ae
user10	655	134	1271890939872	0	0	298a76318ed25d3d395fee7497ae
user10	655	135	1271890939884	0	0	298a76318ed25d3d395fee7497ae
user10	656	136	1271890939896	0	0	298a76318ed25d3d395fee7497ae
user10	657	136	1271890939898	0	0	298a76318ed25d3d395fee7497ae
user10	657	138	1271890939912	0	0	298a76318ed25d3d395fee7497ae
user10	657	139	1271890939928	0	0	298a76318ed25d3d395fee7497ae
user10	658	140	1271890939944	0	0	298a76318ed25d3d395fee7497ae
user10	659	141	1271890939958	0	0	298a76318ed25d3d395fee7497ae
user10	659	142	1271890939960	0	0	298a76318ed25d3d395fee7497ae
user10	659	143	1271890939973	0	0	298a76318ed25d3d395fee7497ae
user10	659	144	1271890939984	0	0	298a76318ed25d3d395fee7497ae
user10	659	145	1271890940000	0	0	298a76318ed25d3d395fee7497ae
user10	660	145	1271890940448	0	0	298a76318ed25d3d395fee7497ae
user10	660	146	1271890940776	0	0	298a76318ed25d3d395fee7497ae
user10	660	147	1271890940790	0	0	298a76318ed25d3d395fee7497ae
user10	659	147	1271890940794	0	0	298a76318ed25d3d395fee7497ae
user10	659	148	1271890940812	0	0	298a76318ed25d3d395fee7497ae
user10	658	149	1271890940827	0	0	298a76318ed25d3d395fee7497ae
user10	658	150	1271890940845	0	0	298a76318ed25d3d395fee7497ae
user10	658	151	1271890940848	0	0	298a76318ed25d3d395fee7497ae
user10	658	152	1271890940880	0	0	298a76318ed25d3d395fee7497ae
user10	657	153	1271890940912	0	0	298a76318ed25d3d395fee7497ae
user10	657	154	1271890940936	0	0	298a76318ed25d3d395fee7497ae
user10	657	155	1271890940949	0	0	298a76318ed25d3d395fee7497ae
user10	656	156	1271890940968	0	0	298a76318ed25d3d395fee7497ae
user10	655	157	1271890941000	0	0	298a76318ed25d3d395fee7497ae
user10	655	158	1271890941032	0	0	298a76318ed25d3d395fee7497ae
user10	655	159	1271890941064	0	0	298a76318ed25d3d395fee7497ae
user10	654	160	1271890941120	0	0	298a76318ed25d3d395fee7497ae
user10	654	161	1271890941200	0	0	298a76318ed25d3d395fee7497ae
user10	654	161	1271890941481	1271890941362	1271890941481	298a76318ed25d3d395fee7497ae
user10	654	161	1271890944079	0	0	298a76318ed25d3d395fee7497ae
user10	654	162	1271890944208	0	0	298a76318ed25d3d395fee7497ae
user10	654	163	1271890944224	0	0	298a76318ed25d3d395fee7497ae
user10	654	164	1271890944244	0	0	298a76318ed25d3d395fee7497ae
user10	654	165	1271890944264	0	0	298a76318ed25d3d395fee7497ae
user10	654	166	1271890944368	0	0	298a76318ed25d3d395fee7497ae
user10	654	167	1271890944392	0	0	298a76318ed25d3d395fee7497ae
user10	654	168	1271890944448	0	0	298a76318ed25d3d395fee7497ae
user10	654	169	1271890944488	0	0	298a76318ed25d3d395fee7497ae
user10	654	170	1271890944544	0	0	298a76318ed25d3d395fee7497ae
user10	654	170	1271890944913	1271890944816	1271890944913	298a76318ed25d3d395fee7497ae
