User	X	Y	MouseTimeStamp	MouseDownTimeStamp	MouseUpTimeStamp	SessionID
user20	996	76	1271107352607	0	0	3e6a41c289d9704ab82c3cfc7cc4
user20	991	76	1271107352615	0	0	3e6a41c289d9704ab82c3cfc7cc4
user20	982	76	1271107352622	0	0	3e6a41c289d9704ab82c3cfc7cc4
user20	968	77	1271107352631	0	0	3e6a41c289d9704ab82c3cfc7cc4
user20	942	79	1271107352639	0	0	3e6a41c289d9704ab82c3cfc7cc4
user20	913	83	1271107352646	0	0	3e6a41c289d9704ab82c3cfc7cc4
user20	872	89	1271107352655	0	0	3e6a41c289d9704ab82c3cfc7cc4
user20	832	94	1271107352663	0	0	3e6a41c289d9704ab82c3cfc7cc4
user20	779	111	1271107352671	0	0	3e6a41c289d9704ab82c3cfc7cc4
user20	733	134	1271107352679	0	0	3e6a41c289d9704ab82c3cfc7cc4
user20	707	145	1271107352686	0	0	3e6a41c289d9704ab82c3cfc7cc4
user20	688	155	1271107352695	0	0	3e6a41c289d9704ab82c3cfc7cc4
user20	673	166	1271107352703	0	0	3e6a41c289d9704ab82c3cfc7cc4
user20	660	177	1271107352710	0	0	3e6a41c289d9704ab82c3cfc7cc4
user20	642	189	1271107352718	0	0	3e6a41c289d9704ab82c3cfc7cc4
user20	622	202	1271107352726	0	0	3e6a41c289d9704ab82c3cfc7cc4
user20	603	212	1271107352735	0	0	3e6a41c289d9704ab82c3cfc7cc4
user20	575	223	1271107352743	0	0	3e6a41c289d9704ab82c3cfc7cc4
user20	539	241	1271107352750	0	0	3e6a41c289d9704ab82c3cfc7cc4
user20	493	264	1271107352758	0	0	3e6a41c289d9704ab82c3cfc7cc4
user20	452	283	1271107352766	0	0	3e6a41c289d9704ab82c3cfc7cc4
user20	412	302	1271107352775	0	0	3e6a41c289d9704ab82c3cfc7cc4
user20	372	318	1271107352783	0	0	3e6a41c289d9704ab82c3cfc7cc4
user20	340	335	1271107352791	0	0	3e6a41c289d9704ab82c3cfc7cc4
user20	321	347	1271107352799	0	0	3e6a41c289d9704ab82c3cfc7cc4
user20	298	359	1271107352807	0	0	3e6a41c289d9704ab82c3cfc7cc4
user20	286	366	1271107352814	0	0	3e6a41c289d9704ab82c3cfc7cc4
user20	277	371	1271107352822	0	0	3e6a41c289d9704ab82c3cfc7cc4
user20	272	372	1271107352831	0	0	3e6a41c289d9704ab82c3cfc7cc4
user20	267	374	1271107352838	0	0	3e6a41c289d9704ab82c3cfc7cc4
user20	261	374	1271107352847	0	0	3e6a41c289d9704ab82c3cfc7cc4
user20	257	376	1271107352855	0	0	3e6a41c289d9704ab82c3cfc7cc4
user20	255	376	1271107352862	0	0	3e6a41c289d9704ab82c3cfc7cc4
user20	249	380	1271107352870	0	0	3e6a41c289d9704ab82c3cfc7cc4
user20	244	383	1271107352879	0	0	3e6a41c289d9704ab82c3cfc7cc4
user20	237	389	1271107352887	0	0	3e6a41c289d9704ab82c3cfc7cc4
user20	231	394	1271107352895	0	0	3e6a41c289d9704ab82c3cfc7cc4
user20	223	399	1271107352902	0	0	3e6a41c289d9704ab82c3cfc7cc4
user20	215	405	1271107352911	0	0	3e6a41c289d9704ab82c3cfc7cc4
user20	209	408	1271107352919	0	0	3e6a41c289d9704ab82c3cfc7cc4
user20	203	413	1271107352927	0	0	3e6a41c289d9704ab82c3cfc7cc4
user20	195	416	1271107352934	0	0	3e6a41c289d9704ab82c3cfc7cc4
user20	187	417	1271107352942	0	0	3e6a41c289d9704ab82c3cfc7cc4
user20	180	417	1271107352950	0	0	3e6a41c289d9704ab82c3cfc7cc4
user20	168	420	1271107352958	0	0	3e6a41c289d9704ab82c3cfc7cc4
user20	151	422	1271107352966	0	0	3e6a41c289d9704ab82c3cfc7cc4
user20	137	425	1271107352974	0	0	3e6a41c289d9704ab82c3cfc7cc4
user20	118	427	1271107352982	0	0	3e6a41c289d9704ab82c3cfc7cc4
user20	101	431	1271107352990	0	0	3e6a41c289d9704ab82c3cfc7cc4
user20	80	435	1271107352998	0	0	3e6a41c289d9704ab82c3cfc7cc4
user20	61	437	1271107353006	0	0	3e6a41c289d9704ab82c3cfc7cc4
user20	40	439	1271107353014	0	0	3e6a41c289d9704ab82c3cfc7cc4
user20	15	439	1271107353022	0	0	3e6a41c289d9704ab82c3cfc7cc4
user20	894	9	1271108210890	0	0	3e6a41c289d9704ab82c3cfc7cc4
user20	892	10	1271108210898	0	0	3e6a41c289d9704ab82c3cfc7cc4
user20	890	12	1271108210906	0	0	3e6a41c289d9704ab82c3cfc7cc4
user20	886	16	1271108210914	0	0	3e6a41c289d9704ab82c3cfc7cc4
user20	882	19	1271108210922	0	0	3e6a41c289d9704ab82c3cfc7cc4
user20	879	23	1271108210930	0	0	3e6a41c289d9704ab82c3cfc7cc4
user20	875	26	1271108210938	0	0	3e6a41c289d9704ab82c3cfc7cc4
user20	869	31	1271108210946	0	0	3e6a41c289d9704ab82c3cfc7cc4
user20	865	36	1271108210954	0	0	3e6a41c289d9704ab82c3cfc7cc4
user20	859	42	1271108210963	0	0	3e6a41c289d9704ab82c3cfc7cc4
user20	850	49	1271108210970	0	0	3e6a41c289d9704ab82c3cfc7cc4
user20	844	53	1271108210978	0	0	3e6a41c289d9704ab82c3cfc7cc4
user20	836	62	1271108210986	0	0	3e6a41c289d9704ab82c3cfc7cc4
user20	827	70	1271108210995	0	0	3e6a41c289d9704ab82c3cfc7cc4
user20	821	77	1271108211002	0	0	3e6a41c289d9704ab82c3cfc7cc4
user20	814	83	1271108211010	0	0	3e6a41c289d9704ab82c3cfc7cc4
user20	806	88	1271108211018	0	0	3e6a41c289d9704ab82c3cfc7cc4
user20	800	94	1271108211027	0	0	3e6a41c289d9704ab82c3cfc7cc4
user20	799	97	1271108211034	0	0	3e6a41c289d9704ab82c3cfc7cc4
user20	795	99	1271108211042	0	0	3e6a41c289d9704ab82c3cfc7cc4
user20	792	102	1271108211050	0	0	3e6a41c289d9704ab82c3cfc7cc4
user20	790	102	1271108211058	0	0	3e6a41c289d9704ab82c3cfc7cc4
user20	789	102	1271108211066	0	0	3e6a41c289d9704ab82c3cfc7cc4
user20	788	102	1271108211074	0	0	3e6a41c289d9704ab82c3cfc7cc4
user20	788	103	1271108211395	0	0	3e6a41c289d9704ab82c3cfc7cc4
user20	785	107	1271108211403	0	0	3e6a41c289d9704ab82c3cfc7cc4
user20	785	111	1271108211410	0	0	3e6a41c289d9704ab82c3cfc7cc4
user20	785	118	1271108211418	0	0	3e6a41c289d9704ab82c3cfc7cc4
user20	785	123	1271108211427	0	0	3e6a41c289d9704ab82c3cfc7cc4
user20	785	130	1271108211434	0	0	3e6a41c289d9704ab82c3cfc7cc4
user20	785	137	1271108211442	0	0	3e6a41c289d9704ab82c3cfc7cc4
user20	785	144	1271108211450	0	0	3e6a41c289d9704ab82c3cfc7cc4
user20	785	152	1271108211458	0	0	3e6a41c289d9704ab82c3cfc7cc4
user20	785	157	1271108211466	0	0	3e6a41c289d9704ab82c3cfc7cc4
user20	785	164	1271108211474	0	0	3e6a41c289d9704ab82c3cfc7cc4
user20	785	166	1271108211482	0	0	3e6a41c289d9704ab82c3cfc7cc4
user20	783	170	1271108211490	0	0	3e6a41c289d9704ab82c3cfc7cc4
user20	783	174	1271108211498	0	0	3e6a41c289d9704ab82c3cfc7cc4
user20	783	177	1271108211506	0	0	3e6a41c289d9704ab82c3cfc7cc4
user20	783	181	1271108211514	0	0	3e6a41c289d9704ab82c3cfc7cc4
user20	783	183	1271108211522	0	0	3e6a41c289d9704ab82c3cfc7cc4
user20	783	186	1271108211530	0	0	3e6a41c289d9704ab82c3cfc7cc4
user20	783	188	1271108211538	0	0	3e6a41c289d9704ab82c3cfc7cc4
user20	783	190	1271108211546	0	0	3e6a41c289d9704ab82c3cfc7cc4
user20	785	190	1271108212179	0	0	3e6a41c289d9704ab82c3cfc7cc4
user20	792	188	1271108212187	0	0	3e6a41c289d9704ab82c3cfc7cc4
user20	797	187	1271108212194	0	0	3e6a41c289d9704ab82c3cfc7cc4
user20	800	187	1271108212202	0	0	3e6a41c289d9704ab82c3cfc7cc4
user20	801	186	1271108212210	0	0	3e6a41c289d9704ab82c3cfc7cc4
user20	800	185	1271108212234	0	0	3e6a41c289d9704ab82c3cfc7cc4
user20	797	183	1271108212242	0	0	3e6a41c289d9704ab82c3cfc7cc4
user20	795	183	1271108212250	0	0	3e6a41c289d9704ab82c3cfc7cc4
user20	791	184	1271108212258	0	0	3e6a41c289d9704ab82c3cfc7cc4
user20	787	188	1271108212266	0	0	3e6a41c289d9704ab82c3cfc7cc4
user20	777	193	1271108212274	0	0	3e6a41c289d9704ab82c3cfc7cc4
user20	773	197	1271108212282	0	0	3e6a41c289d9704ab82c3cfc7cc4
user20	772	196	1271108212498	0	0	3e6a41c289d9704ab82c3cfc7cc4
user20	771	195	1271108212506	0	0	3e6a41c289d9704ab82c3cfc7cc4
user20	771	194	1271108212514	0	0	3e6a41c289d9704ab82c3cfc7cc4
user20	769	191	1271108212523	0	0	3e6a41c289d9704ab82c3cfc7cc4
user20	769	190	1271108212530	0	0	3e6a41c289d9704ab82c3cfc7cc4
user20	768	189	1271108212538	0	0	3e6a41c289d9704ab82c3cfc7cc4
user20	768	188	1271108212546	0	0	3e6a41c289d9704ab82c3cfc7cc4
user20	768	187	1271108212554	0	0	3e6a41c289d9704ab82c3cfc7cc4
user20	768	186	1271108212562	0	0	3e6a41c289d9704ab82c3cfc7cc4
user20	770	186	1271108213451	0	0	3e6a41c289d9704ab82c3cfc7cc4
user20	771	186	1271108213458	0	0	3e6a41c289d9704ab82c3cfc7cc4
user20	772	186	1271108213466	0	0	3e6a41c289d9704ab82c3cfc7cc4
user20	769	184	1271108213475	0	0	3e6a41c289d9704ab82c3cfc7cc4
user20	764	182	1271108213482	0	0	3e6a41c289d9704ab82c3cfc7cc4
user20	757	182	1271108213490	0	0	3e6a41c289d9704ab82c3cfc7cc4
user20	747	182	1271108213498	0	0	3e6a41c289d9704ab82c3cfc7cc4
user20	749	182	1271108213714	0	0	3e6a41c289d9704ab82c3cfc7cc4
user20	751	179	1271108213722	0	0	3e6a41c289d9704ab82c3cfc7cc4
user20	754	177	1271108213730	0	0	3e6a41c289d9704ab82c3cfc7cc4
user20	755	173	1271108213739	0	0	3e6a41c289d9704ab82c3cfc7cc4
user20	756	172	1271108213746	0	0	3e6a41c289d9704ab82c3cfc7cc4
user20	757	169	1271108213754	0	0	3e6a41c289d9704ab82c3cfc7cc4
user20	758	167	1271108213762	0	0	3e6a41c289d9704ab82c3cfc7cc4
user20	761	165	1271108213770	0	0	3e6a41c289d9704ab82c3cfc7cc4
user20	763	163	1271108213778	0	0	3e6a41c289d9704ab82c3cfc7cc4
user20	769	159	1271108213786	0	0	3e6a41c289d9704ab82c3cfc7cc4
user20	773	156	1271108213794	0	0	3e6a41c289d9704ab82c3cfc7cc4
user20	782	153	1271108213802	0	0	3e6a41c289d9704ab82c3cfc7cc4
user20	795	148	1271108213810	0	0	3e6a41c289d9704ab82c3cfc7cc4
user20	805	145	1271108213818	0	0	3e6a41c289d9704ab82c3cfc7cc4
user20	819	143	1271108213826	0	0	3e6a41c289d9704ab82c3cfc7cc4
user20	840	139	1271108213834	0	0	3e6a41c289d9704ab82c3cfc7cc4
user20	861	137	1271108213843	0	0	3e6a41c289d9704ab82c3cfc7cc4
user20	894	135	1271108213851	0	0	3e6a41c289d9704ab82c3cfc7cc4
user20	919	136	1271108213858	0	0	3e6a41c289d9704ab82c3cfc7cc4
user20	962	139	1271108213866	0	0	3e6a41c289d9704ab82c3cfc7cc4
user20	1007	144	1271108213875	0	0	3e6a41c289d9704ab82c3cfc7cc4
user20	1064	159	1271108213882	0	0	3e6a41c289d9704ab82c3cfc7cc4
user20	1120	171	1271108213891	0	0	3e6a41c289d9704ab82c3cfc7cc4
user20	1166	179	1271108213898	0	0	3e6a41c289d9704ab82c3cfc7cc4
user20	1208	190	1271108213906	0	0	3e6a41c289d9704ab82c3cfc7cc4
user20	1249	197	1271108213914	0	0	3e6a41c289d9704ab82c3cfc7cc4
user20	1279	205	1271108213922	0	0	3e6a41c289d9704ab82c3cfc7cc4
user20	1279	213	1271108213930	0	0	3e6a41c289d9704ab82c3cfc7cc4
user20	1279	221	1271108213938	0	0	3e6a41c289d9704ab82c3cfc7cc4
user20	1279	231	1271108213947	0	0	3e6a41c289d9704ab82c3cfc7cc4
user20	1279	241	1271108213954	0	0	3e6a41c289d9704ab82c3cfc7cc4
user20	1279	249	1271108213962	0	0	3e6a41c289d9704ab82c3cfc7cc4
user20	1279	258	1271108213970	0	0	3e6a41c289d9704ab82c3cfc7cc4
user20	1279	270	1271108213978	0	0	3e6a41c289d9704ab82c3cfc7cc4
user20	1279	282	1271108213986	0	0	3e6a41c289d9704ab82c3cfc7cc4
user20	1279	293	1271108213994	0	0	3e6a41c289d9704ab82c3cfc7cc4
user20	1279	304	1271108214002	0	0	3e6a41c289d9704ab82c3cfc7cc4
user20	1279	313	1271108214010	0	0	3e6a41c289d9704ab82c3cfc7cc4
user20	1279	318	1271108214018	0	0	3e6a41c289d9704ab82c3cfc7cc4
user20	1279	327	1271108214026	0	0	3e6a41c289d9704ab82c3cfc7cc4
user20	1279	331	1271108214034	0	0	3e6a41c289d9704ab82c3cfc7cc4
user20	1279	337	1271108214042	0	0	3e6a41c289d9704ab82c3cfc7cc4
user20	1279	344	1271108214050	0	0	3e6a41c289d9704ab82c3cfc7cc4
user20	1279	352	1271108214058	0	0	3e6a41c289d9704ab82c3cfc7cc4
user20	1279	358	1271108214066	0	0	3e6a41c289d9704ab82c3cfc7cc4
user20	1279	362	1271108214074	0	0	3e6a41c289d9704ab82c3cfc7cc4
user20	1279	366	1271108214082	0	0	3e6a41c289d9704ab82c3cfc7cc4
user20	1279	371	1271108214090	0	0	3e6a41c289d9704ab82c3cfc7cc4
user20	1279	373	1271108214098	0	0	3e6a41c289d9704ab82c3cfc7cc4
user20	1279	375	1271108214106	0	0	3e6a41c289d9704ab82c3cfc7cc4
user20	1279	378	1271108214114	0	0	3e6a41c289d9704ab82c3cfc7cc4
user20	1279	379	1271108214123	0	0	3e6a41c289d9704ab82c3cfc7cc4
user20	1279	382	1271108214130	0	0	3e6a41c289d9704ab82c3cfc7cc4
user20	1279	386	1271108214138	0	0	3e6a41c289d9704ab82c3cfc7cc4
user20	1279	389	1271108214146	0	0	3e6a41c289d9704ab82c3cfc7cc4
user20	1279	393	1271108214154	0	0	3e6a41c289d9704ab82c3cfc7cc4
user20	1279	394	1271108214162	0	0	3e6a41c289d9704ab82c3cfc7cc4
user20	1279	399	1271108214170	0	0	3e6a41c289d9704ab82c3cfc7cc4
user20	1279	403	1271108214178	0	0	3e6a41c289d9704ab82c3cfc7cc4
user20	1279	408	1271108214186	0	0	3e6a41c289d9704ab82c3cfc7cc4
user20	1279	411	1271108214194	0	0	3e6a41c289d9704ab82c3cfc7cc4
user20	1279	415	1271108214202	0	0	3e6a41c289d9704ab82c3cfc7cc4
user20	1279	421	1271108214210	0	0	3e6a41c289d9704ab82c3cfc7cc4
user20	1279	424	1271108214218	0	0	3e6a41c289d9704ab82c3cfc7cc4
user20	1279	431	1271108214226	0	0	3e6a41c289d9704ab82c3cfc7cc4
user20	1279	434	1271108214234	0	0	3e6a41c289d9704ab82c3cfc7cc4
user20	1279	439	1271108214242	0	0	3e6a41c289d9704ab82c3cfc7cc4
user20	1279	442	1271108214250	0	0	3e6a41c289d9704ab82c3cfc7cc4
user20	1279	446	1271108214258	0	0	3e6a41c289d9704ab82c3cfc7cc4
user20	1279	448	1271108214266	0	0	3e6a41c289d9704ab82c3cfc7cc4
user20	1279	452	1271108214274	0	0	3e6a41c289d9704ab82c3cfc7cc4
user20	1279	456	1271108214282	0	0	3e6a41c289d9704ab82c3cfc7cc4
user20	1279	465	1271108214290	0	0	3e6a41c289d9704ab82c3cfc7cc4
user20	1279	477	1271108214298	0	0	3e6a41c289d9704ab82c3cfc7cc4
user20	1275	489	1271108214306	0	0	3e6a41c289d9704ab82c3cfc7cc4
user20	1276	499	1271108214314	0	0	3e6a41c289d9704ab82c3cfc7cc4
user20	1276	510	1271108214322	0	0	3e6a41c289d9704ab82c3cfc7cc4
user20	1274	522	1271108214330	0	0	3e6a41c289d9704ab82c3cfc7cc4
user20	1274	532	1271108214338	0	0	3e6a41c289d9704ab82c3cfc7cc4
user20	1270	540	1271108214346	0	0	3e6a41c289d9704ab82c3cfc7cc4
user20	1270	549	1271108214354	0	0	3e6a41c289d9704ab82c3cfc7cc4
user20	1270	555	1271108214362	0	0	3e6a41c289d9704ab82c3cfc7cc4
user20	1268	560	1271108214370	0	0	3e6a41c289d9704ab82c3cfc7cc4
user20	1268	564	1271108214378	0	0	3e6a41c289d9704ab82c3cfc7cc4
user20	1268	565	1271108214386	0	0	3e6a41c289d9704ab82c3cfc7cc4
user20	1268	566	1271108214394	0	0	3e6a41c289d9704ab82c3cfc7cc4
user20	1267	566	1271108214458	0	0	3e6a41c289d9704ab82c3cfc7cc4
user20	1267	565	1271108214474	0	0	3e6a41c289d9704ab82c3cfc7cc4
user20	1265	562	1271108214482	0	0	3e6a41c289d9704ab82c3cfc7cc4
user20	1264	558	1271108214490	0	0	3e6a41c289d9704ab82c3cfc7cc4
user20	1263	556	1271108214498	0	0	3e6a41c289d9704ab82c3cfc7cc4
user20	1260	550	1271108214506	0	0	3e6a41c289d9704ab82c3cfc7cc4
user20	1257	545	1271108214514	0	0	3e6a41c289d9704ab82c3cfc7cc4
user20	1257	538	1271108214522	0	0	3e6a41c289d9704ab82c3cfc7cc4
user20	1255	525	1271108214530	0	0	3e6a41c289d9704ab82c3cfc7cc4
user20	1251	511	1271108214538	0	0	3e6a41c289d9704ab82c3cfc7cc4
user20	1245	492	1271108214546	0	0	3e6a41c289d9704ab82c3cfc7cc4
user20	1244	475	1271108214554	0	0	3e6a41c289d9704ab82c3cfc7cc4
user20	1242	459	1271108214562	0	0	3e6a41c289d9704ab82c3cfc7cc4
user20	1242	445	1271108214570	0	0	3e6a41c289d9704ab82c3cfc7cc4
user20	1242	428	1271108214578	0	0	3e6a41c289d9704ab82c3cfc7cc4
user20	1242	414	1271108214586	0	0	3e6a41c289d9704ab82c3cfc7cc4
user20	1240	402	1271108214594	0	0	3e6a41c289d9704ab82c3cfc7cc4
user20	1240	391	1271108214602	0	0	3e6a41c289d9704ab82c3cfc7cc4
user20	1240	379	1271108214610	0	0	3e6a41c289d9704ab82c3cfc7cc4
user20	1240	372	1271108214618	0	0	3e6a41c289d9704ab82c3cfc7cc4
user20	1240	369	1271108214626	0	0	3e6a41c289d9704ab82c3cfc7cc4
user20	1240	367	1271108214634	0	0	3e6a41c289d9704ab82c3cfc7cc4
user20	1240	366	1271108214644	0	0	3e6a41c289d9704ab82c3cfc7cc4
user20	1240	365	1271108214658	0	0	3e6a41c289d9704ab82c3cfc7cc4
user20	1240	365	1271108214827	1271108214731	1271108214827	3e6a41c289d9704ab82c3cfc7cc4
user20	1239	365	1271108214890	0	0	3e6a41c289d9704ab82c3cfc7cc4
user20	1235	365	1271108214898	0	0	3e6a41c289d9704ab82c3cfc7cc4
user20	1230	365	1271108214906	0	0	3e6a41c289d9704ab82c3cfc7cc4
user20	1221	365	1271108214914	0	0	3e6a41c289d9704ab82c3cfc7cc4
user20	1212	365	1271108214922	0	0	3e6a41c289d9704ab82c3cfc7cc4
user20	1202	365	1271108214930	0	0	3e6a41c289d9704ab82c3cfc7cc4
user20	1195	365	1271108214938	0	0	3e6a41c289d9704ab82c3cfc7cc4
user20	1190	365	1271108214946	0	0	3e6a41c289d9704ab82c3cfc7cc4
user20	1184	365	1271108214954	0	0	3e6a41c289d9704ab82c3cfc7cc4
user20	1182	365	1271108214962	0	0	3e6a41c289d9704ab82c3cfc7cc4
user20	1178	365	1271108214970	0	0	3e6a41c289d9704ab82c3cfc7cc4
user20	1175	363	1271108214978	0	0	3e6a41c289d9704ab82c3cfc7cc4
user20	1172	363	1271108214986	0	0	3e6a41c289d9704ab82c3cfc7cc4
user20	1170	363	1271108214994	0	0	3e6a41c289d9704ab82c3cfc7cc4
user20	1168	363	1271108215002	0	0	3e6a41c289d9704ab82c3cfc7cc4
user20	1167	363	1271108215010	0	0	3e6a41c289d9704ab82c3cfc7cc4
user20	1166	363	1271108215018	0	0	3e6a41c289d9704ab82c3cfc7cc4
user20	1165	363	1271108215034	0	0	3e6a41c289d9704ab82c3cfc7cc4
user20	1164	359	1271108215755	0	0	3e6a41c289d9704ab82c3cfc7cc4
user20	1164	350	1271108215762	0	0	3e6a41c289d9704ab82c3cfc7cc4
user20	1164	336	1271108215770	0	0	3e6a41c289d9704ab82c3cfc7cc4
user20	1164	318	1271108215778	0	0	3e6a41c289d9704ab82c3cfc7cc4
user20	1164	297	1271108215786	0	0	3e6a41c289d9704ab82c3cfc7cc4
user20	1162	276	1271108215794	0	0	3e6a41c289d9704ab82c3cfc7cc4
user20	1158	252	1271108215802	0	0	3e6a41c289d9704ab82c3cfc7cc4
user20	1154	229	1271108215810	0	0	3e6a41c289d9704ab82c3cfc7cc4
user20	1152	205	1271108215818	0	0	3e6a41c289d9704ab82c3cfc7cc4
user20	1150	187	1271108215826	0	0	3e6a41c289d9704ab82c3cfc7cc4
user20	1148	168	1271108215834	0	0	3e6a41c289d9704ab82c3cfc7cc4
user20	1146	149	1271108215842	0	0	3e6a41c289d9704ab82c3cfc7cc4
user20	1144	135	1271108215850	0	0	3e6a41c289d9704ab82c3cfc7cc4
user20	1143	120	1271108215858	0	0	3e6a41c289d9704ab82c3cfc7cc4
user20	1137	106	1271108215866	0	0	3e6a41c289d9704ab82c3cfc7cc4
user20	1135	91	1271108215874	0	0	3e6a41c289d9704ab82c3cfc7cc4
user20	1128	81	1271108215882	0	0	3e6a41c289d9704ab82c3cfc7cc4
user20	1128	71	1271108215890	0	0	3e6a41c289d9704ab82c3cfc7cc4
user20	1124	59	1271108215898	0	0	3e6a41c289d9704ab82c3cfc7cc4
user20	1122	49	1271108215906	0	0	3e6a41c289d9704ab82c3cfc7cc4
user20	1119	41	1271108215914	0	0	3e6a41c289d9704ab82c3cfc7cc4
user20	1115	35	1271108215922	0	0	3e6a41c289d9704ab82c3cfc7cc4
user20	1112	33	1271108215930	0	0	3e6a41c289d9704ab82c3cfc7cc4
user20	1111	29	1271108215938	0	0	3e6a41c289d9704ab82c3cfc7cc4
user20	1110	24	1271108215946	0	0	3e6a41c289d9704ab82c3cfc7cc4
user20	1108	21	1271108215954	0	0	3e6a41c289d9704ab82c3cfc7cc4
user20	1108	19	1271108215962	0	0	3e6a41c289d9704ab82c3cfc7cc4
user20	1106	17	1271108215970	0	0	3e6a41c289d9704ab82c3cfc7cc4
user20	1106	16	1271108215978	0	0	3e6a41c289d9704ab82c3cfc7cc4
user20	1106	14	1271108215986	0	0	3e6a41c289d9704ab82c3cfc7cc4
user20	1106	11	1271108215994	0	0	3e6a41c289d9704ab82c3cfc7cc4
user20	632	30	1271108217732	0	0	3e6a41c289d9704ab82c3cfc7cc4
user20	633	37	1271108217738	0	0	3e6a41c289d9704ab82c3cfc7cc4
user20	639	48	1271108217746	0	0	3e6a41c289d9704ab82c3cfc7cc4
user20	644	58	1271108217754	0	0	3e6a41c289d9704ab82c3cfc7cc4
user20	647	68	1271108217762	0	0	3e6a41c289d9704ab82c3cfc7cc4
user20	652	74	1271108217770	0	0	3e6a41c289d9704ab82c3cfc7cc4
user20	658	80	1271108217778	0	0	3e6a41c289d9704ab82c3cfc7cc4
user20	662	84	1271108217786	0	0	3e6a41c289d9704ab82c3cfc7cc4
user20	667	91	1271108217794	0	0	3e6a41c289d9704ab82c3cfc7cc4
user20	671	95	1271108217802	0	0	3e6a41c289d9704ab82c3cfc7cc4
user20	673	97	1271108217810	0	0	3e6a41c289d9704ab82c3cfc7cc4
user20	676	100	1271108217818	0	0	3e6a41c289d9704ab82c3cfc7cc4
user20	677	101	1271108217826	0	0	3e6a41c289d9704ab82c3cfc7cc4
user20	678	102	1271108217834	0	0	3e6a41c289d9704ab82c3cfc7cc4
user20	678	103	1271108217842	0	0	3e6a41c289d9704ab82c3cfc7cc4
user20	678	102	1271108259177	0	0	3e6a41c289d9704ab82c3cfc7cc4
user20	683	96	1271108259185	0	0	3e6a41c289d9704ab82c3cfc7cc4
user20	691	88	1271108259193	0	0	3e6a41c289d9704ab82c3cfc7cc4
user20	700	75	1271108259201	0	0	3e6a41c289d9704ab82c3cfc7cc4
user20	712	60	1271108259209	0	0	3e6a41c289d9704ab82c3cfc7cc4
user20	728	40	1271108259217	0	0	3e6a41c289d9704ab82c3cfc7cc4
user20	746	24	1271108259225	0	0	3e6a41c289d9704ab82c3cfc7cc4
user20	792	7	1271108279409	0	0	3e6a41c289d9704ab82c3cfc7cc4
user20	794	14	1271108279417	0	0	3e6a41c289d9704ab82c3cfc7cc4
user20	794	23	1271108279425	0	0	3e6a41c289d9704ab82c3cfc7cc4
user20	797	40	1271108279433	0	0	3e6a41c289d9704ab82c3cfc7cc4
user20	799	64	1271108279441	0	0	3e6a41c289d9704ab82c3cfc7cc4
user20	801	82	1271108279449	0	0	3e6a41c289d9704ab82c3cfc7cc4
user20	803	108	1271108279457	0	0	3e6a41c289d9704ab82c3cfc7cc4
user20	805	129	1271108279465	0	0	3e6a41c289d9704ab82c3cfc7cc4
user20	807	145	1271108279473	0	0	3e6a41c289d9704ab82c3cfc7cc4
user20	810	160	1271108279481	0	0	3e6a41c289d9704ab82c3cfc7cc4
user20	810	169	1271108279489	0	0	3e6a41c289d9704ab82c3cfc7cc4
user20	810	177	1271108279497	0	0	3e6a41c289d9704ab82c3cfc7cc4
user20	811	181	1271108279505	0	0	3e6a41c289d9704ab82c3cfc7cc4
user20	811	184	1271108279513	0	0	3e6a41c289d9704ab82c3cfc7cc4
user20	811	185	1271108279521	0	0	3e6a41c289d9704ab82c3cfc7cc4
user20	811	186	1271108279529	0	0	3e6a41c289d9704ab82c3cfc7cc4
user20	811	187	1271108279537	0	0	3e6a41c289d9704ab82c3cfc7cc4
user20	811	188	1271108279545	0	0	3e6a41c289d9704ab82c3cfc7cc4
user20	813	188	1271108279649	0	0	3e6a41c289d9704ab82c3cfc7cc4
user20	814	187	1271108279657	0	0	3e6a41c289d9704ab82c3cfc7cc4
user20	815	187	1271108279665	0	0	3e6a41c289d9704ab82c3cfc7cc4
user20	816	187	1271108279673	0	0	3e6a41c289d9704ab82c3cfc7cc4
user20	816	186	1271108279689	0	0	3e6a41c289d9704ab82c3cfc7cc4
user20	813	184	1271108279705	0	0	3e6a41c289d9704ab82c3cfc7cc4
user20	813	183	1271108279713	0	0	3e6a41c289d9704ab82c3cfc7cc4
user20	808	182	1271108279721	0	0	3e6a41c289d9704ab82c3cfc7cc4
user20	798	182	1271108279729	0	0	3e6a41c289d9704ab82c3cfc7cc4
user20	784	183	1271108279737	0	0	3e6a41c289d9704ab82c3cfc7cc4
user20	774	185	1271108279745	0	0	3e6a41c289d9704ab82c3cfc7cc4
user20	774	175	1271108279953	0	0	3e6a41c289d9704ab82c3cfc7cc4
user20	778	167	1271108279961	0	0	3e6a41c289d9704ab82c3cfc7cc4
user20	787	162	1271108279969	0	0	3e6a41c289d9704ab82c3cfc7cc4
user20	787	160	1271108279977	0	0	3e6a41c289d9704ab82c3cfc7cc4
user20	789	157	1271108279985	0	0	3e6a41c289d9704ab82c3cfc7cc4
user20	790	156	1271108279993	0	0	3e6a41c289d9704ab82c3cfc7cc4
user20	793	155	1271108280001	0	0	3e6a41c289d9704ab82c3cfc7cc4
user20	799	154	1271108280009	0	0	3e6a41c289d9704ab82c3cfc7cc4
user20	803	154	1271108280017	0	0	3e6a41c289d9704ab82c3cfc7cc4
user20	808	154	1271108280025	0	0	3e6a41c289d9704ab82c3cfc7cc4
user20	815	154	1271108280033	0	0	3e6a41c289d9704ab82c3cfc7cc4
user20	826	154	1271108280041	0	0	3e6a41c289d9704ab82c3cfc7cc4
user20	838	154	1271108280049	0	0	3e6a41c289d9704ab82c3cfc7cc4
user20	850	154	1271108280057	0	0	3e6a41c289d9704ab82c3cfc7cc4
user20	862	155	1271108280065	0	0	3e6a41c289d9704ab82c3cfc7cc4
user20	874	155	1271108280073	0	0	3e6a41c289d9704ab82c3cfc7cc4
user20	886	156	1271108280081	0	0	3e6a41c289d9704ab82c3cfc7cc4
user20	898	156	1271108280089	0	0	3e6a41c289d9704ab82c3cfc7cc4
user20	909	156	1271108280097	0	0	3e6a41c289d9704ab82c3cfc7cc4
user20	921	156	1271108280105	0	0	3e6a41c289d9704ab82c3cfc7cc4
user20	931	156	1271108280113	0	0	3e6a41c289d9704ab82c3cfc7cc4
user20	940	156	1271108280121	0	0	3e6a41c289d9704ab82c3cfc7cc4
user20	944	156	1271108280129	0	0	3e6a41c289d9704ab82c3cfc7cc4
user20	946	158	1271108280137	0	0	3e6a41c289d9704ab82c3cfc7cc4
user20	952	158	1271108280176	0	0	3e6a41c289d9704ab82c3cfc7cc4
user20	952	161	1271108280297	0	0	3e6a41c289d9704ab82c3cfc7cc4
user20	953	164	1271108280305	0	0	3e6a41c289d9704ab82c3cfc7cc4
user20	953	168	1271108280313	0	0	3e6a41c289d9704ab82c3cfc7cc4
user20	953	173	1271108280321	0	0	3e6a41c289d9704ab82c3cfc7cc4
user20	953	179	1271108280329	0	0	3e6a41c289d9704ab82c3cfc7cc4
user20	953	181	1271108280337	0	0	3e6a41c289d9704ab82c3cfc7cc4
user20	953	183	1271108280345	0	0	3e6a41c289d9704ab82c3cfc7cc4
user20	953	185	1271108280353	0	0	3e6a41c289d9704ab82c3cfc7cc4
user20	953	186	1271108280361	0	0	3e6a41c289d9704ab82c3cfc7cc4
user20	953	187	1271108280377	0	0	3e6a41c289d9704ab82c3cfc7cc4
user20	954	184	1271108280593	0	0	3e6a41c289d9704ab82c3cfc7cc4
user20	954	182	1271108280601	0	0	3e6a41c289d9704ab82c3cfc7cc4
user20	955	178	1271108280609	0	0	3e6a41c289d9704ab82c3cfc7cc4
user20	955	177	1271108280617	0	0	3e6a41c289d9704ab82c3cfc7cc4
user20	956	177	1271108280649	0	0	3e6a41c289d9704ab82c3cfc7cc4
user20	956	177	1271108280833	1271108280737	1271108280833	3e6a41c289d9704ab82c3cfc7cc4
user20	956	172	1271108281385	0	0	3e6a41c289d9704ab82c3cfc7cc4
user20	956	165	1271108281393	0	0	3e6a41c289d9704ab82c3cfc7cc4
user20	956	155	1271108281401	0	0	3e6a41c289d9704ab82c3cfc7cc4
user20	956	144	1271108281409	0	0	3e6a41c289d9704ab82c3cfc7cc4
user20	956	130	1271108281417	0	0	3e6a41c289d9704ab82c3cfc7cc4
user20	954	113	1271108281425	0	0	3e6a41c289d9704ab82c3cfc7cc4
user20	952	97	1271108281433	0	0	3e6a41c289d9704ab82c3cfc7cc4
user20	950	82	1271108281441	0	0	3e6a41c289d9704ab82c3cfc7cc4
user20	948	66	1271108281449	0	0	3e6a41c289d9704ab82c3cfc7cc4
user20	945	53	1271108281457	0	0	3e6a41c289d9704ab82c3cfc7cc4
user20	945	46	1271108281465	0	0	3e6a41c289d9704ab82c3cfc7cc4
user20	943	39	1271108281473	0	0	3e6a41c289d9704ab82c3cfc7cc4
user20	942	35	1271108281481	0	0	3e6a41c289d9704ab82c3cfc7cc4
user20	940	29	1271108281489	0	0	3e6a41c289d9704ab82c3cfc7cc4
user20	939	26	1271108281497	0	0	3e6a41c289d9704ab82c3cfc7cc4
user20	938	22	1271108281505	0	0	3e6a41c289d9704ab82c3cfc7cc4
user20	938	18	1271108281513	0	0	3e6a41c289d9704ab82c3cfc7cc4
user20	938	14	1271108281521	0	0	3e6a41c289d9704ab82c3cfc7cc4
user20	938	13	1271108281529	0	0	3e6a41c289d9704ab82c3cfc7cc4
user20	938	11	1271108281537	0	0	3e6a41c289d9704ab82c3cfc7cc4
user20	938	10	1271108281545	0	0	3e6a41c289d9704ab82c3cfc7cc4
user20	938	9	1271108281697	0	0	3e6a41c289d9704ab82c3cfc7cc4
user20	944	13	1271108281793	0	0	3e6a41c289d9704ab82c3cfc7cc4
user20	946	18	1271108281801	0	0	3e6a41c289d9704ab82c3cfc7cc4
user20	946	28	1271108281809	0	0	3e6a41c289d9704ab82c3cfc7cc4
user20	946	35	1271108281817	0	0	3e6a41c289d9704ab82c3cfc7cc4
user20	946	45	1271108281825	0	0	3e6a41c289d9704ab82c3cfc7cc4
user20	946	54	1271108281834	0	0	3e6a41c289d9704ab82c3cfc7cc4
user20	946	66	1271108281841	0	0	3e6a41c289d9704ab82c3cfc7cc4
user20	946	75	1271108281849	0	0	3e6a41c289d9704ab82c3cfc7cc4
user20	946	87	1271108281857	0	0	3e6a41c289d9704ab82c3cfc7cc4
user20	946	99	1271108281865	0	0	3e6a41c289d9704ab82c3cfc7cc4
user20	946	108	1271108281873	0	0	3e6a41c289d9704ab82c3cfc7cc4
user20	946	120	1271108281881	0	0	3e6a41c289d9704ab82c3cfc7cc4
user20	944	128	1271108281889	0	0	3e6a41c289d9704ab82c3cfc7cc4
user20	944	135	1271108281897	0	0	3e6a41c289d9704ab82c3cfc7cc4
user20	942	143	1271108281905	0	0	3e6a41c289d9704ab82c3cfc7cc4
user20	942	148	1271108281913	0	0	3e6a41c289d9704ab82c3cfc7cc4
user20	942	152	1271108281921	0	0	3e6a41c289d9704ab82c3cfc7cc4
user20	942	157	1271108281929	0	0	3e6a41c289d9704ab82c3cfc7cc4
user20	940	159	1271108281937	0	0	3e6a41c289d9704ab82c3cfc7cc4
user20	940	164	1271108281945	0	0	3e6a41c289d9704ab82c3cfc7cc4
user20	938	168	1271108281953	0	0	3e6a41c289d9704ab82c3cfc7cc4
user20	938	170	1271108281961	0	0	3e6a41c289d9704ab82c3cfc7cc4
user20	938	173	1271108281969	0	0	3e6a41c289d9704ab82c3cfc7cc4
user20	938	175	1271108281977	0	0	3e6a41c289d9704ab82c3cfc7cc4
user20	937	176	1271108281985	0	0	3e6a41c289d9704ab82c3cfc7cc4
user20	937	178	1271108281993	0	0	3e6a41c289d9704ab82c3cfc7cc4
user20	937	179	1271108282001	0	0	3e6a41c289d9704ab82c3cfc7cc4
user20	937	180	1271108282009	0	0	3e6a41c289d9704ab82c3cfc7cc4
user20	937	181	1271108282017	0	0	3e6a41c289d9704ab82c3cfc7cc4
user20	937	182	1271108282033	0	0	3e6a41c289d9704ab82c3cfc7cc4
user20	937	183	1271108282041	0	0	3e6a41c289d9704ab82c3cfc7cc4
user20	937	184	1271108282073	0	0	3e6a41c289d9704ab82c3cfc7cc4
user20	936	185	1271108282081	0	0	3e6a41c289d9704ab82c3cfc7cc4
user20	936	186	1271108282089	0	0	3e6a41c289d9704ab82c3cfc7cc4
user20	936	187	1271108282097	0	0	3e6a41c289d9704ab82c3cfc7cc4
user20	936	188	1271108282105	0	0	3e6a41c289d9704ab82c3cfc7cc4
user20	936	189	1271108282113	0	0	3e6a41c289d9704ab82c3cfc7cc4
user20	936	188	1271108282297	0	0	3e6a41c289d9704ab82c3cfc7cc4
user20	936	185	1271108282313	0	0	3e6a41c289d9704ab82c3cfc7cc4
user20	936	184	1271108282321	0	0	3e6a41c289d9704ab82c3cfc7cc4
user20	936	183	1271108282329	0	0	3e6a41c289d9704ab82c3cfc7cc4
user20	936	182	1271108282337	0	0	3e6a41c289d9704ab82c3cfc7cc4
user20	936	181	1271108282345	0	0	3e6a41c289d9704ab82c3cfc7cc4
user20	936	180	1271108282353	0	0	3e6a41c289d9704ab82c3cfc7cc4
user20	936	180	1271108282569	1271108282505	1271108282569	3e6a41c289d9704ab82c3cfc7cc4
user20	936	181	1271108283121	0	0	3e6a41c289d9704ab82c3cfc7cc4
user20	936	184	1271108283129	0	0	3e6a41c289d9704ab82c3cfc7cc4
user20	936	185	1271108283145	0	0	3e6a41c289d9704ab82c3cfc7cc4
user20	933	198	1271108283721	0	0	3e6a41c289d9704ab82c3cfc7cc4
user20	933	201	1271108283729	0	0	3e6a41c289d9704ab82c3cfc7cc4
user20	933	203	1271108283737	0	0	3e6a41c289d9704ab82c3cfc7cc4
user20	933	205	1271108283745	0	0	3e6a41c289d9704ab82c3cfc7cc4
user20	933	207	1271108283753	0	0	3e6a41c289d9704ab82c3cfc7cc4
user20	933	211	1271108283761	0	0	3e6a41c289d9704ab82c3cfc7cc4
user20	933	213	1271108283769	0	0	3e6a41c289d9704ab82c3cfc7cc4
user20	933	217	1271108283777	0	0	3e6a41c289d9704ab82c3cfc7cc4
user20	933	218	1271108283785	0	0	3e6a41c289d9704ab82c3cfc7cc4
user20	933	220	1271108283793	0	0	3e6a41c289d9704ab82c3cfc7cc4
user20	933	221	1271108283801	0	0	3e6a41c289d9704ab82c3cfc7cc4
user20	933	222	1271108283809	0	0	3e6a41c289d9704ab82c3cfc7cc4
user20	933	223	1271108283817	0	0	3e6a41c289d9704ab82c3cfc7cc4
user20	933	223	1271108284065	1271108283961	1271108284065	3e6a41c289d9704ab82c3cfc7cc4
user20	933	225	1271108291033	0	0	3e6a41c289d9704ab82c3cfc7cc4
user20	933	229	1271108291041	0	0	3e6a41c289d9704ab82c3cfc7cc4
user20	933	231	1271108291049	0	0	3e6a41c289d9704ab82c3cfc7cc4
user20	934	235	1271108291057	0	0	3e6a41c289d9704ab82c3cfc7cc4
user20	934	239	1271108291065	0	0	3e6a41c289d9704ab82c3cfc7cc4
user20	934	241	1271108291073	0	0	3e6a41c289d9704ab82c3cfc7cc4
user20	934	242	1271108291081	0	0	3e6a41c289d9704ab82c3cfc7cc4
user20	934	244	1271108291089	0	0	3e6a41c289d9704ab82c3cfc7cc4
user20	934	245	1271108291097	0	0	3e6a41c289d9704ab82c3cfc7cc4
user20	934	246	1271108291113	0	0	3e6a41c289d9704ab82c3cfc7cc4
user20	934	247	1271108291161	0	0	3e6a41c289d9704ab82c3cfc7cc4
user20	934	248	1271108291961	0	0	3e6a41c289d9704ab82c3cfc7cc4
user20	935	250	1271108291969	0	0	3e6a41c289d9704ab82c3cfc7cc4
user20	936	251	1271108291977	0	0	3e6a41c289d9704ab82c3cfc7cc4
user20	936	252	1271108291985	0	0	3e6a41c289d9704ab82c3cfc7cc4
user20	936	253	1271108291993	0	0	3e6a41c289d9704ab82c3cfc7cc4
user20	937	256	1271108292001	0	0	3e6a41c289d9704ab82c3cfc7cc4
user20	938	258	1271108292009	0	0	3e6a41c289d9704ab82c3cfc7cc4
user20	939	259	1271108292017	0	0	3e6a41c289d9704ab82c3cfc7cc4
user20	939	260	1271108292025	0	0	3e6a41c289d9704ab82c3cfc7cc4
user20	940	262	1271108292033	0	0	3e6a41c289d9704ab82c3cfc7cc4
user20	941	262	1271108292041	0	0	3e6a41c289d9704ab82c3cfc7cc4
user20	941	264	1271108292049	0	0	3e6a41c289d9704ab82c3cfc7cc4
user20	941	266	1271108292073	0	0	3e6a41c289d9704ab82c3cfc7cc4
user20	941	267	1271108292097	0	0	3e6a41c289d9704ab82c3cfc7cc4
user20	941	268	1271108292113	0	0	3e6a41c289d9704ab82c3cfc7cc4
user20	941	269	1271108292193	0	0	3e6a41c289d9704ab82c3cfc7cc4
user20	941	270	1271108292201	0	0	3e6a41c289d9704ab82c3cfc7cc4
user20	941	271	1271108292225	0	0	3e6a41c289d9704ab82c3cfc7cc4
user20	941	272	1271108292249	0	0	3e6a41c289d9704ab82c3cfc7cc4
user20	941	273	1271108292257	0	0	3e6a41c289d9704ab82c3cfc7cc4
user20	941	274	1271108292265	0	0	3e6a41c289d9704ab82c3cfc7cc4
user20	941	275	1271108292273	0	0	3e6a41c289d9704ab82c3cfc7cc4
user20	941	276	1271108292289	0	0	3e6a41c289d9704ab82c3cfc7cc4
user20	941	277	1271108292297	0	0	3e6a41c289d9704ab82c3cfc7cc4
user20	941	278	1271108292305	0	0	3e6a41c289d9704ab82c3cfc7cc4
user20	941	278	1271108292577	1271108292473	1271108292577	3e6a41c289d9704ab82c3cfc7cc4
