User	X	Y	MouseTimeStamp	MouseDownTimeStamp	MouseUpTimeStamp	SessionID
user9	828	82	1272518902062	0	0	80961e21b5f602437127390236ed
user9	828	82	1272518902562	0	0	80961e21b5f602437127390236ed
user9	826	83	1272518902812	0	0	80961e21b5f602437127390236ed
user9	825	86	1272518902812	0	0	80961e21b5f602437127390236ed
user9	823	92	1272518902828	0	0	80961e21b5f602437127390236ed
user9	822	98	1272518902828	0	0	80961e21b5f602437127390236ed
user9	821	106	1272518902843	0	0	80961e21b5f602437127390236ed
user9	818	121	1272518902859	0	0	80961e21b5f602437127390236ed
user9	817	127	1272518902875	0	0	80961e21b5f602437127390236ed
user9	815	133	1272518902875	0	0	80961e21b5f602437127390236ed
user9	812	138	1272518902875	0	0	80961e21b5f602437127390236ed
user9	810	143	1272518902890	0	0	80961e21b5f602437127390236ed
user9	807	148	1272518902890	0	0	80961e21b5f602437127390236ed
user9	805	152	1272518902906	0	0	80961e21b5f602437127390236ed
user9	804	155	1272518902906	0	0	80961e21b5f602437127390236ed
user9	802	158	1272518902921	0	0	80961e21b5f602437127390236ed
user9	801	162	1272518902921	0	0	80961e21b5f602437127390236ed
user9	800	164	1272518902937	0	0	80961e21b5f602437127390236ed
user9	800	166	1272518902937	0	0	80961e21b5f602437127390236ed
user9	799	168	1272518902953	0	0	80961e21b5f602437127390236ed
user9	798	169	1272518902953	0	0	80961e21b5f602437127390236ed
user9	798	170	1272518902968	0	0	80961e21b5f602437127390236ed
user9	798	170	1272518902968	0	0	80961e21b5f602437127390236ed
user9	797	170	1272518903125	0	0	80961e21b5f602437127390236ed
user9	797	171	1272518903140	0	0	80961e21b5f602437127390236ed
user9	797	171	1272518903484	1272518903343	1272518903484	80961e21b5f602437127390236ed
user9	797	171	1272518904640	0	0	80961e21b5f602437127390236ed
user9	798	174	1272518910343	0	0	80961e21b5f602437127390236ed
user9	805	180	1272518910359	0	0	80961e21b5f602437127390236ed
user9	822	195	1272518910375	0	0	80961e21b5f602437127390236ed
user9	830	203	1272518910390	0	0	80961e21b5f602437127390236ed
user9	840	213	1272518910390	0	0	80961e21b5f602437127390236ed
user9	851	219	1272518910406	0	0	80961e21b5f602437127390236ed
user9	866	232	1272518910421	0	0	80961e21b5f602437127390236ed
user9	871	237	1272518910421	0	0	80961e21b5f602437127390236ed
user9	875	240	1272518910437	0	0	80961e21b5f602437127390236ed
user9	876	242	1272518910437	0	0	80961e21b5f602437127390236ed
user9	877	243	1272518910453	0	0	80961e21b5f602437127390236ed
user9	877	244	1272518910453	0	0	80961e21b5f602437127390236ed
user9	877	245	1272518910468	0	0	80961e21b5f602437127390236ed
user9	875	246	1272518910484	0	0	80961e21b5f602437127390236ed
user9	874	246	1272518910500	0	0	80961e21b5f602437127390236ed
user9	872	246	1272518910515	0	0	80961e21b5f602437127390236ed
user9	870	246	1272518910515	0	0	80961e21b5f602437127390236ed
user9	868	247	1272518910531	0	0	80961e21b5f602437127390236ed
user9	866	247	1272518910531	0	0	80961e21b5f602437127390236ed
user9	863	247	1272518910546	0	0	80961e21b5f602437127390236ed
user9	862	247	1272518910546	0	0	80961e21b5f602437127390236ed
user9	859	247	1272518910562	0	0	80961e21b5f602437127390236ed
user9	856	247	1272518910562	0	0	80961e21b5f602437127390236ed
user9	854	247	1272518910578	0	0	80961e21b5f602437127390236ed
user9	851	247	1272518910578	0	0	80961e21b5f602437127390236ed
user9	848	248	1272518910593	0	0	80961e21b5f602437127390236ed
user9	845	250	1272518910593	0	0	80961e21b5f602437127390236ed
user9	842	250	1272518910609	0	0	80961e21b5f602437127390236ed
user9	839	252	1272518910609	0	0	80961e21b5f602437127390236ed
user9	836	254	1272518910625	0	0	80961e21b5f602437127390236ed
user9	834	255	1272518910625	0	0	80961e21b5f602437127390236ed
user9	831	256	1272518910640	0	0	80961e21b5f602437127390236ed
user9	828	258	1272518910640	0	0	80961e21b5f602437127390236ed
user9	826	258	1272518910656	0	0	80961e21b5f602437127390236ed
user9	823	261	1272518910656	0	0	80961e21b5f602437127390236ed
user9	820	263	1272518910671	0	0	80961e21b5f602437127390236ed
user9	818	265	1272518910671	0	0	80961e21b5f602437127390236ed
user9	817	266	1272518910687	0	0	80961e21b5f602437127390236ed
user9	817	267	1272518910687	0	0	80961e21b5f602437127390236ed
user9	815	267	1272518910703	0	0	80961e21b5f602437127390236ed
user9	815	268	1272518910703	0	0	80961e21b5f602437127390236ed
user9	814	269	1272518910718	0	0	80961e21b5f602437127390236ed
user9	814	269	1272518910718	0	0	80961e21b5f602437127390236ed
user9	813	270	1272518910765	0	0	80961e21b5f602437127390236ed
user9	812	270	1272518910765	0	0	80961e21b5f602437127390236ed
user9	812	272	1272518910781	0	0	80961e21b5f602437127390236ed
user9	811	272	1272518910796	0	0	80961e21b5f602437127390236ed
user9	810	272	1272518910796	0	0	80961e21b5f602437127390236ed
user9	810	273	1272518910812	0	0	80961e21b5f602437127390236ed
user9	809	273	1272518910828	0	0	80961e21b5f602437127390236ed
user9	807	273	1272518910828	0	0	80961e21b5f602437127390236ed
user9	806	273	1272518910843	0	0	80961e21b5f602437127390236ed
user9	804	274	1272518910843	0	0	80961e21b5f602437127390236ed
user9	801	275	1272518910875	0	0	80961e21b5f602437127390236ed
user9	798	275	1272518910875	0	0	80961e21b5f602437127390236ed
user9	797	275	1272518910875	0	0	80961e21b5f602437127390236ed
user9	796	275	1272518910890	0	0	80961e21b5f602437127390236ed
user9	795	275	1272518910890	0	0	80961e21b5f602437127390236ed
user9	794	275	1272518910921	0	0	80961e21b5f602437127390236ed
user9	794	275	1272518911109	1272518911000	1272518911109	80961e21b5f602437127390236ed
user9	343	155	1272518917375	0	0	80961e21b5f602437127390236ed
user9	346	198	1272518917406	0	0	80961e21b5f602437127390236ed
user9	344	206	1272518917437	0	0	80961e21b5f602437127390236ed
user9	344	207	1272518917468	0	0	80961e21b5f602437127390236ed
user9	342	207	1272518917500	0	0	80961e21b5f602437127390236ed
user9	339	206	1272518917531	0	0	80961e21b5f602437127390236ed
user9	338	206	1272518917546	0	0	80961e21b5f602437127390236ed
user9	335	205	1272518917562	0	0	80961e21b5f602437127390236ed
user9	334	204	1272518917593	0	0	80961e21b5f602437127390236ed
user9	333	204	1272518917593	0	0	80961e21b5f602437127390236ed
user9	331	204	1272518917609	0	0	80961e21b5f602437127390236ed
user9	330	204	1272518917640	0	0	80961e21b5f602437127390236ed
user9	330	204	1272518917656	0	0	80961e21b5f602437127390236ed
user9	329	204	1272518917656	0	0	80961e21b5f602437127390236ed
user9	328	202	1272518917671	0	0	80961e21b5f602437127390236ed
user9	324	198	1272518917703	0	0	80961e21b5f602437127390236ed
user9	319	192	1272518917718	0	0	80961e21b5f602437127390236ed
user9	317	191	1272518917734	0	0	80961e21b5f602437127390236ed
user9	315	190	1272518917765	0	0	80961e21b5f602437127390236ed
user9	314	190	1272518917781	0	0	80961e21b5f602437127390236ed
user9	313	190	1272518917796	0	0	80961e21b5f602437127390236ed
user9	313	190	1272518917968	1272518917890	1272518917968	80961e21b5f602437127390236ed
user9	313	189	1272518934937	0	0	80961e21b5f602437127390236ed
user9	335	190	1272518935015	0	0	80961e21b5f602437127390236ed
user9	342	204	1272518935046	0	0	80961e21b5f602437127390236ed
user9	347	210	1272518935078	0	0	80961e21b5f602437127390236ed
user9	350	211	1272518935125	0	0	80961e21b5f602437127390236ed
user9	358	216	1272518935156	0	0	80961e21b5f602437127390236ed
user9	363	218	1272518935187	0	0	80961e21b5f602437127390236ed
user9	370	225	1272518935218	0	0	80961e21b5f602437127390236ed
user9	382	236	1272518935250	0	0	80961e21b5f602437127390236ed
user9	383	236	1272518935265	0	0	80961e21b5f602437127390236ed
user9	383	234	1272518935296	0	0	80961e21b5f602437127390236ed
user9	383	234	1272518935296	0	0	80961e21b5f602437127390236ed
user9	383	230	1272518935312	0	0	80961e21b5f602437127390236ed
user9	383	230	1272518935312	0	0	80961e21b5f602437127390236ed
user9	383	227	1272518935343	0	0	80961e21b5f602437127390236ed
user9	383	226	1272518935343	0	0	80961e21b5f602437127390236ed
user9	384	226	1272518935375	0	0	80961e21b5f602437127390236ed
user9	384	225	1272518935390	0	0	80961e21b5f602437127390236ed
user9	385	224	1272518935421	0	0	80961e21b5f602437127390236ed
user9	383	224	1272518935968	0	0	80961e21b5f602437127390236ed
user9	326	218	1272518936031	0	0	80961e21b5f602437127390236ed
user9	282	214	1272518936062	0	0	80961e21b5f602437127390236ed
user9	253	214	1272518936093	0	0	80961e21b5f602437127390236ed
user9	234	214	1272518936140	0	0	80961e21b5f602437127390236ed
user9	234	214	1272518936218	0	0	80961e21b5f602437127390236ed
user9	232	214	1272518936234	0	0	80961e21b5f602437127390236ed
user9	227	214	1272518936265	0	0	80961e21b5f602437127390236ed
user9	217	212	1272518936281	0	0	80961e21b5f602437127390236ed
user9	207	210	1272518936296	0	0	80961e21b5f602437127390236ed
user9	202	210	1272518936296	0	0	80961e21b5f602437127390236ed
user9	192	208	1272518936328	0	0	80961e21b5f602437127390236ed
user9	187	207	1272518936328	0	0	80961e21b5f602437127390236ed
user9	178	205	1272518936343	0	0	80961e21b5f602437127390236ed
user9	162	202	1272518936375	0	0	80961e21b5f602437127390236ed
user9	149	201	1272518936390	0	0	80961e21b5f602437127390236ed
user9	142	201	1272518936421	0	0	80961e21b5f602437127390236ed
user9	142	201	1272518936437	0	0	80961e21b5f602437127390236ed
user9	142	200	1272518936437	0	0	80961e21b5f602437127390236ed
user9	141	199	1272518936531	0	0	80961e21b5f602437127390236ed
user9	139	199	1272518936562	0	0	80961e21b5f602437127390236ed
user9	139	198	1272518936562	0	0	80961e21b5f602437127390236ed
user9	138	198	1272518936593	0	0	80961e21b5f602437127390236ed
user9	138	198	1272518936593	0	0	80961e21b5f602437127390236ed
user9	135	194	1272518936625	0	0	80961e21b5f602437127390236ed
user9	133	193	1272518936656	0	0	80961e21b5f602437127390236ed
user9	131	192	1272518936687	0	0	80961e21b5f602437127390236ed
user9	130	190	1272518936718	0	0	80961e21b5f602437127390236ed
user9	130	190	1272518936734	0	0	80961e21b5f602437127390236ed
user9	130	190	1272518936750	0	0	80961e21b5f602437127390236ed
user9	129	189	1272518936781	0	0	80961e21b5f602437127390236ed
user9	128	187	1272518936796	0	0	80961e21b5f602437127390236ed
user9	128	186	1272518936937	0	0	80961e21b5f602437127390236ed
user9	129	186	1272518936984	0	0	80961e21b5f602437127390236ed
user9	129	185	1272518937015	0	0	80961e21b5f602437127390236ed
user9	128	185	1272518937312	0	0	80961e21b5f602437127390236ed
user9	127	185	1272518937390	0	0	80961e21b5f602437127390236ed
user9	128	185	1272518937656	0	0	80961e21b5f602437127390236ed
user9	186	186	1272518937734	0	0	80961e21b5f602437127390236ed
user9	207	186	1272518937734	0	0	80961e21b5f602437127390236ed
user9	279	186	1272518937765	0	0	80961e21b5f602437127390236ed
user9	303	186	1272518937765	0	0	80961e21b5f602437127390236ed
user9	361	187	1272518937796	0	0	80961e21b5f602437127390236ed
user9	373	188	1272518937796	0	0	80961e21b5f602437127390236ed
user9	392	191	1272518937828	0	0	80961e21b5f602437127390236ed
user9	392	193	1272518937859	0	0	80961e21b5f602437127390236ed
user9	391	193	1272518937859	0	0	80961e21b5f602437127390236ed
user9	390	194	1272518937890	0	0	80961e21b5f602437127390236ed
user9	390	194	1272518937968	0	0	80961e21b5f602437127390236ed
user9	391	197	1272518937984	0	0	80961e21b5f602437127390236ed
user9	393	198	1272518937984	0	0	80961e21b5f602437127390236ed
user9	394	200	1272518938015	0	0	80961e21b5f602437127390236ed
user9	395	201	1272518938015	0	0	80961e21b5f602437127390236ed
user9	395	202	1272518938046	0	0	80961e21b5f602437127390236ed
user9	397	205	1272518938078	0	0	80961e21b5f602437127390236ed
user9	407	220	1272518938109	0	0	80961e21b5f602437127390236ed
user9	411	224	1272518938156	0	0	80961e21b5f602437127390236ed
user9	410	222	1272518938187	0	0	80961e21b5f602437127390236ed
user9	408	220	1272518938218	0	0	80961e21b5f602437127390236ed
user9	407	219	1272518938218	0	0	80961e21b5f602437127390236ed
user9	407	219	1272518939031	1272518938906	1272518939031	80961e21b5f602437127390236ed
