User	X	Y	MouseTimeStamp	MouseDownTimeStamp	MouseUpTimeStamp	SessionID
user18	430	282	1271800801752	0	0	d3bdbd115d8e985fae9c614b0dd3
user18	430	282	1271800801845	0	0	d3bdbd115d8e985fae9c614b0dd3
user18	426	282	1271800802033	0	0	d3bdbd115d8e985fae9c614b0dd3
user18	415	282	1271800802048	0	0	d3bdbd115d8e985fae9c614b0dd3
user18	402	282	1271800802048	0	0	d3bdbd115d8e985fae9c614b0dd3
user18	383	279	1271800802064	0	0	d3bdbd115d8e985fae9c614b0dd3
user18	360	276	1271800802064	0	0	d3bdbd115d8e985fae9c614b0dd3
user18	331	271	1271800802080	0	0	d3bdbd115d8e985fae9c614b0dd3
user18	308	267	1271800802080	0	0	d3bdbd115d8e985fae9c614b0dd3
user18	279	262	1271800802095	0	0	d3bdbd115d8e985fae9c614b0dd3
user18	252	256	1271800802095	0	0	d3bdbd115d8e985fae9c614b0dd3
user18	231	252	1271800802111	0	0	d3bdbd115d8e985fae9c614b0dd3
user18	213	249	1271800802111	0	0	d3bdbd115d8e985fae9c614b0dd3
user18	201	247	1271800802127	0	0	d3bdbd115d8e985fae9c614b0dd3
user18	193	246	1271800802142	0	0	d3bdbd115d8e985fae9c614b0dd3
user18	188	245	1271800802142	0	0	d3bdbd115d8e985fae9c614b0dd3
user18	186	244	1271800802158	0	0	d3bdbd115d8e985fae9c614b0dd3
user18	185	244	1271800802158	0	0	d3bdbd115d8e985fae9c614b0dd3
user18	190	242	1271800824877	0	0	d3bdbd115d8e985fae9c614b0dd3
user18	199	239	1271800824893	0	0	d3bdbd115d8e985fae9c614b0dd3
user18	212	233	1271800824893	0	0	d3bdbd115d8e985fae9c614b0dd3
user18	231	229	1271800824908	0	0	d3bdbd115d8e985fae9c614b0dd3
user18	260	223	1271800824908	0	0	d3bdbd115d8e985fae9c614b0dd3
user18	292	216	1271800824924	0	0	d3bdbd115d8e985fae9c614b0dd3
user18	327	207	1271800824924	0	0	d3bdbd115d8e985fae9c614b0dd3
user18	372	200	1271800824940	0	0	d3bdbd115d8e985fae9c614b0dd3
user18	418	190	1271800824940	0	0	d3bdbd115d8e985fae9c614b0dd3
user18	466	181	1271800824955	0	0	d3bdbd115d8e985fae9c614b0dd3
user18	513	173	1271800824955	0	0	d3bdbd115d8e985fae9c614b0dd3
user18	566	163	1271800824971	0	0	d3bdbd115d8e985fae9c614b0dd3
user18	609	154	1271800824971	0	0	d3bdbd115d8e985fae9c614b0dd3
user18	649	145	1271800824987	0	0	d3bdbd115d8e985fae9c614b0dd3
user18	685	132	1271800824987	0	0	d3bdbd115d8e985fae9c614b0dd3
user18	717	124	1271800825002	0	0	d3bdbd115d8e985fae9c614b0dd3
user18	750	115	1271800825002	0	0	d3bdbd115d8e985fae9c614b0dd3
user18	778	104	1271800825018	0	0	d3bdbd115d8e985fae9c614b0dd3
user18	797	98	1271800825018	0	0	d3bdbd115d8e985fae9c614b0dd3
user18	816	94	1271800825033	0	0	d3bdbd115d8e985fae9c614b0dd3
user18	830	90	1271800825033	0	0	d3bdbd115d8e985fae9c614b0dd3
user18	842	88	1271800825049	0	0	d3bdbd115d8e985fae9c614b0dd3
user18	851	86	1271800825049	0	0	d3bdbd115d8e985fae9c614b0dd3
user18	857	85	1271800825065	0	0	d3bdbd115d8e985fae9c614b0dd3
user18	862	85	1271800825065	0	0	d3bdbd115d8e985fae9c614b0dd3
user18	866	83	1271800825080	0	0	d3bdbd115d8e985fae9c614b0dd3
user18	869	83	1271800825080	0	0	d3bdbd115d8e985fae9c614b0dd3
user18	872	82	1271800825096	0	0	d3bdbd115d8e985fae9c614b0dd3
user18	874	82	1271800825096	0	0	d3bdbd115d8e985fae9c614b0dd3
user18	876	81	1271800825112	0	0	d3bdbd115d8e985fae9c614b0dd3
user18	878	80	1271800825112	0	0	d3bdbd115d8e985fae9c614b0dd3
user18	880	80	1271800825127	0	0	d3bdbd115d8e985fae9c614b0dd3
user18	881	80	1271800825143	0	0	d3bdbd115d8e985fae9c614b0dd3
user18	883	80	1271800825158	0	0	d3bdbd115d8e985fae9c614b0dd3
user18	884	82	1271800825158	0	0	d3bdbd115d8e985fae9c614b0dd3
user18	886	84	1271800825174	0	0	d3bdbd115d8e985fae9c614b0dd3
user18	889	85	1271800825190	0	0	d3bdbd115d8e985fae9c614b0dd3
user18	892	90	1271800825190	0	0	d3bdbd115d8e985fae9c614b0dd3
user18	896	93	1271800825205	0	0	d3bdbd115d8e985fae9c614b0dd3
user18	899	98	1271800825205	0	0	d3bdbd115d8e985fae9c614b0dd3
user18	901	102	1271800825221	0	0	d3bdbd115d8e985fae9c614b0dd3
user18	904	107	1271800825221	0	0	d3bdbd115d8e985fae9c614b0dd3
user18	908	113	1271800825237	0	0	d3bdbd115d8e985fae9c614b0dd3
user18	912	119	1271800825237	0	0	d3bdbd115d8e985fae9c614b0dd3
user18	915	127	1271800825252	0	0	d3bdbd115d8e985fae9c614b0dd3
user18	921	134	1271800825252	0	0	d3bdbd115d8e985fae9c614b0dd3
user18	924	144	1271800825268	0	0	d3bdbd115d8e985fae9c614b0dd3
user18	929	151	1271800825268	0	0	d3bdbd115d8e985fae9c614b0dd3
user18	934	160	1271800825283	0	0	d3bdbd115d8e985fae9c614b0dd3
user18	941	168	1271800825283	0	0	d3bdbd115d8e985fae9c614b0dd3
user18	946	173	1271800825299	0	0	d3bdbd115d8e985fae9c614b0dd3
user18	951	179	1271800825299	0	0	d3bdbd115d8e985fae9c614b0dd3
user18	958	183	1271800825315	0	0	d3bdbd115d8e985fae9c614b0dd3
user18	968	188	1271800825315	0	0	d3bdbd115d8e985fae9c614b0dd3
user18	976	190	1271800825330	0	0	d3bdbd115d8e985fae9c614b0dd3
user18	984	192	1271800825330	0	0	d3bdbd115d8e985fae9c614b0dd3
user18	993	194	1271800825346	0	0	d3bdbd115d8e985fae9c614b0dd3
user18	1002	194	1271800825346	0	0	d3bdbd115d8e985fae9c614b0dd3
user18	1013	194	1271800825362	0	0	d3bdbd115d8e985fae9c614b0dd3
user18	1023	194	1271800825362	0	0	d3bdbd115d8e985fae9c614b0dd3
user18	1031	194	1271800825377	0	0	d3bdbd115d8e985fae9c614b0dd3
user18	1041	194	1271800825377	0	0	d3bdbd115d8e985fae9c614b0dd3
user18	1049	194	1271800825393	0	0	d3bdbd115d8e985fae9c614b0dd3
user18	1058	194	1271800825393	0	0	d3bdbd115d8e985fae9c614b0dd3
user18	1065	194	1271800825408	0	0	d3bdbd115d8e985fae9c614b0dd3
user18	1072	193	1271800825408	0	0	d3bdbd115d8e985fae9c614b0dd3
user18	1077	193	1271800825424	0	0	d3bdbd115d8e985fae9c614b0dd3
user18	1082	191	1271800825424	0	0	d3bdbd115d8e985fae9c614b0dd3
user18	1085	188	1271800825440	0	0	d3bdbd115d8e985fae9c614b0dd3
user18	1087	187	1271800825440	0	0	d3bdbd115d8e985fae9c614b0dd3
user18	1090	187	1271800825455	0	0	d3bdbd115d8e985fae9c614b0dd3
user18	1092	184	1271800825455	0	0	d3bdbd115d8e985fae9c614b0dd3
user18	1094	183	1271800825471	0	0	d3bdbd115d8e985fae9c614b0dd3
user18	1096	181	1271800825471	0	0	d3bdbd115d8e985fae9c614b0dd3
user18	1097	179	1271800825487	0	0	d3bdbd115d8e985fae9c614b0dd3
user18	1098	178	1271800825487	0	0	d3bdbd115d8e985fae9c614b0dd3
user18	1100	177	1271800825502	0	0	d3bdbd115d8e985fae9c614b0dd3
user18	1100	176	1271800825533	0	0	d3bdbd115d8e985fae9c614b0dd3
user18	1100	175	1271800825533	0	0	d3bdbd115d8e985fae9c614b0dd3
user18	1100	175	1271800826127	1271800826018	1271800826127	d3bdbd115d8e985fae9c614b0dd3
user18	1101	175	1271800828643	0	0	d3bdbd115d8e985fae9c614b0dd3
user18	1105	178	1271800828659	0	0	d3bdbd115d8e985fae9c614b0dd3
user18	1111	185	1271800828659	0	0	d3bdbd115d8e985fae9c614b0dd3
user18	1119	192	1271800828674	0	0	d3bdbd115d8e985fae9c614b0dd3
user18	1126	198	1271800828674	0	0	d3bdbd115d8e985fae9c614b0dd3
user18	1133	206	1271800828690	0	0	d3bdbd115d8e985fae9c614b0dd3
user18	1139	211	1271800828690	0	0	d3bdbd115d8e985fae9c614b0dd3
user18	1145	218	1271800828705	0	0	d3bdbd115d8e985fae9c614b0dd3
user18	1153	227	1271800828705	0	0	d3bdbd115d8e985fae9c614b0dd3
user18	1156	233	1271800828721	0	0	d3bdbd115d8e985fae9c614b0dd3
user18	1160	240	1271800828721	0	0	d3bdbd115d8e985fae9c614b0dd3
user18	1163	245	1271800828737	0	0	d3bdbd115d8e985fae9c614b0dd3
user18	1164	248	1271800828737	0	0	d3bdbd115d8e985fae9c614b0dd3
user18	1164	250	1271800828752	0	0	d3bdbd115d8e985fae9c614b0dd3
user18	1164	252	1271800828752	0	0	d3bdbd115d8e985fae9c614b0dd3
user18	1164	253	1271800828768	0	0	d3bdbd115d8e985fae9c614b0dd3
user18	1164	254	1271800828768	0	0	d3bdbd115d8e985fae9c614b0dd3
user18	1164	255	1271800828799	0	0	d3bdbd115d8e985fae9c614b0dd3
user18	1164	256	1271800828815	0	0	d3bdbd115d8e985fae9c614b0dd3
user18	1164	258	1271800828815	0	0	d3bdbd115d8e985fae9c614b0dd3
user18	1164	260	1271800828830	0	0	d3bdbd115d8e985fae9c614b0dd3
user18	1164	262	1271800828830	0	0	d3bdbd115d8e985fae9c614b0dd3
user18	1164	263	1271800828846	0	0	d3bdbd115d8e985fae9c614b0dd3
user18	1164	265	1271800828862	0	0	d3bdbd115d8e985fae9c614b0dd3
user18	1164	267	1271800828862	0	0	d3bdbd115d8e985fae9c614b0dd3
user18	1164	268	1271800828877	0	0	d3bdbd115d8e985fae9c614b0dd3
user18	1164	269	1271800828877	0	0	d3bdbd115d8e985fae9c614b0dd3
user18	1164	270	1271800828987	0	0	d3bdbd115d8e985fae9c614b0dd3
user18	1164	270	1271800828987	0	0	d3bdbd115d8e985fae9c614b0dd3
user18	1162	270	1271800829002	0	0	d3bdbd115d8e985fae9c614b0dd3
user18	1162	272	1271800829002	0	0	d3bdbd115d8e985fae9c614b0dd3
user18	1162	274	1271800829018	0	0	d3bdbd115d8e985fae9c614b0dd3
user18	1162	276	1271800829018	0	0	d3bdbd115d8e985fae9c614b0dd3
user18	1161	277	1271800829034	0	0	d3bdbd115d8e985fae9c614b0dd3
user18	1161	278	1271800829034	0	0	d3bdbd115d8e985fae9c614b0dd3
user18	1161	277	1271800829221	0	0	d3bdbd115d8e985fae9c614b0dd3
user18	1161	276	1271800829221	0	0	d3bdbd115d8e985fae9c614b0dd3
user18	1160	274	1271800829237	0	0	d3bdbd115d8e985fae9c614b0dd3
user18	1160	271	1271800829237	0	0	d3bdbd115d8e985fae9c614b0dd3
user18	1159	268	1271800829252	0	0	d3bdbd115d8e985fae9c614b0dd3
user18	1158	264	1271800829252	0	0	d3bdbd115d8e985fae9c614b0dd3
user18	1157	262	1271800829268	0	0	d3bdbd115d8e985fae9c614b0dd3
user18	1156	260	1271800829268	0	0	d3bdbd115d8e985fae9c614b0dd3
user18	1156	257	1271800829284	0	0	d3bdbd115d8e985fae9c614b0dd3
user18	1155	255	1271800829284	0	0	d3bdbd115d8e985fae9c614b0dd3
user18	1155	254	1271800829299	0	0	d3bdbd115d8e985fae9c614b0dd3
user18	1155	253	1271800829299	0	0	d3bdbd115d8e985fae9c614b0dd3
user18	1154	253	1271800829330	0	0	d3bdbd115d8e985fae9c614b0dd3
user18	1154	254	1271800829924	0	0	d3bdbd115d8e985fae9c614b0dd3
user18	1156	258	1271800829940	0	0	d3bdbd115d8e985fae9c614b0dd3
user18	1158	262	1271800829940	0	0	d3bdbd115d8e985fae9c614b0dd3
user18	1160	269	1271800829955	0	0	d3bdbd115d8e985fae9c614b0dd3
user18	1163	274	1271800829955	0	0	d3bdbd115d8e985fae9c614b0dd3
user18	1164	278	1271800829971	0	0	d3bdbd115d8e985fae9c614b0dd3
user18	1166	283	1271800829971	0	0	d3bdbd115d8e985fae9c614b0dd3
user18	1166	286	1271800829987	0	0	d3bdbd115d8e985fae9c614b0dd3
user18	1166	287	1271800829987	0	0	d3bdbd115d8e985fae9c614b0dd3
user18	1166	289	1271800830002	0	0	d3bdbd115d8e985fae9c614b0dd3
user18	1166	289	1271800830455	0	0	d3bdbd115d8e985fae9c614b0dd3
user18	1166	286	1271800830549	0	0	d3bdbd115d8e985fae9c614b0dd3
user18	1166	281	1271800830549	0	0	d3bdbd115d8e985fae9c614b0dd3
user18	1166	271	1271800830565	0	0	d3bdbd115d8e985fae9c614b0dd3
user18	1164	261	1271800830565	0	0	d3bdbd115d8e985fae9c614b0dd3
user18	1162	249	1271800830580	0	0	d3bdbd115d8e985fae9c614b0dd3
user18	1160	234	1271800830580	0	0	d3bdbd115d8e985fae9c614b0dd3
user18	1156	223	1271800830596	0	0	d3bdbd115d8e985fae9c614b0dd3
user18	1151	210	1271800830596	0	0	d3bdbd115d8e985fae9c614b0dd3
user18	1148	198	1271800830612	0	0	d3bdbd115d8e985fae9c614b0dd3
user18	1145	191	1271800830612	0	0	d3bdbd115d8e985fae9c614b0dd3
user18	1141	185	1271800830627	0	0	d3bdbd115d8e985fae9c614b0dd3
user18	1139	179	1271800830627	0	0	d3bdbd115d8e985fae9c614b0dd3
user18	1138	176	1271800830643	0	0	d3bdbd115d8e985fae9c614b0dd3
user18	1138	175	1271800830643	0	0	d3bdbd115d8e985fae9c614b0dd3
user18	1138	173	1271800830659	0	0	d3bdbd115d8e985fae9c614b0dd3
user18	1138	171	1271800830659	0	0	d3bdbd115d8e985fae9c614b0dd3
user18	1138	170	1271800830674	0	0	d3bdbd115d8e985fae9c614b0dd3
user18	1138	168	1271800830690	0	0	d3bdbd115d8e985fae9c614b0dd3
user18	1138	168	1271800830924	0	0	d3bdbd115d8e985fae9c614b0dd3
user18	1138	168	1271800832065	0	0	d3bdbd115d8e985fae9c614b0dd3
user18	1138	168	1271800832065	0	0	d3bdbd115d8e985fae9c614b0dd3
user18	1140	169	1271800836549	0	0	d3bdbd115d8e985fae9c614b0dd3
user18	1144	174	1271800836565	0	0	d3bdbd115d8e985fae9c614b0dd3
user18	1153	181	1271800836565	0	0	d3bdbd115d8e985fae9c614b0dd3
user18	1160	188	1271800836581	0	0	d3bdbd115d8e985fae9c614b0dd3
user18	1168	196	1271800836581	0	0	d3bdbd115d8e985fae9c614b0dd3
user18	1176	205	1271800836596	0	0	d3bdbd115d8e985fae9c614b0dd3
user18	1182	213	1271800836596	0	0	d3bdbd115d8e985fae9c614b0dd3
user18	1187	220	1271800836612	0	0	d3bdbd115d8e985fae9c614b0dd3
user18	1189	227	1271800836612	0	0	d3bdbd115d8e985fae9c614b0dd3
user18	1191	230	1271800836628	0	0	d3bdbd115d8e985fae9c614b0dd3
user18	1191	232	1271800836628	0	0	d3bdbd115d8e985fae9c614b0dd3
user18	1191	233	1271800836643	0	0	d3bdbd115d8e985fae9c614b0dd3
user18	1191	234	1271800836768	0	0	d3bdbd115d8e985fae9c614b0dd3
user18	1190	236	1271800836784	0	0	d3bdbd115d8e985fae9c614b0dd3
user18	1188	238	1271800836784	0	0	d3bdbd115d8e985fae9c614b0dd3
user18	1186	241	1271800836799	0	0	d3bdbd115d8e985fae9c614b0dd3
user18	1182	244	1271800836799	0	0	d3bdbd115d8e985fae9c614b0dd3
user18	1181	247	1271800836815	0	0	d3bdbd115d8e985fae9c614b0dd3
user18	1177	252	1271800836815	0	0	d3bdbd115d8e985fae9c614b0dd3
user18	1174	257	1271800836831	0	0	d3bdbd115d8e985fae9c614b0dd3
user18	1171	261	1271800836831	0	0	d3bdbd115d8e985fae9c614b0dd3
user18	1166	266	1271800836846	0	0	d3bdbd115d8e985fae9c614b0dd3
user18	1165	270	1271800836862	0	0	d3bdbd115d8e985fae9c614b0dd3
user18	1160	273	1271800836862	0	0	d3bdbd115d8e985fae9c614b0dd3
user18	1157	278	1271800836878	0	0	d3bdbd115d8e985fae9c614b0dd3
user18	1156	280	1271800836878	0	0	d3bdbd115d8e985fae9c614b0dd3
user18	1155	282	1271800836893	0	0	d3bdbd115d8e985fae9c614b0dd3
user18	1154	284	1271800836893	0	0	d3bdbd115d8e985fae9c614b0dd3
user18	1154	285	1271800836909	0	0	d3bdbd115d8e985fae9c614b0dd3
user18	1154	286	1271800836909	0	0	d3bdbd115d8e985fae9c614b0dd3
user18	1153	288	1271800836924	0	0	d3bdbd115d8e985fae9c614b0dd3
user18	1153	289	1271800836940	0	0	d3bdbd115d8e985fae9c614b0dd3
user18	1153	290	1271800836971	0	0	d3bdbd115d8e985fae9c614b0dd3
user18	1153	290	1271800837190	1271800837049	1271800837190	d3bdbd115d8e985fae9c614b0dd3
user18	1162	285	1271800842409	0	0	d3bdbd115d8e985fae9c614b0dd3
user18	1162	285	1271800842721	0	0	d3bdbd115d8e985fae9c614b0dd3
user18	1162	285	1271800842737	0	0	d3bdbd115d8e985fae9c614b0dd3
user18	1162	285	1271800842737	0	0	d3bdbd115d8e985fae9c614b0dd3
user18	1162	285	1271800842753	0	0	d3bdbd115d8e985fae9c614b0dd3
user18	1162	285	1271800842753	0	0	d3bdbd115d8e985fae9c614b0dd3
user18	1162	285	1271800842753	0	0	d3bdbd115d8e985fae9c614b0dd3
user18	1162	285	1271800842753	0	0	d3bdbd115d8e985fae9c614b0dd3
user18	1162	285	1271800842768	0	0	d3bdbd115d8e985fae9c614b0dd3
user18	1162	285	1271800842768	0	0	d3bdbd115d8e985fae9c614b0dd3
user18	1162	285	1271800842784	0	0	d3bdbd115d8e985fae9c614b0dd3
user18	1162	285	1271800842800	0	0	d3bdbd115d8e985fae9c614b0dd3
user18	1162	285	1271800842800	0	0	d3bdbd115d8e985fae9c614b0dd3
user18	1162	285	1271800842800	0	0	d3bdbd115d8e985fae9c614b0dd3
user18	1162	285	1271800842815	0	0	d3bdbd115d8e985fae9c614b0dd3
user18	1162	285	1271800842815	0	0	d3bdbd115d8e985fae9c614b0dd3
user18	1162	285	1271800842815	0	0	d3bdbd115d8e985fae9c614b0dd3
user18	1162	285	1271800842815	0	0	d3bdbd115d8e985fae9c614b0dd3
user18	1162	285	1271800842831	0	0	d3bdbd115d8e985fae9c614b0dd3
user18	1162	285	1271800842831	0	0	d3bdbd115d8e985fae9c614b0dd3
user18	1162	285	1271800842831	0	0	d3bdbd115d8e985fae9c614b0dd3
user18	1162	285	1271800842831	0	0	d3bdbd115d8e985fae9c614b0dd3
user18	1162	285	1271800842831	0	0	d3bdbd115d8e985fae9c614b0dd3
user18	1162	285	1271800842831	0	0	d3bdbd115d8e985fae9c614b0dd3
user18	1162	285	1271800842846	0	0	d3bdbd115d8e985fae9c614b0dd3
user18	1162	285	1271800842909	0	0	d3bdbd115d8e985fae9c614b0dd3
user18	1162	285	1271800842925	0	0	d3bdbd115d8e985fae9c614b0dd3
user18	1162	285	1271800842925	0	0	d3bdbd115d8e985fae9c614b0dd3
user18	1162	285	1271800842925	0	0	d3bdbd115d8e985fae9c614b0dd3
user18	1162	285	1271800842940	0	0	d3bdbd115d8e985fae9c614b0dd3
user18	1159	285	1271800843659	0	0	d3bdbd115d8e985fae9c614b0dd3
user18	1153	288	1271800843659	0	0	d3bdbd115d8e985fae9c614b0dd3
user18	1139	294	1271800843675	0	0	d3bdbd115d8e985fae9c614b0dd3
user18	1117	300	1271800843675	0	0	d3bdbd115d8e985fae9c614b0dd3
user18	1085	308	1271800843690	0	0	d3bdbd115d8e985fae9c614b0dd3
user18	1052	317	1271800843690	0	0	d3bdbd115d8e985fae9c614b0dd3
user18	1018	324	1271800843706	0	0	d3bdbd115d8e985fae9c614b0dd3
user18	714	475	1271800844003	0	0	d3bdbd115d8e985fae9c614b0dd3
user18	707	479	1271800844018	0	0	d3bdbd115d8e985fae9c614b0dd3
user18	703	480	1271800844018	0	0	d3bdbd115d8e985fae9c614b0dd3
user18	700	482	1271800844034	0	0	d3bdbd115d8e985fae9c614b0dd3
user18	697	483	1271800844034	0	0	d3bdbd115d8e985fae9c614b0dd3
user18	695	484	1271800844050	0	0	d3bdbd115d8e985fae9c614b0dd3
user18	694	486	1271800844050	0	0	d3bdbd115d8e985fae9c614b0dd3
user18	692	487	1271800844065	0	0	d3bdbd115d8e985fae9c614b0dd3
user18	691	488	1271800844065	0	0	d3bdbd115d8e985fae9c614b0dd3
user18	689	489	1271800844081	0	0	d3bdbd115d8e985fae9c614b0dd3
user18	687	490	1271800844081	0	0	d3bdbd115d8e985fae9c614b0dd3
user18	686	490	1271800844096	0	0	d3bdbd115d8e985fae9c614b0dd3
user18	686	491	1271800844112	0	0	d3bdbd115d8e985fae9c614b0dd3
user18	685	491	1271800844112	0	0	d3bdbd115d8e985fae9c614b0dd3
user18	684	491	1271800844128	0	0	d3bdbd115d8e985fae9c614b0dd3
user18	683	491	1271800844143	0	0	d3bdbd115d8e985fae9c614b0dd3
user18	682	491	1271800844143	0	0	d3bdbd115d8e985fae9c614b0dd3
user18	681	491	1271800844159	0	0	d3bdbd115d8e985fae9c614b0dd3
user18	680	491	1271800844159	0	0	d3bdbd115d8e985fae9c614b0dd3
user18	678	491	1271800844175	0	0	d3bdbd115d8e985fae9c614b0dd3
user18	677	491	1271800844175	0	0	d3bdbd115d8e985fae9c614b0dd3
user18	676	490	1271800844190	0	0	d3bdbd115d8e985fae9c614b0dd3
user18	675	489	1271800844206	0	0	d3bdbd115d8e985fae9c614b0dd3
user18	674	489	1271800844237	0	0	d3bdbd115d8e985fae9c614b0dd3
user18	673	488	1271800844237	0	0	d3bdbd115d8e985fae9c614b0dd3
user18	672	487	1271800844253	0	0	d3bdbd115d8e985fae9c614b0dd3
user18	670	487	1271800844268	0	0	d3bdbd115d8e985fae9c614b0dd3
user18	670	486	1271800844268	0	0	d3bdbd115d8e985fae9c614b0dd3
user18	669	486	1271800844284	0	0	d3bdbd115d8e985fae9c614b0dd3
user18	668	485	1271800844284	0	0	d3bdbd115d8e985fae9c614b0dd3
user18	667	485	1271800844300	0	0	d3bdbd115d8e985fae9c614b0dd3
user18	666	484	1271800844300	0	0	d3bdbd115d8e985fae9c614b0dd3
user18	665	484	1271800844315	0	0	d3bdbd115d8e985fae9c614b0dd3
user18	665	484	1271800845003	0	0	d3bdbd115d8e985fae9c614b0dd3
user18	665	484	1271800845112	1271800844987	1271800845112	d3bdbd115d8e985fae9c614b0dd3
user18	608	61	1271800857019	0	0	d3bdbd115d8e985fae9c614b0dd3
user18	608	61	1271800857097	0	0	d3bdbd115d8e985fae9c614b0dd3
user18	608	61	1271800857519	0	0	d3bdbd115d8e985fae9c614b0dd3
user18	606	61	1271800857566	0	0	d3bdbd115d8e985fae9c614b0dd3
user18	605	64	1271800857581	0	0	d3bdbd115d8e985fae9c614b0dd3
user18	601	69	1271800857581	0	0	d3bdbd115d8e985fae9c614b0dd3
user18	598	73	1271800857597	0	0	d3bdbd115d8e985fae9c614b0dd3
user18	594	79	1271800857612	0	0	d3bdbd115d8e985fae9c614b0dd3
user18	591	85	1271800857612	0	0	d3bdbd115d8e985fae9c614b0dd3
user18	587	92	1271800857628	0	0	d3bdbd115d8e985fae9c614b0dd3
user18	584	99	1271800857628	0	0	d3bdbd115d8e985fae9c614b0dd3
user18	581	105	1271800857644	0	0	d3bdbd115d8e985fae9c614b0dd3
user18	578	112	1271800857644	0	0	d3bdbd115d8e985fae9c614b0dd3
user18	575	117	1271800857659	0	0	d3bdbd115d8e985fae9c614b0dd3
user18	572	121	1271800857659	0	0	d3bdbd115d8e985fae9c614b0dd3
user18	572	123	1271800857675	0	0	d3bdbd115d8e985fae9c614b0dd3
user18	571	127	1271800857675	0	0	d3bdbd115d8e985fae9c614b0dd3
user18	571	129	1271800857691	0	0	d3bdbd115d8e985fae9c614b0dd3
user18	570	130	1271800857691	0	0	d3bdbd115d8e985fae9c614b0dd3
user18	569	131	1271800857706	0	0	d3bdbd115d8e985fae9c614b0dd3
user18	569	132	1271800857722	0	0	d3bdbd115d8e985fae9c614b0dd3
user18	569	133	1271800857737	0	0	d3bdbd115d8e985fae9c614b0dd3
user18	568	133	1271800857737	0	0	d3bdbd115d8e985fae9c614b0dd3
user18	568	134	1271800857753	0	0	d3bdbd115d8e985fae9c614b0dd3
user18	568	135	1271800857753	0	0	d3bdbd115d8e985fae9c614b0dd3
user18	567	135	1271800857769	0	0	d3bdbd115d8e985fae9c614b0dd3
user18	567	136	1271800857800	0	0	d3bdbd115d8e985fae9c614b0dd3
user18	568	135	1271800858144	0	0	d3bdbd115d8e985fae9c614b0dd3
user18	570	133	1271800858144	0	0	d3bdbd115d8e985fae9c614b0dd3
user18	574	131	1271800858159	0	0	d3bdbd115d8e985fae9c614b0dd3
user18	580	127	1271800858159	0	0	d3bdbd115d8e985fae9c614b0dd3
user18	591	120	1271800858175	0	0	d3bdbd115d8e985fae9c614b0dd3
user18	604	114	1271800858175	0	0	d3bdbd115d8e985fae9c614b0dd3
user18	615	108	1271800858191	0	0	d3bdbd115d8e985fae9c614b0dd3
user18	626	101	1271800858191	0	0	d3bdbd115d8e985fae9c614b0dd3
user18	636	96	1271800858206	0	0	d3bdbd115d8e985fae9c614b0dd3
user18	644	88	1271800858206	0	0	d3bdbd115d8e985fae9c614b0dd3
user18	651	82	1271800858222	0	0	d3bdbd115d8e985fae9c614b0dd3
user18	656	77	1271800858222	0	0	d3bdbd115d8e985fae9c614b0dd3
user18	659	73	1271800858237	0	0	d3bdbd115d8e985fae9c614b0dd3
user18	615	108	1271800858191	0	0	d3bdbd115d8e985fae9c614b0dd3
user18	626	101	1271800858191	0	0	d3bdbd115d8e985fae9c614b0dd3
user18	636	96	1271800858206	0	0	d3bdbd115d8e985fae9c614b0dd3
user18	644	88	1271800858206	0	0	d3bdbd115d8e985fae9c614b0dd3
user18	651	82	1271800858222	0	0	d3bdbd115d8e985fae9c614b0dd3
user18	656	77	1271800858222	0	0	d3bdbd115d8e985fae9c614b0dd3
user18	659	73	1271800858237	0	0	d3bdbd115d8e985fae9c614b0dd3
user18	662	70	1271800858237	0	0	d3bdbd115d8e985fae9c614b0dd3
user18	664	67	1271800858253	0	0	d3bdbd115d8e985fae9c614b0dd3
user18	664	65	1271800858253	0	0	d3bdbd115d8e985fae9c614b0dd3
user18	665	64	1271800858269	0	0	d3bdbd115d8e985fae9c614b0dd3
user18	665	63	1271800858269	0	0	d3bdbd115d8e985fae9c614b0dd3
user18	665	61	1271800858284	0	0	d3bdbd115d8e985fae9c614b0dd3
user18	666	60	1271800858300	0	0	d3bdbd115d8e985fae9c614b0dd3
user18	667	58	1271800858300	0	0	d3bdbd115d8e985fae9c614b0dd3
user18	668	57	1271800858316	0	0	d3bdbd115d8e985fae9c614b0dd3
user18	669	57	1271800858316	0	0	d3bdbd115d8e985fae9c614b0dd3
user18	669	56	1271800858331	0	0	d3bdbd115d8e985fae9c614b0dd3
user18	669	55	1271800858331	0	0	d3bdbd115d8e985fae9c614b0dd3
user18	670	55	1271800858378	0	0	d3bdbd115d8e985fae9c614b0dd3
user18	670	54	1271800858409	0	0	d3bdbd115d8e985fae9c614b0dd3
user18	671	54	1271800858409	0	0	d3bdbd115d8e985fae9c614b0dd3
user18	671	53	1271800858425	0	0	d3bdbd115d8e985fae9c614b0dd3
user18	672	53	1271800858441	0	0	d3bdbd115d8e985fae9c614b0dd3
user18	673	53	1271800858472	0	0	d3bdbd115d8e985fae9c614b0dd3
user18	674	53	1271800858487	0	0	d3bdbd115d8e985fae9c614b0dd3
user18	675	53	1271800858503	0	0	d3bdbd115d8e985fae9c614b0dd3
user18	677	53	1271800858519	0	0	d3bdbd115d8e985fae9c614b0dd3
user18	678	53	1271800858519	0	0	d3bdbd115d8e985fae9c614b0dd3
user18	680	53	1271800858534	0	0	d3bdbd115d8e985fae9c614b0dd3
user18	681	53	1271800858566	0	0	d3bdbd115d8e985fae9c614b0dd3
user18	681	53	1271800858722	1271800858628	1271800858722	d3bdbd115d8e985fae9c614b0dd3
user18	681	53	1271800858737	0	0	d3bdbd115d8e985fae9c614b0dd3
user18	681	53	1271800859237	0	0	d3bdbd115d8e985fae9c614b0dd3
user18	682	53	1271800861081	0	0	d3bdbd115d8e985fae9c614b0dd3
user18	683	53	1271800861081	0	0	d3bdbd115d8e985fae9c614b0dd3
user18	686	53	1271800861097	0	0	d3bdbd115d8e985fae9c614b0dd3
user18	691	53	1271800861097	0	0	d3bdbd115d8e985fae9c614b0dd3
user18	697	53	1271800861113	0	0	d3bdbd115d8e985fae9c614b0dd3
user18	705	53	1271800861113	0	0	d3bdbd115d8e985fae9c614b0dd3
user18	711	53	1271800861128	0	0	d3bdbd115d8e985fae9c614b0dd3
user18	719	53	1271800861128	0	0	d3bdbd115d8e985fae9c614b0dd3
user18	728	53	1271800861144	0	0	d3bdbd115d8e985fae9c614b0dd3
user18	734	53	1271800861144	0	0	d3bdbd115d8e985fae9c614b0dd3
user18	741	53	1271800861159	0	0	d3bdbd115d8e985fae9c614b0dd3
user18	745	53	1271800861159	0	0	d3bdbd115d8e985fae9c614b0dd3
user18	748	53	1271800861175	0	0	d3bdbd115d8e985fae9c614b0dd3
user18	750	53	1271800861175	0	0	d3bdbd115d8e985fae9c614b0dd3
user18	751	53	1271800861191	0	0	d3bdbd115d8e985fae9c614b0dd3
user18	752	53	1271800861191	0	0	d3bdbd115d8e985fae9c614b0dd3
user18	752	52	1271800861238	0	0	d3bdbd115d8e985fae9c614b0dd3
user18	753	52	1271800861238	0	0	d3bdbd115d8e985fae9c614b0dd3
user18	754	52	1271800861253	0	0	d3bdbd115d8e985fae9c614b0dd3
user18	755	52	1271800861253	0	0	d3bdbd115d8e985fae9c614b0dd3
user18	756	52	1271800861269	0	0	d3bdbd115d8e985fae9c614b0dd3
user18	758	51	1271800861269	0	0	d3bdbd115d8e985fae9c614b0dd3
user18	759	51	1271800861300	0	0	d3bdbd115d8e985fae9c614b0dd3
user18	761	51	1271800861347	0	0	d3bdbd115d8e985fae9c614b0dd3
user18	762	51	1271800861347	0	0	d3bdbd115d8e985fae9c614b0dd3
user18	763	51	1271800861363	0	0	d3bdbd115d8e985fae9c614b0dd3
user18	765	51	1271800861363	0	0	d3bdbd115d8e985fae9c614b0dd3
user18	768	51	1271800861378	0	0	d3bdbd115d8e985fae9c614b0dd3
user18	771	51	1271800861378	0	0	d3bdbd115d8e985fae9c614b0dd3
user18	773	51	1271800861394	0	0	d3bdbd115d8e985fae9c614b0dd3
user18	774	51	1271800861394	0	0	d3bdbd115d8e985fae9c614b0dd3
user18	775	51	1271800861409	0	0	d3bdbd115d8e985fae9c614b0dd3
user18	775	51	1271800861644	0	0	d3bdbd115d8e985fae9c614b0dd3
user18	775	51	1271800862816	1271800862706	1271800862816	d3bdbd115d8e985fae9c614b0dd3
user18	688	56	1271800882988	0	0	d3bdbd115d8e985fae9c614b0dd3
user18	688	56	1271800883082	0	0	d3bdbd115d8e985fae9c614b0dd3
user18	688	56	1271800883472	0	0	d3bdbd115d8e985fae9c614b0dd3
user18	689	56	1271800885113	0	0	d3bdbd115d8e985fae9c614b0dd3
user18	691	56	1271800885113	0	0	d3bdbd115d8e985fae9c614b0dd3
user18	693	56	1271800885129	0	0	d3bdbd115d8e985fae9c614b0dd3
user18	696	56	1271800885129	0	0	d3bdbd115d8e985fae9c614b0dd3
user18	702	56	1271800885144	0	0	d3bdbd115d8e985fae9c614b0dd3
user18	710	56	1271800885144	0	0	d3bdbd115d8e985fae9c614b0dd3
user18	719	56	1271800885160	0	0	d3bdbd115d8e985fae9c614b0dd3
user18	731	56	1271800885160	0	0	d3bdbd115d8e985fae9c614b0dd3
user18	745	56	1271800885176	0	0	d3bdbd115d8e985fae9c614b0dd3
user18	761	57	1271800885176	0	0	d3bdbd115d8e985fae9c614b0dd3
user18	791	57	1271800885191	0	0	d3bdbd115d8e985fae9c614b0dd3
user18	816	57	1271800885191	0	0	d3bdbd115d8e985fae9c614b0dd3
user18	846	57	1271800885207	0	0	d3bdbd115d8e985fae9c614b0dd3
user18	878	57	1271800885207	0	0	d3bdbd115d8e985fae9c614b0dd3
user18	908	57	1271800885222	0	0	d3bdbd115d8e985fae9c614b0dd3
user18	943	57	1271800885222	0	0	d3bdbd115d8e985fae9c614b0dd3
user18	976	57	1271800885238	0	0	d3bdbd115d8e985fae9c614b0dd3
user18	1009	57	1271800885238	0	0	d3bdbd115d8e985fae9c614b0dd3
user18	1039	57	1271800885254	0	0	d3bdbd115d8e985fae9c614b0dd3
user18	1063	57	1271800885254	0	0	d3bdbd115d8e985fae9c614b0dd3
user18	1086	58	1271800885269	0	0	d3bdbd115d8e985fae9c614b0dd3
user18	1102	58	1271800885269	0	0	d3bdbd115d8e985fae9c614b0dd3
user18	1114	58	1271800885285	0	0	d3bdbd115d8e985fae9c614b0dd3
user18	1127	58	1271800885285	0	0	d3bdbd115d8e985fae9c614b0dd3
user18	1138	58	1271800885301	0	0	d3bdbd115d8e985fae9c614b0dd3
user18	1145	58	1271800885301	0	0	d3bdbd115d8e985fae9c614b0dd3
user18	1149	58	1271800885316	0	0	d3bdbd115d8e985fae9c614b0dd3
user18	1151	58	1271800885316	0	0	d3bdbd115d8e985fae9c614b0dd3
user18	1152	58	1271800885332	0	0	d3bdbd115d8e985fae9c614b0dd3
user18	1152	57	1271800885457	0	0	d3bdbd115d8e985fae9c614b0dd3
user18	1152	56	1271800885473	0	0	d3bdbd115d8e985fae9c614b0dd3
user18	1152	55	1271800885488	0	0	d3bdbd115d8e985fae9c614b0dd3
user18	1152	54	1271800885504	0	0	d3bdbd115d8e985fae9c614b0dd3
user18	1152	53	1271800885519	0	0	d3bdbd115d8e985fae9c614b0dd3
user18	1152	52	1271800885535	0	0	d3bdbd115d8e985fae9c614b0dd3
user18	1151	52	1271800885566	0	0	d3bdbd115d8e985fae9c614b0dd3
user18	1150	51	1271800885582	0	0	d3bdbd115d8e985fae9c614b0dd3
user18	1148	51	1271800885582	0	0	d3bdbd115d8e985fae9c614b0dd3
user18	1145	51	1271800885598	0	0	d3bdbd115d8e985fae9c614b0dd3
user18	1139	50	1271800885598	0	0	d3bdbd115d8e985fae9c614b0dd3
user18	1130	50	1271800885613	0	0	d3bdbd115d8e985fae9c614b0dd3
user18	1116	50	1271800885613	0	0	d3bdbd115d8e985fae9c614b0dd3
user18	1101	50	1271800885629	0	0	d3bdbd115d8e985fae9c614b0dd3
user18	1083	48	1271800885629	0	0	d3bdbd115d8e985fae9c614b0dd3
user18	1058	48	1271800885644	0	0	d3bdbd115d8e985fae9c614b0dd3
user18	1031	48	1271800885644	0	0	d3bdbd115d8e985fae9c614b0dd3
user18	998	48	1271800885660	0	0	d3bdbd115d8e985fae9c614b0dd3
user18	969	48	1271800885660	0	0	d3bdbd115d8e985fae9c614b0dd3
user18	936	48	1271800885676	0	0	d3bdbd115d8e985fae9c614b0dd3
user18	903	48	1271800885676	0	0	d3bdbd115d8e985fae9c614b0dd3
user18	873	48	1271800885691	0	0	d3bdbd115d8e985fae9c614b0dd3
user18	843	48	1271800885707	0	0	d3bdbd115d8e985fae9c614b0dd3
user18	813	48	1271800885707	0	0	d3bdbd115d8e985fae9c614b0dd3
user18	792	48	1271800885723	0	0	d3bdbd115d8e985fae9c614b0dd3
user18	777	48	1271800885723	0	0	d3bdbd115d8e985fae9c614b0dd3
user18	764	48	1271800885738	0	0	d3bdbd115d8e985fae9c614b0dd3
user18	751	48	1271800885738	0	0	d3bdbd115d8e985fae9c614b0dd3
user18	740	48	1271800885754	0	0	d3bdbd115d8e985fae9c614b0dd3
user18	732	48	1271800885754	0	0	d3bdbd115d8e985fae9c614b0dd3
user18	725	48	1271800885769	0	0	d3bdbd115d8e985fae9c614b0dd3
user18	721	48	1271800885769	0	0	d3bdbd115d8e985fae9c614b0dd3
user18	720	49	1271800885785	0	0	d3bdbd115d8e985fae9c614b0dd3
user18	717	50	1271800885785	0	0	d3bdbd115d8e985fae9c614b0dd3
user18	716	50	1271800885801	0	0	d3bdbd115d8e985fae9c614b0dd3
user18	715	50	1271800886004	0	0	d3bdbd115d8e985fae9c614b0dd3
user18	714	50	1271800886019	0	0	d3bdbd115d8e985fae9c614b0dd3
user18	712	50	1271800886035	0	0	d3bdbd115d8e985fae9c614b0dd3
user18	710	50	1271800886035	0	0	d3bdbd115d8e985fae9c614b0dd3
user18	706	50	1271800886051	0	0	d3bdbd115d8e985fae9c614b0dd3
user18	700	50	1271800886051	0	0	d3bdbd115d8e985fae9c614b0dd3
user18	693	50	1271800886066	0	0	d3bdbd115d8e985fae9c614b0dd3
user18	685	50	1271800886066	0	0	d3bdbd115d8e985fae9c614b0dd3
user18	677	50	1271800886082	0	0	d3bdbd115d8e985fae9c614b0dd3
user18	671	50	1271800886082	0	0	d3bdbd115d8e985fae9c614b0dd3
user18	661	50	1271800886098	0	0	d3bdbd115d8e985fae9c614b0dd3
user18	653	50	1271800886098	0	0	d3bdbd115d8e985fae9c614b0dd3
user18	647	50	1271800886113	0	0	d3bdbd115d8e985fae9c614b0dd3
user18	640	50	1271800886113	0	0	d3bdbd115d8e985fae9c614b0dd3
user18	634	50	1271800886129	0	0	d3bdbd115d8e985fae9c614b0dd3
user18	630	50	1271800886129	0	0	d3bdbd115d8e985fae9c614b0dd3
user18	627	50	1271800886144	0	0	d3bdbd115d8e985fae9c614b0dd3
user18	624	50	1271800886144	0	0	d3bdbd115d8e985fae9c614b0dd3
user18	622	50	1271800886160	0	0	d3bdbd115d8e985fae9c614b0dd3
user18	620	50	1271800886160	0	0	d3bdbd115d8e985fae9c614b0dd3
user18	619	50	1271800886176	0	0	d3bdbd115d8e985fae9c614b0dd3
user18	618	50	1271800886191	0	0	d3bdbd115d8e985fae9c614b0dd3
user18	617	50	1271800886191	0	0	d3bdbd115d8e985fae9c614b0dd3
user18	616	50	1271800886207	0	0	d3bdbd115d8e985fae9c614b0dd3
user18	614	51	1271800886207	0	0	d3bdbd115d8e985fae9c614b0dd3
user18	613	52	1271800886223	0	0	d3bdbd115d8e985fae9c614b0dd3
user18	611	52	1271800886223	0	0	d3bdbd115d8e985fae9c614b0dd3
user18	609	53	1271800886238	0	0	d3bdbd115d8e985fae9c614b0dd3
user18	607	53	1271800886238	0	0	d3bdbd115d8e985fae9c614b0dd3
user18	605	53	1271800886254	0	0	d3bdbd115d8e985fae9c614b0dd3
user18	604	53	1271800886254	0	0	d3bdbd115d8e985fae9c614b0dd3
user18	603	53	1271800886269	0	0	d3bdbd115d8e985fae9c614b0dd3
user18	603	54	1271800886285	0	0	d3bdbd115d8e985fae9c614b0dd3
user18	603	54	1271800886519	1271800886410	1271800886519	d3bdbd115d8e985fae9c614b0dd3
user18	838	168	1271800888676	0	0	d3bdbd115d8e985fae9c614b0dd3
user18	838	168	1271800888754	0	0	d3bdbd115d8e985fae9c614b0dd3
user18	840	168	1271800888832	0	0	d3bdbd115d8e985fae9c614b0dd3
user18	843	169	1271800888848	0	0	d3bdbd115d8e985fae9c614b0dd3
user18	846	169	1271800888848	0	0	d3bdbd115d8e985fae9c614b0dd3
user18	850	169	1271800888863	0	0	d3bdbd115d8e985fae9c614b0dd3
user18	853	169	1271800888863	0	0	d3bdbd115d8e985fae9c614b0dd3
user18	856	169	1271800888879	0	0	d3bdbd115d8e985fae9c614b0dd3
user18	859	169	1271800888879	0	0	d3bdbd115d8e985fae9c614b0dd3
user18	860	169	1271800888894	0	0	d3bdbd115d8e985fae9c614b0dd3
user18	861	169	1271800888910	0	0	d3bdbd115d8e985fae9c614b0dd3
user18	859	169	1271800889129	0	0	d3bdbd115d8e985fae9c614b0dd3
user18	858	171	1271800889144	0	0	d3bdbd115d8e985fae9c614b0dd3
user18	857	171	1271800889144	0	0	d3bdbd115d8e985fae9c614b0dd3
user18	857	171	1271800889160	0	0	d3bdbd115d8e985fae9c614b0dd3
user18	857	172	1271800889160	0	0	d3bdbd115d8e985fae9c614b0dd3
user18	857	173	1271800889160	0	0	d3bdbd115d8e985fae9c614b0dd3
user18	856	174	1271800889176	0	0	d3bdbd115d8e985fae9c614b0dd3
user18	855	175	1271800889176	0	0	d3bdbd115d8e985fae9c614b0dd3
user18	855	176	1271800889207	0	0	d3bdbd115d8e985fae9c614b0dd3
user18	855	177	1271800889223	0	0	d3bdbd115d8e985fae9c614b0dd3
user18	855	178	1271800889238	0	0	d3bdbd115d8e985fae9c614b0dd3
user18	855	179	1271800889269	0	0	d3bdbd115d8e985fae9c614b0dd3
user18	856	179	1271800889285	0	0	d3bdbd115d8e985fae9c614b0dd3
user18	857	180	1271800889301	0	0	d3bdbd115d8e985fae9c614b0dd3
user18	858	180	1271800889301	0	0	d3bdbd115d8e985fae9c614b0dd3
user18	860	181	1271800889316	0	0	d3bdbd115d8e985fae9c614b0dd3
user18	863	182	1271800889316	0	0	d3bdbd115d8e985fae9c614b0dd3
user18	864	183	1271800889332	0	0	d3bdbd115d8e985fae9c614b0dd3
user18	866	183	1271800889332	0	0	d3bdbd115d8e985fae9c614b0dd3
user18	867	183	1271800889348	0	0	d3bdbd115d8e985fae9c614b0dd3
user18	868	183	1271800889363	0	0	d3bdbd115d8e985fae9c614b0dd3
user18	870	182	1271800890238	0	0	d3bdbd115d8e985fae9c614b0dd3
user18	873	181	1271800890238	0	0	d3bdbd115d8e985fae9c614b0dd3
user18	879	179	1271800890254	0	0	d3bdbd115d8e985fae9c614b0dd3
user18	885	179	1271800890254	0	0	d3bdbd115d8e985fae9c614b0dd3
user18	895	177	1271800890269	0	0	d3bdbd115d8e985fae9c614b0dd3
user18	905	176	1271800890269	0	0	d3bdbd115d8e985fae9c614b0dd3
user18	917	176	1271800890285	0	0	d3bdbd115d8e985fae9c614b0dd3
user18	934	174	1271800890285	0	0	d3bdbd115d8e985fae9c614b0dd3
user18	959	173	1271800890301	0	0	d3bdbd115d8e985fae9c614b0dd3
user18	981	173	1271800890301	0	0	d3bdbd115d8e985fae9c614b0dd3
user18	1004	171	1271800890316	0	0	d3bdbd115d8e985fae9c614b0dd3
user18	1023	170	1271800890316	0	0	d3bdbd115d8e985fae9c614b0dd3
user18	1037	169	1271800890332	0	0	d3bdbd115d8e985fae9c614b0dd3
user18	1050	168	1271800890332	0	0	d3bdbd115d8e985fae9c614b0dd3
user18	1059	168	1271800890348	0	0	d3bdbd115d8e985fae9c614b0dd3
user18	1068	165	1271800890348	0	0	d3bdbd115d8e985fae9c614b0dd3
user18	1073	164	1271800890363	0	0	d3bdbd115d8e985fae9c614b0dd3
user18	1078	164	1271800890363	0	0	d3bdbd115d8e985fae9c614b0dd3
user18	1079	164	1271800890379	0	0	d3bdbd115d8e985fae9c614b0dd3
user18	1079	163	1271800890395	0	0	d3bdbd115d8e985fae9c614b0dd3
user18	1080	163	1271800890395	0	0	d3bdbd115d8e985fae9c614b0dd3
user18	1081	163	1271800890473	0	0	d3bdbd115d8e985fae9c614b0dd3
user18	1081	162	1271800890473	0	0	d3bdbd115d8e985fae9c614b0dd3
user18	1081	161	1271800890488	0	0	d3bdbd115d8e985fae9c614b0dd3
user18	1082	161	1271800890488	0	0	d3bdbd115d8e985fae9c614b0dd3
user18	1083	161	1271800890754	0	0	d3bdbd115d8e985fae9c614b0dd3
user18	1084	161	1271800890754	0	0	d3bdbd115d8e985fae9c614b0dd3
user18	1085	160	1271800890770	0	0	d3bdbd115d8e985fae9c614b0dd3
user18	1086	160	1271800890770	0	0	d3bdbd115d8e985fae9c614b0dd3
user18	1087	160	1271800890785	0	0	d3bdbd115d8e985fae9c614b0dd3
user18	1088	159	1271800890785	0	0	d3bdbd115d8e985fae9c614b0dd3
user18	1091	159	1271800890801	0	0	d3bdbd115d8e985fae9c614b0dd3
user18	1092	159	1271800890816	0	0	d3bdbd115d8e985fae9c614b0dd3
user18	1093	159	1271800890816	0	0	d3bdbd115d8e985fae9c614b0dd3
user18	1094	159	1271800890832	0	0	d3bdbd115d8e985fae9c614b0dd3
user18	1094	159	1271800891629	1271800891520	1271800891629	d3bdbd115d8e985fae9c614b0dd3
user18	1094	159	1271800891629	0	0	d3bdbd115d8e985fae9c614b0dd3
user18	1092	159	1271800892160	0	0	d3bdbd115d8e985fae9c614b0dd3
user18	1086	159	1271800892160	0	0	d3bdbd115d8e985fae9c614b0dd3
user18	1077	165	1271800892176	0	0	d3bdbd115d8e985fae9c614b0dd3
user18	1062	172	1271800892176	0	0	d3bdbd115d8e985fae9c614b0dd3
user18	1049	181	1271800892191	0	0	d3bdbd115d8e985fae9c614b0dd3
user18	1027	193	1271800892191	0	0	d3bdbd115d8e985fae9c614b0dd3
user18	1006	207	1271800892207	0	0	d3bdbd115d8e985fae9c614b0dd3
user18	974	222	1271800892207	0	0	d3bdbd115d8e985fae9c614b0dd3
user18	948	236	1271800892223	0	0	d3bdbd115d8e985fae9c614b0dd3
user18	925	245	1271800892223	0	0	d3bdbd115d8e985fae9c614b0dd3
user18	899	258	1271800892238	0	0	d3bdbd115d8e985fae9c614b0dd3
user18	872	266	1271800892238	0	0	d3bdbd115d8e985fae9c614b0dd3
user18	852	273	1271800892254	0	0	d3bdbd115d8e985fae9c614b0dd3
user18	831	277	1271800892254	0	0	d3bdbd115d8e985fae9c614b0dd3
user18	818	278	1271800892270	0	0	d3bdbd115d8e985fae9c614b0dd3
user18	805	279	1271800892270	0	0	d3bdbd115d8e985fae9c614b0dd3
user18	794	280	1271800892285	0	0	d3bdbd115d8e985fae9c614b0dd3
user18	786	280	1271800892285	0	0	d3bdbd115d8e985fae9c614b0dd3
user18	779	280	1271800892301	0	0	d3bdbd115d8e985fae9c614b0dd3
user18	776	280	1271800892301	0	0	d3bdbd115d8e985fae9c614b0dd3
user18	774	280	1271800892316	0	0	d3bdbd115d8e985fae9c614b0dd3
user18	773	280	1271800892316	0	0	d3bdbd115d8e985fae9c614b0dd3
user18	773	279	1271800892363	0	0	d3bdbd115d8e985fae9c614b0dd3
user18	773	278	1271800892379	0	0	d3bdbd115d8e985fae9c614b0dd3
user18	773	277	1271800892395	0	0	d3bdbd115d8e985fae9c614b0dd3
user18	773	276	1271800892410	0	0	d3bdbd115d8e985fae9c614b0dd3
user18	773	275	1271800892426	0	0	d3bdbd115d8e985fae9c614b0dd3
user18	772	274	1271800892426	0	0	d3bdbd115d8e985fae9c614b0dd3
user18	772	273	1271800892441	0	0	d3bdbd115d8e985fae9c614b0dd3
user18	772	271	1271800892457	0	0	d3bdbd115d8e985fae9c614b0dd3
user18	772	270	1271800892457	0	0	d3bdbd115d8e985fae9c614b0dd3
user18	772	269	1271800892473	0	0	d3bdbd115d8e985fae9c614b0dd3
user18	772	266	1271800892473	0	0	d3bdbd115d8e985fae9c614b0dd3
user18	773	263	1271800892488	0	0	d3bdbd115d8e985fae9c614b0dd3
user18	773	260	1271800892488	0	0	d3bdbd115d8e985fae9c614b0dd3
user18	773	258	1271800892504	0	0	d3bdbd115d8e985fae9c614b0dd3
user18	774	256	1271800892504	0	0	d3bdbd115d8e985fae9c614b0dd3
user18	775	255	1271800892520	0	0	d3bdbd115d8e985fae9c614b0dd3
user18	775	253	1271800892520	0	0	d3bdbd115d8e985fae9c614b0dd3
user18	775	254	1271800892738	0	0	d3bdbd115d8e985fae9c614b0dd3
user18	775	256	1271800892754	0	0	d3bdbd115d8e985fae9c614b0dd3
user18	775	257	1271800892754	0	0	d3bdbd115d8e985fae9c614b0dd3
user18	775	258	1271800892770	0	0	d3bdbd115d8e985fae9c614b0dd3
user18	772	255	1271800893113	0	0	d3bdbd115d8e985fae9c614b0dd3
user18	768	254	1271800893129	0	0	d3bdbd115d8e985fae9c614b0dd3
user18	764	249	1271800893129	0	0	d3bdbd115d8e985fae9c614b0dd3
user18	758	245	1271800893145	0	0	d3bdbd115d8e985fae9c614b0dd3
user18	750	241	1271800893145	0	0	d3bdbd115d8e985fae9c614b0dd3
user18	741	235	1271800893160	0	0	d3bdbd115d8e985fae9c614b0dd3
user18	732	230	1271800893160	0	0	d3bdbd115d8e985fae9c614b0dd3
user18	724	226	1271800893176	0	0	d3bdbd115d8e985fae9c614b0dd3
user18	717	221	1271800893176	0	0	d3bdbd115d8e985fae9c614b0dd3
user18	712	220	1271800893191	0	0	d3bdbd115d8e985fae9c614b0dd3
user18	709	218	1271800893191	0	0	d3bdbd115d8e985fae9c614b0dd3
user18	707	217	1271800893207	0	0	d3bdbd115d8e985fae9c614b0dd3
user18	705	217	1271800893207	0	0	d3bdbd115d8e985fae9c614b0dd3
user18	705	217	1271800893566	1271800893457	1271800893566	d3bdbd115d8e985fae9c614b0dd3
user18	707	217	1271800893598	0	0	d3bdbd115d8e985fae9c614b0dd3
user18	710	217	1271800893613	0	0	d3bdbd115d8e985fae9c614b0dd3
user18	715	217	1271800893613	0	0	d3bdbd115d8e985fae9c614b0dd3
user18	721	217	1271800893629	0	0	d3bdbd115d8e985fae9c614b0dd3
user18	729	217	1271800893629	0	0	d3bdbd115d8e985fae9c614b0dd3
user18	737	217	1271800893645	0	0	d3bdbd115d8e985fae9c614b0dd3
user18	746	217	1271800893645	0	0	d3bdbd115d8e985fae9c614b0dd3
user18	754	217	1271800893660	0	0	d3bdbd115d8e985fae9c614b0dd3
user18	762	218	1271800893660	0	0	d3bdbd115d8e985fae9c614b0dd3
user18	769	218	1271800893676	0	0	d3bdbd115d8e985fae9c614b0dd3
user18	773	218	1271800893676	0	0	d3bdbd115d8e985fae9c614b0dd3
user18	778	218	1271800893691	0	0	d3bdbd115d8e985fae9c614b0dd3
user18	781	218	1271800893691	0	0	d3bdbd115d8e985fae9c614b0dd3
user18	784	218	1271800893707	0	0	d3bdbd115d8e985fae9c614b0dd3
user18	787	218	1271800893723	0	0	d3bdbd115d8e985fae9c614b0dd3
user18	789	218	1271800893723	0	0	d3bdbd115d8e985fae9c614b0dd3
user18	790	218	1271800893738	0	0	d3bdbd115d8e985fae9c614b0dd3
user18	792	218	1271800893738	0	0	d3bdbd115d8e985fae9c614b0dd3
user18	793	218	1271800893754	0	0	d3bdbd115d8e985fae9c614b0dd3
user18	796	218	1271800893754	0	0	d3bdbd115d8e985fae9c614b0dd3
user18	798	218	1271800893770	0	0	d3bdbd115d8e985fae9c614b0dd3
user18	800	218	1271800893770	0	0	d3bdbd115d8e985fae9c614b0dd3
user18	803	218	1271800893785	0	0	d3bdbd115d8e985fae9c614b0dd3
user18	804	218	1271800893785	0	0	d3bdbd115d8e985fae9c614b0dd3
user18	805	218	1271800893801	0	0	d3bdbd115d8e985fae9c614b0dd3
user18	807	218	1271800893801	0	0	d3bdbd115d8e985fae9c614b0dd3
user18	808	218	1271800893816	0	0	d3bdbd115d8e985fae9c614b0dd3
user18	810	218	1271800893816	0	0	d3bdbd115d8e985fae9c614b0dd3
user18	811	218	1271800893832	0	0	d3bdbd115d8e985fae9c614b0dd3
user18	813	218	1271800893832	0	0	d3bdbd115d8e985fae9c614b0dd3
user18	814	218	1271800893848	0	0	d3bdbd115d8e985fae9c614b0dd3
user18	817	218	1271800893848	0	0	d3bdbd115d8e985fae9c614b0dd3
user18	819	218	1271800893863	0	0	d3bdbd115d8e985fae9c614b0dd3
user18	821	218	1271800893863	0	0	d3bdbd115d8e985fae9c614b0dd3
user18	823	218	1271800893879	0	0	d3bdbd115d8e985fae9c614b0dd3
user18	824	218	1271800893895	0	0	d3bdbd115d8e985fae9c614b0dd3
user18	825	218	1271800893941	0	0	d3bdbd115d8e985fae9c614b0dd3
user18	827	218	1271800893957	0	0	d3bdbd115d8e985fae9c614b0dd3
user18	828	218	1271800893973	0	0	d3bdbd115d8e985fae9c614b0dd3
user18	829	218	1271800893973	0	0	d3bdbd115d8e985fae9c614b0dd3
user18	830	218	1271800893988	0	0	d3bdbd115d8e985fae9c614b0dd3
user18	831	218	1271800894004	0	0	d3bdbd115d8e985fae9c614b0dd3
user18	831	217	1271800894020	0	0	d3bdbd115d8e985fae9c614b0dd3
user18	831	217	1271800894254	1271800894176	1271800894254	d3bdbd115d8e985fae9c614b0dd3
user18	831	218	1271800894520	0	0	d3bdbd115d8e985fae9c614b0dd3
user18	830	220	1271800894535	0	0	d3bdbd115d8e985fae9c614b0dd3
user18	830	221	1271800894535	0	0	d3bdbd115d8e985fae9c614b0dd3
user18	830	222	1271800894551	0	0	d3bdbd115d8e985fae9c614b0dd3
user18	829	224	1271800894551	0	0	d3bdbd115d8e985fae9c614b0dd3
user18	828	225	1271800894566	0	0	d3bdbd115d8e985fae9c614b0dd3
user18	828	226	1271800894582	0	0	d3bdbd115d8e985fae9c614b0dd3
user18	828	227	1271800894598	0	0	d3bdbd115d8e985fae9c614b0dd3
user18	828	228	1271800894629	0	0	d3bdbd115d8e985fae9c614b0dd3
user18	828	229	1271800894660	0	0	d3bdbd115d8e985fae9c614b0dd3
user18	828	230	1271800894691	0	0	d3bdbd115d8e985fae9c614b0dd3
user18	828	231	1271800894770	0	0	d3bdbd115d8e985fae9c614b0dd3
user18	829	231	1271800894785	0	0	d3bdbd115d8e985fae9c614b0dd3
user18	829	232	1271800894879	0	0	d3bdbd115d8e985fae9c614b0dd3
user18	829	232	1271800895082	1271800894957	1271800895082	d3bdbd115d8e985fae9c614b0dd3
user18	828	231	1271800895504	0	0	d3bdbd115d8e985fae9c614b0dd3
user18	827	229	1271800895520	0	0	d3bdbd115d8e985fae9c614b0dd3
user18	823	226	1271800895520	0	0	d3bdbd115d8e985fae9c614b0dd3
user18	817	220	1271800895535	0	0	d3bdbd115d8e985fae9c614b0dd3
user18	811	214	1271800895535	0	0	d3bdbd115d8e985fae9c614b0dd3
user18	805	207	1271800895551	0	0	d3bdbd115d8e985fae9c614b0dd3
user18	795	200	1271800895551	0	0	d3bdbd115d8e985fae9c614b0dd3
user18	783	191	1271800895567	0	0	d3bdbd115d8e985fae9c614b0dd3
user18	772	184	1271800895567	0	0	d3bdbd115d8e985fae9c614b0dd3
user18	761	176	1271800895582	0	0	d3bdbd115d8e985fae9c614b0dd3
user18	751	171	1271800895582	0	0	d3bdbd115d8e985fae9c614b0dd3
user18	740	165	1271800895598	0	0	d3bdbd115d8e985fae9c614b0dd3
user18	729	161	1271800895598	0	0	d3bdbd115d8e985fae9c614b0dd3
user18	721	160	1271800895613	0	0	d3bdbd115d8e985fae9c614b0dd3
user18	713	158	1271800895613	0	0	d3bdbd115d8e985fae9c614b0dd3
user18	706	156	1271800895629	0	0	d3bdbd115d8e985fae9c614b0dd3
user18	702	156	1271800895629	0	0	d3bdbd115d8e985fae9c614b0dd3
user18	698	156	1271800895645	0	0	d3bdbd115d8e985fae9c614b0dd3
user18	694	156	1271800895645	0	0	d3bdbd115d8e985fae9c614b0dd3
user18	692	156	1271800895660	0	0	d3bdbd115d8e985fae9c614b0dd3
user18	690	156	1271800895660	0	0	d3bdbd115d8e985fae9c614b0dd3
user18	688	156	1271800895676	0	0	d3bdbd115d8e985fae9c614b0dd3
user18	686	156	1271800895676	0	0	d3bdbd115d8e985fae9c614b0dd3
user18	684	156	1271800895692	0	0	d3bdbd115d8e985fae9c614b0dd3
user18	683	156	1271800895692	0	0	d3bdbd115d8e985fae9c614b0dd3
user18	682	156	1271800895707	0	0	d3bdbd115d8e985fae9c614b0dd3
user18	681	156	1271800895707	0	0	d3bdbd115d8e985fae9c614b0dd3
user18	680	156	1271800895738	0	0	d3bdbd115d8e985fae9c614b0dd3
user18	679	156	1271800895926	0	0	d3bdbd115d8e985fae9c614b0dd3
user18	677	157	1271800895942	0	0	d3bdbd115d8e985fae9c614b0dd3
user18	675	158	1271800895942	0	0	d3bdbd115d8e985fae9c614b0dd3
user18	672	161	1271800895957	0	0	d3bdbd115d8e985fae9c614b0dd3
user18	666	166	1271800895957	0	0	d3bdbd115d8e985fae9c614b0dd3
user18	658	171	1271800895973	0	0	d3bdbd115d8e985fae9c614b0dd3
user18	651	176	1271800895973	0	0	d3bdbd115d8e985fae9c614b0dd3
user18	642	183	1271800895988	0	0	d3bdbd115d8e985fae9c614b0dd3
user18	633	188	1271800895988	0	0	d3bdbd115d8e985fae9c614b0dd3
user18	621	194	1271800896004	0	0	d3bdbd115d8e985fae9c614b0dd3
user18	612	198	1271800896004	0	0	d3bdbd115d8e985fae9c614b0dd3
user18	602	201	1271800896020	0	0	d3bdbd115d8e985fae9c614b0dd3
user18	590	204	1271800896020	0	0	d3bdbd115d8e985fae9c614b0dd3
user18	581	204	1271800896035	0	0	d3bdbd115d8e985fae9c614b0dd3
user18	572	206	1271800896051	0	0	d3bdbd115d8e985fae9c614b0dd3
user18	568	206	1271800896051	0	0	d3bdbd115d8e985fae9c614b0dd3
user18	564	206	1271800896067	0	0	d3bdbd115d8e985fae9c614b0dd3
user18	560	207	1271800896067	0	0	d3bdbd115d8e985fae9c614b0dd3
user18	556	208	1271800896082	0	0	d3bdbd115d8e985fae9c614b0dd3
user18	554	209	1271800896082	0	0	d3bdbd115d8e985fae9c614b0dd3
user18	553	209	1271800896098	0	0	d3bdbd115d8e985fae9c614b0dd3
user18	552	209	1271800896160	0	0	d3bdbd115d8e985fae9c614b0dd3
user18	552	210	1271800896270	0	0	d3bdbd115d8e985fae9c614b0dd3
user18	552	211	1271800896285	0	0	d3bdbd115d8e985fae9c614b0dd3
user18	552	213	1271800896285	0	0	d3bdbd115d8e985fae9c614b0dd3
user18	552	215	1271800896301	0	0	d3bdbd115d8e985fae9c614b0dd3
user18	552	216	1271800896301	0	0	d3bdbd115d8e985fae9c614b0dd3
user18	552	218	1271800896317	0	0	d3bdbd115d8e985fae9c614b0dd3
user18	552	220	1271800896317	0	0	d3bdbd115d8e985fae9c614b0dd3
user18	552	221	1271800896332	0	0	d3bdbd115d8e985fae9c614b0dd3
user18	553	221	1271800896348	0	0	d3bdbd115d8e985fae9c614b0dd3
user18	555	221	1271800898363	0	0	d3bdbd115d8e985fae9c614b0dd3
user18	562	218	1271800898363	0	0	d3bdbd115d8e985fae9c614b0dd3
user18	570	214	1271800898379	0	0	d3bdbd115d8e985fae9c614b0dd3
user18	580	207	1271800898395	0	0	d3bdbd115d8e985fae9c614b0dd3
user18	590	204	1271800898395	0	0	d3bdbd115d8e985fae9c614b0dd3
user18	598	201	1271800898410	0	0	d3bdbd115d8e985fae9c614b0dd3
user18	609	195	1271800898410	0	0	d3bdbd115d8e985fae9c614b0dd3
user18	619	187	1271800898426	0	0	d3bdbd115d8e985fae9c614b0dd3
user18	628	178	1271800898426	0	0	d3bdbd115d8e985fae9c614b0dd3
user18	638	169	1271800898442	0	0	d3bdbd115d8e985fae9c614b0dd3
user18	647	159	1271800898442	0	0	d3bdbd115d8e985fae9c614b0dd3
user18	654	147	1271800898457	0	0	d3bdbd115d8e985fae9c614b0dd3
user18	661	136	1271800898457	0	0	d3bdbd115d8e985fae9c614b0dd3
user18	664	125	1271800898473	0	0	d3bdbd115d8e985fae9c614b0dd3
user18	667	115	1271800898473	0	0	d3bdbd115d8e985fae9c614b0dd3
user18	669	108	1271800898488	0	0	d3bdbd115d8e985fae9c614b0dd3
user18	671	103	1271800898488	0	0	d3bdbd115d8e985fae9c614b0dd3
user18	672	98	1271800898504	0	0	d3bdbd115d8e985fae9c614b0dd3
user18	674	94	1271800898504	0	0	d3bdbd115d8e985fae9c614b0dd3
user18	674	91	1271800898520	0	0	d3bdbd115d8e985fae9c614b0dd3
user18	675	88	1271800898520	0	0	d3bdbd115d8e985fae9c614b0dd3
user18	676	85	1271800898535	0	0	d3bdbd115d8e985fae9c614b0dd3
user18	677	83	1271800898535	0	0	d3bdbd115d8e985fae9c614b0dd3
user18	677	81	1271800898551	0	0	d3bdbd115d8e985fae9c614b0dd3
user18	679	78	1271800898551	0	0	d3bdbd115d8e985fae9c614b0dd3
user18	681	73	1271800898567	0	0	d3bdbd115d8e985fae9c614b0dd3
user18	684	68	1271800898567	0	0	d3bdbd115d8e985fae9c614b0dd3
user18	686	64	1271800898582	0	0	d3bdbd115d8e985fae9c614b0dd3
user18	687	61	1271800898582	0	0	d3bdbd115d8e985fae9c614b0dd3
user18	688	58	1271800898598	0	0	d3bdbd115d8e985fae9c614b0dd3
user18	689	56	1271800898598	0	0	d3bdbd115d8e985fae9c614b0dd3
user18	689	54	1271800898613	0	0	d3bdbd115d8e985fae9c614b0dd3
user18	689	53	1271800898629	0	0	d3bdbd115d8e985fae9c614b0dd3
user18	689	52	1271800898645	0	0	d3bdbd115d8e985fae9c614b0dd3
user18	689	51	1271800898660	0	0	d3bdbd115d8e985fae9c614b0dd3
user18	689	51	1271800899192	1271800899098	1271800899192	d3bdbd115d8e985fae9c614b0dd3
