User	X	Y	MouseTimeStamp	MouseDownTimeStamp	MouseUpTimeStamp	SessionID
user10	506	274	1271091435109	0	0	2f3cb9b4fe840049b1b328eb0c28
user10	513	270	1271091435109	0	0	2f3cb9b4fe840049b1b328eb0c28
user10	517	269	1271091435109	0	0	2f3cb9b4fe840049b1b328eb0c28
user10	519	267	1271091435155	0	0	2f3cb9b4fe840049b1b328eb0c28
user10	521	267	1271091435452	0	0	2f3cb9b4fe840049b1b328eb0c28
user10	523	267	1271091435467	0	0	2f3cb9b4fe840049b1b328eb0c28
user10	525	267	1271091435467	0	0	2f3cb9b4fe840049b1b328eb0c28
user10	528	268	1271091435483	0	0	2f3cb9b4fe840049b1b328eb0c28
user10	531	268	1271091435483	0	0	2f3cb9b4fe840049b1b328eb0c28
user10	537	268	1271091435499	0	0	2f3cb9b4fe840049b1b328eb0c28
user10	542	268	1271091435514	0	0	2f3cb9b4fe840049b1b328eb0c28
user10	549	268	1271091435514	0	0	2f3cb9b4fe840049b1b328eb0c28
user10	557	268	1271091435530	0	0	2f3cb9b4fe840049b1b328eb0c28
user10	565	268	1271091435530	0	0	2f3cb9b4fe840049b1b328eb0c28
user10	574	268	1271091435545	0	0	2f3cb9b4fe840049b1b328eb0c28
user10	582	268	1271091435545	0	0	2f3cb9b4fe840049b1b328eb0c28
user10	590	268	1271091435561	0	0	2f3cb9b4fe840049b1b328eb0c28
user10	599	268	1271091435561	0	0	2f3cb9b4fe840049b1b328eb0c28
user10	610	268	1271091435577	0	0	2f3cb9b4fe840049b1b328eb0c28
user10	619	268	1271091435577	0	0	2f3cb9b4fe840049b1b328eb0c28
user10	629	265	1271091435592	0	0	2f3cb9b4fe840049b1b328eb0c28
user10	640	265	1271091435592	0	0	2f3cb9b4fe840049b1b328eb0c28
user10	652	264	1271091435608	0	0	2f3cb9b4fe840049b1b328eb0c28
user10	666	264	1271091435608	0	0	2f3cb9b4fe840049b1b328eb0c28
user10	681	263	1271091435623	0	0	2f3cb9b4fe840049b1b328eb0c28
user10	694	262	1271091435623	0	0	2f3cb9b4fe840049b1b328eb0c28
user10	709	261	1271091435639	0	0	2f3cb9b4fe840049b1b328eb0c28
user10	723	260	1271091435639	0	0	2f3cb9b4fe840049b1b328eb0c28
user10	738	259	1271091435655	0	0	2f3cb9b4fe840049b1b328eb0c28
user10	749	258	1271091435655	0	0	2f3cb9b4fe840049b1b328eb0c28
user10	758	257	1271091435670	0	0	2f3cb9b4fe840049b1b328eb0c28
user10	769	255	1271091435670	0	0	2f3cb9b4fe840049b1b328eb0c28
user10	779	255	1271091435686	0	0	2f3cb9b4fe840049b1b328eb0c28
user10	788	253	1271091435686	0	0	2f3cb9b4fe840049b1b328eb0c28
user10	795	252	1271091435701	0	0	2f3cb9b4fe840049b1b328eb0c28
user10	803	251	1271091435701	0	0	2f3cb9b4fe840049b1b328eb0c28
user10	810	249	1271091435717	0	0	2f3cb9b4fe840049b1b328eb0c28
user10	818	246	1271091435717	0	0	2f3cb9b4fe840049b1b328eb0c28
user10	825	242	1271091435733	0	0	2f3cb9b4fe840049b1b328eb0c28
user10	833	237	1271091435733	0	0	2f3cb9b4fe840049b1b328eb0c28
user10	839	232	1271091435748	0	0	2f3cb9b4fe840049b1b328eb0c28
user10	845	226	1271091435748	0	0	2f3cb9b4fe840049b1b328eb0c28
user10	851	219	1271091435764	0	0	2f3cb9b4fe840049b1b328eb0c28
user10	855	216	1271091435764	0	0	2f3cb9b4fe840049b1b328eb0c28
user10	858	213	1271091435779	0	0	2f3cb9b4fe840049b1b328eb0c28
user10	861	211	1271091435779	0	0	2f3cb9b4fe840049b1b328eb0c28
user10	863	210	1271091435795	0	0	2f3cb9b4fe840049b1b328eb0c28
user10	864	209	1271091435795	0	0	2f3cb9b4fe840049b1b328eb0c28
user10	865	209	1271091435811	0	0	2f3cb9b4fe840049b1b328eb0c28
user10	865	208	1271091435826	0	0	2f3cb9b4fe840049b1b328eb0c28
user10	866	208	1271091435842	0	0	2f3cb9b4fe840049b1b328eb0c28
user10	868	206	1271091435857	0	0	2f3cb9b4fe840049b1b328eb0c28
user10	869	205	1271091435857	0	0	2f3cb9b4fe840049b1b328eb0c28
user10	871	203	1271091435873	0	0	2f3cb9b4fe840049b1b328eb0c28
user10	872	201	1271091435873	0	0	2f3cb9b4fe840049b1b328eb0c28
user10	873	199	1271091435889	0	0	2f3cb9b4fe840049b1b328eb0c28
user10	874	198	1271091435889	0	0	2f3cb9b4fe840049b1b328eb0c28
user10	876	197	1271091435904	0	0	2f3cb9b4fe840049b1b328eb0c28
user10	877	196	1271091435904	0	0	2f3cb9b4fe840049b1b328eb0c28
user10	878	196	1271091435920	0	0	2f3cb9b4fe840049b1b328eb0c28
user10	880	196	1271091435920	0	0	2f3cb9b4fe840049b1b328eb0c28
user10	882	196	1271091435935	0	0	2f3cb9b4fe840049b1b328eb0c28
user10	884	195	1271091435935	0	0	2f3cb9b4fe840049b1b328eb0c28
user10	887	194	1271091435951	0	0	2f3cb9b4fe840049b1b328eb0c28
user10	889	194	1271091435951	0	0	2f3cb9b4fe840049b1b328eb0c28
user10	891	194	1271091435967	0	0	2f3cb9b4fe840049b1b328eb0c28
user10	895	193	1271091435967	0	0	2f3cb9b4fe840049b1b328eb0c28
user10	899	189	1271091435982	0	0	2f3cb9b4fe840049b1b328eb0c28
user10	902	187	1271091435982	0	0	2f3cb9b4fe840049b1b328eb0c28
user10	905	187	1271091435998	0	0	2f3cb9b4fe840049b1b328eb0c28
user10	908	186	1271091435998	0	0	2f3cb9b4fe840049b1b328eb0c28
user10	912	185	1271091436013	0	0	2f3cb9b4fe840049b1b328eb0c28
user10	914	184	1271091436013	0	0	2f3cb9b4fe840049b1b328eb0c28
user10	918	184	1271091436029	0	0	2f3cb9b4fe840049b1b328eb0c28
user10	921	184	1271091436029	0	0	2f3cb9b4fe840049b1b328eb0c28
user10	923	183	1271091436045	0	0	2f3cb9b4fe840049b1b328eb0c28
user10	924	183	1271091436045	0	0	2f3cb9b4fe840049b1b328eb0c28
user10	925	182	1271091436060	0	0	2f3cb9b4fe840049b1b328eb0c28
user10	926	182	1271091436060	0	0	2f3cb9b4fe840049b1b328eb0c28
user10	926	181	1271091436076	0	0	2f3cb9b4fe840049b1b328eb0c28
user10	927	181	1271091436091	0	0	2f3cb9b4fe840049b1b328eb0c28
user10	928	179	1271091436123	0	0	2f3cb9b4fe840049b1b328eb0c28
user10	929	179	1271091436123	0	0	2f3cb9b4fe840049b1b328eb0c28
user10	930	177	1271091436138	0	0	2f3cb9b4fe840049b1b328eb0c28
user10	931	177	1271091436154	0	0	2f3cb9b4fe840049b1b328eb0c28
user10	931	176	1271091436154	0	0	2f3cb9b4fe840049b1b328eb0c28
user10	931	175	1271091436169	0	0	2f3cb9b4fe840049b1b328eb0c28
user10	931	175	1271091436325	1271091436232	1271091436325	2f3cb9b4fe840049b1b328eb0c28
user10	931	174	1271091443969	0	0	2f3cb9b4fe840049b1b328eb0c28
user10	932	170	1271091443969	0	0	2f3cb9b4fe840049b1b328eb0c28
user10	932	164	1271091443985	0	0	2f3cb9b4fe840049b1b328eb0c28
user10	933	154	1271091443985	0	0	2f3cb9b4fe840049b1b328eb0c28
user10	933	145	1271091444001	0	0	2f3cb9b4fe840049b1b328eb0c28
user10	933	138	1271091444001	0	0	2f3cb9b4fe840049b1b328eb0c28
user10	934	133	1271091444016	0	0	2f3cb9b4fe840049b1b328eb0c28
user10	934	130	1271091444016	0	0	2f3cb9b4fe840049b1b328eb0c28
user10	935	129	1271091444032	0	0	2f3cb9b4fe840049b1b328eb0c28
user10	935	128	1271091444032	0	0	2f3cb9b4fe840049b1b328eb0c28
user10	935	130	1271091444203	0	0	2f3cb9b4fe840049b1b328eb0c28
user10	937	138	1271091444203	0	0	2f3cb9b4fe840049b1b328eb0c28
user10	938	146	1271091444219	0	0	2f3cb9b4fe840049b1b328eb0c28
user10	942	158	1271091444235	0	0	2f3cb9b4fe840049b1b328eb0c28
user10	949	171	1271091444235	0	0	2f3cb9b4fe840049b1b328eb0c28
user10	956	184	1271091444250	0	0	2f3cb9b4fe840049b1b328eb0c28
user10	966	198	1271091444250	0	0	2f3cb9b4fe840049b1b328eb0c28
user10	976	209	1271091444266	0	0	2f3cb9b4fe840049b1b328eb0c28
user10	991	223	1271091444266	0	0	2f3cb9b4fe840049b1b328eb0c28
user10	1008	243	1271091444281	0	0	2f3cb9b4fe840049b1b328eb0c28
user10	1021	258	1271091444281	0	0	2f3cb9b4fe840049b1b328eb0c28
user10	1034	271	1271091444297	0	0	2f3cb9b4fe840049b1b328eb0c28
user10	1044	281	1271091444297	0	0	2f3cb9b4fe840049b1b328eb0c28
user10	1052	291	1271091444313	0	0	2f3cb9b4fe840049b1b328eb0c28
user10	1059	299	1271091444313	0	0	2f3cb9b4fe840049b1b328eb0c28
user10	1065	305	1271091444328	0	0	2f3cb9b4fe840049b1b328eb0c28
user10	1069	310	1271091444328	0	0	2f3cb9b4fe840049b1b328eb0c28
user10	1072	312	1271091444344	0	0	2f3cb9b4fe840049b1b328eb0c28
user10	1073	314	1271091444344	0	0	2f3cb9b4fe840049b1b328eb0c28
user10	1074	314	1271091444359	0	0	2f3cb9b4fe840049b1b328eb0c28
user10	1075	314	1271091444359	0	0	2f3cb9b4fe840049b1b328eb0c28
user10	1075	313	1271091444375	0	0	2f3cb9b4fe840049b1b328eb0c28
user10	1073	312	1271091444391	0	0	2f3cb9b4fe840049b1b328eb0c28
user10	1071	312	1271091444406	0	0	2f3cb9b4fe840049b1b328eb0c28
user10	1069	312	1271091444422	0	0	2f3cb9b4fe840049b1b328eb0c28
user10	1066	312	1271091444422	0	0	2f3cb9b4fe840049b1b328eb0c28
user10	1064	312	1271091444437	0	0	2f3cb9b4fe840049b1b328eb0c28
user10	1061	312	1271091444437	0	0	2f3cb9b4fe840049b1b328eb0c28
user10	1057	311	1271091444453	0	0	2f3cb9b4fe840049b1b328eb0c28
user10	1053	311	1271091444453	0	0	2f3cb9b4fe840049b1b328eb0c28
user10	1047	309	1271091444469	0	0	2f3cb9b4fe840049b1b328eb0c28
user10	1041	308	1271091444469	0	0	2f3cb9b4fe840049b1b328eb0c28
user10	1036	305	1271091444484	0	0	2f3cb9b4fe840049b1b328eb0c28
user10	1030	302	1271091444484	0	0	2f3cb9b4fe840049b1b328eb0c28
user10	1022	298	1271091444500	0	0	2f3cb9b4fe840049b1b328eb0c28
user10	1015	295	1271091444500	0	0	2f3cb9b4fe840049b1b328eb0c28
user10	1008	291	1271091444515	0	0	2f3cb9b4fe840049b1b328eb0c28
user10	1003	289	1271091444531	0	0	2f3cb9b4fe840049b1b328eb0c28
user10	1001	288	1271091444531	0	0	2f3cb9b4fe840049b1b328eb0c28
user10	999	287	1271091444531	0	0	2f3cb9b4fe840049b1b328eb0c28
user10	999	286	1271091444703	0	0	2f3cb9b4fe840049b1b328eb0c28
user10	999	284	1271091444718	0	0	2f3cb9b4fe840049b1b328eb0c28
user10	998	282	1271091444734	0	0	2f3cb9b4fe840049b1b328eb0c28
user10	998	281	1271091444734	0	0	2f3cb9b4fe840049b1b328eb0c28
user10	998	280	1271091444749	0	0	2f3cb9b4fe840049b1b328eb0c28
user10	998	280	1271091444921	1271091444827	1271091444921	2f3cb9b4fe840049b1b328eb0c28
user10	998	280	1271091451348	0	0	2f3cb9b4fe840049b1b328eb0c28
user10	997	280	1271091451723	0	0	2f3cb9b4fe840049b1b328eb0c28
user10	995	280	1271091451738	0	0	2f3cb9b4fe840049b1b328eb0c28
user10	989	279	1271091451754	0	0	2f3cb9b4fe840049b1b328eb0c28
user10	977	279	1271091451769	0	0	2f3cb9b4fe840049b1b328eb0c28
user10	970	279	1271091451785	0	0	2f3cb9b4fe840049b1b328eb0c28
user10	961	279	1271091451785	0	0	2f3cb9b4fe840049b1b328eb0c28
user10	950	277	1271091451801	0	0	2f3cb9b4fe840049b1b328eb0c28
user10	938	271	1271091451801	0	0	2f3cb9b4fe840049b1b328eb0c28
user10	927	267	1271091451816	0	0	2f3cb9b4fe840049b1b328eb0c28
user10	913	261	1271091451816	0	0	2f3cb9b4fe840049b1b328eb0c28
user10	895	252	1271091451832	0	0	2f3cb9b4fe840049b1b328eb0c28
user10	877	243	1271091451832	0	0	2f3cb9b4fe840049b1b328eb0c28
user10	845	226	1271091451847	0	0	2f3cb9b4fe840049b1b328eb0c28
user10	812	210	1271091451863	0	0	2f3cb9b4fe840049b1b328eb0c28
user10	799	203	1271091451879	0	0	2f3cb9b4fe840049b1b328eb0c28
user10	781	193	1271091451879	0	0	2f3cb9b4fe840049b1b328eb0c28
user10	747	175	1271091451894	0	0	2f3cb9b4fe840049b1b328eb0c28
user10	729	164	1271091451910	0	0	2f3cb9b4fe840049b1b328eb0c28
user10	713	156	1271091451910	0	0	2f3cb9b4fe840049b1b328eb0c28
user10	682	139	1271091451925	0	0	2f3cb9b4fe840049b1b328eb0c28
user10	671	132	1271091451941	0	0	2f3cb9b4fe840049b1b328eb0c28
user10	660	127	1271091451941	0	0	2f3cb9b4fe840049b1b328eb0c28
user10	651	120	1271091451957	0	0	2f3cb9b4fe840049b1b328eb0c28
user10	644	115	1271091451957	0	0	2f3cb9b4fe840049b1b328eb0c28
user10	635	108	1271091451972	0	0	2f3cb9b4fe840049b1b328eb0c28
user10	627	101	1271091451972	0	0	2f3cb9b4fe840049b1b328eb0c28
user10	611	88	1271091451988	0	0	2f3cb9b4fe840049b1b328eb0c28
user10	605	83	1271091452003	0	0	2f3cb9b4fe840049b1b328eb0c28
user10	598	79	1271091452003	0	0	2f3cb9b4fe840049b1b328eb0c28
user10	591	74	1271091452019	0	0	2f3cb9b4fe840049b1b328eb0c28
user10	586	70	1271091452019	0	0	2f3cb9b4fe840049b1b328eb0c28
user10	580	68	1271091452035	0	0	2f3cb9b4fe840049b1b328eb0c28
user10	574	65	1271091452035	0	0	2f3cb9b4fe840049b1b328eb0c28
user10	570	63	1271091452050	0	0	2f3cb9b4fe840049b1b328eb0c28
user10	567	62	1271091452050	0	0	2f3cb9b4fe840049b1b328eb0c28
user10	562	61	1271091452066	0	0	2f3cb9b4fe840049b1b328eb0c28
user10	559	59	1271091452066	0	0	2f3cb9b4fe840049b1b328eb0c28
user10	555	57	1271091452081	0	0	2f3cb9b4fe840049b1b328eb0c28
user10	550	53	1271091452097	0	0	2f3cb9b4fe840049b1b328eb0c28
user10	548	52	1271091452097	0	0	2f3cb9b4fe840049b1b328eb0c28
user10	543	49	1271091452113	0	0	2f3cb9b4fe840049b1b328eb0c28
user10	540	46	1271091452128	0	0	2f3cb9b4fe840049b1b328eb0c28
user10	535	44	1271091452144	0	0	2f3cb9b4fe840049b1b328eb0c28
user10	533	43	1271091452144	0	0	2f3cb9b4fe840049b1b328eb0c28
user10	531	42	1271091452159	0	0	2f3cb9b4fe840049b1b328eb0c28
user10	528	42	1271091452175	0	0	2f3cb9b4fe840049b1b328eb0c28
user10	528	42	1271091452425	1271091452284	1271091452425	2f3cb9b4fe840049b1b328eb0c28
user10	528	42	1271091454749	0	0	2f3cb9b4fe840049b1b328eb0c28
user10	529	42	1271091455435	0	0	2f3cb9b4fe840049b1b328eb0c28
user10	531	42	1271091455451	0	0	2f3cb9b4fe840049b1b328eb0c28
user10	535	42	1271091455467	0	0	2f3cb9b4fe840049b1b328eb0c28
user10	539	43	1271091455482	0	0	2f3cb9b4fe840049b1b328eb0c28
user10	545	44	1271091455498	0	0	2f3cb9b4fe840049b1b328eb0c28
user10	547	45	1271091455498	0	0	2f3cb9b4fe840049b1b328eb0c28
user10	552	47	1271091455513	0	0	2f3cb9b4fe840049b1b328eb0c28
user10	555	47	1271091455529	0	0	2f3cb9b4fe840049b1b328eb0c28
user10	558	47	1271091455529	0	0	2f3cb9b4fe840049b1b328eb0c28
user10	564	48	1271091455545	0	0	2f3cb9b4fe840049b1b328eb0c28
user10	571	49	1271091455560	0	0	2f3cb9b4fe840049b1b328eb0c28
user10	582	50	1271091455576	0	0	2f3cb9b4fe840049b1b328eb0c28
user10	587	51	1271091455591	0	0	2f3cb9b4fe840049b1b328eb0c28
user10	595	51	1271091455607	0	0	2f3cb9b4fe840049b1b328eb0c28
user10	599	51	1271091455607	0	0	2f3cb9b4fe840049b1b328eb0c28
user10	605	51	1271091455623	0	0	2f3cb9b4fe840049b1b328eb0c28
user10	607	51	1271091455638	0	0	2f3cb9b4fe840049b1b328eb0c28
user10	611	51	1271091455638	0	0	2f3cb9b4fe840049b1b328eb0c28
user10	612	51	1271091455654	0	0	2f3cb9b4fe840049b1b328eb0c28
user10	613	51	1271091455654	0	0	2f3cb9b4fe840049b1b328eb0c28
user10	615	51	1271091455669	0	0	2f3cb9b4fe840049b1b328eb0c28
user10	616	51	1271091455669	0	0	2f3cb9b4fe840049b1b328eb0c28
user10	617	51	1271091455685	0	0	2f3cb9b4fe840049b1b328eb0c28
user10	618	51	1271091455701	0	0	2f3cb9b4fe840049b1b328eb0c28
user10	618	51	1271091455872	1271091455747	1271091455872	2f3cb9b4fe840049b1b328eb0c28
user10	533	56	1271091464624	0	0	2f3cb9b4fe840049b1b328eb0c28
user10	533	56	1271091465123	0	0	2f3cb9b4fe840049b1b328eb0c28
user10	535	56	1271091465217	0	0	2f3cb9b4fe840049b1b328eb0c28
user10	537	56	1271091465232	0	0	2f3cb9b4fe840049b1b328eb0c28
user10	539	56	1271091465232	0	0	2f3cb9b4fe840049b1b328eb0c28
user10	542	56	1271091465248	0	0	2f3cb9b4fe840049b1b328eb0c28
user10	547	56	1271091465263	0	0	2f3cb9b4fe840049b1b328eb0c28
user10	553	56	1271091465295	0	0	2f3cb9b4fe840049b1b328eb0c28
user10	557	56	1271091465310	0	0	2f3cb9b4fe840049b1b328eb0c28
user10	561	56	1271091465326	0	0	2f3cb9b4fe840049b1b328eb0c28
user10	564	57	1271091465326	0	0	2f3cb9b4fe840049b1b328eb0c28
user10	570	57	1271091465341	0	0	2f3cb9b4fe840049b1b328eb0c28
user10	573	57	1271091465357	0	0	2f3cb9b4fe840049b1b328eb0c28
user10	575	57	1271091465357	0	0	2f3cb9b4fe840049b1b328eb0c28
user10	579	57	1271091465373	0	0	2f3cb9b4fe840049b1b328eb0c28
user10	580	57	1271091465373	0	0	2f3cb9b4fe840049b1b328eb0c28
user10	586	57	1271091465388	0	0	2f3cb9b4fe840049b1b328eb0c28
user10	591	57	1271091465404	0	0	2f3cb9b4fe840049b1b328eb0c28
user10	596	57	1271091465419	0	0	2f3cb9b4fe840049b1b328eb0c28
user10	602	57	1271091465435	0	0	2f3cb9b4fe840049b1b328eb0c28
user10	607	57	1271091465451	0	0	2f3cb9b4fe840049b1b328eb0c28
user10	613	57	1271091465466	0	0	2f3cb9b4fe840049b1b328eb0c28
user10	616	57	1271091465482	0	0	2f3cb9b4fe840049b1b328eb0c28
user10	620	57	1271091465497	0	0	2f3cb9b4fe840049b1b328eb0c28
user10	623	57	1271091465497	0	0	2f3cb9b4fe840049b1b328eb0c28
user10	626	57	1271091465497	0	0	2f3cb9b4fe840049b1b328eb0c28
user10	628	57	1271091465513	0	0	2f3cb9b4fe840049b1b328eb0c28
user10	629	57	1271091465513	0	0	2f3cb9b4fe840049b1b328eb0c28
user10	630	57	1271091465529	0	0	2f3cb9b4fe840049b1b328eb0c28
user10	632	57	1271091465529	0	0	2f3cb9b4fe840049b1b328eb0c28
user10	633	57	1271091465544	0	0	2f3cb9b4fe840049b1b328eb0c28
user10	633	57	1271091465731	1271091465591	1271091465731	2f3cb9b4fe840049b1b328eb0c28
