User	X	Y	MouseTimeStamp	MouseDownTimeStamp	MouseUpTimeStamp	SessionID
user10	239	277	1270546291089	0	0	275da3c14d623c49655c17b62500
user10	241	276	1270546291105	0	0	275da3c14d623c49655c17b62500
user10	241	276	1270546291183	0	0	275da3c14d623c49655c17b62500
user10	241	276	1270546291183	0	0	275da3c14d623c49655c17b62500
user10	242	276	1270546291245	0	0	275da3c14d623c49655c17b62500
user10	247	276	1270546291261	0	0	275da3c14d623c49655c17b62500
user10	257	277	1270546291261	0	0	275da3c14d623c49655c17b62500
user10	270	278	1270546291276	0	0	275da3c14d623c49655c17b62500
user10	283	278	1270546291276	0	0	275da3c14d623c49655c17b62500
user10	300	279	1270546291292	0	0	275da3c14d623c49655c17b62500
user10	322	279	1270546291292	0	0	275da3c14d623c49655c17b62500
user10	354	279	1270546291307	0	0	275da3c14d623c49655c17b62500
user10	384	279	1270546291307	0	0	275da3c14d623c49655c17b62500
user10	415	275	1270546291323	0	0	275da3c14d623c49655c17b62500
user10	451	272	1270546291323	0	0	275da3c14d623c49655c17b62500
user10	490	268	1270546291339	0	0	275da3c14d623c49655c17b62500
user10	527	265	1270546291339	0	0	275da3c14d623c49655c17b62500
user10	559	254	1270546291354	0	0	275da3c14d623c49655c17b62500
user10	595	244	1270546291354	0	0	275da3c14d623c49655c17b62500
user10	628	233	1270546291370	0	0	275da3c14d623c49655c17b62500
user10	660	223	1270546291370	0	0	275da3c14d623c49655c17b62500
user10	688	215	1270546291385	0	0	275da3c14d623c49655c17b62500
user10	714	210	1270546291385	0	0	275da3c14d623c49655c17b62500
user10	736	205	1270546291401	0	0	275da3c14d623c49655c17b62500
user10	750	200	1270546291401	0	0	275da3c14d623c49655c17b62500
user10	766	196	1270546291417	0	0	275da3c14d623c49655c17b62500
user10	775	193	1270546291417	0	0	275da3c14d623c49655c17b62500
user10	784	191	1270546291432	0	0	275da3c14d623c49655c17b62500
user10	791	190	1270546291432	0	0	275da3c14d623c49655c17b62500
user10	799	188	1270546291448	0	0	275da3c14d623c49655c17b62500
user10	804	188	1270546291448	0	0	275da3c14d623c49655c17b62500
user10	810	188	1270546291463	0	0	275da3c14d623c49655c17b62500
user10	814	188	1270546291463	0	0	275da3c14d623c49655c17b62500
user10	817	188	1270546291479	0	0	275da3c14d623c49655c17b62500
user10	820	187	1270546291479	0	0	275da3c14d623c49655c17b62500
user10	821	186	1270546291495	0	0	275da3c14d623c49655c17b62500
user10	821	186	1270546291604	0	0	275da3c14d623c49655c17b62500
user10	824	186	1270546291651	0	0	275da3c14d623c49655c17b62500
user10	830	188	1270546291666	0	0	275da3c14d623c49655c17b62500
user10	835	188	1270546291666	0	0	275da3c14d623c49655c17b62500
user10	838	188	1270546291682	0	0	275da3c14d623c49655c17b62500
user10	840	188	1270546291682	0	0	275da3c14d623c49655c17b62500
user10	842	188	1270546291697	0	0	275da3c14d623c49655c17b62500
user10	845	188	1270546291697	0	0	275da3c14d623c49655c17b62500
user10	847	188	1270546291713	0	0	275da3c14d623c49655c17b62500
user10	849	188	1270546291713	0	0	275da3c14d623c49655c17b62500
user10	852	188	1270546291729	0	0	275da3c14d623c49655c17b62500
user10	854	187	1270546291729	0	0	275da3c14d623c49655c17b62500
user10	857	186	1270546291744	0	0	275da3c14d623c49655c17b62500
user10	860	185	1270546291744	0	0	275da3c14d623c49655c17b62500
user10	866	184	1270546291760	0	0	275da3c14d623c49655c17b62500
user10	871	183	1270546291760	0	0	275da3c14d623c49655c17b62500
user10	877	183	1270546291775	0	0	275da3c14d623c49655c17b62500
user10	884	183	1270546291775	0	0	275da3c14d623c49655c17b62500
user10	888	182	1270546291791	0	0	275da3c14d623c49655c17b62500
user10	895	182	1270546291791	0	0	275da3c14d623c49655c17b62500
user10	899	182	1270546291807	0	0	275da3c14d623c49655c17b62500
user10	905	181	1270546291807	0	0	275da3c14d623c49655c17b62500
user10	907	179	1270546291822	0	0	275da3c14d623c49655c17b62500
user10	910	178	1270546291822	0	0	275da3c14d623c49655c17b62500
user10	913	177	1270546291838	0	0	275da3c14d623c49655c17b62500
user10	915	176	1270546291838	0	0	275da3c14d623c49655c17b62500
user10	915	175	1270546291853	0	0	275da3c14d623c49655c17b62500
user10	916	174	1270546291869	0	0	275da3c14d623c49655c17b62500
user10	916	173	1270546291900	0	0	275da3c14d623c49655c17b62500
user10	917	173	1270546291947	0	0	275da3c14d623c49655c17b62500
user10	918	173	1270546291978	0	0	275da3c14d623c49655c17b62500
user10	919	172	1270546291994	0	0	275da3c14d623c49655c17b62500
user10	919	172	1270546292103	1270546292041	1270546292103	275da3c14d623c49655c17b62500
user10	921	173	1270546300340	0	0	275da3c14d623c49655c17b62500
user10	923	175	1270546300340	0	0	275da3c14d623c49655c17b62500
user10	927	177	1270546300355	0	0	275da3c14d623c49655c17b62500
user10	928	179	1270546300355	0	0	275da3c14d623c49655c17b62500
user10	930	180	1270546300371	0	0	275da3c14d623c49655c17b62500
user10	935	183	1270546300371	0	0	275da3c14d623c49655c17b62500
user10	937	186	1270546300387	0	0	275da3c14d623c49655c17b62500
user10	943	189	1270546300387	0	0	275da3c14d623c49655c17b62500
user10	947	193	1270546300402	0	0	275da3c14d623c49655c17b62500
user10	950	195	1270546300402	0	0	275da3c14d623c49655c17b62500
user10	956	198	1270546300418	0	0	275da3c14d623c49655c17b62500
user10	959	201	1270546300418	0	0	275da3c14d623c49655c17b62500
user10	962	203	1270546300433	0	0	275da3c14d623c49655c17b62500
user10	964	206	1270546300433	0	0	275da3c14d623c49655c17b62500
user10	968	207	1270546300449	0	0	275da3c14d623c49655c17b62500
user10	972	209	1270546300449	0	0	275da3c14d623c49655c17b62500
user10	976	212	1270546300465	0	0	275da3c14d623c49655c17b62500
user10	979	213	1270546300465	0	0	275da3c14d623c49655c17b62500
user10	982	215	1270546300480	0	0	275da3c14d623c49655c17b62500
user10	984	216	1270546300480	0	0	275da3c14d623c49655c17b62500
user10	986	216	1270546300496	0	0	275da3c14d623c49655c17b62500
user10	989	219	1270546300496	0	0	275da3c14d623c49655c17b62500
user10	991	221	1270546300511	0	0	275da3c14d623c49655c17b62500
user10	995	224	1270546300511	0	0	275da3c14d623c49655c17b62500
user10	1000	228	1270546300527	0	0	275da3c14d623c49655c17b62500
user10	1006	232	1270546300527	0	0	275da3c14d623c49655c17b62500
user10	1010	235	1270546300543	0	0	275da3c14d623c49655c17b62500
user10	1014	237	1270546300543	0	0	275da3c14d623c49655c17b62500
user10	1016	239	1270546300558	0	0	275da3c14d623c49655c17b62500
user10	1018	241	1270546300558	0	0	275da3c14d623c49655c17b62500
user10	1021	242	1270546300574	0	0	275da3c14d623c49655c17b62500
user10	1021	243	1270546300589	0	0	275da3c14d623c49655c17b62500
user10	1022	244	1270546300589	0	0	275da3c14d623c49655c17b62500
user10	1023	246	1270546300605	0	0	275da3c14d623c49655c17b62500
user10	1023	249	1270546300605	0	0	275da3c14d623c49655c17b62500
user10	1023	251	1270546300621	0	0	275da3c14d623c49655c17b62500
user10	1023	252	1270546300621	0	0	275da3c14d623c49655c17b62500
user10	1024	254	1270546300636	0	0	275da3c14d623c49655c17b62500
user10	1024	256	1270546300636	0	0	275da3c14d623c49655c17b62500
user10	1023	257	1270546300652	0	0	275da3c14d623c49655c17b62500
user10	1022	258	1270546300652	0	0	275da3c14d623c49655c17b62500
user10	1021	260	1270546300667	0	0	275da3c14d623c49655c17b62500
user10	1019	261	1270546300667	0	0	275da3c14d623c49655c17b62500
user10	1019	263	1270546300683	0	0	275da3c14d623c49655c17b62500
user10	1018	266	1270546300683	0	0	275da3c14d623c49655c17b62500
user10	1017	271	1270546300699	0	0	275da3c14d623c49655c17b62500
user10	1017	276	1270546300699	0	0	275da3c14d623c49655c17b62500
user10	1017	282	1270546300714	0	0	275da3c14d623c49655c17b62500
user10	1017	290	1270546300714	0	0	275da3c14d623c49655c17b62500
user10	1017	295	1270546300730	0	0	275da3c14d623c49655c17b62500
user10	1017	301	1270546300730	0	0	275da3c14d623c49655c17b62500
user10	1017	303	1270546300745	0	0	275da3c14d623c49655c17b62500
user10	1017	305	1270546300745	0	0	275da3c14d623c49655c17b62500
user10	1017	306	1270546300761	0	0	275da3c14d623c49655c17b62500
user10	1016	305	1270546300808	0	0	275da3c14d623c49655c17b62500
user10	1015	304	1270546300808	0	0	275da3c14d623c49655c17b62500
user10	1015	302	1270546300823	0	0	275da3c14d623c49655c17b62500
user10	1013	301	1270546300823	0	0	275da3c14d623c49655c17b62500
user10	1012	299	1270546300839	0	0	275da3c14d623c49655c17b62500
user10	1011	297	1270546300839	0	0	275da3c14d623c49655c17b62500
user10	1010	295	1270546300855	0	0	275da3c14d623c49655c17b62500
user10	1009	294	1270546300855	0	0	275da3c14d623c49655c17b62500
user10	1008	292	1270546300870	0	0	275da3c14d623c49655c17b62500
user10	1007	291	1270546300870	0	0	275da3c14d623c49655c17b62500
user10	1007	290	1270546300886	0	0	275da3c14d623c49655c17b62500
user10	1007	289	1270546300901	0	0	275da3c14d623c49655c17b62500
user10	1006	288	1270546300917	0	0	275da3c14d623c49655c17b62500
user10	1006	287	1270546300917	0	0	275da3c14d623c49655c17b62500
user10	1006	286	1270546300933	0	0	275da3c14d623c49655c17b62500
user10	1006	285	1270546300933	0	0	275da3c14d623c49655c17b62500
user10	1006	284	1270546300948	0	0	275da3c14d623c49655c17b62500
user10	1006	283	1270546300964	0	0	275da3c14d623c49655c17b62500
user10	1006	283	1270546301089	1270546301011	1270546301089	275da3c14d623c49655c17b62500
user10	651	291	1270546305550	0	0	275da3c14d623c49655c17b62500
user10	651	291	1270546306049	0	0	275da3c14d623c49655c17b62500
user10	651	290	1270546306346	0	0	275da3c14d623c49655c17b62500
user10	650	290	1270546306361	0	0	275da3c14d623c49655c17b62500
user10	647	289	1270546306361	0	0	275da3c14d623c49655c17b62500
user10	644	288	1270546306377	0	0	275da3c14d623c49655c17b62500
user10	639	286	1270546306377	0	0	275da3c14d623c49655c17b62500
user10	635	285	1270546306393	0	0	275da3c14d623c49655c17b62500
user10	632	285	1270546306408	0	0	275da3c14d623c49655c17b62500
user10	626	280	1270546306424	0	0	275da3c14d623c49655c17b62500
user10	622	279	1270546306439	0	0	275da3c14d623c49655c17b62500
user10	621	278	1270546306439	0	0	275da3c14d623c49655c17b62500
user10	619	277	1270546306439	0	0	275da3c14d623c49655c17b62500
user10	618	276	1270546306455	0	0	275da3c14d623c49655c17b62500
user10	618	276	1270546306627	1270546306533	1270546306627	275da3c14d623c49655c17b62500
user10	617	274	1270546306658	0	0	275da3c14d623c49655c17b62500
user10	616	271	1270546306673	0	0	275da3c14d623c49655c17b62500
user10	611	263	1270546306689	0	0	275da3c14d623c49655c17b62500
user10	608	257	1270546306705	0	0	275da3c14d623c49655c17b62500
user10	604	250	1270546306705	0	0	275da3c14d623c49655c17b62500
user10	601	242	1270546306720	0	0	275da3c14d623c49655c17b62500
user10	595	229	1270546306720	0	0	275da3c14d623c49655c17b62500
user10	591	217	1270546306720	0	0	275da3c14d623c49655c17b62500
user10	584	202	1270546306736	0	0	275da3c14d623c49655c17b62500
user10	576	189	1270546306751	0	0	275da3c14d623c49655c17b62500
user10	570	175	1270546306751	0	0	275da3c14d623c49655c17b62500
user10	566	162	1270546306767	0	0	275da3c14d623c49655c17b62500
user10	560	150	1270546306767	0	0	275da3c14d623c49655c17b62500
user10	556	141	1270546306783	0	0	275da3c14d623c49655c17b62500
user10	550	132	1270546306783	0	0	275da3c14d623c49655c17b62500
user10	546	123	1270546306798	0	0	275da3c14d623c49655c17b62500
user10	537	109	1270546306814	0	0	275da3c14d623c49655c17b62500
user10	533	104	1270546306814	0	0	275da3c14d623c49655c17b62500
user10	529	99	1270546306829	0	0	275da3c14d623c49655c17b62500
user10	526	93	1270546306829	0	0	275da3c14d623c49655c17b62500
user10	523	88	1270546306845	0	0	275da3c14d623c49655c17b62500
user10	521	86	1270546306845	0	0	275da3c14d623c49655c17b62500
user10	520	83	1270546306861	0	0	275da3c14d623c49655c17b62500
user10	520	82	1270546306861	0	0	275da3c14d623c49655c17b62500
user10	520	79	1270546306876	0	0	275da3c14d623c49655c17b62500
user10	520	78	1270546306892	0	0	275da3c14d623c49655c17b62500
user10	520	77	1270546306892	0	0	275da3c14d623c49655c17b62500
user10	520	75	1270546306892	0	0	275da3c14d623c49655c17b62500
user10	520	73	1270546306907	0	0	275da3c14d623c49655c17b62500
user10	520	70	1270546306923	0	0	275da3c14d623c49655c17b62500
user10	521	67	1270546306923	0	0	275da3c14d623c49655c17b62500
user10	521	64	1270546306939	0	0	275da3c14d623c49655c17b62500
user10	521	62	1270546306954	0	0	275da3c14d623c49655c17b62500
user10	521	61	1270546306954	0	0	275da3c14d623c49655c17b62500
user10	520	59	1270546306970	0	0	275da3c14d623c49655c17b62500
user10	519	59	1270546306970	0	0	275da3c14d623c49655c17b62500
user10	519	58	1270546306985	0	0	275da3c14d623c49655c17b62500
user10	519	56	1270546307001	0	0	275da3c14d623c49655c17b62500
user10	519	55	1270546307032	0	0	275da3c14d623c49655c17b62500
user10	519	54	1270546307048	0	0	275da3c14d623c49655c17b62500
user10	519	52	1270546307063	0	0	275da3c14d623c49655c17b62500
user10	520	52	1270546307079	0	0	275da3c14d623c49655c17b62500
user10	520	51	1270546307095	0	0	275da3c14d623c49655c17b62500
user10	521	49	1270546307095	0	0	275da3c14d623c49655c17b62500
user10	521	49	1270546307219	1270546307126	1270546307219	275da3c14d623c49655c17b62500
user10	639	142	1270546308998	0	0	275da3c14d623c49655c17b62500
user10	638	142	1270546309357	0	0	275da3c14d623c49655c17b62500
user10	637	142	1270546309372	0	0	275da3c14d623c49655c17b62500
user10	637	143	1270546309403	0	0	275da3c14d623c49655c17b62500
user10	636	143	1270546309403	0	0	275da3c14d623c49655c17b62500
user10	635	143	1270546309497	0	0	275da3c14d623c49655c17b62500
user10	635	144	1270546309513	0	0	275da3c14d623c49655c17b62500
user10	633	145	1270546309528	0	0	275da3c14d623c49655c17b62500
user10	630	147	1270546309544	0	0	275da3c14d623c49655c17b62500
user10	627	148	1270546309559	0	0	275da3c14d623c49655c17b62500
user10	624	150	1270546309575	0	0	275da3c14d623c49655c17b62500
user10	623	150	1270546309591	0	0	275da3c14d623c49655c17b62500
user10	621	152	1270546309606	0	0	275da3c14d623c49655c17b62500
user10	619	154	1270546309622	0	0	275da3c14d623c49655c17b62500
user10	617	154	1270546309637	0	0	275da3c14d623c49655c17b62500
user10	616	156	1270546309637	0	0	275da3c14d623c49655c17b62500
user10	613	157	1270546309653	0	0	275da3c14d623c49655c17b62500
user10	611	158	1270546309653	0	0	275da3c14d623c49655c17b62500
user10	606	160	1270546309669	0	0	275da3c14d623c49655c17b62500
user10	601	162	1270546309669	0	0	275da3c14d623c49655c17b62500
user10	595	165	1270546309684	0	0	275da3c14d623c49655c17b62500
user10	591	166	1270546309684	0	0	275da3c14d623c49655c17b62500
user10	585	170	1270546309700	0	0	275da3c14d623c49655c17b62500
user10	582	172	1270546309700	0	0	275da3c14d623c49655c17b62500
user10	574	176	1270546309715	0	0	275da3c14d623c49655c17b62500
user10	572	179	1270546309731	0	0	275da3c14d623c49655c17b62500
user10	568	182	1270546309747	0	0	275da3c14d623c49655c17b62500
user10	566	184	1270546309747	0	0	275da3c14d623c49655c17b62500
user10	562	189	1270546309778	0	0	275da3c14d623c49655c17b62500
user10	561	191	1270546309778	0	0	275da3c14d623c49655c17b62500
user10	560	195	1270546309793	0	0	275da3c14d623c49655c17b62500
user10	560	200	1270546309809	0	0	275da3c14d623c49655c17b62500
user10	559	205	1270546309825	0	0	275da3c14d623c49655c17b62500
user10	561	208	1270546309840	0	0	275da3c14d623c49655c17b62500
user10	565	210	1270546309856	0	0	275da3c14d623c49655c17b62500
user10	577	218	1270546309856	0	0	275da3c14d623c49655c17b62500
user10	587	222	1270546309871	0	0	275da3c14d623c49655c17b62500
user10	612	226	1270546309887	0	0	275da3c14d623c49655c17b62500
user10	625	226	1270546309903	0	0	275da3c14d623c49655c17b62500
user10	649	226	1270546309918	0	0	275da3c14d623c49655c17b62500
user10	663	222	1270546309918	0	0	275da3c14d623c49655c17b62500
user10	674	220	1270546309934	0	0	275da3c14d623c49655c17b62500
user10	682	216	1270546309934	0	0	275da3c14d623c49655c17b62500
user10	689	212	1270546309949	0	0	275da3c14d623c49655c17b62500
user10	694	208	1270546309949	0	0	275da3c14d623c49655c17b62500
user10	698	204	1270546309965	0	0	275da3c14d623c49655c17b62500
user10	699	201	1270546309965	0	0	275da3c14d623c49655c17b62500
user10	701	198	1270546309981	0	0	275da3c14d623c49655c17b62500
user10	702	196	1270546309981	0	0	275da3c14d623c49655c17b62500
user10	702	193	1270546309996	0	0	275da3c14d623c49655c17b62500
user10	702	190	1270546310012	0	0	275da3c14d623c49655c17b62500
user10	702	189	1270546310012	0	0	275da3c14d623c49655c17b62500
user10	702	188	1270546310027	0	0	275da3c14d623c49655c17b62500
user10	702	187	1270546310027	0	0	275da3c14d623c49655c17b62500
user10	702	186	1270546310043	0	0	275da3c14d623c49655c17b62500
user10	702	185	1270546310059	0	0	275da3c14d623c49655c17b62500
user10	703	184	1270546310074	0	0	275da3c14d623c49655c17b62500
user10	704	184	1270546310074	0	0	275da3c14d623c49655c17b62500
user10	705	183	1270546310090	0	0	275da3c14d623c49655c17b62500
user10	706	182	1270546310105	0	0	275da3c14d623c49655c17b62500
user10	709	180	1270546310121	0	0	275da3c14d623c49655c17b62500
user10	711	177	1270546310137	0	0	275da3c14d623c49655c17b62500
user10	711	176	1270546310152	0	0	275da3c14d623c49655c17b62500
user10	711	175	1270546310168	0	0	275da3c14d623c49655c17b62500
user10	711	174	1270546310183	0	0	275da3c14d623c49655c17b62500
user10	711	173	1270546310215	0	0	275da3c14d623c49655c17b62500
user10	711	172	1270546310230	0	0	275da3c14d623c49655c17b62500
user10	711	172	1270546310339	1270546310246	1270546310339	275da3c14d623c49655c17b62500
user10	716	171	1270546312180	0	0	275da3c14d623c49655c17b62500
user10	715	171	1270546312258	0	0	275da3c14d623c49655c17b62500
user10	713	172	1270546312274	0	0	275da3c14d623c49655c17b62500
user10	707	175	1270546312274	0	0	275da3c14d623c49655c17b62500
user10	697	181	1270546312289	0	0	275da3c14d623c49655c17b62500
user10	645	218	1270546312321	0	0	275da3c14d623c49655c17b62500
user10	594	270	1270546312336	0	0	275da3c14d623c49655c17b62500
user10	553	332	1270546312336	0	0	275da3c14d623c49655c17b62500
user10	521	398	1270546312352	0	0	275da3c14d623c49655c17b62500
user10	503	463	1270546312367	0	0	275da3c14d623c49655c17b62500
user10	496	497	1270546312383	0	0	275da3c14d623c49655c17b62500
user10	494	525	1270546312399	0	0	275da3c14d623c49655c17b62500
user10	491	581	1270546312399	0	0	275da3c14d623c49655c17b62500
user10	423	586	1270546312882	0	0	275da3c14d623c49655c17b62500
user10	423	577	1270546312898	0	0	275da3c14d623c49655c17b62500
user10	424	569	1270546312898	0	0	275da3c14d623c49655c17b62500
user10	424	562	1270546312913	0	0	275da3c14d623c49655c17b62500
user10	422	542	1270546312929	0	0	275da3c14d623c49655c17b62500
user10	419	534	1270546312929	0	0	275da3c14d623c49655c17b62500
user10	413	525	1270546312945	0	0	275da3c14d623c49655c17b62500
user10	408	518	1270546312960	0	0	275da3c14d623c49655c17b62500
user10	394	509	1270546312960	0	0	275da3c14d623c49655c17b62500
user10	390	509	1270546312976	0	0	275da3c14d623c49655c17b62500
user10	386	509	1270546312976	0	0	275da3c14d623c49655c17b62500
user10	381	512	1270546312991	0	0	275da3c14d623c49655c17b62500
user10	378	517	1270546313007	0	0	275da3c14d623c49655c17b62500
user10	376	520	1270546313007	0	0	275da3c14d623c49655c17b62500
user10	374	526	1270546313007	0	0	275da3c14d623c49655c17b62500
user10	371	532	1270546313023	0	0	275da3c14d623c49655c17b62500
user10	370	539	1270546313023	0	0	275da3c14d623c49655c17b62500
user10	367	547	1270546313038	0	0	275da3c14d623c49655c17b62500
user10	365	555	1270546313054	0	0	275da3c14d623c49655c17b62500
user10	364	564	1270546313054	0	0	275da3c14d623c49655c17b62500
user10	364	572	1270546313069	0	0	275da3c14d623c49655c17b62500
user10	363	588	1270546313085	0	0	275da3c14d623c49655c17b62500
user10	639	331	1270546348669	0	0	275da3c14d623c49655c17b62500
user10	640	331	1270546348856	0	0	275da3c14d623c49655c17b62500
user10	641	332	1270546349074	0	0	275da3c14d623c49655c17b62500
user10	645	334	1270546349074	0	0	275da3c14d623c49655c17b62500
user10	650	338	1270546349090	0	0	275da3c14d623c49655c17b62500
user10	655	342	1270546349090	0	0	275da3c14d623c49655c17b62500
user10	661	346	1270546349105	0	0	275da3c14d623c49655c17b62500
user10	669	351	1270546349105	0	0	275da3c14d623c49655c17b62500
user10	678	355	1270546349121	0	0	275da3c14d623c49655c17b62500
user10	700	364	1270546349137	0	0	275da3c14d623c49655c17b62500
user10	714	368	1270546349152	0	0	275da3c14d623c49655c17b62500
user10	724	371	1270546349152	0	0	275da3c14d623c49655c17b62500
user10	747	374	1270546349168	0	0	275da3c14d623c49655c17b62500
user10	765	375	1270546349183	0	0	275da3c14d623c49655c17b62500
user10	774	375	1270546349199	0	0	275da3c14d623c49655c17b62500
user10	781	373	1270546349215	0	0	275da3c14d623c49655c17b62500
user10	784	371	1270546349230	0	0	275da3c14d623c49655c17b62500
user10	785	371	1270546349230	0	0	275da3c14d623c49655c17b62500
user10	787	367	1270546349246	0	0	275da3c14d623c49655c17b62500
user10	789	365	1270546349261	0	0	275da3c14d623c49655c17b62500
user10	790	362	1270546349261	0	0	275da3c14d623c49655c17b62500
user10	790	359	1270546349277	0	0	275da3c14d623c49655c17b62500
user10	794	353	1270546349293	0	0	275da3c14d623c49655c17b62500
user10	795	350	1270546349293	0	0	275da3c14d623c49655c17b62500
user10	799	346	1270546349308	0	0	275da3c14d623c49655c17b62500
user10	800	344	1270546349308	0	0	275da3c14d623c49655c17b62500
user10	803	342	1270546349324	0	0	275da3c14d623c49655c17b62500
user10	806	339	1270546349339	0	0	275da3c14d623c49655c17b62500
user10	808	338	1270546349355	0	0	275da3c14d623c49655c17b62500
user10	808	337	1270546349355	0	0	275da3c14d623c49655c17b62500
user10	808	337	1270546349464	1270546349386	1270546349464	275da3c14d623c49655c17b62500
user10	809	336	1270546349495	0	0	275da3c14d623c49655c17b62500
user10	811	334	1270546349511	0	0	275da3c14d623c49655c17b62500
user10	812	332	1270546349511	0	0	275da3c14d623c49655c17b62500
user10	813	328	1270546349527	0	0	275da3c14d623c49655c17b62500
user10	813	324	1270546349527	0	0	275da3c14d623c49655c17b62500
user10	814	318	1270546349542	0	0	275da3c14d623c49655c17b62500
user10	814	310	1270546349542	0	0	275da3c14d623c49655c17b62500
user10	814	301	1270546349542	0	0	275da3c14d623c49655c17b62500
user10	814	290	1270546349558	0	0	275da3c14d623c49655c17b62500
user10	814	275	1270546349573	0	0	275da3c14d623c49655c17b62500
user10	811	262	1270546349573	0	0	275da3c14d623c49655c17b62500
user10	808	249	1270546349589	0	0	275da3c14d623c49655c17b62500
user10	805	238	1270546349589	0	0	275da3c14d623c49655c17b62500
user10	792	224	1270546349605	0	0	275da3c14d623c49655c17b62500
user10	786	218	1270546349620	0	0	275da3c14d623c49655c17b62500
user10	782	213	1270546349620	0	0	275da3c14d623c49655c17b62500
user10	773	206	1270546349636	0	0	275da3c14d623c49655c17b62500
user10	764	199	1270546349651	0	0	275da3c14d623c49655c17b62500
user10	755	189	1270546349683	0	0	275da3c14d623c49655c17b62500
user10	751	185	1270546349683	0	0	275da3c14d623c49655c17b62500
user10	747	182	1270546349683	0	0	275da3c14d623c49655c17b62500
user10	741	178	1270546349698	0	0	275da3c14d623c49655c17b62500
user10	738	175	1270546349714	0	0	275da3c14d623c49655c17b62500
user10	737	174	1270546349729	0	0	275da3c14d623c49655c17b62500
user10	735	172	1270546349745	0	0	275da3c14d623c49655c17b62500
user10	734	171	1270546349761	0	0	275da3c14d623c49655c17b62500
user10	734	170	1270546349761	0	0	275da3c14d623c49655c17b62500
user10	734	169	1270546349823	0	0	275da3c14d623c49655c17b62500
user10	734	168	1270546349839	0	0	275da3c14d623c49655c17b62500
user10	734	167	1270546349854	0	0	275da3c14d623c49655c17b62500
user10	734	167	1270546349979	1270546349901	1270546349979	275da3c14d623c49655c17b62500
user10	756	260	1270546353083	0	0	275da3c14d623c49655c17b62500
user10	756	258	1270546353941	0	0	275da3c14d623c49655c17b62500
user10	755	257	1270546353957	0	0	275da3c14d623c49655c17b62500
user10	755	256	1270546353988	0	0	275da3c14d623c49655c17b62500
user10	755	255	1270546354004	0	0	275da3c14d623c49655c17b62500
user10	754	255	1270546354019	0	0	275da3c14d623c49655c17b62500
user10	754	254	1270546354035	0	0	275da3c14d623c49655c17b62500
user10	753	253	1270546354035	0	0	275da3c14d623c49655c17b62500
user10	752	252	1270546354051	0	0	275da3c14d623c49655c17b62500
user10	751	252	1270546354051	0	0	275da3c14d623c49655c17b62500
user10	751	251	1270546354066	0	0	275da3c14d623c49655c17b62500
user10	750	250	1270546354082	0	0	275da3c14d623c49655c17b62500
user10	748	249	1270546354097	0	0	275da3c14d623c49655c17b62500
user10	748	248	1270546354113	0	0	275da3c14d623c49655c17b62500
user10	747	247	1270546354113	0	0	275da3c14d623c49655c17b62500
user10	745	247	1270546354129	0	0	275da3c14d623c49655c17b62500
user10	745	246	1270546354129	0	0	275da3c14d623c49655c17b62500
user10	744	245	1270546354144	0	0	275da3c14d623c49655c17b62500
user10	743	243	1270546354144	0	0	275da3c14d623c49655c17b62500
user10	742	241	1270546354160	0	0	275da3c14d623c49655c17b62500
user10	738	235	1270546354175	0	0	275da3c14d623c49655c17b62500
user10	737	231	1270546354191	0	0	275da3c14d623c49655c17b62500
user10	733	227	1270546354191	0	0	275da3c14d623c49655c17b62500
user10	730	223	1270546354191	0	0	275da3c14d623c49655c17b62500
user10	728	219	1270546354207	0	0	275da3c14d623c49655c17b62500
user10	725	214	1270546354222	0	0	275da3c14d623c49655c17b62500
user10	723	212	1270546354222	0	0	275da3c14d623c49655c17b62500
user10	722	209	1270546354238	0	0	275da3c14d623c49655c17b62500
user10	720	207	1270546354253	0	0	275da3c14d623c49655c17b62500
user10	720	205	1270546354253	0	0	275da3c14d623c49655c17b62500
user10	720	204	1270546354269	0	0	275da3c14d623c49655c17b62500
user10	720	203	1270546354269	0	0	275da3c14d623c49655c17b62500
user10	720	201	1270546354285	0	0	275da3c14d623c49655c17b62500
user10	720	197	1270546354300	0	0	275da3c14d623c49655c17b62500
user10	720	195	1270546354300	0	0	275da3c14d623c49655c17b62500
user10	720	192	1270546354316	0	0	275da3c14d623c49655c17b62500
user10	720	189	1270546354331	0	0	275da3c14d623c49655c17b62500
user10	720	187	1270546354347	0	0	275da3c14d623c49655c17b62500
user10	720	186	1270546354347	0	0	275da3c14d623c49655c17b62500
user10	720	184	1270546354363	0	0	275da3c14d623c49655c17b62500
user10	720	183	1270546354363	0	0	275da3c14d623c49655c17b62500
user10	720	182	1270546354378	0	0	275da3c14d623c49655c17b62500
user10	720	181	1270546354394	0	0	275da3c14d623c49655c17b62500
user10	720	178	1270546354394	0	0	275da3c14d623c49655c17b62500
user10	720	177	1270546354409	0	0	275da3c14d623c49655c17b62500
user10	720	175	1270546354409	0	0	275da3c14d623c49655c17b62500
user10	720	174	1270546354425	0	0	275da3c14d623c49655c17b62500
user10	720	173	1270546354441	0	0	275da3c14d623c49655c17b62500
user10	720	172	1270546354456	0	0	275da3c14d623c49655c17b62500
user10	720	171	1270546354472	0	0	275da3c14d623c49655c17b62500
user10	720	170	1270546354472	0	0	275da3c14d623c49655c17b62500
user10	720	170	1270546354612	1270546354503	1270546354612	275da3c14d623c49655c17b62500
user10	758	247	1270546356406	0	0	275da3c14d623c49655c17b62500
user10	758	246	1270546356999	0	0	275da3c14d623c49655c17b62500
user10	758	245	1270546357030	0	0	275da3c14d623c49655c17b62500
user10	758	244	1270546357046	0	0	275da3c14d623c49655c17b62500
user10	756	242	1270546357061	0	0	275da3c14d623c49655c17b62500
user10	756	241	1270546357077	0	0	275da3c14d623c49655c17b62500
user10	755	239	1270546357077	0	0	275da3c14d623c49655c17b62500
user10	751	233	1270546357093	0	0	275da3c14d623c49655c17b62500
user10	742	222	1270546357108	0	0	275da3c14d623c49655c17b62500
user10	736	214	1270546357124	0	0	275da3c14d623c49655c17b62500
user10	729	209	1270546357124	0	0	275da3c14d623c49655c17b62500
user10	725	203	1270546357139	0	0	275da3c14d623c49655c17b62500
user10	719	196	1270546357139	0	0	275da3c14d623c49655c17b62500
user10	714	190	1270546357155	0	0	275da3c14d623c49655c17b62500
user10	709	183	1270546357155	0	0	275da3c14d623c49655c17b62500
user10	703	178	1270546357171	0	0	275da3c14d623c49655c17b62500
user10	694	166	1270546357186	0	0	275da3c14d623c49655c17b62500
user10	684	153	1270546357202	0	0	275da3c14d623c49655c17b62500
user10	676	142	1270546357217	0	0	275da3c14d623c49655c17b62500
user10	672	135	1270546357233	0	0	275da3c14d623c49655c17b62500
user10	668	127	1270546357233	0	0	275da3c14d623c49655c17b62500
user10	663	123	1270546357233	0	0	275da3c14d623c49655c17b62500
user10	658	116	1270546357249	0	0	275da3c14d623c49655c17b62500
user10	654	112	1270546357249	0	0	275da3c14d623c49655c17b62500
user10	649	106	1270546357264	0	0	275da3c14d623c49655c17b62500
user10	643	97	1270546357280	0	0	275da3c14d623c49655c17b62500
user10	640	94	1270546357295	0	0	275da3c14d623c49655c17b62500
user10	637	90	1270546357295	0	0	275da3c14d623c49655c17b62500
user10	637	89	1270546357311	0	0	275da3c14d623c49655c17b62500
user10	635	88	1270546357327	0	0	275da3c14d623c49655c17b62500
user10	634	87	1270546357327	0	0	275da3c14d623c49655c17b62500
user10	633	87	1270546357342	0	0	275da3c14d623c49655c17b62500
user10	631	84	1270546357358	0	0	275da3c14d623c49655c17b62500
user10	629	83	1270546357358	0	0	275da3c14d623c49655c17b62500
user10	628	81	1270546357373	0	0	275da3c14d623c49655c17b62500
user10	627	80	1270546357389	0	0	275da3c14d623c49655c17b62500
user10	627	79	1270546357389	0	0	275da3c14d623c49655c17b62500
user10	625	77	1270546357405	0	0	275da3c14d623c49655c17b62500
user10	624	75	1270546357420	0	0	275da3c14d623c49655c17b62500
user10	623	73	1270546357420	0	0	275da3c14d623c49655c17b62500
user10	622	73	1270546357436	0	0	275da3c14d623c49655c17b62500
user10	622	72	1270546357436	0	0	275da3c14d623c49655c17b62500
user10	621	71	1270546357451	0	0	275da3c14d623c49655c17b62500
user10	621	68	1270546357467	0	0	275da3c14d623c49655c17b62500
user10	620	67	1270546357483	0	0	275da3c14d623c49655c17b62500
user10	620	65	1270546357498	0	0	275da3c14d623c49655c17b62500
user10	620	63	1270546357498	0	0	275da3c14d623c49655c17b62500
user10	620	62	1270546357514	0	0	275da3c14d623c49655c17b62500
user10	620	61	1270546357545	0	0	275da3c14d623c49655c17b62500
user10	620	61	1270546357639	1270546357561	1270546357639	275da3c14d623c49655c17b62500
