User	X	Y	MouseTimeStamp	MouseDownTimeStamp	MouseUpTimeStamp	SessionID
user18	35	136	1271975301659	0	0	7a2bc868900000d6066830186e12
user18	35	136	1271975301659	0	0	7a2bc868900000d6066830186e12
user18	35	136	1271975301878	0	0	7a2bc868900000d6066830186e12
user18	35	136	1271975302019	0	0	7a2bc868900000d6066830186e12
user18	36	136	1271975302066	0	0	7a2bc868900000d6066830186e12
user18	36	136	1271975302066	0	0	7a2bc868900000d6066830186e12
user18	43	136	1271975302066	0	0	7a2bc868900000d6066830186e12
user18	52	136	1271975302081	0	0	7a2bc868900000d6066830186e12
user18	64	136	1271975302081	0	0	7a2bc868900000d6066830186e12
user18	64	136	1271975302097	0	0	7a2bc868900000d6066830186e12
user18	110	136	1271975302097	0	0	7a2bc868900000d6066830186e12
user18	140	136	1271975302112	0	0	7a2bc868900000d6066830186e12
user18	178	136	1271975302112	0	0	7a2bc868900000d6066830186e12
user18	229	136	1271975302128	0	0	7a2bc868900000d6066830186e12
user18	283	136	1271975302128	0	0	7a2bc868900000d6066830186e12
user18	341	137	1271975302144	0	0	7a2bc868900000d6066830186e12
user18	395	137	1271975302144	0	0	7a2bc868900000d6066830186e12
user18	449	137	1271975302159	0	0	7a2bc868900000d6066830186e12
user18	506	137	1271975302159	0	0	7a2bc868900000d6066830186e12
user18	560	137	1271975302175	0	0	7a2bc868900000d6066830186e12
user18	614	137	1271975302175	0	0	7a2bc868900000d6066830186e12
user18	660	137	1271975302191	0	0	7a2bc868900000d6066830186e12
user18	692	137	1271975302191	0	0	7a2bc868900000d6066830186e12
user18	722	137	1271975302206	0	0	7a2bc868900000d6066830186e12
user18	752	137	1271975302206	0	0	7a2bc868900000d6066830186e12
user18	785	137	1271975302222	0	0	7a2bc868900000d6066830186e12
user18	812	137	1271975302222	0	0	7a2bc868900000d6066830186e12
user18	837	137	1271975302237	0	0	7a2bc868900000d6066830186e12
user18	865	138	1271975302237	0	0	7a2bc868900000d6066830186e12
user18	887	139	1271975302253	0	0	7a2bc868900000d6066830186e12
user18	907	141	1271975302253	0	0	7a2bc868900000d6066830186e12
user18	925	143	1271975302269	0	0	7a2bc868900000d6066830186e12
user18	937	144	1271975302269	0	0	7a2bc868900000d6066830186e12
user18	949	147	1271975302284	0	0	7a2bc868900000d6066830186e12
user18	962	148	1271975302284	0	0	7a2bc868900000d6066830186e12
user18	973	149	1271975302300	0	0	7a2bc868900000d6066830186e12
user18	980	150	1271975302300	0	0	7a2bc868900000d6066830186e12
user18	987	151	1271975302316	0	0	7a2bc868900000d6066830186e12
user18	991	152	1271975302316	0	0	7a2bc868900000d6066830186e12
user18	995	152	1271975302331	0	0	7a2bc868900000d6066830186e12
user18	1000	153	1271975302331	0	0	7a2bc868900000d6066830186e12
user18	1003	154	1271975302347	0	0	7a2bc868900000d6066830186e12
user18	1008	157	1271975302347	0	0	7a2bc868900000d6066830186e12
user18	1013	159	1271975302362	0	0	7a2bc868900000d6066830186e12
user18	1021	162	1271975302362	0	0	7a2bc868900000d6066830186e12
user18	1029	167	1271975302378	0	0	7a2bc868900000d6066830186e12
user18	1039	173	1271975302394	0	0	7a2bc868900000d6066830186e12
user18	1049	176	1271975302394	0	0	7a2bc868900000d6066830186e12
user18	1057	180	1271975302409	0	0	7a2bc868900000d6066830186e12
user18	1064	181	1271975302409	0	0	7a2bc868900000d6066830186e12
user18	1070	182	1271975302425	0	0	7a2bc868900000d6066830186e12
user18	1072	183	1271975302425	0	0	7a2bc868900000d6066830186e12
user18	1074	183	1271975302441	0	0	7a2bc868900000d6066830186e12
user18	1075	183	1271975302441	0	0	7a2bc868900000d6066830186e12
user18	1077	183	1271975302456	0	0	7a2bc868900000d6066830186e12
user18	1078	184	1271975302456	0	0	7a2bc868900000d6066830186e12
user18	1079	185	1271975302472	0	0	7a2bc868900000d6066830186e12
user18	1083	187	1271975302472	0	0	7a2bc868900000d6066830186e12
user18	1085	189	1271975302487	0	0	7a2bc868900000d6066830186e12
user18	1088	191	1271975302487	0	0	7a2bc868900000d6066830186e12
user18	1092	194	1271975302503	0	0	7a2bc868900000d6066830186e12
user18	1094	194	1271975302503	0	0	7a2bc868900000d6066830186e12
user18	1098	194	1271975302519	0	0	7a2bc868900000d6066830186e12
user18	1099	193	1271975302519	0	0	7a2bc868900000d6066830186e12
user18	1101	191	1271975302534	0	0	7a2bc868900000d6066830186e12
user18	1103	189	1271975302534	0	0	7a2bc868900000d6066830186e12
user18	1104	187	1271975302550	0	0	7a2bc868900000d6066830186e12
user18	1104	185	1271975302550	0	0	7a2bc868900000d6066830186e12
user18	1105	183	1271975302566	0	0	7a2bc868900000d6066830186e12
user18	1105	181	1271975302566	0	0	7a2bc868900000d6066830186e12
user18	1105	179	1271975302581	0	0	7a2bc868900000d6066830186e12
user18	1105	178	1271975302581	0	0	7a2bc868900000d6066830186e12
user18	1105	177	1271975302597	0	0	7a2bc868900000d6066830186e12
user18	1105	176	1271975302612	0	0	7a2bc868900000d6066830186e12
user18	1105	176	1271975302909	0	0	7a2bc868900000d6066830186e12
user18	1105	176	1271975302925	0	0	7a2bc868900000d6066830186e12
user18	1105	176	1271975303097	0	0	7a2bc868900000d6066830186e12
user18	1105	176	1271975303097	0	0	7a2bc868900000d6066830186e12
user18	1105	176	1271975303159	0	0	7a2bc868900000d6066830186e12
user18	1105	176	1271975303253	0	0	7a2bc868900000d6066830186e12
user18	1105	176	1271975303300	1271975303253	1271975303300	7a2bc868900000d6066830186e12
user18	1105	176	1271975303362	0	0	7a2bc868900000d6066830186e12
user18	1105	176	1271975303690	0	0	7a2bc868900000d6066830186e12
user18	1105	176	1271975304206	0	0	7a2bc868900000d6066830186e12
user18	1105	176	1271975304206	0	0	7a2bc868900000d6066830186e12
user18	1104	176	1271975309862	0	0	7a2bc868900000d6066830186e12
user18	1101	178	1271975309862	0	0	7a2bc868900000d6066830186e12
user18	1095	183	1271975309877	0	0	7a2bc868900000d6066830186e12
user18	1087	190	1271975309877	0	0	7a2bc868900000d6066830186e12
user18	1082	196	1271975309893	0	0	7a2bc868900000d6066830186e12
user18	1082	199	1271975309893	0	0	7a2bc868900000d6066830186e12
user18	1083	200	1271975309908	0	0	7a2bc868900000d6066830186e12
user18	1090	201	1271975309908	0	0	7a2bc868900000d6066830186e12
user18	1102	202	1271975309924	0	0	7a2bc868900000d6066830186e12
user18	1115	202	1271975309924	0	0	7a2bc868900000d6066830186e12
user18	1128	203	1271975309940	0	0	7a2bc868900000d6066830186e12
user18	1138	206	1271975309940	0	0	7a2bc868900000d6066830186e12
user18	1147	210	1271975309955	0	0	7a2bc868900000d6066830186e12
user18	1153	212	1271975309955	0	0	7a2bc868900000d6066830186e12
user18	1160	214	1271975309971	0	0	7a2bc868900000d6066830186e12
user18	1167	215	1271975309971	0	0	7a2bc868900000d6066830186e12
user18	1175	216	1271975309987	0	0	7a2bc868900000d6066830186e12
user18	1183	216	1271975309987	0	0	7a2bc868900000d6066830186e12
user18	1190	216	1271975310002	0	0	7a2bc868900000d6066830186e12
user18	1196	216	1271975310002	0	0	7a2bc868900000d6066830186e12
user18	1203	216	1271975310018	0	0	7a2bc868900000d6066830186e12
user18	1208	216	1271975310018	0	0	7a2bc868900000d6066830186e12
user18	1216	216	1271975310033	0	0	7a2bc868900000d6066830186e12
user18	1221	216	1271975310033	0	0	7a2bc868900000d6066830186e12
user18	1225	216	1271975310049	0	0	7a2bc868900000d6066830186e12
user18	1227	216	1271975310049	0	0	7a2bc868900000d6066830186e12
user18	1227	217	1271975310065	0	0	7a2bc868900000d6066830186e12
user18	1228	218	1271975310065	0	0	7a2bc868900000d6066830186e12
user18	1228	220	1271975310080	0	0	7a2bc868900000d6066830186e12
user18	1228	222	1271975310080	0	0	7a2bc868900000d6066830186e12
user18	1228	224	1271975310096	0	0	7a2bc868900000d6066830186e12
user18	1227	226	1271975310096	0	0	7a2bc868900000d6066830186e12
user18	1225	228	1271975310112	0	0	7a2bc868900000d6066830186e12
user18	1224	230	1271975310112	0	0	7a2bc868900000d6066830186e12
user18	1222	233	1271975310127	0	0	7a2bc868900000d6066830186e12
user18	1221	236	1271975310127	0	0	7a2bc868900000d6066830186e12
user18	1216	239	1271975310143	0	0	7a2bc868900000d6066830186e12
user18	1214	241	1271975310158	0	0	7a2bc868900000d6066830186e12
user18	1212	243	1271975310158	0	0	7a2bc868900000d6066830186e12
user18	1210	247	1271975310174	0	0	7a2bc868900000d6066830186e12
user18	1205	251	1271975310174	0	0	7a2bc868900000d6066830186e12
user18	1201	254	1271975310190	0	0	7a2bc868900000d6066830186e12
user18	1196	259	1271975310190	0	0	7a2bc868900000d6066830186e12
user18	1194	261	1271975310205	0	0	7a2bc868900000d6066830186e12
user18	1190	265	1271975310205	0	0	7a2bc868900000d6066830186e12
user18	1187	267	1271975310221	0	0	7a2bc868900000d6066830186e12
user18	1184	268	1271975310221	0	0	7a2bc868900000d6066830186e12
user18	1182	270	1271975310237	0	0	7a2bc868900000d6066830186e12
user18	1182	270	1271975310237	0	0	7a2bc868900000d6066830186e12
user18	1180	270	1271975310237	0	0	7a2bc868900000d6066830186e12
user18	1179	270	1271975310252	0	0	7a2bc868900000d6066830186e12
user18	1177	270	1271975310268	0	0	7a2bc868900000d6066830186e12
user18	1176	270	1271975310299	0	0	7a2bc868900000d6066830186e12
user18	1175	270	1271975310315	0	0	7a2bc868900000d6066830186e12
user18	1174	271	1271975310315	0	0	7a2bc868900000d6066830186e12
user18	1174	272	1271975310330	0	0	7a2bc868900000d6066830186e12
user18	1173	273	1271975310330	0	0	7a2bc868900000d6066830186e12
user18	1173	274	1271975310346	0	0	7a2bc868900000d6066830186e12
user18	1172	274	1271975310346	0	0	7a2bc868900000d6066830186e12
user18	1172	275	1271975310424	0	0	7a2bc868900000d6066830186e12
user18	1172	276	1271975310455	0	0	7a2bc868900000d6066830186e12
user18	1172	276	1271975310658	1271975310565	1271975310658	7a2bc868900000d6066830186e12
user18	1172	276	1271975315189	0	0	7a2bc868900000d6066830186e12
user18	1172	276	1271975315283	0	0	7a2bc868900000d6066830186e12
user18	1172	276	1271975315455	0	0	7a2bc868900000d6066830186e12
user18	1172	276	1271975315658	0	0	7a2bc868900000d6066830186e12
user18	1166	276	1271975316220	0	0	7a2bc868900000d6066830186e12
user18	1158	276	1271975316220	0	0	7a2bc868900000d6066830186e12
user18	1144	276	1271975316236	0	0	7a2bc868900000d6066830186e12
user18	1125	276	1271975316236	0	0	7a2bc868900000d6066830186e12
user18	1098	276	1271975316251	0	0	7a2bc868900000d6066830186e12
user18	1070	272	1271975316251	0	0	7a2bc868900000d6066830186e12
user18	1042	271	1271975316267	0	0	7a2bc868900000d6066830186e12
user18	1014	269	1271975316283	0	0	7a2bc868900000d6066830186e12
user18	984	269	1271975316283	0	0	7a2bc868900000d6066830186e12
user18	953	265	1271975316298	0	0	7a2bc868900000d6066830186e12
user18	920	262	1271975316298	0	0	7a2bc868900000d6066830186e12
user18	889	260	1271975316314	0	0	7a2bc868900000d6066830186e12
user18	858	255	1271975316314	0	0	7a2bc868900000d6066830186e12
user18	829	252	1271975316330	0	0	7a2bc868900000d6066830186e12
user18	803	248	1271975316330	0	0	7a2bc868900000d6066830186e12
user18	791	246	1271975316345	0	0	7a2bc868900000d6066830186e12
user18	779	245	1271975316345	0	0	7a2bc868900000d6066830186e12
user18	771	244	1271975316361	0	0	7a2bc868900000d6066830186e12
user18	764	244	1271975316361	0	0	7a2bc868900000d6066830186e12
user18	759	244	1271975316376	0	0	7a2bc868900000d6066830186e12
user18	756	244	1271975316376	0	0	7a2bc868900000d6066830186e12
user18	754	244	1271975316392	0	0	7a2bc868900000d6066830186e12
user18	752	244	1271975316392	0	0	7a2bc868900000d6066830186e12
user18	751	244	1271975316408	0	0	7a2bc868900000d6066830186e12
user18	751	243	1271975316455	0	0	7a2bc868900000d6066830186e12
user18	750	243	1271975316455	0	0	7a2bc868900000d6066830186e12
user18	750	241	1271975316470	0	0	7a2bc868900000d6066830186e12
user18	747	241	1271975316470	0	0	7a2bc868900000d6066830186e12
user18	745	241	1271975316486	0	0	7a2bc868900000d6066830186e12
user18	744	240	1271975316486	0	0	7a2bc868900000d6066830186e12
user18	742	239	1271975316501	0	0	7a2bc868900000d6066830186e12
user18	739	238	1271975316501	0	0	7a2bc868900000d6066830186e12
user18	736	238	1271975316517	0	0	7a2bc868900000d6066830186e12
user18	733	236	1271975316517	0	0	7a2bc868900000d6066830186e12
user18	731	235	1271975316533	0	0	7a2bc868900000d6066830186e12
user18	730	235	1271975316533	0	0	7a2bc868900000d6066830186e12
user18	728	234	1271975316548	0	0	7a2bc868900000d6066830186e12
user18	727	233	1271975316548	0	0	7a2bc868900000d6066830186e12
user18	726	233	1271975316564	0	0	7a2bc868900000d6066830186e12
user18	726	232	1271975316564	0	0	7a2bc868900000d6066830186e12
user18	725	232	1271975316580	0	0	7a2bc868900000d6066830186e12
user18	724	231	1271975316580	0	0	7a2bc868900000d6066830186e12
user18	723	230	1271975316595	0	0	7a2bc868900000d6066830186e12
user18	723	229	1271975316595	0	0	7a2bc868900000d6066830186e12
user18	722	229	1271975316611	0	0	7a2bc868900000d6066830186e12
user18	722	228	1271975316626	0	0	7a2bc868900000d6066830186e12
user18	721	227	1271975316626	0	0	7a2bc868900000d6066830186e12
user18	720	227	1271975316673	0	0	7a2bc868900000d6066830186e12
user18	720	227	1271975316876	1271975316751	1271975316876	7a2bc868900000d6066830186e12
user18	719	227	1271975319485	0	0	7a2bc868900000d6066830186e12
user18	719	226	1271975319501	0	0	7a2bc868900000d6066830186e12
user18	718	226	1271975319501	0	0	7a2bc868900000d6066830186e12
user18	717	226	1271975319517	0	0	7a2bc868900000d6066830186e12
user18	716	226	1271975319532	0	0	7a2bc868900000d6066830186e12
user18	715	226	1271975319564	0	0	7a2bc868900000d6066830186e12
user18	714	226	1271975319751	0	0	7a2bc868900000d6066830186e12
user18	713	226	1271975319767	0	0	7a2bc868900000d6066830186e12
user18	712	226	1271975319782	0	0	7a2bc868900000d6066830186e12
user18	710	226	1271975319798	0	0	7a2bc868900000d6066830186e12
user18	709	226	1271975319814	0	0	7a2bc868900000d6066830186e12
user18	708	226	1271975319814	0	0	7a2bc868900000d6066830186e12
user18	707	226	1271975319829	0	0	7a2bc868900000d6066830186e12
user18	706	226	1271975319829	0	0	7a2bc868900000d6066830186e12
user18	705	226	1271975319845	0	0	7a2bc868900000d6066830186e12
user18	704	226	1271975319860	0	0	7a2bc868900000d6066830186e12
user18	704	225	1271975319876	0	0	7a2bc868900000d6066830186e12
user18	709	225	1271975357106	0	0	7a2bc868900000d6066830186e12
user18	720	226	1271975357122	0	0	7a2bc868900000d6066830186e12
user18	740	226	1271975357122	0	0	7a2bc868900000d6066830186e12
user18	770	226	1271975357137	0	0	7a2bc868900000d6066830186e12
user18	811	227	1271975357137	0	0	7a2bc868900000d6066830186e12
user18	855	229	1271975357153	0	0	7a2bc868900000d6066830186e12
user18	897	235	1271975357169	0	0	7a2bc868900000d6066830186e12
user18	931	240	1271975357169	0	0	7a2bc868900000d6066830186e12
user18	956	247	1271975357184	0	0	7a2bc868900000d6066830186e12
user18	970	252	1271975357184	0	0	7a2bc868900000d6066830186e12
user18	981	257	1271975357200	0	0	7a2bc868900000d6066830186e12
user18	988	260	1271975357200	0	0	7a2bc868900000d6066830186e12
user18	994	261	1271975357215	0	0	7a2bc868900000d6066830186e12
user18	997	261	1271975357215	0	0	7a2bc868900000d6066830186e12
user18	999	263	1271975357231	0	0	7a2bc868900000d6066830186e12
user18	1000	263	1271975357231	0	0	7a2bc868900000d6066830186e12
user18	999	263	1271975357340	0	0	7a2bc868900000d6066830186e12
user18	997	263	1271975357356	0	0	7a2bc868900000d6066830186e12
user18	995	263	1271975357356	0	0	7a2bc868900000d6066830186e12
user18	992	263	1271975357372	0	0	7a2bc868900000d6066830186e12
user18	989	263	1271975357372	0	0	7a2bc868900000d6066830186e12
user18	985	263	1271975357387	0	0	7a2bc868900000d6066830186e12
user18	979	263	1271975357387	0	0	7a2bc868900000d6066830186e12
user18	973	263	1271975357403	0	0	7a2bc868900000d6066830186e12
user18	966	263	1271975357403	0	0	7a2bc868900000d6066830186e12
user18	958	263	1271975357419	0	0	7a2bc868900000d6066830186e12
user18	947	263	1271975357419	0	0	7a2bc868900000d6066830186e12
user18	938	261	1271975357434	0	0	7a2bc868900000d6066830186e12
user18	926	261	1271975357434	0	0	7a2bc868900000d6066830186e12
user18	914	261	1271975357450	0	0	7a2bc868900000d6066830186e12
user18	903	261	1271975357450	0	0	7a2bc868900000d6066830186e12
user18	891	261	1271975357465	0	0	7a2bc868900000d6066830186e12
user18	883	261	1271975357465	0	0	7a2bc868900000d6066830186e12
user18	875	259	1271975357481	0	0	7a2bc868900000d6066830186e12
user18	867	259	1271975357497	0	0	7a2bc868900000d6066830186e12
user18	860	258	1271975357497	0	0	7a2bc868900000d6066830186e12
user18	853	257	1271975357512	0	0	7a2bc868900000d6066830186e12
user18	849	256	1271975357512	0	0	7a2bc868900000d6066830186e12
user18	846	256	1271975357528	0	0	7a2bc868900000d6066830186e12
user18	844	256	1271975357528	0	0	7a2bc868900000d6066830186e12
user18	843	256	1271975357544	0	0	7a2bc868900000d6066830186e12
user18	842	256	1271975357544	0	0	7a2bc868900000d6066830186e12
user18	841	256	1271975357559	0	0	7a2bc868900000d6066830186e12
user18	840	256	1271975357575	0	0	7a2bc868900000d6066830186e12
user18	839	256	1271975357590	0	0	7a2bc868900000d6066830186e12
user18	839	257	1271975357590	0	0	7a2bc868900000d6066830186e12
user18	837	257	1271975357606	0	0	7a2bc868900000d6066830186e12
user18	836	257	1271975357622	0	0	7a2bc868900000d6066830186e12
user18	836	257	1271975358075	1271975357965	1271975358075	7a2bc868900000d6066830186e12
