User	X	Y	MouseTimeStamp	MouseDownTimeStamp	MouseUpTimeStamp	SessionID
user20	297	328	1271441740978	0	0	7d53897142b735d477e18ba96a1f
user20	300	328	1271441740985	0	0	7d53897142b735d477e18ba96a1f
user20	304	328	1271441740993	0	0	7d53897142b735d477e18ba96a1f
user20	311	328	1271441741001	0	0	7d53897142b735d477e18ba96a1f
user20	316	328	1271441741009	0	0	7d53897142b735d477e18ba96a1f
user20	321	328	1271441741017	0	0	7d53897142b735d477e18ba96a1f
user20	328	326	1271441741025	0	0	7d53897142b735d477e18ba96a1f
user20	333	326	1271441741033	0	0	7d53897142b735d477e18ba96a1f
user20	343	324	1271441741041	0	0	7d53897142b735d477e18ba96a1f
user20	348	323	1271441741049	0	0	7d53897142b735d477e18ba96a1f
user20	353	321	1271441741057	0	0	7d53897142b735d477e18ba96a1f
user20	361	321	1271441741065	0	0	7d53897142b735d477e18ba96a1f
user20	368	321	1271441741073	0	0	7d53897142b735d477e18ba96a1f
user20	373	319	1271441741081	0	0	7d53897142b735d477e18ba96a1f
user20	378	319	1271441741089	0	0	7d53897142b735d477e18ba96a1f
user20	386	317	1271441741097	0	0	7d53897142b735d477e18ba96a1f
user20	391	316	1271441741105	0	0	7d53897142b735d477e18ba96a1f
user20	395	316	1271441741113	0	0	7d53897142b735d477e18ba96a1f
user20	399	316	1271441741121	0	0	7d53897142b735d477e18ba96a1f
user20	401	316	1271441741129	0	0	7d53897142b735d477e18ba96a1f
user20	402	316	1271441741137	0	0	7d53897142b735d477e18ba96a1f
user20	404	316	1271441741321	0	0	7d53897142b735d477e18ba96a1f
user20	409	316	1271441741329	0	0	7d53897142b735d477e18ba96a1f
user20	416	316	1271441741337	0	0	7d53897142b735d477e18ba96a1f
user20	423	316	1271441741345	0	0	7d53897142b735d477e18ba96a1f
user20	435	316	1271441741353	0	0	7d53897142b735d477e18ba96a1f
user20	449	316	1271441741361	0	0	7d53897142b735d477e18ba96a1f
user20	463	314	1271441741369	0	0	7d53897142b735d477e18ba96a1f
user20	484	315	1271441741377	0	0	7d53897142b735d477e18ba96a1f
user20	510	315	1271441741385	0	0	7d53897142b735d477e18ba96a1f
user20	549	315	1271441741393	0	0	7d53897142b735d477e18ba96a1f
user20	577	315	1271441741401	0	0	7d53897142b735d477e18ba96a1f
user20	616	315	1271441741409	0	0	7d53897142b735d477e18ba96a1f
user20	646	317	1271441741417	0	0	7d53897142b735d477e18ba96a1f
user20	675	317	1271441741425	0	0	7d53897142b735d477e18ba96a1f
user20	698	317	1271441741433	0	0	7d53897142b735d477e18ba96a1f
user20	719	315	1271441741441	0	0	7d53897142b735d477e18ba96a1f
user20	735	315	1271441741449	0	0	7d53897142b735d477e18ba96a1f
user20	759	311	1271441741457	0	0	7d53897142b735d477e18ba96a1f
user20	775	309	1271441741465	0	0	7d53897142b735d477e18ba96a1f
user20	792	303	1271441741473	0	0	7d53897142b735d477e18ba96a1f
user20	811	299	1271441741481	0	0	7d53897142b735d477e18ba96a1f
user20	826	296	1271441741490	0	0	7d53897142b735d477e18ba96a1f
user20	838	292	1271441741497	0	0	7d53897142b735d477e18ba96a1f
user20	846	285	1271441741505	0	0	7d53897142b735d477e18ba96a1f
user20	855	281	1271441741513	0	0	7d53897142b735d477e18ba96a1f
user20	861	276	1271441741521	0	0	7d53897142b735d477e18ba96a1f
user20	867	270	1271441741529	0	0	7d53897142b735d477e18ba96a1f
user20	873	265	1271441741537	0	0	7d53897142b735d477e18ba96a1f
user20	878	255	1271441741545	0	0	7d53897142b735d477e18ba96a1f
user20	881	247	1271441741553	0	0	7d53897142b735d477e18ba96a1f
user20	885	239	1271441741561	0	0	7d53897142b735d477e18ba96a1f
user20	885	235	1271441741569	0	0	7d53897142b735d477e18ba96a1f
user20	886	230	1271441741577	0	0	7d53897142b735d477e18ba96a1f
user20	886	226	1271441741585	0	0	7d53897142b735d477e18ba96a1f
user20	887	224	1271441741593	0	0	7d53897142b735d477e18ba96a1f
user20	888	221	1271441741602	0	0	7d53897142b735d477e18ba96a1f
user20	888	220	1271441741609	0	0	7d53897142b735d477e18ba96a1f
user20	888	219	1271441741617	0	0	7d53897142b735d477e18ba96a1f
user20	891	219	1271441741665	0	0	7d53897142b735d477e18ba96a1f
user20	892	219	1271441741673	0	0	7d53897142b735d477e18ba96a1f
user20	895	219	1271441741681	0	0	7d53897142b735d477e18ba96a1f
user20	897	219	1271441741689	0	0	7d53897142b735d477e18ba96a1f
user20	901	219	1271441741697	0	0	7d53897142b735d477e18ba96a1f
user20	903	219	1271441741705	0	0	7d53897142b735d477e18ba96a1f
user20	906	220	1271441741713	0	0	7d53897142b735d477e18ba96a1f
user20	907	221	1271441741721	0	0	7d53897142b735d477e18ba96a1f
user20	909	223	1271441741729	0	0	7d53897142b735d477e18ba96a1f
user20	909	225	1271441741737	0	0	7d53897142b735d477e18ba96a1f
user20	911	228	1271441741745	0	0	7d53897142b735d477e18ba96a1f
user20	911	231	1271441741753	0	0	7d53897142b735d477e18ba96a1f
user20	913	235	1271441741761	0	0	7d53897142b735d477e18ba96a1f
user20	914	238	1271441741769	0	0	7d53897142b735d477e18ba96a1f
user20	919	243	1271441741777	0	0	7d53897142b735d477e18ba96a1f
user20	922	249	1271441741785	0	0	7d53897142b735d477e18ba96a1f
user20	928	254	1271441741793	0	0	7d53897142b735d477e18ba96a1f
user20	932	260	1271441741801	0	0	7d53897142b735d477e18ba96a1f
user20	937	266	1271441741810	0	0	7d53897142b735d477e18ba96a1f
user20	945	271	1271441741817	0	0	7d53897142b735d477e18ba96a1f
user20	946	273	1271441741825	0	0	7d53897142b735d477e18ba96a1f
user20	948	274	1271441741833	0	0	7d53897142b735d477e18ba96a1f
user20	949	274	1271441741841	0	0	7d53897142b735d477e18ba96a1f
user20	949	277	1271441741969	0	0	7d53897142b735d477e18ba96a1f
user20	951	278	1271441741977	0	0	7d53897142b735d477e18ba96a1f
user20	954	282	1271441741985	0	0	7d53897142b735d477e18ba96a1f
user20	956	284	1271441741994	0	0	7d53897142b735d477e18ba96a1f
user20	957	284	1271441742001	0	0	7d53897142b735d477e18ba96a1f
user20	959	285	1271441742009	0	0	7d53897142b735d477e18ba96a1f
user20	960	287	1271441742017	0	0	7d53897142b735d477e18ba96a1f
user20	961	287	1271441742033	0	0	7d53897142b735d477e18ba96a1f
user20	962	287	1271441742049	0	0	7d53897142b735d477e18ba96a1f
user20	962	287	1271441742295	1271441742169	1271441742295	7d53897142b735d477e18ba96a1f
user20	926	9	1271441745745	0	0	7d53897142b735d477e18ba96a1f
user20	919	15	1271441745753	0	0	7d53897142b735d477e18ba96a1f
user20	914	18	1271441745761	0	0	7d53897142b735d477e18ba96a1f
user20	907	22	1271441745769	0	0	7d53897142b735d477e18ba96a1f
user20	902	25	1271441745777	0	0	7d53897142b735d477e18ba96a1f
user20	898	29	1271441745785	0	0	7d53897142b735d477e18ba96a1f
user20	889	38	1271441745793	0	0	7d53897142b735d477e18ba96a1f
user20	883	41	1271441745801	0	0	7d53897142b735d477e18ba96a1f
user20	875	50	1271441745809	0	0	7d53897142b735d477e18ba96a1f
user20	868	56	1271441745817	0	0	7d53897142b735d477e18ba96a1f
user20	858	65	1271441745825	0	0	7d53897142b735d477e18ba96a1f
user20	845	70	1271441745833	0	0	7d53897142b735d477e18ba96a1f
user20	830	82	1271441745841	0	0	7d53897142b735d477e18ba96a1f
user20	813	91	1271441745849	0	0	7d53897142b735d477e18ba96a1f
user20	790	106	1271441745857	0	0	7d53897142b735d477e18ba96a1f
user20	761	125	1271441745867	0	0	7d53897142b735d477e18ba96a1f
user20	711	148	1271441745873	0	0	7d53897142b735d477e18ba96a1f
user20	660	175	1271441745881	0	0	7d53897142b735d477e18ba96a1f
user20	614	201	1271441745889	0	0	7d53897142b735d477e18ba96a1f
user20	559	229	1271441745897	0	0	7d53897142b735d477e18ba96a1f
user20	497	271	1271441745905	0	0	7d53897142b735d477e18ba96a1f
user20	440	309	1271441745913	0	0	7d53897142b735d477e18ba96a1f
user20	384	343	1271441745921	0	0	7d53897142b735d477e18ba96a1f
user20	318	383	1271441745929	0	0	7d53897142b735d477e18ba96a1f
user20	267	413	1271441745937	0	0	7d53897142b735d477e18ba96a1f
user20	216	443	1271441745945	0	0	7d53897142b735d477e18ba96a1f
user20	170	466	1271441745953	0	0	7d53897142b735d477e18ba96a1f
user20	123	495	1271441745961	0	0	7d53897142b735d477e18ba96a1f
user20	86	517	1271441745969	0	0	7d53897142b735d477e18ba96a1f
user20	49	535	1271441745978	0	0	7d53897142b735d477e18ba96a1f
user20	25	553	1271441745985	0	0	7d53897142b735d477e18ba96a1f
user20	7	564	1271441745993	0	0	7d53897142b735d477e18ba96a1f
user20	34	756	1271441746737	0	0	7d53897142b735d477e18ba96a1f
user20	86	722	1271441746745	0	0	7d53897142b735d477e18ba96a1f
user20	140	674	1271441746753	0	0	7d53897142b735d477e18ba96a1f
user20	200	614	1271441746761	0	0	7d53897142b735d477e18ba96a1f
user20	260	558	1271441746769	0	0	7d53897142b735d477e18ba96a1f
user20	315	503	1271441746777	0	0	7d53897142b735d477e18ba96a1f
user20	371	443	1271441746785	0	0	7d53897142b735d477e18ba96a1f
user20	417	398	1271441746793	0	0	7d53897142b735d477e18ba96a1f
user20	471	350	1271441746801	0	0	7d53897142b735d477e18ba96a1f
user20	520	313	1271441746809	0	0	7d53897142b735d477e18ba96a1f
user20	556	280	1271441746817	0	0	7d53897142b735d477e18ba96a1f
user20	573	263	1271441746825	0	0	7d53897142b735d477e18ba96a1f
user20	589	247	1271441746833	0	0	7d53897142b735d477e18ba96a1f
user20	600	236	1271441746842	0	0	7d53897142b735d477e18ba96a1f
user20	606	228	1271441746849	0	0	7d53897142b735d477e18ba96a1f
user20	610	224	1271441746857	0	0	7d53897142b735d477e18ba96a1f
user20	613	221	1271441746865	0	0	7d53897142b735d477e18ba96a1f
user20	613	220	1271441746889	0	0	7d53897142b735d477e18ba96a1f
user20	612	220	1271441754225	0	0	7d53897142b735d477e18ba96a1f
user20	611	220	1271441754233	0	0	7d53897142b735d477e18ba96a1f
user20	607	221	1271441754241	0	0	7d53897142b735d477e18ba96a1f
user20	603	221	1271441754249	0	0	7d53897142b735d477e18ba96a1f
user20	601	221	1271441754257	0	0	7d53897142b735d477e18ba96a1f
user20	600	221	1271441754265	0	0	7d53897142b735d477e18ba96a1f
user20	597	221	1271441754273	0	0	7d53897142b735d477e18ba96a1f
user20	593	221	1271441754281	0	0	7d53897142b735d477e18ba96a1f
user20	591	221	1271441754289	0	0	7d53897142b735d477e18ba96a1f
user20	590	221	1271441754297	0	0	7d53897142b735d477e18ba96a1f
user20	588	221	1271441754305	0	0	7d53897142b735d477e18ba96a1f
user20	587	220	1271441754313	0	0	7d53897142b735d477e18ba96a1f
user20	586	220	1271441754321	0	0	7d53897142b735d477e18ba96a1f
user20	585	220	1271441754329	0	0	7d53897142b735d477e18ba96a1f
user20	584	220	1271441754369	0	0	7d53897142b735d477e18ba96a1f
user20	584	217	1271441754385	0	0	7d53897142b735d477e18ba96a1f
user20	583	216	1271441754401	0	0	7d53897142b735d477e18ba96a1f
user20	582	216	1271441754409	0	0	7d53897142b735d477e18ba96a1f
user20	581	215	1271441754433	0	0	7d53897142b735d477e18ba96a1f
user20	580	215	1271441754441	0	0	7d53897142b735d477e18ba96a1f
user20	578	212	1271441754449	0	0	7d53897142b735d477e18ba96a1f
user20	578	211	1271441754457	0	0	7d53897142b735d477e18ba96a1f
user20	577	210	1271441754465	0	0	7d53897142b735d477e18ba96a1f
user20	575	208	1271441754473	0	0	7d53897142b735d477e18ba96a1f
user20	574	207	1271441754481	0	0	7d53897142b735d477e18ba96a1f
user20	574	205	1271441754489	0	0	7d53897142b735d477e18ba96a1f
user20	573	204	1271441754497	0	0	7d53897142b735d477e18ba96a1f
user20	573	204	1271441754729	1271441754625	1271441754729	7d53897142b735d477e18ba96a1f
user20	573	206	1271441754897	0	0	7d53897142b735d477e18ba96a1f
user20	573	209	1271441754905	0	0	7d53897142b735d477e18ba96a1f
user20	573	215	1271441754914	0	0	7d53897142b735d477e18ba96a1f
user20	573	217	1271441754921	0	0	7d53897142b735d477e18ba96a1f
user20	573	221	1271441754929	0	0	7d53897142b735d477e18ba96a1f
user20	573	222	1271441754937	0	0	7d53897142b735d477e18ba96a1f
user20	573	223	1271441754945	0	0	7d53897142b735d477e18ba96a1f
user20	573	224	1271441754953	0	0	7d53897142b735d477e18ba96a1f
user20	572	225	1271441754961	0	0	7d53897142b735d477e18ba96a1f
user20	572	226	1271441755025	0	0	7d53897142b735d477e18ba96a1f
user20	572	227	1271441755033	0	0	7d53897142b735d477e18ba96a1f
user20	572	230	1271441755041	0	0	7d53897142b735d477e18ba96a1f
user20	572	232	1271441755049	0	0	7d53897142b735d477e18ba96a1f
user20	572	233	1271441755057	0	0	7d53897142b735d477e18ba96a1f
user20	572	235	1271441755065	0	0	7d53897142b735d477e18ba96a1f
user20	571	235	1271441755073	0	0	7d53897142b735d477e18ba96a1f
user20	571	237	1271441755081	0	0	7d53897142b735d477e18ba96a1f
user20	571	239	1271441755089	0	0	7d53897142b735d477e18ba96a1f
user20	569	241	1271441755097	0	0	7d53897142b735d477e18ba96a1f
user20	569	243	1271441755105	0	0	7d53897142b735d477e18ba96a1f
user20	569	246	1271441755116	0	0	7d53897142b735d477e18ba96a1f
user20	569	248	1271441755121	0	0	7d53897142b735d477e18ba96a1f
user20	569	252	1271441755129	0	0	7d53897142b735d477e18ba96a1f
user20	567	254	1271441755137	0	0	7d53897142b735d477e18ba96a1f
user20	567	255	1271441755145	0	0	7d53897142b735d477e18ba96a1f
user20	567	257	1271441755153	0	0	7d53897142b735d477e18ba96a1f
user20	567	259	1271441755161	0	0	7d53897142b735d477e18ba96a1f
user20	566	260	1271441755169	0	0	7d53897142b735d477e18ba96a1f
user20	566	264	1271441755177	0	0	7d53897142b735d477e18ba96a1f
user20	564	266	1271441755185	0	0	7d53897142b735d477e18ba96a1f
user20	564	270	1271441755193	0	0	7d53897142b735d477e18ba96a1f
user20	562	274	1271441755201	0	0	7d53897142b735d477e18ba96a1f
user20	561	276	1271441755209	0	0	7d53897142b735d477e18ba96a1f
user20	560	277	1271441755217	0	0	7d53897142b735d477e18ba96a1f
user20	560	281	1271441755225	0	0	7d53897142b735d477e18ba96a1f
user20	559	282	1271441755233	0	0	7d53897142b735d477e18ba96a1f
user20	559	283	1271441755241	0	0	7d53897142b735d477e18ba96a1f
user20	558	284	1271441755249	0	0	7d53897142b735d477e18ba96a1f
user20	558	285	1271441755257	0	0	7d53897142b735d477e18ba96a1f
user20	558	286	1271441755281	0	0	7d53897142b735d477e18ba96a1f
user20	557	286	1271441755297	0	0	7d53897142b735d477e18ba96a1f
user20	556	286	1271441755321	0	0	7d53897142b735d477e18ba96a1f
user20	555	286	1271441755337	0	0	7d53897142b735d477e18ba96a1f
user20	554	286	1271441755369	0	0	7d53897142b735d477e18ba96a1f
user20	553	286	1271441755377	0	0	7d53897142b735d477e18ba96a1f
user20	552	286	1271441755385	0	0	7d53897142b735d477e18ba96a1f
user20	551	286	1271441755393	0	0	7d53897142b735d477e18ba96a1f
user20	548	286	1271441755409	0	0	7d53897142b735d477e18ba96a1f
user20	547	286	1271441755417	0	0	7d53897142b735d477e18ba96a1f
user20	545	288	1271441755425	0	0	7d53897142b735d477e18ba96a1f
user20	540	288	1271441755433	0	0	7d53897142b735d477e18ba96a1f
user20	536	289	1271441755441	0	0	7d53897142b735d477e18ba96a1f
user20	532	290	1271441755449	0	0	7d53897142b735d477e18ba96a1f
user20	529	290	1271441755457	0	0	7d53897142b735d477e18ba96a1f
user20	525	291	1271441755465	0	0	7d53897142b735d477e18ba96a1f
user20	521	293	1271441755473	0	0	7d53897142b735d477e18ba96a1f
user20	519	293	1271441755481	0	0	7d53897142b735d477e18ba96a1f
user20	518	293	1271441755490	0	0	7d53897142b735d477e18ba96a1f
user20	517	293	1271441755497	0	0	7d53897142b735d477e18ba96a1f
user20	516	293	1271441755505	0	0	7d53897142b735d477e18ba96a1f
user20	513	295	1271441755513	0	0	7d53897142b735d477e18ba96a1f
user20	511	295	1271441755521	0	0	7d53897142b735d477e18ba96a1f
user20	507	295	1271441755529	0	0	7d53897142b735d477e18ba96a1f
user20	506	295	1271441755537	0	0	7d53897142b735d477e18ba96a1f
user20	504	297	1271441755545	0	0	7d53897142b735d477e18ba96a1f
user20	500	297	1271441755553	0	0	7d53897142b735d477e18ba96a1f
user20	498	298	1271441755561	0	0	7d53897142b735d477e18ba96a1f
user20	494	299	1271441755569	0	0	7d53897142b735d477e18ba96a1f
user20	492	300	1271441755577	0	0	7d53897142b735d477e18ba96a1f
user20	486	302	1271441755585	0	0	7d53897142b735d477e18ba96a1f
user20	481	302	1271441755593	0	0	7d53897142b735d477e18ba96a1f
user20	479	303	1271441755601	0	0	7d53897142b735d477e18ba96a1f
user20	475	304	1271441755609	0	0	7d53897142b735d477e18ba96a1f
user20	471	305	1271441755617	0	0	7d53897142b735d477e18ba96a1f
user20	467	305	1271441755625	0	0	7d53897142b735d477e18ba96a1f
user20	462	305	1271441755633	0	0	7d53897142b735d477e18ba96a1f
user20	458	305	1271441755641	0	0	7d53897142b735d477e18ba96a1f
user20	453	305	1271441755649	0	0	7d53897142b735d477e18ba96a1f
user20	449	305	1271441755657	0	0	7d53897142b735d477e18ba96a1f
user20	446	305	1271441755665	0	0	7d53897142b735d477e18ba96a1f
user20	442	305	1271441755673	0	0	7d53897142b735d477e18ba96a1f
user20	438	305	1271441755681	0	0	7d53897142b735d477e18ba96a1f
user20	435	305	1271441755689	0	0	7d53897142b735d477e18ba96a1f
user20	432	305	1271441755697	0	0	7d53897142b735d477e18ba96a1f
user20	429	305	1271441755705	0	0	7d53897142b735d477e18ba96a1f
user20	426	303	1271441755713	0	0	7d53897142b735d477e18ba96a1f
user20	422	303	1271441755721	0	0	7d53897142b735d477e18ba96a1f
user20	420	303	1271441755729	0	0	7d53897142b735d477e18ba96a1f
user20	418	303	1271441755737	0	0	7d53897142b735d477e18ba96a1f
user20	417	303	1271441755745	0	0	7d53897142b735d477e18ba96a1f
user20	416	303	1271441755769	0	0	7d53897142b735d477e18ba96a1f
user20	416	302	1271441755793	0	0	7d53897142b735d477e18ba96a1f
user20	415	301	1271441755801	0	0	7d53897142b735d477e18ba96a1f
user20	414	301	1271441755809	0	0	7d53897142b735d477e18ba96a1f
user20	411	299	1271441755817	0	0	7d53897142b735d477e18ba96a1f
user20	410	298	1271441755825	0	0	7d53897142b735d477e18ba96a1f
user20	409	297	1271441755833	0	0	7d53897142b735d477e18ba96a1f
user20	408	296	1271441755841	0	0	7d53897142b735d477e18ba96a1f
user20	407	295	1271441755849	0	0	7d53897142b735d477e18ba96a1f
user20	406	295	1271441755857	0	0	7d53897142b735d477e18ba96a1f
user20	405	294	1271441755865	0	0	7d53897142b735d477e18ba96a1f
user20	403	292	1271441755873	0	0	7d53897142b735d477e18ba96a1f
user20	401	291	1271441755881	0	0	7d53897142b735d477e18ba96a1f
user20	400	289	1271441755889	0	0	7d53897142b735d477e18ba96a1f
user20	398	286	1271441755897	0	0	7d53897142b735d477e18ba96a1f
user20	396	284	1271441755905	0	0	7d53897142b735d477e18ba96a1f
user20	395	282	1271441755913	0	0	7d53897142b735d477e18ba96a1f
user20	393	276	1271441755921	0	0	7d53897142b735d477e18ba96a1f
user20	392	271	1271441755929	0	0	7d53897142b735d477e18ba96a1f
user20	392	267	1271441755937	0	0	7d53897142b735d477e18ba96a1f
user20	390	263	1271441755945	0	0	7d53897142b735d477e18ba96a1f
user20	389	256	1271441755953	0	0	7d53897142b735d477e18ba96a1f
user20	389	252	1271441755961	0	0	7d53897142b735d477e18ba96a1f
user20	386	247	1271441755969	0	0	7d53897142b735d477e18ba96a1f
user20	387	243	1271441755978	0	0	7d53897142b735d477e18ba96a1f
user20	388	239	1271441755985	0	0	7d53897142b735d477e18ba96a1f
user20	388	235	1271441755993	0	0	7d53897142b735d477e18ba96a1f
user20	386	233	1271441756001	0	0	7d53897142b735d477e18ba96a1f
user20	386	231	1271441756009	0	0	7d53897142b735d477e18ba96a1f
user20	386	228	1271441756017	0	0	7d53897142b735d477e18ba96a1f
user20	386	225	1271441756025	0	0	7d53897142b735d477e18ba96a1f
user20	386	222	1271441756033	0	0	7d53897142b735d477e18ba96a1f
user20	386	220	1271441756041	0	0	7d53897142b735d477e18ba96a1f
user20	386	216	1271441756049	0	0	7d53897142b735d477e18ba96a1f
user20	387	214	1271441756057	0	0	7d53897142b735d477e18ba96a1f
user20	387	210	1271441756065	0	0	7d53897142b735d477e18ba96a1f
user20	387	207	1271441756073	0	0	7d53897142b735d477e18ba96a1f
user20	387	204	1271441756081	0	0	7d53897142b735d477e18ba96a1f
user20	387	202	1271441756089	0	0	7d53897142b735d477e18ba96a1f
user20	387	200	1271441756097	0	0	7d53897142b735d477e18ba96a1f
user20	387	199	1271441756113	0	0	7d53897142b735d477e18ba96a1f
user20	387	199	1271441756361	1271441756265	1271441756361	7d53897142b735d477e18ba96a1f
user20	387	199	1271441757169	1271441757081	1271441757169	7d53897142b735d477e18ba96a1f
user20	390	200	1271441772728	0	0	7d53897142b735d477e18ba96a1f
user20	395	202	1271441772736	0	0	7d53897142b735d477e18ba96a1f
user20	404	207	1271441772744	0	0	7d53897142b735d477e18ba96a1f
user20	412	212	1271441772752	0	0	7d53897142b735d477e18ba96a1f
user20	418	217	1271441772760	0	0	7d53897142b735d477e18ba96a1f
user20	420	219	1271441772768	0	0	7d53897142b735d477e18ba96a1f
user20	424	223	1271441772776	0	0	7d53897142b735d477e18ba96a1f
user20	427	227	1271441772784	0	0	7d53897142b735d477e18ba96a1f
user20	428	230	1271441772792	0	0	7d53897142b735d477e18ba96a1f
user20	431	234	1271441772800	0	0	7d53897142b735d477e18ba96a1f
user20	433	236	1271441772808	0	0	7d53897142b735d477e18ba96a1f
user20	437	239	1271441772816	0	0	7d53897142b735d477e18ba96a1f
user20	441	240	1271441772824	0	0	7d53897142b735d477e18ba96a1f
user20	444	244	1271441772832	0	0	7d53897142b735d477e18ba96a1f
user20	446	244	1271441772840	0	0	7d53897142b735d477e18ba96a1f
user20	448	246	1271441772848	0	0	7d53897142b735d477e18ba96a1f
user20	449	247	1271441772856	0	0	7d53897142b735d477e18ba96a1f
user20	450	248	1271441772864	0	0	7d53897142b735d477e18ba96a1f
user20	453	248	1271441772872	0	0	7d53897142b735d477e18ba96a1f
user20	454	248	1271441772888	0	0	7d53897142b735d477e18ba96a1f
user20	455	248	1271441772904	0	0	7d53897142b735d477e18ba96a1f
user20	455	249	1271441773256	0	0	7d53897142b735d477e18ba96a1f
user20	456	250	1271441773264	0	0	7d53897142b735d477e18ba96a1f
user20	458	253	1271441773273	0	0	7d53897142b735d477e18ba96a1f
user20	460	254	1271441773280	0	0	7d53897142b735d477e18ba96a1f
user20	462	255	1271441773288	0	0	7d53897142b735d477e18ba96a1f
user20	463	256	1271441773296	0	0	7d53897142b735d477e18ba96a1f
user20	460	256	1271441773320	0	0	7d53897142b735d477e18ba96a1f
user20	456	253	1271441773328	0	0	7d53897142b735d477e18ba96a1f
user20	454	252	1271441773336	0	0	7d53897142b735d477e18ba96a1f
user20	453	252	1271441773344	0	0	7d53897142b735d477e18ba96a1f
user20	448	252	1271441773544	0	0	7d53897142b735d477e18ba96a1f
user20	443	252	1271441773552	0	0	7d53897142b735d477e18ba96a1f
user20	439	252	1271441773560	0	0	7d53897142b735d477e18ba96a1f
user20	437	252	1271441773568	0	0	7d53897142b735d477e18ba96a1f
user20	436	252	1271441773576	0	0	7d53897142b735d477e18ba96a1f
user20	438	252	1271441773592	0	0	7d53897142b735d477e18ba96a1f
user20	439	252	1271441773600	0	0	7d53897142b735d477e18ba96a1f
user20	440	252	1271441773632	0	0	7d53897142b735d477e18ba96a1f
user20	441	252	1271441773664	0	0	7d53897142b735d477e18ba96a1f
user20	442	252	1271441773688	0	0	7d53897142b735d477e18ba96a1f
user20	443	252	1271441773704	0	0	7d53897142b735d477e18ba96a1f
user20	444	252	1271441773720	0	0	7d53897142b735d477e18ba96a1f
user20	445	253	1271441773728	0	0	7d53897142b735d477e18ba96a1f
user20	446	253	1271441773736	0	0	7d53897142b735d477e18ba96a1f
user20	447	253	1271441773744	0	0	7d53897142b735d477e18ba96a1f
user20	449	255	1271441773752	0	0	7d53897142b735d477e18ba96a1f
user20	451	256	1271441773760	0	0	7d53897142b735d477e18ba96a1f
user20	455	256	1271441773768	0	0	7d53897142b735d477e18ba96a1f
user20	456	256	1271441773776	0	0	7d53897142b735d477e18ba96a1f
user20	458	256	1271441773784	0	0	7d53897142b735d477e18ba96a1f
user20	460	257	1271441773792	0	0	7d53897142b735d477e18ba96a1f
user20	461	257	1271441773800	0	0	7d53897142b735d477e18ba96a1f
user20	464	257	1271441773808	0	0	7d53897142b735d477e18ba96a1f
user20	467	258	1271441773816	0	0	7d53897142b735d477e18ba96a1f
user20	471	258	1271441773824	0	0	7d53897142b735d477e18ba96a1f
user20	475	259	1271441773832	0	0	7d53897142b735d477e18ba96a1f
user20	477	259	1271441773840	0	0	7d53897142b735d477e18ba96a1f
user20	479	259	1271441773848	0	0	7d53897142b735d477e18ba96a1f
user20	483	259	1271441773856	0	0	7d53897142b735d477e18ba96a1f
user20	485	259	1271441773864	0	0	7d53897142b735d477e18ba96a1f
user20	489	259	1271441773872	0	0	7d53897142b735d477e18ba96a1f
user20	491	259	1271441773880	0	0	7d53897142b735d477e18ba96a1f
user20	495	259	1271441773888	0	0	7d53897142b735d477e18ba96a1f
user20	500	260	1271441773896	0	0	7d53897142b735d477e18ba96a1f
user20	506	260	1271441773904	0	0	7d53897142b735d477e18ba96a1f
user20	513	260	1271441773912	0	0	7d53897142b735d477e18ba96a1f
user20	520	261	1271441773920	0	0	7d53897142b735d477e18ba96a1f
user20	526	262	1271441773928	0	0	7d53897142b735d477e18ba96a1f
user20	535	262	1271441773936	0	0	7d53897142b735d477e18ba96a1f
user20	542	262	1271441773944	0	0	7d53897142b735d477e18ba96a1f
user20	550	262	1271441773952	0	0	7d53897142b735d477e18ba96a1f
user20	555	262	1271441773960	0	0	7d53897142b735d477e18ba96a1f
user20	559	262	1271441773968	0	0	7d53897142b735d477e18ba96a1f
user20	564	262	1271441773977	0	0	7d53897142b735d477e18ba96a1f
user20	568	262	1271441773984	0	0	7d53897142b735d477e18ba96a1f
user20	573	263	1271441773992	0	0	7d53897142b735d477e18ba96a1f
user20	577	263	1271441774000	0	0	7d53897142b735d477e18ba96a1f
user20	580	263	1271441774008	0	0	7d53897142b735d477e18ba96a1f
user20	583	263	1271441774016	0	0	7d53897142b735d477e18ba96a1f
user20	586	263	1271441774024	0	0	7d53897142b735d477e18ba96a1f
user20	590	263	1271441774032	0	0	7d53897142b735d477e18ba96a1f
user20	594	263	1271441774040	0	0	7d53897142b735d477e18ba96a1f
user20	596	263	1271441774048	0	0	7d53897142b735d477e18ba96a1f
user20	600	261	1271441774056	0	0	7d53897142b735d477e18ba96a1f
user20	602	261	1271441774064	0	0	7d53897142b735d477e18ba96a1f
user20	604	261	1271441774072	0	0	7d53897142b735d477e18ba96a1f
user20	605	260	1271441774080	0	0	7d53897142b735d477e18ba96a1f
user20	608	260	1271441774088	0	0	7d53897142b735d477e18ba96a1f
user20	609	260	1271441774096	0	0	7d53897142b735d477e18ba96a1f
user20	611	260	1271441774104	0	0	7d53897142b735d477e18ba96a1f
user20	613	260	1271441774176	0	0	7d53897142b735d477e18ba96a1f
user20	613	259	1271441774208	0	0	7d53897142b735d477e18ba96a1f
user20	613	258	1271441774216	0	0	7d53897142b735d477e18ba96a1f
user20	613	255	1271441774225	0	0	7d53897142b735d477e18ba96a1f
user20	613	254	1271441774232	0	0	7d53897142b735d477e18ba96a1f
user20	613	252	1271441774240	0	0	7d53897142b735d477e18ba96a1f
user20	614	250	1271441774248	0	0	7d53897142b735d477e18ba96a1f
user20	616	249	1271441774256	0	0	7d53897142b735d477e18ba96a1f
user20	616	246	1271441774265	0	0	7d53897142b735d477e18ba96a1f
user20	616	243	1271441774304	0	0	7d53897142b735d477e18ba96a1f
user20	616	242	1271441774312	0	0	7d53897142b735d477e18ba96a1f
user20	616	242	1271441774953	1271441774856	1271441774953	7d53897142b735d477e18ba96a1f
user20	613	240	1271441784905	0	0	7d53897142b735d477e18ba96a1f
user20	612	238	1271441784912	0	0	7d53897142b735d477e18ba96a1f
user20	611	237	1271441784920	0	0	7d53897142b735d477e18ba96a1f
user20	610	236	1271441784928	0	0	7d53897142b735d477e18ba96a1f
user20	609	236	1271441784944	0	0	7d53897142b735d477e18ba96a1f
user20	608	235	1271441784952	0	0	7d53897142b735d477e18ba96a1f
user20	608	234	1271441784960	0	0	7d53897142b735d477e18ba96a1f
user20	607	234	1271441784976	0	0	7d53897142b735d477e18ba96a1f
user20	607	233	1271441787560	0	0	7d53897142b735d477e18ba96a1f
user20	604	231	1271441787568	0	0	7d53897142b735d477e18ba96a1f
user20	602	229	1271441787576	0	0	7d53897142b735d477e18ba96a1f
user20	598	228	1271441787584	0	0	7d53897142b735d477e18ba96a1f
user20	595	224	1271441787592	0	0	7d53897142b735d477e18ba96a1f
user20	591	220	1271441787600	0	0	7d53897142b735d477e18ba96a1f
user20	587	217	1271441787608	0	0	7d53897142b735d477e18ba96a1f
user20	583	213	1271441787616	0	0	7d53897142b735d477e18ba96a1f
user20	575	208	1271441787624	0	0	7d53897142b735d477e18ba96a1f
user20	569	202	1271441787632	0	0	7d53897142b735d477e18ba96a1f
user20	563	195	1271441787640	0	0	7d53897142b735d477e18ba96a1f
user20	557	193	1271441787648	0	0	7d53897142b735d477e18ba96a1f
user20	552	187	1271441787656	0	0	7d53897142b735d477e18ba96a1f
user20	546	182	1271441787664	0	0	7d53897142b735d477e18ba96a1f
user20	542	178	1271441787672	0	0	7d53897142b735d477e18ba96a1f
user20	539	172	1271441787680	0	0	7d53897142b735d477e18ba96a1f
user20	537	170	1271441787688	0	0	7d53897142b735d477e18ba96a1f
user20	535	166	1271441787696	0	0	7d53897142b735d477e18ba96a1f
user20	533	162	1271441787704	0	0	7d53897142b735d477e18ba96a1f
user20	532	161	1271441787712	0	0	7d53897142b735d477e18ba96a1f
user20	531	160	1271441787720	0	0	7d53897142b735d477e18ba96a1f
user20	531	158	1271441787728	0	0	7d53897142b735d477e18ba96a1f
user20	529	155	1271441787736	0	0	7d53897142b735d477e18ba96a1f
user20	528	153	1271441787744	0	0	7d53897142b735d477e18ba96a1f
user20	528	151	1271441787752	0	0	7d53897142b735d477e18ba96a1f
user20	525	148	1271441787760	0	0	7d53897142b735d477e18ba96a1f
user20	525	145	1271441787768	0	0	7d53897142b735d477e18ba96a1f
user20	523	141	1271441787776	0	0	7d53897142b735d477e18ba96a1f
user20	522	135	1271441787784	0	0	7d53897142b735d477e18ba96a1f
user20	521	130	1271441787792	0	0	7d53897142b735d477e18ba96a1f
user20	519	126	1271441787800	0	0	7d53897142b735d477e18ba96a1f
user20	518	122	1271441787808	0	0	7d53897142b735d477e18ba96a1f
user20	517	117	1271441787816	0	0	7d53897142b735d477e18ba96a1f
user20	515	111	1271441787824	0	0	7d53897142b735d477e18ba96a1f
user20	514	109	1271441787832	0	0	7d53897142b735d477e18ba96a1f
user20	514	107	1271441787840	0	0	7d53897142b735d477e18ba96a1f
user20	514	103	1271441787848	0	0	7d53897142b735d477e18ba96a1f
user20	512	101	1271441787856	0	0	7d53897142b735d477e18ba96a1f
user20	511	100	1271441787864	0	0	7d53897142b735d477e18ba96a1f
user20	511	96	1271441787872	0	0	7d53897142b735d477e18ba96a1f
user20	509	94	1271441787880	0	0	7d53897142b735d477e18ba96a1f
user20	509	90	1271441787888	0	0	7d53897142b735d477e18ba96a1f
user20	509	86	1271441787896	0	0	7d53897142b735d477e18ba96a1f
user20	507	83	1271441787904	0	0	7d53897142b735d477e18ba96a1f
user20	507	80	1271441787912	0	0	7d53897142b735d477e18ba96a1f
user20	505	78	1271441787920	0	0	7d53897142b735d477e18ba96a1f
user20	505	74	1271441787928	0	0	7d53897142b735d477e18ba96a1f
user20	503	72	1271441787936	0	0	7d53897142b735d477e18ba96a1f
user20	503	70	1271441787944	0	0	7d53897142b735d477e18ba96a1f
user20	503	69	1271441787952	0	0	7d53897142b735d477e18ba96a1f
user20	503	67	1271441787960	0	0	7d53897142b735d477e18ba96a1f
user20	503	66	1271441787968	0	0	7d53897142b735d477e18ba96a1f
user20	503	65	1271441787976	0	0	7d53897142b735d477e18ba96a1f
user20	503	64	1271441787984	0	0	7d53897142b735d477e18ba96a1f
user20	502	64	1271441787992	0	0	7d53897142b735d477e18ba96a1f
user20	502	63	1271441788000	0	0	7d53897142b735d477e18ba96a1f
user20	502	62	1271441788016	0	0	7d53897142b735d477e18ba96a1f
user20	502	62	1271441788584	1271441788496	1271441788584	7d53897142b735d477e18ba96a1f
user20	712	421	1271441856967	0	0	7d53897142b735d477e18ba96a1f
user20	712	417	1271441856974	0	0	7d53897142b735d477e18ba96a1f
user20	712	408	1271441856984	0	0	7d53897142b735d477e18ba96a1f
user20	710	398	1271441856990	0	0	7d53897142b735d477e18ba96a1f
user20	708	386	1271441856998	0	0	7d53897142b735d477e18ba96a1f
user20	701	373	1271441857005	0	0	7d53897142b735d477e18ba96a1f
user20	694	363	1271441857014	0	0	7d53897142b735d477e18ba96a1f
user20	690	351	1271441857022	0	0	7d53897142b735d477e18ba96a1f
user20	687	336	1271441857030	0	0	7d53897142b735d477e18ba96a1f
user20	683	326	1271441857038	0	0	7d53897142b735d477e18ba96a1f
user20	683	314	1271441857046	0	0	7d53897142b735d477e18ba96a1f
user20	683	300	1271441857054	0	0	7d53897142b735d477e18ba96a1f
user20	681	288	1271441857062	0	0	7d53897142b735d477e18ba96a1f
user20	681	276	1271441857070	0	0	7d53897142b735d477e18ba96a1f
user20	681	269	1271441857078	0	0	7d53897142b735d477e18ba96a1f
user20	681	262	1271441857086	0	0	7d53897142b735d477e18ba96a1f
user20	681	257	1271441857094	0	0	7d53897142b735d477e18ba96a1f
user20	681	255	1271441857102	0	0	7d53897142b735d477e18ba96a1f
user20	681	252	1271441857111	0	0	7d53897142b735d477e18ba96a1f
user20	681	251	1271441857118	0	0	7d53897142b735d477e18ba96a1f
user20	680	251	1271441859366	0	0	7d53897142b735d477e18ba96a1f
user20	676	251	1271441859374	0	0	7d53897142b735d477e18ba96a1f
user20	669	251	1271441859382	0	0	7d53897142b735d477e18ba96a1f
user20	665	251	1271441859390	0	0	7d53897142b735d477e18ba96a1f
user20	664	250	1271441859398	0	0	7d53897142b735d477e18ba96a1f
user20	662	250	1271441859486	0	0	7d53897142b735d477e18ba96a1f
user20	660	250	1271441859494	0	0	7d53897142b735d477e18ba96a1f
user20	659	250	1271441859502	0	0	7d53897142b735d477e18ba96a1f
user20	656	250	1271441859510	0	0	7d53897142b735d477e18ba96a1f
user20	653	250	1271441859518	0	0	7d53897142b735d477e18ba96a1f
user20	650	250	1271441859618	0	0	7d53897142b735d477e18ba96a1f
user20	650	249	1271441859622	0	0	7d53897142b735d477e18ba96a1f
user20	649	249	1271441859630	0	0	7d53897142b735d477e18ba96a1f
user20	648	249	1271441859638	0	0	7d53897142b735d477e18ba96a1f
user20	647	249	1271441859646	0	0	7d53897142b735d477e18ba96a1f
user20	647	248	1271441859654	0	0	7d53897142b735d477e18ba96a1f
user20	646	248	1271441859662	0	0	7d53897142b735d477e18ba96a1f
user20	646	247	1271441859678	0	0	7d53897142b735d477e18ba96a1f
user20	645	246	1271441859686	0	0	7d53897142b735d477e18ba96a1f
user20	645	243	1271441859694	0	0	7d53897142b735d477e18ba96a1f
user20	644	242	1271441859702	0	0	7d53897142b735d477e18ba96a1f
user20	642	240	1271441859710	0	0	7d53897142b735d477e18ba96a1f
user20	640	238	1271441859718	0	0	7d53897142b735d477e18ba96a1f
user20	638	237	1271441859726	0	0	7d53897142b735d477e18ba96a1f
user20	635	235	1271441859734	0	0	7d53897142b735d477e18ba96a1f
user20	634	231	1271441859742	0	0	7d53897142b735d477e18ba96a1f
user20	630	229	1271441859750	0	0	7d53897142b735d477e18ba96a1f
user20	627	225	1271441859758	0	0	7d53897142b735d477e18ba96a1f
user20	625	221	1271441859766	0	0	7d53897142b735d477e18ba96a1f
user20	625	217	1271441859774	0	0	7d53897142b735d477e18ba96a1f
user20	623	215	1271441859782	0	0	7d53897142b735d477e18ba96a1f
user20	621	211	1271441859790	0	0	7d53897142b735d477e18ba96a1f
user20	621	209	1271441859797	0	0	7d53897142b735d477e18ba96a1f
user20	621	208	1271441859806	0	0	7d53897142b735d477e18ba96a1f
user20	622	208	1271441859966	0	0	7d53897142b735d477e18ba96a1f
user20	623	208	1271441859974	0	0	7d53897142b735d477e18ba96a1f
user20	624	208	1271441859982	0	0	7d53897142b735d477e18ba96a1f
user20	625	208	1271441859990	0	0	7d53897142b735d477e18ba96a1f
user20	626	208	1271441859998	0	0	7d53897142b735d477e18ba96a1f
user20	627	208	1271441860005	0	0	7d53897142b735d477e18ba96a1f
user20	628	208	1271441860014	0	0	7d53897142b735d477e18ba96a1f
user20	629	208	1271441860022	0	0	7d53897142b735d477e18ba96a1f
user20	630	207	1271441860030	0	0	7d53897142b735d477e18ba96a1f
user20	633	207	1271441860038	0	0	7d53897142b735d477e18ba96a1f
user20	633	206	1271441860062	0	0	7d53897142b735d477e18ba96a1f
user20	635	203	1271441860070	0	0	7d53897142b735d477e18ba96a1f
user20	635	201	1271441860078	0	0	7d53897142b735d477e18ba96a1f
user20	636	199	1271441860086	0	0	7d53897142b735d477e18ba96a1f
user20	637	195	1271441860094	0	0	7d53897142b735d477e18ba96a1f
user20	638	191	1271441860102	0	0	7d53897142b735d477e18ba96a1f
user20	638	190	1271441860118	0	0	7d53897142b735d477e18ba96a1f
user20	638	189	1271441860126	0	0	7d53897142b735d477e18ba96a1f
user20	639	189	1271441860166	0	0	7d53897142b735d477e18ba96a1f
user20	639	188	1271441860174	0	0	7d53897142b735d477e18ba96a1f
user20	639	187	1271441860190	0	0	7d53897142b735d477e18ba96a1f
user20	640	186	1271441860198	0	0	7d53897142b735d477e18ba96a1f
user20	641	185	1271441860205	0	0	7d53897142b735d477e18ba96a1f
user20	644	183	1271441860214	0	0	7d53897142b735d477e18ba96a1f
user20	646	181	1271441860222	0	0	7d53897142b735d477e18ba96a1f
user20	648	181	1271441860230	0	0	7d53897142b735d477e18ba96a1f
user20	651	178	1271441860238	0	0	7d53897142b735d477e18ba96a1f
user20	652	177	1271441860245	0	0	7d53897142b735d477e18ba96a1f
user20	654	175	1271441860254	0	0	7d53897142b735d477e18ba96a1f
user20	655	174	1271441860262	0	0	7d53897142b735d477e18ba96a1f
user20	656	174	1271441860270	0	0	7d53897142b735d477e18ba96a1f
user20	657	173	1271441860278	0	0	7d53897142b735d477e18ba96a1f
user20	658	172	1271441860286	0	0	7d53897142b735d477e18ba96a1f
user20	659	172	1271441860294	0	0	7d53897142b735d477e18ba96a1f
user20	657	168	1271441860366	0	0	7d53897142b735d477e18ba96a1f
user20	655	164	1271441860374	0	0	7d53897142b735d477e18ba96a1f
user20	653	160	1271441860382	0	0	7d53897142b735d477e18ba96a1f
user20	652	155	1271441860390	0	0	7d53897142b735d477e18ba96a1f
user20	649	149	1271441860398	0	0	7d53897142b735d477e18ba96a1f
user20	645	145	1271441860406	0	0	7d53897142b735d477e18ba96a1f
user20	643	141	1271441860414	0	0	7d53897142b735d477e18ba96a1f
user20	643	137	1271441860421	0	0	7d53897142b735d477e18ba96a1f
user20	642	136	1271441860430	0	0	7d53897142b735d477e18ba96a1f
user20	640	134	1271441860438	0	0	7d53897142b735d477e18ba96a1f
user20	639	132	1271441860454	0	0	7d53897142b735d477e18ba96a1f
user20	638	132	1271441860461	0	0	7d53897142b735d477e18ba96a1f
user20	637	129	1271441860471	0	0	7d53897142b735d477e18ba96a1f
user20	636	129	1271441860478	0	0	7d53897142b735d477e18ba96a1f
user20	635	128	1271441860487	0	0	7d53897142b735d477e18ba96a1f
user20	634	128	1271441860534	0	0	7d53897142b735d477e18ba96a1f
user20	635	130	1271441860614	0	0	7d53897142b735d477e18ba96a1f
user20	636	134	1271441860622	0	0	7d53897142b735d477e18ba96a1f
user20	638	136	1271441860630	0	0	7d53897142b735d477e18ba96a1f
user20	640	140	1271441860638	0	0	7d53897142b735d477e18ba96a1f
user20	641	144	1271441860645	0	0	7d53897142b735d477e18ba96a1f
user20	641	147	1271441860653	0	0	7d53897142b735d477e18ba96a1f
user20	642	150	1271441860662	0	0	7d53897142b735d477e18ba96a1f
user20	643	154	1271441860670	0	0	7d53897142b735d477e18ba96a1f
user20	644	156	1271441860678	0	0	7d53897142b735d477e18ba96a1f
user20	644	158	1271441860686	0	0	7d53897142b735d477e18ba96a1f
user20	644	159	1271441860694	0	0	7d53897142b735d477e18ba96a1f
user20	645	160	1271441860702	0	0	7d53897142b735d477e18ba96a1f
user20	647	163	1271441860709	0	0	7d53897142b735d477e18ba96a1f
user20	647	164	1271441860717	0	0	7d53897142b735d477e18ba96a1f
user20	647	165	1271441860742	0	0	7d53897142b735d477e18ba96a1f
user20	647	166	1271441860750	0	0	7d53897142b735d477e18ba96a1f
user20	647	167	1271441860766	0	0	7d53897142b735d477e18ba96a1f
user20	647	168	1271441860782	0	0	7d53897142b735d477e18ba96a1f
user20	647	169	1271441860790	0	0	7d53897142b735d477e18ba96a1f
user20	645	172	1271441860798	0	0	7d53897142b735d477e18ba96a1f
user20	644	174	1271441860806	0	0	7d53897142b735d477e18ba96a1f
user20	643	178	1271441860814	0	0	7d53897142b735d477e18ba96a1f
user20	642	182	1271441860822	0	0	7d53897142b735d477e18ba96a1f
user20	640	184	1271441860830	0	0	7d53897142b735d477e18ba96a1f
user20	640	186	1271441860838	0	0	7d53897142b735d477e18ba96a1f
user20	638	190	1271441860846	0	0	7d53897142b735d477e18ba96a1f
user20	638	194	1271441860854	0	0	7d53897142b735d477e18ba96a1f
user20	635	200	1271441860862	0	0	7d53897142b735d477e18ba96a1f
user20	633	203	1271441860870	0	0	7d53897142b735d477e18ba96a1f
user20	633	206	1271441860878	0	0	7d53897142b735d477e18ba96a1f
user20	633	207	1271441860885	0	0	7d53897142b735d477e18ba96a1f
user20	632	208	1271441860894	0	0	7d53897142b735d477e18ba96a1f
user20	632	209	1271441860910	0	0	7d53897142b735d477e18ba96a1f
user20	632	210	1271441860966	0	0	7d53897142b735d477e18ba96a1f
user20	631	211	1271441860974	0	0	7d53897142b735d477e18ba96a1f
user20	629	213	1271441860982	0	0	7d53897142b735d477e18ba96a1f
user20	627	217	1271441860990	0	0	7d53897142b735d477e18ba96a1f
user20	624	221	1271441860998	0	0	7d53897142b735d477e18ba96a1f
user20	623	228	1271441861006	0	0	7d53897142b735d477e18ba96a1f
user20	620	234	1271441861013	0	0	7d53897142b735d477e18ba96a1f
user20	617	242	1271441861022	0	0	7d53897142b735d477e18ba96a1f
user20	615	247	1271441861029	0	0	7d53897142b735d477e18ba96a1f
user20	612	253	1271441861038	0	0	7d53897142b735d477e18ba96a1f
user20	611	260	1271441861046	0	0	7d53897142b735d477e18ba96a1f
user20	606	268	1271441861054	0	0	7d53897142b735d477e18ba96a1f
user20	606	274	1271441861062	0	0	7d53897142b735d477e18ba96a1f
user20	602	285	1271441861070	0	0	7d53897142b735d477e18ba96a1f
user20	599	295	1271441861078	0	0	7d53897142b735d477e18ba96a1f
user20	595	307	1271441861086	0	0	7d53897142b735d477e18ba96a1f
user20	592	319	1271441861094	0	0	7d53897142b735d477e18ba96a1f
user20	590	329	1271441861102	0	0	7d53897142b735d477e18ba96a1f
user20	590	339	1271441861110	0	0	7d53897142b735d477e18ba96a1f
user20	590	346	1271441861118	0	0	7d53897142b735d477e18ba96a1f
user20	588	351	1271441861126	0	0	7d53897142b735d477e18ba96a1f
user20	588	357	1271441861134	0	0	7d53897142b735d477e18ba96a1f
user20	588	359	1271441861142	0	0	7d53897142b735d477e18ba96a1f
user20	588	360	1271441861150	0	0	7d53897142b735d477e18ba96a1f
user20	588	357	1271441861374	0	0	7d53897142b735d477e18ba96a1f
user20	588	354	1271441861382	0	0	7d53897142b735d477e18ba96a1f
user20	588	350	1271441861389	0	0	7d53897142b735d477e18ba96a1f
user20	588	349	1271441861397	0	0	7d53897142b735d477e18ba96a1f
user20	591	347	1271441861406	0	0	7d53897142b735d477e18ba96a1f
user20	592	346	1271441861414	0	0	7d53897142b735d477e18ba96a1f
user20	592	345	1271441861422	0	0	7d53897142b735d477e18ba96a1f
user20	592	344	1271441861454	0	0	7d53897142b735d477e18ba96a1f
user20	592	343	1271441861478	0	0	7d53897142b735d477e18ba96a1f
user20	592	342	1271441861758	0	0	7d53897142b735d477e18ba96a1f
user20	593	338	1271441861766	0	0	7d53897142b735d477e18ba96a1f
user20	597	331	1271441861774	0	0	7d53897142b735d477e18ba96a1f
user20	606	322	1271441861782	0	0	7d53897142b735d477e18ba96a1f
user20	610	316	1271441861790	0	0	7d53897142b735d477e18ba96a1f
user20	617	307	1271441861798	0	0	7d53897142b735d477e18ba96a1f
user20	624	299	1271441861806	0	0	7d53897142b735d477e18ba96a1f
user20	629	289	1271441861814	0	0	7d53897142b735d477e18ba96a1f
user20	638	278	1271441861822	0	0	7d53897142b735d477e18ba96a1f
user20	644	272	1271441861830	0	0	7d53897142b735d477e18ba96a1f
user20	653	261	1271441861838	0	0	7d53897142b735d477e18ba96a1f
user20	660	250	1271441861846	0	0	7d53897142b735d477e18ba96a1f
user20	665	242	1271441861853	0	0	7d53897142b735d477e18ba96a1f
user20	669	238	1271441861862	0	0	7d53897142b735d477e18ba96a1f
user20	674	230	1271441861870	0	0	7d53897142b735d477e18ba96a1f
user20	677	224	1271441861877	0	0	7d53897142b735d477e18ba96a1f
user20	678	220	1271441861885	0	0	7d53897142b735d477e18ba96a1f
user20	678	218	1271441861894	0	0	7d53897142b735d477e18ba96a1f
user20	679	216	1271441861901	0	0	7d53897142b735d477e18ba96a1f
user20	680	213	1271441861909	0	0	7d53897142b735d477e18ba96a1f
user20	681	212	1271441861917	0	0	7d53897142b735d477e18ba96a1f
user20	682	212	1271441861942	0	0	7d53897142b735d477e18ba96a1f
user20	682	209	1271441862022	0	0	7d53897142b735d477e18ba96a1f
user20	683	207	1271441862029	0	0	7d53897142b735d477e18ba96a1f
user20	683	205	1271441862038	0	0	7d53897142b735d477e18ba96a1f
user20	684	201	1271441862046	0	0	7d53897142b735d477e18ba96a1f
user20	687	195	1271441862054	0	0	7d53897142b735d477e18ba96a1f
user20	688	193	1271441862061	0	0	7d53897142b735d477e18ba96a1f
user20	688	191	1271441862069	0	0	7d53897142b735d477e18ba96a1f
user20	688	188	1271441862077	0	0	7d53897142b735d477e18ba96a1f
user20	688	187	1271441862094	0	0	7d53897142b735d477e18ba96a1f
user20	688	186	1271441862158	0	0	7d53897142b735d477e18ba96a1f
user20	688	185	1271441862174	0	0	7d53897142b735d477e18ba96a1f
user20	688	184	1271441862182	0	0	7d53897142b735d477e18ba96a1f
user20	688	183	1271441862190	0	0	7d53897142b735d477e18ba96a1f
user20	688	180	1271441862206	0	0	7d53897142b735d477e18ba96a1f
user20	688	179	1271441862214	0	0	7d53897142b735d477e18ba96a1f
user20	688	178	1271441862222	0	0	7d53897142b735d477e18ba96a1f
user20	690	176	1271441862229	0	0	7d53897142b735d477e18ba96a1f
user20	690	175	1271441862237	0	0	7d53897142b735d477e18ba96a1f
user20	690	174	1271441862254	0	0	7d53897142b735d477e18ba96a1f
user20	690	173	1271441862270	0	0	7d53897142b735d477e18ba96a1f
user20	690	172	1271441862277	0	0	7d53897142b735d477e18ba96a1f
user20	690	171	1271441862294	0	0	7d53897142b735d477e18ba96a1f
user20	690	170	1271441862301	0	0	7d53897142b735d477e18ba96a1f
user20	690	169	1271441862325	0	0	7d53897142b735d477e18ba96a1f
user20	690	166	1271441862478	0	0	7d53897142b735d477e18ba96a1f
user20	688	163	1271441862486	0	0	7d53897142b735d477e18ba96a1f
user20	686	159	1271441862494	0	0	7d53897142b735d477e18ba96a1f
user20	681	153	1271441862502	0	0	7d53897142b735d477e18ba96a1f
user20	676	143	1271441862510	0	0	7d53897142b735d477e18ba96a1f
user20	673	135	1271441862518	0	0	7d53897142b735d477e18ba96a1f
user20	664	126	1271441862526	0	0	7d53897142b735d477e18ba96a1f
user20	658	120	1271441862533	0	0	7d53897142b735d477e18ba96a1f
user20	651	111	1271441862542	0	0	7d53897142b735d477e18ba96a1f
user20	645	107	1271441862550	0	0	7d53897142b735d477e18ba96a1f
user20	639	102	1271441862558	0	0	7d53897142b735d477e18ba96a1f
user20	635	100	1271441862565	0	0	7d53897142b735d477e18ba96a1f
user20	633	97	1271441862574	0	0	7d53897142b735d477e18ba96a1f
user20	630	96	1271441862581	0	0	7d53897142b735d477e18ba96a1f
user20	629	96	1271441862589	0	0	7d53897142b735d477e18ba96a1f
user20	628	95	1271441862597	0	0	7d53897142b735d477e18ba96a1f
user20	627	94	1271441862606	0	0	7d53897142b735d477e18ba96a1f
user20	626	93	1271441862613	0	0	7d53897142b735d477e18ba96a1f
user20	625	89	1271441862621	0	0	7d53897142b735d477e18ba96a1f
user20	623	87	1271441862630	0	0	7d53897142b735d477e18ba96a1f
user20	620	87	1271441862638	0	0	7d53897142b735d477e18ba96a1f
user20	619	83	1271441862645	0	0	7d53897142b735d477e18ba96a1f
user20	615	81	1271441862653	0	0	7d53897142b735d477e18ba96a1f
user20	614	79	1271441862662	0	0	7d53897142b735d477e18ba96a1f
user20	612	79	1271441862670	0	0	7d53897142b735d477e18ba96a1f
user20	611	79	1271441862677	0	0	7d53897142b735d477e18ba96a1f
user20	610	78	1271441862694	0	0	7d53897142b735d477e18ba96a1f
user20	608	76	1271441862710	0	0	7d53897142b735d477e18ba96a1f
user20	607	76	1271441862717	0	0	7d53897142b735d477e18ba96a1f
user20	603	74	1271441862725	0	0	7d53897142b735d477e18ba96a1f
user20	601	73	1271441862733	0	0	7d53897142b735d477e18ba96a1f
user20	599	72	1271441862742	0	0	7d53897142b735d477e18ba96a1f
user20	596	72	1271441862750	0	0	7d53897142b735d477e18ba96a1f
user20	595	72	1271441862757	0	0	7d53897142b735d477e18ba96a1f
user20	593	70	1271441862766	0	0	7d53897142b735d477e18ba96a1f
user20	592	70	1271441862773	0	0	7d53897142b735d477e18ba96a1f
user20	591	70	1271441862781	0	0	7d53897142b735d477e18ba96a1f
user20	591	67	1271441862798	0	0	7d53897142b735d477e18ba96a1f
user20	591	65	1271441862910	0	0	7d53897142b735d477e18ba96a1f
user20	591	63	1271441862917	0	0	7d53897142b735d477e18ba96a1f
user20	589	59	1271441862926	0	0	7d53897142b735d477e18ba96a1f
user20	589	57	1271441862934	0	0	7d53897142b735d477e18ba96a1f
user20	589	56	1271441862941	0	0	7d53897142b735d477e18ba96a1f
user20	589	55	1271441862957	0	0	7d53897142b735d477e18ba96a1f
user20	589	55	1271441863134	1271441863054	1271441863134	7d53897142b735d477e18ba96a1f
user20	308	613	1271441873902	0	0	7d53897142b735d477e18ba96a1f
user20	308	602	1271441873909	0	0	7d53897142b735d477e18ba96a1f
user20	309	593	1271441873917	0	0	7d53897142b735d477e18ba96a1f
user20	311	583	1271441873925	0	0	7d53897142b735d477e18ba96a1f
user20	314	573	1271441873933	0	0	7d53897142b735d477e18ba96a1f
user20	314	561	1271441873941	0	0	7d53897142b735d477e18ba96a1f
user20	315	553	1271441873949	0	0	7d53897142b735d477e18ba96a1f
user20	315	544	1271441873957	0	0	7d53897142b735d477e18ba96a1f
user20	315	539	1271441873965	0	0	7d53897142b735d477e18ba96a1f
user20	315	530	1271441873973	0	0	7d53897142b735d477e18ba96a1f
user20	315	518	1271441873981	0	0	7d53897142b735d477e18ba96a1f
user20	315	511	1271441873989	0	0	7d53897142b735d477e18ba96a1f
user20	315	497	1271441873997	0	0	7d53897142b735d477e18ba96a1f
user20	316	480	1271441874005	0	0	7d53897142b735d477e18ba96a1f
user20	316	464	1271441874013	0	0	7d53897142b735d477e18ba96a1f
user20	316	445	1271441874021	0	0	7d53897142b735d477e18ba96a1f
user20	319	422	1271441874029	0	0	7d53897142b735d477e18ba96a1f
user20	321	398	1271441874037	0	0	7d53897142b735d477e18ba96a1f
user20	321	378	1271441874045	0	0	7d53897142b735d477e18ba96a1f
user20	321	361	1271441874053	0	0	7d53897142b735d477e18ba96a1f
user20	322	349	1271441874061	0	0	7d53897142b735d477e18ba96a1f
user20	322	340	1271441874069	0	0	7d53897142b735d477e18ba96a1f
user20	323	334	1271441874077	0	0	7d53897142b735d477e18ba96a1f
user20	323	327	1271441874085	0	0	7d53897142b735d477e18ba96a1f
user20	323	323	1271441874094	0	0	7d53897142b735d477e18ba96a1f
user20	324	320	1271441874101	0	0	7d53897142b735d477e18ba96a1f
user20	324	316	1271441874109	0	0	7d53897142b735d477e18ba96a1f
user20	324	312	1271441874117	0	0	7d53897142b735d477e18ba96a1f
user20	324	307	1271441874125	0	0	7d53897142b735d477e18ba96a1f
user20	324	302	1271441874133	0	0	7d53897142b735d477e18ba96a1f
user20	324	298	1271441874141	0	0	7d53897142b735d477e18ba96a1f
user20	324	291	1271441874149	0	0	7d53897142b735d477e18ba96a1f
user20	324	286	1271441874157	0	0	7d53897142b735d477e18ba96a1f
user20	324	282	1271441874165	0	0	7d53897142b735d477e18ba96a1f
user20	324	280	1271441874173	0	0	7d53897142b735d477e18ba96a1f
user20	324	276	1271441874181	0	0	7d53897142b735d477e18ba96a1f
user20	324	274	1271441874189	0	0	7d53897142b735d477e18ba96a1f
user20	325	271	1271441874198	0	0	7d53897142b735d477e18ba96a1f
user20	325	269	1271441874205	0	0	7d53897142b735d477e18ba96a1f
user20	325	267	1271441874213	0	0	7d53897142b735d477e18ba96a1f
user20	325	266	1271441874221	0	0	7d53897142b735d477e18ba96a1f
user20	325	265	1271441874229	0	0	7d53897142b735d477e18ba96a1f
user20	325	264	1271441874237	0	0	7d53897142b735d477e18ba96a1f
user20	325	263	1271441874253	0	0	7d53897142b735d477e18ba96a1f
user20	325	262	1271441874269	0	0	7d53897142b735d477e18ba96a1f
user20	325	261	1271441874277	0	0	7d53897142b735d477e18ba96a1f
user20	325	259	1271441874285	0	0	7d53897142b735d477e18ba96a1f
user20	325	258	1271441874293	0	0	7d53897142b735d477e18ba96a1f
user20	325	256	1271441874301	0	0	7d53897142b735d477e18ba96a1f
user20	326	253	1271441874309	0	0	7d53897142b735d477e18ba96a1f
user20	327	251	1271441874317	0	0	7d53897142b735d477e18ba96a1f
user20	327	250	1271441874325	0	0	7d53897142b735d477e18ba96a1f
user20	327	249	1271441874333	0	0	7d53897142b735d477e18ba96a1f
user20	327	248	1271441874349	0	0	7d53897142b735d477e18ba96a1f
user20	327	248	1271441874549	1271441874438	1271441874549	7d53897142b735d477e18ba96a1f
user20	327	248	1271441875957	1271441875845	1271441875957	7d53897142b735d477e18ba96a1f
user20	329	249	1271441883989	0	0	7d53897142b735d477e18ba96a1f
user20	331	250	1271441883997	0	0	7d53897142b735d477e18ba96a1f
user20	335	251	1271441884005	0	0	7d53897142b735d477e18ba96a1f
user20	336	251	1271441884013	0	0	7d53897142b735d477e18ba96a1f
user20	337	251	1271441884021	0	0	7d53897142b735d477e18ba96a1f
user20	338	252	1271441884029	0	0	7d53897142b735d477e18ba96a1f
user20	338	253	1271441884053	0	0	7d53897142b735d477e18ba96a1f
user20	340	255	1271441884061	0	0	7d53897142b735d477e18ba96a1f
user20	341	257	1271441884069	0	0	7d53897142b735d477e18ba96a1f
user20	344	261	1271441884077	0	0	7d53897142b735d477e18ba96a1f
user20	349	264	1271441884085	0	0	7d53897142b735d477e18ba96a1f
user20	357	267	1271441884093	0	0	7d53897142b735d477e18ba96a1f
user20	362	273	1271441884101	0	0	7d53897142b735d477e18ba96a1f
user20	372	278	1271441884110	0	0	7d53897142b735d477e18ba96a1f
user20	382	281	1271441884117	0	0	7d53897142b735d477e18ba96a1f
user20	388	284	1271441884125	0	0	7d53897142b735d477e18ba96a1f
user20	395	284	1271441884133	0	0	7d53897142b735d477e18ba96a1f
user20	400	284	1271441884141	0	0	7d53897142b735d477e18ba96a1f
user20	407	284	1271441884149	0	0	7d53897142b735d477e18ba96a1f
user20	415	285	1271441884157	0	0	7d53897142b735d477e18ba96a1f
user20	422	287	1271441884165	0	0	7d53897142b735d477e18ba96a1f
user20	430	287	1271441884173	0	0	7d53897142b735d477e18ba96a1f
user20	437	287	1271441884181	0	0	7d53897142b735d477e18ba96a1f
user20	449	287	1271441884189	0	0	7d53897142b735d477e18ba96a1f
user20	460	287	1271441884197	0	0	7d53897142b735d477e18ba96a1f
user20	472	288	1271441884205	0	0	7d53897142b735d477e18ba96a1f
user20	487	290	1271441884213	0	0	7d53897142b735d477e18ba96a1f
user20	503	290	1271441884221	0	0	7d53897142b735d477e18ba96a1f
user20	517	291	1271441884229	0	0	7d53897142b735d477e18ba96a1f
user20	534	291	1271441884237	0	0	7d53897142b735d477e18ba96a1f
user20	550	291	1271441884245	0	0	7d53897142b735d477e18ba96a1f
user20	566	292	1271441884253	0	0	7d53897142b735d477e18ba96a1f
user20	578	292	1271441884261	0	0	7d53897142b735d477e18ba96a1f
user20	585	292	1271441884269	0	0	7d53897142b735d477e18ba96a1f
user20	593	292	1271441884277	0	0	7d53897142b735d477e18ba96a1f
user20	596	292	1271441884285	0	0	7d53897142b735d477e18ba96a1f
user20	600	292	1271441884293	0	0	7d53897142b735d477e18ba96a1f
user20	602	292	1271441884301	0	0	7d53897142b735d477e18ba96a1f
user20	603	291	1271441884333	0	0	7d53897142b735d477e18ba96a1f
user20	604	291	1271441884341	0	0	7d53897142b735d477e18ba96a1f
user20	604	290	1271441884349	0	0	7d53897142b735d477e18ba96a1f
user20	604	289	1271441884357	0	0	7d53897142b735d477e18ba96a1f
user20	604	286	1271441884365	0	0	7d53897142b735d477e18ba96a1f
user20	604	285	1271441884373	0	0	7d53897142b735d477e18ba96a1f
user20	604	285	1271441884869	1271441884765	1271441884869	7d53897142b735d477e18ba96a1f
user20	874	11	1271441889661	0	0	7d53897142b735d477e18ba96a1f
user20	868	16	1271441889668	0	0	7d53897142b735d477e18ba96a1f
user20	867	21	1271441889677	0	0	7d53897142b735d477e18ba96a1f
user20	860	30	1271441889685	0	0	7d53897142b735d477e18ba96a1f
user20	854	36	1271441889693	0	0	7d53897142b735d477e18ba96a1f
user20	846	43	1271441889701	0	0	7d53897142b735d477e18ba96a1f
user20	837	53	1271441889709	0	0	7d53897142b735d477e18ba96a1f
user20	828	60	1271441889717	0	0	7d53897142b735d477e18ba96a1f
user20	822	65	1271441889725	0	0	7d53897142b735d477e18ba96a1f
user20	814	71	1271441889733	0	0	7d53897142b735d477e18ba96a1f
user20	805	80	1271441889741	0	0	7d53897142b735d477e18ba96a1f
user20	797	87	1271441889749	0	0	7d53897142b735d477e18ba96a1f
user20	786	92	1271441889757	0	0	7d53897142b735d477e18ba96a1f
user20	778	97	1271441889765	0	0	7d53897142b735d477e18ba96a1f
user20	771	105	1271441889773	0	0	7d53897142b735d477e18ba96a1f
user20	763	110	1271441889781	0	0	7d53897142b735d477e18ba96a1f
user20	753	115	1271441889789	0	0	7d53897142b735d477e18ba96a1f
user20	741	119	1271441889797	0	0	7d53897142b735d477e18ba96a1f
user20	733	120	1271441889805	0	0	7d53897142b735d477e18ba96a1f
user20	725	123	1271441889813	0	0	7d53897142b735d477e18ba96a1f
user20	720	125	1271441889821	0	0	7d53897142b735d477e18ba96a1f
user20	714	126	1271441889829	0	0	7d53897142b735d477e18ba96a1f
user20	711	127	1271441889837	0	0	7d53897142b735d477e18ba96a1f
user20	707	127	1271441889845	0	0	7d53897142b735d477e18ba96a1f
user20	700	128	1271441889853	0	0	7d53897142b735d477e18ba96a1f
user20	692	128	1271441889861	0	0	7d53897142b735d477e18ba96a1f
user20	689	128	1271441889869	0	0	7d53897142b735d477e18ba96a1f
user20	682	128	1271441889877	0	0	7d53897142b735d477e18ba96a1f
user20	676	128	1271441889885	0	0	7d53897142b735d477e18ba96a1f
user20	669	128	1271441889893	0	0	7d53897142b735d477e18ba96a1f
user20	662	126	1271441889901	0	0	7d53897142b735d477e18ba96a1f
user20	656	125	1271441889909	0	0	7d53897142b735d477e18ba96a1f
user20	647	123	1271441889917	0	0	7d53897142b735d477e18ba96a1f
user20	643	120	1271441889925	0	0	7d53897142b735d477e18ba96a1f
user20	635	119	1271441889933	0	0	7d53897142b735d477e18ba96a1f
user20	626	117	1271441889941	0	0	7d53897142b735d477e18ba96a1f
user20	620	116	1271441889949	0	0	7d53897142b735d477e18ba96a1f
user20	610	114	1271441889957	0	0	7d53897142b735d477e18ba96a1f
user20	602	109	1271441889965	0	0	7d53897142b735d477e18ba96a1f
user20	597	107	1271441889973	0	0	7d53897142b735d477e18ba96a1f
user20	587	105	1271441889982	0	0	7d53897142b735d477e18ba96a1f
user20	579	103	1271441889989	0	0	7d53897142b735d477e18ba96a1f
user20	571	100	1271441889997	0	0	7d53897142b735d477e18ba96a1f
user20	564	99	1271441890005	0	0	7d53897142b735d477e18ba96a1f
user20	558	96	1271441890013	0	0	7d53897142b735d477e18ba96a1f
user20	552	93	1271441890021	0	0	7d53897142b735d477e18ba96a1f
user20	547	92	1271441890028	0	0	7d53897142b735d477e18ba96a1f
user20	543	90	1271441890037	0	0	7d53897142b735d477e18ba96a1f
user20	539	89	1271441890045	0	0	7d53897142b735d477e18ba96a1f
user20	535	88	1271441890053	0	0	7d53897142b735d477e18ba96a1f
user20	534	87	1271441890061	0	0	7d53897142b735d477e18ba96a1f
user20	532	86	1271441890069	0	0	7d53897142b735d477e18ba96a1f
user20	531	86	1271441890077	0	0	7d53897142b735d477e18ba96a1f
user20	530	85	1271441890085	0	0	7d53897142b735d477e18ba96a1f
user20	529	85	1271441890101	0	0	7d53897142b735d477e18ba96a1f
user20	529	84	1271441890109	0	0	7d53897142b735d477e18ba96a1f
user20	528	84	1271441890117	0	0	7d53897142b735d477e18ba96a1f
user20	527	83	1271441890125	0	0	7d53897142b735d477e18ba96a1f
user20	526	82	1271441890133	0	0	7d53897142b735d477e18ba96a1f
user20	525	81	1271441890141	0	0	7d53897142b735d477e18ba96a1f
user20	524	80	1271441890149	0	0	7d53897142b735d477e18ba96a1f
user20	524	77	1271441890157	0	0	7d53897142b735d477e18ba96a1f
user20	524	75	1271441890165	0	0	7d53897142b735d477e18ba96a1f
user20	522	73	1271441890173	0	0	7d53897142b735d477e18ba96a1f
user20	521	70	1271441890181	0	0	7d53897142b735d477e18ba96a1f
user20	521	69	1271441890189	0	0	7d53897142b735d477e18ba96a1f
user20	518	67	1271441890197	0	0	7d53897142b735d477e18ba96a1f
user20	517	65	1271441890205	0	0	7d53897142b735d477e18ba96a1f
user20	516	62	1271441890213	0	0	7d53897142b735d477e18ba96a1f
user20	515	61	1271441890221	0	0	7d53897142b735d477e18ba96a1f
user20	514	60	1271441890229	0	0	7d53897142b735d477e18ba96a1f
user20	513	59	1271441890237	0	0	7d53897142b735d477e18ba96a1f
user20	512	58	1271441890245	0	0	7d53897142b735d477e18ba96a1f
user20	512	57	1271441890253	0	0	7d53897142b735d477e18ba96a1f
user20	512	57	1271441890469	1271441890381	1271441890469	7d53897142b735d477e18ba96a1f
user20	545	103	1271441896247	0	0	7d53897142b735d477e18ba96a1f
user20	547	106	1271441896252	0	0	7d53897142b735d477e18ba96a1f
user20	555	114	1271441896261	0	0	7d53897142b735d477e18ba96a1f
user20	561	120	1271441896269	0	0	7d53897142b735d477e18ba96a1f
user20	570	129	1271441896276	0	0	7d53897142b735d477e18ba96a1f
user20	578	137	1271441896285	0	0	7d53897142b735d477e18ba96a1f
user20	587	146	1271441896293	0	0	7d53897142b735d477e18ba96a1f
user20	595	153	1271441896301	0	0	7d53897142b735d477e18ba96a1f
user20	601	157	1271441896309	0	0	7d53897142b735d477e18ba96a1f
user20	607	160	1271441896317	0	0	7d53897142b735d477e18ba96a1f
user20	611	161	1271441896325	0	0	7d53897142b735d477e18ba96a1f
user20	612	162	1271441896332	0	0	7d53897142b735d477e18ba96a1f
user20	610	165	1271441897573	0	0	7d53897142b735d477e18ba96a1f
user20	610	166	1271441897589	0	0	7d53897142b735d477e18ba96a1f
user20	610	166	1271441899341	1271441899229	1271441899341	7d53897142b735d477e18ba96a1f
user20	608	168	1271441904301	0	0	7d53897142b735d477e18ba96a1f
user20	607	175	1271441904308	0	0	7d53897142b735d477e18ba96a1f
user20	605	187	1271441904316	0	0	7d53897142b735d477e18ba96a1f
user20	604	199	1271441904324	0	0	7d53897142b735d477e18ba96a1f
user20	604	211	1271441904332	0	0	7d53897142b735d477e18ba96a1f
user20	604	223	1271441904340	0	0	7d53897142b735d477e18ba96a1f
user20	605	237	1271441904348	0	0	7d53897142b735d477e18ba96a1f
user20	607	247	1271441904356	0	0	7d53897142b735d477e18ba96a1f
user20	609	259	1271441904364	0	0	7d53897142b735d477e18ba96a1f
user20	609	268	1271441904372	0	0	7d53897142b735d477e18ba96a1f
user20	609	278	1271441904380	0	0	7d53897142b735d477e18ba96a1f
user20	609	283	1271441904388	0	0	7d53897142b735d477e18ba96a1f
user20	609	290	1271441904396	0	0	7d53897142b735d477e18ba96a1f
user20	607	297	1271441904405	0	0	7d53897142b735d477e18ba96a1f
user20	605	310	1271441904412	0	0	7d53897142b735d477e18ba96a1f
user20	600	322	1271441904420	0	0	7d53897142b735d477e18ba96a1f
user20	593	335	1271441904428	0	0	7d53897142b735d477e18ba96a1f
user20	587	349	1271441904436	0	0	7d53897142b735d477e18ba96a1f
user20	582	362	1271441904444	0	0	7d53897142b735d477e18ba96a1f
user20	575	372	1271441904452	0	0	7d53897142b735d477e18ba96a1f
user20	572	378	1271441904460	0	0	7d53897142b735d477e18ba96a1f
user20	569	388	1271441904469	0	0	7d53897142b735d477e18ba96a1f
user20	569	394	1271441904476	0	0	7d53897142b735d477e18ba96a1f
user20	566	397	1271441904484	0	0	7d53897142b735d477e18ba96a1f
user20	563	405	1271441904492	0	0	7d53897142b735d477e18ba96a1f
user20	562	409	1271441904500	0	0	7d53897142b735d477e18ba96a1f
user20	559	413	1271441904508	0	0	7d53897142b735d477e18ba96a1f
user20	559	416	1271441904516	0	0	7d53897142b735d477e18ba96a1f
user20	554	420	1271441904524	0	0	7d53897142b735d477e18ba96a1f
user20	550	424	1271441904532	0	0	7d53897142b735d477e18ba96a1f
user20	546	429	1271441904540	0	0	7d53897142b735d477e18ba96a1f
user20	544	432	1271441904548	0	0	7d53897142b735d477e18ba96a1f
user20	540	436	1271441904556	0	0	7d53897142b735d477e18ba96a1f
user20	534	441	1271441904564	0	0	7d53897142b735d477e18ba96a1f
user20	527	449	1271441904572	0	0	7d53897142b735d477e18ba96a1f
user20	524	453	1271441904580	0	0	7d53897142b735d477e18ba96a1f
user20	520	456	1271441904588	0	0	7d53897142b735d477e18ba96a1f
user20	516	459	1271441904596	0	0	7d53897142b735d477e18ba96a1f
user20	514	463	1271441904605	0	0	7d53897142b735d477e18ba96a1f
user20	510	468	1271441904612	0	0	7d53897142b735d477e18ba96a1f
user20	507	474	1271441904620	0	0	7d53897142b735d477e18ba96a1f
user20	502	480	1271441904628	0	0	7d53897142b735d477e18ba96a1f
user20	498	484	1271441904636	0	0	7d53897142b735d477e18ba96a1f
user20	495	490	1271441904644	0	0	7d53897142b735d477e18ba96a1f
user20	491	494	1271441904652	0	0	7d53897142b735d477e18ba96a1f
user20	488	498	1271441904660	0	0	7d53897142b735d477e18ba96a1f
user20	484	502	1271441904668	0	0	7d53897142b735d477e18ba96a1f
user20	483	504	1271441904676	0	0	7d53897142b735d477e18ba96a1f
user20	479	506	1271441904684	0	0	7d53897142b735d477e18ba96a1f
user20	478	507	1271441904692	0	0	7d53897142b735d477e18ba96a1f
user20	478	508	1271441904700	0	0	7d53897142b735d477e18ba96a1f
user20	477	508	1271441904717	0	0	7d53897142b735d477e18ba96a1f
user20	477	509	1271441904748	0	0	7d53897142b735d477e18ba96a1f
user20	476	510	1271441904756	0	0	7d53897142b735d477e18ba96a1f
user20	476	511	1271441904764	0	0	7d53897142b735d477e18ba96a1f
user20	475	512	1271441904780	0	0	7d53897142b735d477e18ba96a1f
user20	474	513	1271441904788	0	0	7d53897142b735d477e18ba96a1f
user20	473	514	1271441904797	0	0	7d53897142b735d477e18ba96a1f
user20	471	517	1271441904804	0	0	7d53897142b735d477e18ba96a1f
user20	471	518	1271441904820	0	0	7d53897142b735d477e18ba96a1f
user20	470	519	1271441904972	0	0	7d53897142b735d477e18ba96a1f
user20	468	521	1271441904981	0	0	7d53897142b735d477e18ba96a1f
user20	467	525	1271441904988	0	0	7d53897142b735d477e18ba96a1f
user20	467	530	1271441904996	0	0	7d53897142b735d477e18ba96a1f
user20	465	535	1271441905004	0	0	7d53897142b735d477e18ba96a1f
user20	465	541	1271441905012	0	0	7d53897142b735d477e18ba96a1f
user20	463	544	1271441905020	0	0	7d53897142b735d477e18ba96a1f
user20	463	547	1271441905028	0	0	7d53897142b735d477e18ba96a1f
user20	463	548	1271441905036	0	0	7d53897142b735d477e18ba96a1f
user20	463	550	1271441905045	0	0	7d53897142b735d477e18ba96a1f
user20	462	550	1271441905052	0	0	7d53897142b735d477e18ba96a1f
user20	461	550	1271441905084	0	0	7d53897142b735d477e18ba96a1f
user20	462	552	1271441905356	0	0	7d53897142b735d477e18ba96a1f
user20	462	559	1271441905364	0	0	7d53897142b735d477e18ba96a1f
user20	462	566	1271441905372	0	0	7d53897142b735d477e18ba96a1f
user20	462	570	1271441905380	0	0	7d53897142b735d477e18ba96a1f
user20	462	573	1271441905388	0	0	7d53897142b735d477e18ba96a1f
user20	462	576	1271441905396	0	0	7d53897142b735d477e18ba96a1f
user20	462	578	1271441905404	0	0	7d53897142b735d477e18ba96a1f
user20	462	579	1271441905412	0	0	7d53897142b735d477e18ba96a1f
user20	462	580	1271441905428	0	0	7d53897142b735d477e18ba96a1f
user20	462	580	1271441905661	1271441905573	1271441905661	7d53897142b735d477e18ba96a1f
user20	462	581	1271441905732	0	0	7d53897142b735d477e18ba96a1f
user20	462	582	1271441905740	0	0	7d53897142b735d477e18ba96a1f
user20	462	583	1271441905748	0	0	7d53897142b735d477e18ba96a1f
user20	462	584	1271441905772	0	0	7d53897142b735d477e18ba96a1f
user20	462	584	1271441906314	1271441906205	1271441906314	7d53897142b735d477e18ba96a1f
user20	462	585	1271441908828	0	0	7d53897142b735d477e18ba96a1f
user20	466	586	1271441908836	0	0	7d53897142b735d477e18ba96a1f
user20	473	586	1271441908844	0	0	7d53897142b735d477e18ba96a1f
user20	477	587	1271441908852	0	0	7d53897142b735d477e18ba96a1f
user20	478	588	1271441908860	0	0	7d53897142b735d477e18ba96a1f
user20	479	588	1271441908868	0	0	7d53897142b735d477e18ba96a1f
user20	480	588	1271441908884	0	0	7d53897142b735d477e18ba96a1f
user20	482	588	1271441908892	0	0	7d53897142b735d477e18ba96a1f
user20	483	590	1271441908900	0	0	7d53897142b735d477e18ba96a1f
user20	487	590	1271441908908	0	0	7d53897142b735d477e18ba96a1f
user20	489	591	1271441908916	0	0	7d53897142b735d477e18ba96a1f
user20	495	592	1271441908924	0	0	7d53897142b735d477e18ba96a1f
user20	497	595	1271441908932	0	0	7d53897142b735d477e18ba96a1f
user20	504	596	1271441908940	0	0	7d53897142b735d477e18ba96a1f
user20	507	598	1271441908948	0	0	7d53897142b735d477e18ba96a1f
user20	512	600	1271441908956	0	0	7d53897142b735d477e18ba96a1f
user20	514	600	1271441908964	0	0	7d53897142b735d477e18ba96a1f
user20	520	602	1271441908972	0	0	7d53897142b735d477e18ba96a1f
user20	524	604	1271441908980	0	0	7d53897142b735d477e18ba96a1f
user20	529	605	1271441908988	0	0	7d53897142b735d477e18ba96a1f
user20	533	608	1271441908996	0	0	7d53897142b735d477e18ba96a1f
user20	535	608	1271441909004	0	0	7d53897142b735d477e18ba96a1f
user20	539	609	1271441909012	0	0	7d53897142b735d477e18ba96a1f
user20	542	611	1271441909020	0	0	7d53897142b735d477e18ba96a1f
user20	543	611	1271441909028	0	0	7d53897142b735d477e18ba96a1f
user20	544	611	1271441909036	0	0	7d53897142b735d477e18ba96a1f
user20	546	613	1271441909044	0	0	7d53897142b735d477e18ba96a1f
user20	548	613	1271441909052	0	0	7d53897142b735d477e18ba96a1f
user20	550	614	1271441909060	0	0	7d53897142b735d477e18ba96a1f
user20	553	615	1271441909068	0	0	7d53897142b735d477e18ba96a1f
user20	557	616	1271441909077	0	0	7d53897142b735d477e18ba96a1f
user20	560	616	1271441909084	0	0	7d53897142b735d477e18ba96a1f
user20	564	617	1271441909093	0	0	7d53897142b735d477e18ba96a1f
user20	566	617	1271441909100	0	0	7d53897142b735d477e18ba96a1f
user20	569	618	1271441909108	0	0	7d53897142b735d477e18ba96a1f
user20	570	618	1271441909124	0	0	7d53897142b735d477e18ba96a1f
user20	571	618	1271441909132	0	0	7d53897142b735d477e18ba96a1f
user20	572	618	1271441909140	0	0	7d53897142b735d477e18ba96a1f
user20	573	618	1271441909156	0	0	7d53897142b735d477e18ba96a1f
user20	574	618	1271441909276	0	0	7d53897142b735d477e18ba96a1f
user20	574	618	1271441909501	1271441909396	1271441909501	7d53897142b735d477e18ba96a1f
user20	641	280	1271441916693	0	0	7d53897142b735d477e18ba96a1f
user20	652	269	1271441916700	0	0	7d53897142b735d477e18ba96a1f
user20	663	254	1271441916708	0	0	7d53897142b735d477e18ba96a1f
user20	677	234	1271441916716	0	0	7d53897142b735d477e18ba96a1f
user20	697	210	1271441916724	0	0	7d53897142b735d477e18ba96a1f
user20	716	182	1271441916732	0	0	7d53897142b735d477e18ba96a1f
user20	735	153	1271441916740	0	0	7d53897142b735d477e18ba96a1f
user20	749	133	1271441916748	0	0	7d53897142b735d477e18ba96a1f
user20	768	109	1271441916756	0	0	7d53897142b735d477e18ba96a1f
user20	785	89	1271441916764	0	0	7d53897142b735d477e18ba96a1f
user20	801	68	1271441916772	0	0	7d53897142b735d477e18ba96a1f
user20	815	53	1271441916780	0	0	7d53897142b735d477e18ba96a1f
user20	825	42	1271441916788	0	0	7d53897142b735d477e18ba96a1f
user20	837	29	1271441916796	0	0	7d53897142b735d477e18ba96a1f
user20	849	22	1271441916804	0	0	7d53897142b735d477e18ba96a1f
user20	862	13	1271441916812	0	0	7d53897142b735d477e18ba96a1f
user20	872	9	1271441916820	0	0	7d53897142b735d477e18ba96a1f
user20	880	8	1271441916828	0	0	7d53897142b735d477e18ba96a1f
user20	884	8	1271441916836	0	0	7d53897142b735d477e18ba96a1f
user20	885	8	1271441916844	0	0	7d53897142b735d477e18ba96a1f
user20	884	8	1271441917068	0	0	7d53897142b735d477e18ba96a1f
user20	879	9	1271441917076	0	0	7d53897142b735d477e18ba96a1f
user20	867	10	1271441917084	0	0	7d53897142b735d477e18ba96a1f
user20	850	12	1271441917092	0	0	7d53897142b735d477e18ba96a1f
user20	838	14	1271441917100	0	0	7d53897142b735d477e18ba96a1f
user20	826	16	1271441917110	0	0	7d53897142b735d477e18ba96a1f
user20	812	16	1271441917116	0	0	7d53897142b735d477e18ba96a1f
user20	798	16	1271441917124	0	0	7d53897142b735d477e18ba96a1f
user20	786	16	1271441917132	0	0	7d53897142b735d477e18ba96a1f
user20	770	16	1271441917140	0	0	7d53897142b735d477e18ba96a1f
user20	758	17	1271441917148	0	0	7d53897142b735d477e18ba96a1f
user20	751	17	1271441917156	0	0	7d53897142b735d477e18ba96a1f
user20	743	18	1271441917164	0	0	7d53897142b735d477e18ba96a1f
user20	734	18	1271441917172	0	0	7d53897142b735d477e18ba96a1f
user20	726	18	1271441917180	0	0	7d53897142b735d477e18ba96a1f
user20	719	19	1271441917188	0	0	7d53897142b735d477e18ba96a1f
user20	715	19	1271441917196	0	0	7d53897142b735d477e18ba96a1f
user20	710	19	1271441917204	0	0	7d53897142b735d477e18ba96a1f
user20	705	19	1271441917212	0	0	7d53897142b735d477e18ba96a1f
user20	699	20	1271441917220	0	0	7d53897142b735d477e18ba96a1f
user20	695	21	1271441917228	0	0	7d53897142b735d477e18ba96a1f
user20	692	22	1271441917236	0	0	7d53897142b735d477e18ba96a1f
user20	688	25	1271441917244	0	0	7d53897142b735d477e18ba96a1f
user20	684	25	1271441917252	0	0	7d53897142b735d477e18ba96a1f
user20	680	27	1271441917260	0	0	7d53897142b735d477e18ba96a1f
user20	676	30	1271441917268	0	0	7d53897142b735d477e18ba96a1f
user20	672	31	1271441917276	0	0	7d53897142b735d477e18ba96a1f
user20	668	32	1271441917284	0	0	7d53897142b735d477e18ba96a1f
user20	666	33	1271441917292	0	0	7d53897142b735d477e18ba96a1f
user20	664	35	1271441917300	0	0	7d53897142b735d477e18ba96a1f
user20	661	35	1271441917308	0	0	7d53897142b735d477e18ba96a1f
user20	657	36	1271441917316	0	0	7d53897142b735d477e18ba96a1f
user20	655	37	1271441917324	0	0	7d53897142b735d477e18ba96a1f
user20	651	37	1271441917332	0	0	7d53897142b735d477e18ba96a1f
user20	646	38	1271441917340	0	0	7d53897142b735d477e18ba96a1f
user20	641	38	1271441917348	0	0	7d53897142b735d477e18ba96a1f
user20	635	40	1271441917356	0	0	7d53897142b735d477e18ba96a1f
user20	631	40	1271441917364	0	0	7d53897142b735d477e18ba96a1f
user20	626	41	1271441917372	0	0	7d53897142b735d477e18ba96a1f
user20	620	44	1271441917380	0	0	7d53897142b735d477e18ba96a1f
user20	617	44	1271441917388	0	0	7d53897142b735d477e18ba96a1f
user20	614	44	1271441917396	0	0	7d53897142b735d477e18ba96a1f
user20	612	44	1271441917404	0	0	7d53897142b735d477e18ba96a1f
user20	608	44	1271441917412	0	0	7d53897142b735d477e18ba96a1f
user20	605	44	1271441917420	0	0	7d53897142b735d477e18ba96a1f
user20	602	44	1271441917428	0	0	7d53897142b735d477e18ba96a1f
user20	601	44	1271441917436	0	0	7d53897142b735d477e18ba96a1f
user20	599	45	1271441917444	0	0	7d53897142b735d477e18ba96a1f
user20	599	46	1271441917452	0	0	7d53897142b735d477e18ba96a1f
user20	598	46	1271441917460	0	0	7d53897142b735d477e18ba96a1f
user20	598	46	1271441917748	1271441917668	1271441917748	7d53897142b735d477e18ba96a1f
