User	X	Y	MouseTimeStamp	MouseDownTimeStamp	MouseUpTimeStamp	SessionID
user10	429	221	1270398460243	0	0	9a5dc33328446013e570f70a601f
user10	438	221	1270398460252	0	0	9a5dc33328446013e570f70a601f
user10	439	220	1270398460283	0	0	9a5dc33328446013e570f70a601f
user10	439	220	1270398460807	0	0	9a5dc33328446013e570f70a601f
user10	440	220	1270398460841	0	0	9a5dc33328446013e570f70a601f
user10	441	220	1270398460849	0	0	9a5dc33328446013e570f70a601f
user10	443	222	1270398460857	0	0	9a5dc33328446013e570f70a601f
user10	445	223	1270398460865	0	0	9a5dc33328446013e570f70a601f
user10	447	224	1270398460873	0	0	9a5dc33328446013e570f70a601f
user10	450	224	1270398460881	0	0	9a5dc33328446013e570f70a601f
user10	453	224	1270398460889	0	0	9a5dc33328446013e570f70a601f
user10	457	225	1270398460897	0	0	9a5dc33328446013e570f70a601f
user10	461	225	1270398460905	0	0	9a5dc33328446013e570f70a601f
user10	467	226	1270398460913	0	0	9a5dc33328446013e570f70a601f
user10	474	226	1270398460921	0	0	9a5dc33328446013e570f70a601f
user10	482	226	1270398460929	0	0	9a5dc33328446013e570f70a601f
user10	491	229	1270398460938	0	0	9a5dc33328446013e570f70a601f
user10	501	231	1270398460945	0	0	9a5dc33328446013e570f70a601f
user10	513	233	1270398460953	0	0	9a5dc33328446013e570f70a601f
user10	525	234	1270398460961	0	0	9a5dc33328446013e570f70a601f
user10	538	234	1270398460969	0	0	9a5dc33328446013e570f70a601f
user10	553	235	1270398460977	0	0	9a5dc33328446013e570f70a601f
user10	567	235	1270398460985	0	0	9a5dc33328446013e570f70a601f
user10	581	235	1270398460993	0	0	9a5dc33328446013e570f70a601f
user10	595	235	1270398461001	0	0	9a5dc33328446013e570f70a601f
user10	608	235	1270398461009	0	0	9a5dc33328446013e570f70a601f
user10	623	235	1270398461017	0	0	9a5dc33328446013e570f70a601f
user10	636	235	1270398461025	0	0	9a5dc33328446013e570f70a601f
user10	651	235	1270398461033	0	0	9a5dc33328446013e570f70a601f
user10	663	235	1270398461041	0	0	9a5dc33328446013e570f70a601f
user10	674	235	1270398461049	0	0	9a5dc33328446013e570f70a601f
user10	685	232	1270398461059	0	0	9a5dc33328446013e570f70a601f
user10	695	228	1270398461065	0	0	9a5dc33328446013e570f70a601f
user10	702	224	1270398461073	0	0	9a5dc33328446013e570f70a601f
user10	708	219	1270398461081	0	0	9a5dc33328446013e570f70a601f
user10	712	215	1270398461089	0	0	9a5dc33328446013e570f70a601f
user10	713	215	1270398461097	0	0	9a5dc33328446013e570f70a601f
user10	714	213	1270398461106	0	0	9a5dc33328446013e570f70a601f
user10	715	213	1270398461113	0	0	9a5dc33328446013e570f70a601f
user10	715	212	1270398461137	0	0	9a5dc33328446013e570f70a601f
user10	715	211	1270398461145	0	0	9a5dc33328446013e570f70a601f
user10	714	210	1270398461153	0	0	9a5dc33328446013e570f70a601f
user10	713	207	1270398461161	0	0	9a5dc33328446013e570f70a601f
user10	712	204	1270398461172	0	0	9a5dc33328446013e570f70a601f
user10	711	201	1270398461177	0	0	9a5dc33328446013e570f70a601f
user10	709	197	1270398461185	0	0	9a5dc33328446013e570f70a601f
user10	708	193	1270398461193	0	0	9a5dc33328446013e570f70a601f
user10	707	191	1270398461202	0	0	9a5dc33328446013e570f70a601f
user10	707	188	1270398461209	0	0	9a5dc33328446013e570f70a601f
user10	706	185	1270398461220	0	0	9a5dc33328446013e570f70a601f
user10	705	183	1270398461229	0	0	9a5dc33328446013e570f70a601f
user10	704	181	1270398461236	0	0	9a5dc33328446013e570f70a601f
user10	703	180	1270398461242	0	0	9a5dc33328446013e570f70a601f
user10	702	178	1270398461249	0	0	9a5dc33328446013e570f70a601f
user10	699	177	1270398461257	0	0	9a5dc33328446013e570f70a601f
user10	697	176	1270398461265	0	0	9a5dc33328446013e570f70a601f
user10	696	175	1270398461273	0	0	9a5dc33328446013e570f70a601f
user10	694	175	1270398461282	0	0	9a5dc33328446013e570f70a601f
user10	692	175	1270398461289	0	0	9a5dc33328446013e570f70a601f
user10	691	175	1270398461297	0	0	9a5dc33328446013e570f70a601f
user10	689	175	1270398461313	0	0	9a5dc33328446013e570f70a601f
user10	689	176	1270398461321	0	0	9a5dc33328446013e570f70a601f
user10	688	176	1270398461329	0	0	9a5dc33328446013e570f70a601f
user10	688	176	1270398461570	1270398461505	1270398461570	9a5dc33328446013e570f70a601f
user10	689	176	1270398461593	0	0	9a5dc33328446013e570f70a601f
user10	690	176	1270398461601	0	0	9a5dc33328446013e570f70a601f
user10	690	175	1270398461641	0	0	9a5dc33328446013e570f70a601f
user10	690	174	1270398461649	0	0	9a5dc33328446013e570f70a601f
user10	690	172	1270398461657	0	0	9a5dc33328446013e570f70a601f
user10	691	171	1270398461665	0	0	9a5dc33328446013e570f70a601f
user10	693	170	1270398461673	0	0	9a5dc33328446013e570f70a601f
user10	694	169	1270398461689	0	0	9a5dc33328446013e570f70a601f
user10	696	169	1270398461697	0	0	9a5dc33328446013e570f70a601f
user10	698	171	1270398469257	0	0	9a5dc33328446013e570f70a601f
user10	701	175	1270398469267	0	0	9a5dc33328446013e570f70a601f
user10	706	180	1270398469276	0	0	9a5dc33328446013e570f70a601f
user10	711	185	1270398469286	0	0	9a5dc33328446013e570f70a601f
user10	714	189	1270398469295	0	0	9a5dc33328446013e570f70a601f
user10	717	194	1270398469303	0	0	9a5dc33328446013e570f70a601f
user10	719	196	1270398469307	0	0	9a5dc33328446013e570f70a601f
user10	722	200	1270398469318	0	0	9a5dc33328446013e570f70a601f
user10	724	203	1270398469322	0	0	9a5dc33328446013e570f70a601f
user10	727	207	1270398469330	0	0	9a5dc33328446013e570f70a601f
user10	732	211	1270398469338	0	0	9a5dc33328446013e570f70a601f
user10	735	214	1270398469346	0	0	9a5dc33328446013e570f70a601f
user10	739	218	1270398469353	0	0	9a5dc33328446013e570f70a601f
user10	744	222	1270398469361	0	0	9a5dc33328446013e570f70a601f
user10	746	225	1270398469370	0	0	9a5dc33328446013e570f70a601f
user10	751	230	1270398469377	0	0	9a5dc33328446013e570f70a601f
user10	755	234	1270398469385	0	0	9a5dc33328446013e570f70a601f
user10	758	236	1270398469395	0	0	9a5dc33328446013e570f70a601f
user10	761	240	1270398469402	0	0	9a5dc33328446013e570f70a601f
user10	762	241	1270398469409	0	0	9a5dc33328446013e570f70a601f
user10	764	243	1270398469418	0	0	9a5dc33328446013e570f70a601f
user10	766	246	1270398469425	0	0	9a5dc33328446013e570f70a601f
user10	767	247	1270398469433	0	0	9a5dc33328446013e570f70a601f
user10	769	249	1270398469441	0	0	9a5dc33328446013e570f70a601f
user10	770	251	1270398469449	0	0	9a5dc33328446013e570f70a601f
user10	771	252	1270398469458	0	0	9a5dc33328446013e570f70a601f
user10	772	254	1270398469465	0	0	9a5dc33328446013e570f70a601f
user10	772	255	1270398469481	0	0	9a5dc33328446013e570f70a601f
user10	772	256	1270398469489	0	0	9a5dc33328446013e570f70a601f
user10	772	257	1270398469498	0	0	9a5dc33328446013e570f70a601f
user10	772	258	1270398469521	0	0	9a5dc33328446013e570f70a601f
user10	771	258	1270398469529	0	0	9a5dc33328446013e570f70a601f
user10	770	259	1270398469539	0	0	9a5dc33328446013e570f70a601f
user10	770	261	1270398469545	0	0	9a5dc33328446013e570f70a601f
user10	768	262	1270398469553	0	0	9a5dc33328446013e570f70a601f
user10	768	264	1270398469563	0	0	9a5dc33328446013e570f70a601f
user10	767	268	1270398469569	0	0	9a5dc33328446013e570f70a601f
user10	767	270	1270398469577	0	0	9a5dc33328446013e570f70a601f
user10	765	273	1270398469585	0	0	9a5dc33328446013e570f70a601f
user10	764	275	1270398469593	0	0	9a5dc33328446013e570f70a601f
user10	763	277	1270398469601	0	0	9a5dc33328446013e570f70a601f
user10	762	279	1270398469609	0	0	9a5dc33328446013e570f70a601f
user10	761	279	1270398469617	0	0	9a5dc33328446013e570f70a601f
user10	760	279	1270398469625	0	0	9a5dc33328446013e570f70a601f
user10	759	279	1270398469633	0	0	9a5dc33328446013e570f70a601f
user10	758	279	1270398469641	0	0	9a5dc33328446013e570f70a601f
user10	757	280	1270398469649	0	0	9a5dc33328446013e570f70a601f
user10	757	281	1270398469657	0	0	9a5dc33328446013e570f70a601f
user10	755	281	1270398469665	0	0	9a5dc33328446013e570f70a601f
user10	755	282	1270398469673	0	0	9a5dc33328446013e570f70a601f
user10	754	282	1270398469681	0	0	9a5dc33328446013e570f70a601f
user10	754	283	1270398469689	0	0	9a5dc33328446013e570f70a601f
user10	753	283	1270398469697	0	0	9a5dc33328446013e570f70a601f
user10	752	283	1270398469705	0	0	9a5dc33328446013e570f70a601f
user10	751	283	1270398469737	0	0	9a5dc33328446013e570f70a601f
user10	751	282	1270398469745	0	0	9a5dc33328446013e570f70a601f
user10	750	281	1270398469753	0	0	9a5dc33328446013e570f70a601f
user10	749	281	1270398469801	0	0	9a5dc33328446013e570f70a601f
user10	748	281	1270398469809	0	0	9a5dc33328446013e570f70a601f
user10	748	281	1270398469929	1270398469849	1270398469929	9a5dc33328446013e570f70a601f
user10	237	48	1270398480786	0	0	9a5dc33328446013e570f70a601f
user10	237	48	1270398481274	0	0	9a5dc33328446013e570f70a601f
user10	239	48	1270398481529	0	0	9a5dc33328446013e570f70a601f
user10	247	51	1270398481553	0	0	9a5dc33328446013e570f70a601f
user10	253	54	1270398481573	0	0	9a5dc33328446013e570f70a601f
user10	257	54	1270398481581	0	0	9a5dc33328446013e570f70a601f
user10	261	55	1270398481586	0	0	9a5dc33328446013e570f70a601f
user10	267	57	1270398481602	0	0	9a5dc33328446013e570f70a601f
user10	272	59	1270398481616	0	0	9a5dc33328446013e570f70a601f
user10	276	61	1270398481619	0	0	9a5dc33328446013e570f70a601f
user10	288	70	1270398481635	0	0	9a5dc33328446013e570f70a601f
user10	297	76	1270398481641	0	0	9a5dc33328446013e570f70a601f
user10	305	84	1270398481653	0	0	9a5dc33328446013e570f70a601f
user10	323	95	1270398481666	0	0	9a5dc33328446013e570f70a601f
user10	330	100	1270398481678	0	0	9a5dc33328446013e570f70a601f
user10	346	108	1270398481689	0	0	9a5dc33328446013e570f70a601f
user10	351	112	1270398481700	0	0	9a5dc33328446013e570f70a601f
user10	362	119	1270398481713	0	0	9a5dc33328446013e570f70a601f
user10	368	123	1270398481723	0	0	9a5dc33328446013e570f70a601f
user10	381	135	1270398481738	0	0	9a5dc33328446013e570f70a601f
user10	389	143	1270398481750	0	0	9a5dc33328446013e570f70a601f
user10	396	148	1270398481752	0	0	9a5dc33328446013e570f70a601f
user10	404	153	1270398481762	0	0	9a5dc33328446013e570f70a601f
user10	410	159	1270398481771	0	0	9a5dc33328446013e570f70a601f
user10	416	163	1270398481781	0	0	9a5dc33328446013e570f70a601f
user10	425	167	1270398481794	0	0	9a5dc33328446013e570f70a601f
user10	429	169	1270398481803	0	0	9a5dc33328446013e570f70a601f
user10	432	170	1270398481813	0	0	9a5dc33328446013e570f70a601f
user10	436	172	1270398481823	0	0	9a5dc33328446013e570f70a601f
user10	438	174	1270398481825	0	0	9a5dc33328446013e570f70a601f
user10	442	176	1270398481834	0	0	9a5dc33328446013e570f70a601f
user10	447	178	1270398481844	0	0	9a5dc33328446013e570f70a601f
user10	454	184	1270398481856	0	0	9a5dc33328446013e570f70a601f
user10	458	186	1270398481867	0	0	9a5dc33328446013e570f70a601f
user10	463	188	1270398481876	0	0	9a5dc33328446013e570f70a601f
user10	467	188	1270398481885	0	0	9a5dc33328446013e570f70a601f
user10	471	189	1270398481894	0	0	9a5dc33328446013e570f70a601f
user10	473	189	1270398481897	0	0	9a5dc33328446013e570f70a601f
user10	475	189	1270398481906	0	0	9a5dc33328446013e570f70a601f
user10	475	187	1270398481916	0	0	9a5dc33328446013e570f70a601f
user10	476	187	1270398481925	0	0	9a5dc33328446013e570f70a601f
user10	476	186	1270398481937	0	0	9a5dc33328446013e570f70a601f
user10	476	185	1270398481953	0	0	9a5dc33328446013e570f70a601f
user10	477	185	1270398481963	0	0	9a5dc33328446013e570f70a601f
user10	478	185	1270398481984	0	0	9a5dc33328446013e570f70a601f
user10	479	184	1270398482000	0	0	9a5dc33328446013e570f70a601f
user10	480	183	1270398482016	0	0	9a5dc33328446013e570f70a601f
user10	480	182	1270398482025	0	0	9a5dc33328446013e570f70a601f
user10	480	181	1270398482035	0	0	9a5dc33328446013e570f70a601f
user10	481	180	1270398482044	0	0	9a5dc33328446013e570f70a601f
user10	481	179	1270398482056	0	0	9a5dc33328446013e570f70a601f
user10	481	178	1270398482069	0	0	9a5dc33328446013e570f70a601f
user10	481	177	1270398482078	0	0	9a5dc33328446013e570f70a601f
user10	480	175	1270398482088	0	0	9a5dc33328446013e570f70a601f
user10	480	175	1270398482249	1270398482152	1270398482249	9a5dc33328446013e570f70a601f
user10	512	189	1270398484168	0	0	9a5dc33328446013e570f70a601f
user10	512	188	1270398484216	0	0	9a5dc33328446013e570f70a601f
user10	511	188	1270398484368	0	0	9a5dc33328446013e570f70a601f
user10	509	188	1270398484379	0	0	9a5dc33328446013e570f70a601f
user10	508	188	1270398484389	0	0	9a5dc33328446013e570f70a601f
user10	505	188	1270398484404	0	0	9a5dc33328446013e570f70a601f
user10	500	188	1270398484418	0	0	9a5dc33328446013e570f70a601f
user10	499	186	1270398484430	0	0	9a5dc33328446013e570f70a601f
user10	495	185	1270398484433	0	0	9a5dc33328446013e570f70a601f
user10	493	185	1270398484445	0	0	9a5dc33328446013e570f70a601f
user10	492	184	1270398484448	0	0	9a5dc33328446013e570f70a601f
user10	491	184	1270398484461	0	0	9a5dc33328446013e570f70a601f
user10	489	183	1270398484464	0	0	9a5dc33328446013e570f70a601f
user10	489	183	1270398484483	0	0	9a5dc33328446013e570f70a601f
user10	488	183	1270398484520	0	0	9a5dc33328446013e570f70a601f
user10	488	182	1270398484535	0	0	9a5dc33328446013e570f70a601f
user10	487	182	1270398484539	0	0	9a5dc33328446013e570f70a601f
user10	486	182	1270398484551	0	0	9a5dc33328446013e570f70a601f
user10	485	181	1270398484554	0	0	9a5dc33328446013e570f70a601f
user10	484	180	1270398484565	0	0	9a5dc33328446013e570f70a601f
user10	480	178	1270398484580	0	0	9a5dc33328446013e570f70a601f
user10	479	178	1270398484591	0	0	9a5dc33328446013e570f70a601f
user10	475	175	1270398484602	0	0	9a5dc33328446013e570f70a601f
user10	473	173	1270398484619	0	0	9a5dc33328446013e570f70a601f
user10	471	172	1270398484633	0	0	9a5dc33328446013e570f70a601f
user10	471	171	1270398484643	0	0	9a5dc33328446013e570f70a601f
user10	470	171	1270398484664	0	0	9a5dc33328446013e570f70a601f
user10	470	171	1270398484840	1270398484760	1270398484840	9a5dc33328446013e570f70a601f
user10	468	146	1270398485832	0	0	9a5dc33328446013e570f70a601f
user10	469	145	1270398485844	0	0	9a5dc33328446013e570f70a601f
user10	469	144	1270398485855	0	0	9a5dc33328446013e570f70a601f
user10	469	142	1270398485857	0	0	9a5dc33328446013e570f70a601f
user10	469	141	1270398485867	0	0	9a5dc33328446013e570f70a601f
user10	469	138	1270398485880	0	0	9a5dc33328446013e570f70a601f
user10	469	135	1270398485882	0	0	9a5dc33328446013e570f70a601f
user10	469	131	1270398485894	0	0	9a5dc33328446013e570f70a601f
user10	468	127	1270398485896	0	0	9a5dc33328446013e570f70a601f
user10	467	124	1270398485908	0	0	9a5dc33328446013e570f70a601f
user10	462	120	1270398485918	0	0	9a5dc33328446013e570f70a601f
user10	457	117	1270398485921	0	0	9a5dc33328446013e570f70a601f
user10	451	113	1270398485931	0	0	9a5dc33328446013e570f70a601f
user10	445	110	1270398485942	0	0	9a5dc33328446013e570f70a601f
user10	440	107	1270398485944	0	0	9a5dc33328446013e570f70a601f
user10	435	105	1270398485953	0	0	9a5dc33328446013e570f70a601f
user10	428	105	1270398485963	0	0	9a5dc33328446013e570f70a601f
user10	425	105	1270398485973	0	0	9a5dc33328446013e570f70a601f
user10	423	105	1270398485976	0	0	9a5dc33328446013e570f70a601f
user10	422	105	1270398485985	0	0	9a5dc33328446013e570f70a601f
user10	421	106	1270398485994	0	0	9a5dc33328446013e570f70a601f
user10	421	107	1270398486008	0	0	9a5dc33328446013e570f70a601f
user10	421	108	1270398486016	0	0	9a5dc33328446013e570f70a601f
user10	422	109	1270398486032	0	0	9a5dc33328446013e570f70a601f
user10	424	110	1270398486042	0	0	9a5dc33328446013e570f70a601f
user10	426	111	1270398486050	0	0	9a5dc33328446013e570f70a601f
user10	429	112	1270398486060	0	0	9a5dc33328446013e570f70a601f
user10	430	112	1270398486068	0	0	9a5dc33328446013e570f70a601f
user10	430	111	1270398486077	0	0	9a5dc33328446013e570f70a601f
user10	431	110	1270398486089	0	0	9a5dc33328446013e570f70a601f
user10	431	109	1270398486136	0	0	9a5dc33328446013e570f70a601f
user10	430	109	1270398486152	0	0	9a5dc33328446013e570f70a601f
user10	429	108	1270398486162	0	0	9a5dc33328446013e570f70a601f
user10	428	107	1270398486176	0	0	9a5dc33328446013e570f70a601f
user10	427	107	1270398486184	0	0	9a5dc33328446013e570f70a601f
user10	426	106	1270398486200	0	0	9a5dc33328446013e570f70a601f
user10	425	106	1270398486216	0	0	9a5dc33328446013e570f70a601f
user10	424	105	1270398486232	0	0	9a5dc33328446013e570f70a601f
user10	424	105	1270398486251	0	0	9a5dc33328446013e570f70a601f
user10	425	106	1270398486304	0	0	9a5dc33328446013e570f70a601f
user10	426	109	1270398486312	0	0	9a5dc33328446013e570f70a601f
user10	431	112	1270398486320	0	0	9a5dc33328446013e570f70a601f
user10	436	116	1270398486330	0	0	9a5dc33328446013e570f70a601f
user10	441	118	1270398486339	0	0	9a5dc33328446013e570f70a601f
user10	445	121	1270398486350	0	0	9a5dc33328446013e570f70a601f
user10	449	125	1270398486352	0	0	9a5dc33328446013e570f70a601f
user10	452	127	1270398486363	0	0	9a5dc33328446013e570f70a601f
user10	455	129	1270398486372	0	0	9a5dc33328446013e570f70a601f
user10	457	132	1270398486380	0	0	9a5dc33328446013e570f70a601f
user10	458	134	1270398486390	0	0	9a5dc33328446013e570f70a601f
user10	461	137	1270398486398	0	0	9a5dc33328446013e570f70a601f
user10	462	138	1270398486400	0	0	9a5dc33328446013e570f70a601f
user10	466	142	1270398486410	0	0	9a5dc33328446013e570f70a601f
user10	468	144	1270398486420	0	0	9a5dc33328446013e570f70a601f
user10	471	147	1270398486430	0	0	9a5dc33328446013e570f70a601f
user10	473	150	1270398486432	0	0	9a5dc33328446013e570f70a601f
user10	475	152	1270398486443	0	0	9a5dc33328446013e570f70a601f
user10	477	153	1270398486451	0	0	9a5dc33328446013e570f70a601f
user10	478	155	1270398486461	0	0	9a5dc33328446013e570f70a601f
user10	479	155	1270398486469	0	0	9a5dc33328446013e570f70a601f
user10	479	156	1270398486478	0	0	9a5dc33328446013e570f70a601f
user10	479	157	1270398486496	0	0	9a5dc33328446013e570f70a601f
user10	479	158	1270398486560	0	0	9a5dc33328446013e570f70a601f
user10	478	158	1270398486584	0	0	9a5dc33328446013e570f70a601f
user10	478	159	1270398486616	0	0	9a5dc33328446013e570f70a601f
user10	478	160	1270398486640	0	0	9a5dc33328446013e570f70a601f
user10	478	161	1270398486649	0	0	9a5dc33328446013e570f70a601f
user10	478	162	1270398486658	0	0	9a5dc33328446013e570f70a601f
user10	478	164	1270398486666	0	0	9a5dc33328446013e570f70a601f
user10	478	165	1270398486680	0	0	9a5dc33328446013e570f70a601f
user10	478	167	1270398486692	0	0	9a5dc33328446013e570f70a601f
user10	479	168	1270398486720	0	0	9a5dc33328446013e570f70a601f
user10	479	168	1270398486881	1270398486792	1270398486881	9a5dc33328446013e570f70a601f
user10	284	58	1270398500142	0	0	9a5dc33328446013e570f70a601f
user10	285	58	1270398500383	0	0	9a5dc33328446013e570f70a601f
user10	285	56	1270398500393	0	0	9a5dc33328446013e570f70a601f
user10	286	56	1270398500407	0	0	9a5dc33328446013e570f70a601f
user10	288	54	1270398500423	0	0	9a5dc33328446013e570f70a601f
user10	289	53	1270398500439	0	0	9a5dc33328446013e570f70a601f
user10	291	53	1270398500450	0	0	9a5dc33328446013e570f70a601f
user10	293	52	1270398500460	0	0	9a5dc33328446013e570f70a601f
user10	295	50	1270398500469	0	0	9a5dc33328446013e570f70a601f
user10	297	50	1270398500471	0	0	9a5dc33328446013e570f70a601f
user10	301	49	1270398500481	0	0	9a5dc33328446013e570f70a601f
user10	304	48	1270398500491	0	0	9a5dc33328446013e570f70a601f
user10	307	48	1270398500503	0	0	9a5dc33328446013e570f70a601f
user10	310	47	1270398500505	0	0	9a5dc33328446013e570f70a601f
user10	314	47	1270398500516	0	0	9a5dc33328446013e570f70a601f
user10	317	47	1270398500526	0	0	9a5dc33328446013e570f70a601f
user10	321	47	1270398500528	0	0	9a5dc33328446013e570f70a601f
user10	323	46	1270398500542	0	0	9a5dc33328446013e570f70a601f
user10	328	46	1270398500544	0	0	9a5dc33328446013e570f70a601f
user10	337	46	1270398500561	0	0	9a5dc33328446013e570f70a601f
user10	341	46	1270398500569	0	0	9a5dc33328446013e570f70a601f
user10	344	46	1270398500575	0	0	9a5dc33328446013e570f70a601f
user10	349	46	1270398500587	0	0	9a5dc33328446013e570f70a601f
user10	352	46	1270398500597	0	0	9a5dc33328446013e570f70a601f
user10	355	46	1270398500605	0	0	9a5dc33328446013e570f70a601f
user10	358	46	1270398500614	0	0	9a5dc33328446013e570f70a601f
user10	360	47	1270398500615	0	0	9a5dc33328446013e570f70a601f
user10	361	48	1270398500627	0	0	9a5dc33328446013e570f70a601f
user10	362	48	1270398500638	0	0	9a5dc33328446013e570f70a601f
user10	363	48	1270398500640	0	0	9a5dc33328446013e570f70a601f
user10	363	49	1270398500650	0	0	9a5dc33328446013e570f70a601f
user10	364	49	1270398500659	0	0	9a5dc33328446013e570f70a601f
user10	366	49	1270398500679	0	0	9a5dc33328446013e570f70a601f
user10	366	48	1270398500687	0	0	9a5dc33328446013e570f70a601f
user10	367	47	1270398500697	0	0	9a5dc33328446013e570f70a601f
user10	368	47	1270398500706	0	0	9a5dc33328446013e570f70a601f
user10	369	47	1270398500716	0	0	9a5dc33328446013e570f70a601f
user10	370	47	1270398500725	0	0	9a5dc33328446013e570f70a601f
user10	371	47	1270398500733	0	0	9a5dc33328446013e570f70a601f
user10	372	47	1270398500742	0	0	9a5dc33328446013e570f70a601f
user10	372	46	1270398500751	0	0	9a5dc33328446013e570f70a601f
user10	373	46	1270398500767	0	0	9a5dc33328446013e570f70a601f
user10	372	46	1270398500903	0	0	9a5dc33328446013e570f70a601f
user10	370	46	1270398500911	0	0	9a5dc33328446013e570f70a601f
user10	368	46	1270398500919	0	0	9a5dc33328446013e570f70a601f
user10	365	49	1270398500928	0	0	9a5dc33328446013e570f70a601f
user10	360	53	1270398500936	0	0	9a5dc33328446013e570f70a601f
user10	355	59	1270398500946	0	0	9a5dc33328446013e570f70a601f
user10	348	66	1270398500956	0	0	9a5dc33328446013e570f70a601f
user10	338	80	1270398500969	0	0	9a5dc33328446013e570f70a601f
user10	335	87	1270398500982	0	0	9a5dc33328446013e570f70a601f
user10	334	90	1270398500985	0	0	9a5dc33328446013e570f70a601f
user10	333	93	1270398500995	0	0	9a5dc33328446013e570f70a601f
user10	333	94	1270398501004	0	0	9a5dc33328446013e570f70a601f
user10	333	96	1270398501014	0	0	9a5dc33328446013e570f70a601f
user10	335	98	1270398501016	0	0	9a5dc33328446013e570f70a601f
user10	338	100	1270398501029	0	0	9a5dc33328446013e570f70a601f
user10	343	105	1270398501032	0	0	9a5dc33328446013e570f70a601f
user10	350	110	1270398501040	0	0	9a5dc33328446013e570f70a601f
user10	358	116	1270398501050	0	0	9a5dc33328446013e570f70a601f
user10	366	121	1270398501059	0	0	9a5dc33328446013e570f70a601f
user10	374	126	1270398501068	0	0	9a5dc33328446013e570f70a601f
user10	382	132	1270398501077	0	0	9a5dc33328446013e570f70a601f
user10	388	136	1270398501079	0	0	9a5dc33328446013e570f70a601f
user10	394	139	1270398501088	0	0	9a5dc33328446013e570f70a601f
user10	401	144	1270398501099	0	0	9a5dc33328446013e570f70a601f
user10	407	148	1270398501106	0	0	9a5dc33328446013e570f70a601f
user10	413	152	1270398501117	0	0	9a5dc33328446013e570f70a601f
user10	420	157	1270398501119	0	0	9a5dc33328446013e570f70a601f
user10	426	162	1270398501128	0	0	9a5dc33328446013e570f70a601f
user10	432	166	1270398501136	0	0	9a5dc33328446013e570f70a601f
user10	436	171	1270398501146	0	0	9a5dc33328446013e570f70a601f
user10	443	174	1270398501154	0	0	9a5dc33328446013e570f70a601f
user10	450	177	1270398501165	0	0	9a5dc33328446013e570f70a601f
user10	454	179	1270398501175	0	0	9a5dc33328446013e570f70a601f
user10	460	181	1270398501177	0	0	9a5dc33328446013e570f70a601f
user10	466	182	1270398501187	0	0	9a5dc33328446013e570f70a601f
user10	469	182	1270398501197	0	0	9a5dc33328446013e570f70a601f
user10	472	182	1270398501205	0	0	9a5dc33328446013e570f70a601f
user10	472	181	1270398501375	0	0	9a5dc33328446013e570f70a601f
user10	472	180	1270398501389	0	0	9a5dc33328446013e570f70a601f
user10	472	179	1270398501391	0	0	9a5dc33328446013e570f70a601f
user10	472	178	1270398501404	0	0	9a5dc33328446013e570f70a601f
user10	471	177	1270398501413	0	0	9a5dc33328446013e570f70a601f
user10	471	176	1270398501421	0	0	9a5dc33328446013e570f70a601f
user10	471	173	1270398501434	0	0	9a5dc33328446013e570f70a601f
user10	471	171	1270398501443	0	0	9a5dc33328446013e570f70a601f
user10	471	170	1270398501463	0	0	9a5dc33328446013e570f70a601f
user10	472	170	1270398501479	0	0	9a5dc33328446013e570f70a601f
user10	472	170	1270398501608	1270398501488	1270398501608	9a5dc33328446013e570f70a601f
