User	X	Y	MouseTimeStamp	MouseDownTimeStamp	MouseUpTimeStamp	SessionID
user5	290	341	1272468479662	0	0	507f56e1ccefbda82d07a70b2c68
user5	291	341	1272468479694	0	0	507f56e1ccefbda82d07a70b2c68
user5	292	341	1272468479695	0	0	507f56e1ccefbda82d07a70b2c68
user5	294	341	1272468479709	0	0	507f56e1ccefbda82d07a70b2c68
user5	299	341	1272468479709	0	0	507f56e1ccefbda82d07a70b2c68
user5	306	338	1272468479725	0	0	507f56e1ccefbda82d07a70b2c68
user5	316	336	1272468479740	0	0	507f56e1ccefbda82d07a70b2c68
user5	324	334	1272468479747	0	0	507f56e1ccefbda82d07a70b2c68
user5	331	331	1272468479755	0	0	507f56e1ccefbda82d07a70b2c68
user5	338	329	1272468479755	0	0	507f56e1ccefbda82d07a70b2c68
user5	344	327	1272468479771	0	0	507f56e1ccefbda82d07a70b2c68
user5	350	324	1272468479787	0	0	507f56e1ccefbda82d07a70b2c68
user5	358	321	1272468479787	0	0	507f56e1ccefbda82d07a70b2c68
user5	368	318	1272468479797	0	0	507f56e1ccefbda82d07a70b2c68
user5	380	314	1272468479818	0	0	507f56e1ccefbda82d07a70b2c68
user5	394	310	1272468479818	0	0	507f56e1ccefbda82d07a70b2c68
user5	409	305	1272468479834	0	0	507f56e1ccefbda82d07a70b2c68
user5	426	300	1272468479849	0	0	507f56e1ccefbda82d07a70b2c68
user5	443	295	1272468479849	0	0	507f56e1ccefbda82d07a70b2c68
user5	456	292	1272468479865	0	0	507f56e1ccefbda82d07a70b2c68
user5	472	288	1272468479865	0	0	507f56e1ccefbda82d07a70b2c68
user5	493	284	1272468479876	0	0	507f56e1ccefbda82d07a70b2c68
user5	516	279	1272468479885	0	0	507f56e1ccefbda82d07a70b2c68
user5	545	275	1272468479896	0	0	507f56e1ccefbda82d07a70b2c68
user5	574	270	1272468479912	0	0	507f56e1ccefbda82d07a70b2c68
user5	600	267	1272468479927	0	0	507f56e1ccefbda82d07a70b2c68
user5	620	266	1272468479927	0	0	507f56e1ccefbda82d07a70b2c68
user5	640	264	1272468479937	0	0	507f56e1ccefbda82d07a70b2c68
user5	654	263	1272468479944	0	0	507f56e1ccefbda82d07a70b2c68
user5	664	262	1272468479960	0	0	507f56e1ccefbda82d07a70b2c68
user5	671	261	1272468479974	0	0	507f56e1ccefbda82d07a70b2c68
user5	673	260	1272468479975	0	0	507f56e1ccefbda82d07a70b2c68
user5	674	260	1272468479990	0	0	507f56e1ccefbda82d07a70b2c68
user5	669	260	1272468480012	0	0	507f56e1ccefbda82d07a70b2c68
user5	664	262	1272468480026	0	0	507f56e1ccefbda82d07a70b2c68
user5	654	267	1272468480037	0	0	507f56e1ccefbda82d07a70b2c68
user5	644	272	1272468480046	0	0	507f56e1ccefbda82d07a70b2c68
user5	632	278	1272468480058	0	0	507f56e1ccefbda82d07a70b2c68
user5	622	281	1272468480068	0	0	507f56e1ccefbda82d07a70b2c68
user5	620	282	1272468480068	0	0	507f56e1ccefbda82d07a70b2c68
user5	619	282	1272468480074	0	0	507f56e1ccefbda82d07a70b2c68
user5	628	282	1272468480174	0	0	507f56e1ccefbda82d07a70b2c68
user5	645	279	1272468480184	0	0	507f56e1ccefbda82d07a70b2c68
user5	666	275	1272468480194	0	0	507f56e1ccefbda82d07a70b2c68
user5	678	272	1272468480203	0	0	507f56e1ccefbda82d07a70b2c68
user5	695	266	1272468480213	0	0	507f56e1ccefbda82d07a70b2c68
user5	717	261	1272468480224	0	0	507f56e1ccefbda82d07a70b2c68
user5	741	255	1272468480234	0	0	507f56e1ccefbda82d07a70b2c68
user5	766	247	1272468480255	0	0	507f56e1ccefbda82d07a70b2c68
user5	785	241	1272468480255	0	0	507f56e1ccefbda82d07a70b2c68
user5	799	238	1272468480262	0	0	507f56e1ccefbda82d07a70b2c68
user5	811	236	1272468480287	0	0	507f56e1ccefbda82d07a70b2c68
user5	820	236	1272468480288	0	0	507f56e1ccefbda82d07a70b2c68
user5	830	237	1272468480297	0	0	507f56e1ccefbda82d07a70b2c68
user5	837	239	1272468480307	0	0	507f56e1ccefbda82d07a70b2c68
user5	843	243	1272468480320	0	0	507f56e1ccefbda82d07a70b2c68
user5	846	246	1272468480326	0	0	507f56e1ccefbda82d07a70b2c68
user5	850	250	1272468480334	0	0	507f56e1ccefbda82d07a70b2c68
user5	852	252	1272468480350	0	0	507f56e1ccefbda82d07a70b2c68
user5	854	254	1272468480365	0	0	507f56e1ccefbda82d07a70b2c68
user5	856	254	1272468480365	0	0	507f56e1ccefbda82d07a70b2c68
user5	857	254	1272468480380	0	0	507f56e1ccefbda82d07a70b2c68
user5	858	254	1272468480392	0	0	507f56e1ccefbda82d07a70b2c68
user5	858	253	1272468480396	0	0	507f56e1ccefbda82d07a70b2c68
user5	859	252	1272468480407	0	0	507f56e1ccefbda82d07a70b2c68
user5	859	249	1272468480415	0	0	507f56e1ccefbda82d07a70b2c68
user5	859	246	1272468480428	0	0	507f56e1ccefbda82d07a70b2c68
user5	858	242	1272468480435	0	0	507f56e1ccefbda82d07a70b2c68
user5	857	237	1272468480443	0	0	507f56e1ccefbda82d07a70b2c68
user5	857	234	1272468480459	0	0	507f56e1ccefbda82d07a70b2c68
user5	857	230	1272468480469	0	0	507f56e1ccefbda82d07a70b2c68
user5	857	227	1272468480481	0	0	507f56e1ccefbda82d07a70b2c68
user5	857	223	1272468480493	0	0	507f56e1ccefbda82d07a70b2c68
user5	857	218	1272468480499	0	0	507f56e1ccefbda82d07a70b2c68
user5	857	215	1272468480511	0	0	507f56e1ccefbda82d07a70b2c68
user5	857	212	1272468480521	0	0	507f56e1ccefbda82d07a70b2c68
user5	857	209	1272468480521	0	0	507f56e1ccefbda82d07a70b2c68
user5	857	207	1272468480538	0	0	507f56e1ccefbda82d07a70b2c68
user5	857	205	1272468480554	0	0	507f56e1ccefbda82d07a70b2c68
user5	858	203	1272468480562	0	0	507f56e1ccefbda82d07a70b2c68
user5	859	201	1272468480572	0	0	507f56e1ccefbda82d07a70b2c68
user5	862	199	1272468480584	0	0	507f56e1ccefbda82d07a70b2c68
user5	865	197	1272468480594	0	0	507f56e1ccefbda82d07a70b2c68
user5	871	195	1272468480603	0	0	507f56e1ccefbda82d07a70b2c68
user5	875	194	1272468480613	0	0	507f56e1ccefbda82d07a70b2c68
user5	879	193	1272468480615	0	0	507f56e1ccefbda82d07a70b2c68
user5	882	193	1272468480630	0	0	507f56e1ccefbda82d07a70b2c68
user5	883	193	1272468480630	0	0	507f56e1ccefbda82d07a70b2c68
user5	883	192	1272468480653	0	0	507f56e1ccefbda82d07a70b2c68
user5	882	192	1272468480659	0	0	507f56e1ccefbda82d07a70b2c68
user5	881	192	1272468480668	0	0	507f56e1ccefbda82d07a70b2c68
user5	881	191	1272468480693	0	0	507f56e1ccefbda82d07a70b2c68
user5	881	190	1272468480755	0	0	507f56e1ccefbda82d07a70b2c68
user5	881	183	1272468481037	0	0	507f56e1ccefbda82d07a70b2c68
user5	881	183	1272468481037	1272468481037	1272468481037	507f56e1ccefbda82d07a70b2c68
user5	881	182	1272468481080	0	0	507f56e1ccefbda82d07a70b2c68
user5	880	182	1272468484365	0	0	507f56e1ccefbda82d07a70b2c68
user5	876	182	1272468484365	0	0	507f56e1ccefbda82d07a70b2c68
user5	867	182	1272468484380	0	0	507f56e1ccefbda82d07a70b2c68
user5	858	180	1272468484380	0	0	507f56e1ccefbda82d07a70b2c68
user5	848	177	1272468484389	0	0	507f56e1ccefbda82d07a70b2c68
user5	844	176	1272468484412	0	0	507f56e1ccefbda82d07a70b2c68
user5	841	176	1272468484422	0	0	507f56e1ccefbda82d07a70b2c68
user5	844	175	1272468487834	0	0	507f56e1ccefbda82d07a70b2c68
user5	846	174	1272468487865	0	0	507f56e1ccefbda82d07a70b2c68
user5	845	175	1272468487927	0	0	507f56e1ccefbda82d07a70b2c68
user5	844	176	1272468487927	0	0	507f56e1ccefbda82d07a70b2c68
user5	844	178	1272468487966	0	0	507f56e1ccefbda82d07a70b2c68
user5	844	180	1272468487977	0	0	507f56e1ccefbda82d07a70b2c68
user5	846	184	1272468487990	0	0	507f56e1ccefbda82d07a70b2c68
user5	849	190	1272468488005	0	0	507f56e1ccefbda82d07a70b2c68
user5	854	197	1272468488005	0	0	507f56e1ccefbda82d07a70b2c68
user5	859	206	1272468488023	0	0	507f56e1ccefbda82d07a70b2c68
user5	865	215	1272468488037	0	0	507f56e1ccefbda82d07a70b2c68
user5	873	225	1272468488037	0	0	507f56e1ccefbda82d07a70b2c68
user5	879	233	1272468488052	0	0	507f56e1ccefbda82d07a70b2c68
user5	884	241	1272468488061	0	0	507f56e1ccefbda82d07a70b2c68
user5	887	245	1272468488068	0	0	507f56e1ccefbda82d07a70b2c68
user5	889	249	1272468488084	0	0	507f56e1ccefbda82d07a70b2c68
user5	890	251	1272468488099	0	0	507f56e1ccefbda82d07a70b2c68
user5	890	253	1272468488099	0	0	507f56e1ccefbda82d07a70b2c68
user5	890	255	1272468488119	0	0	507f56e1ccefbda82d07a70b2c68
user5	889	256	1272468488130	0	0	507f56e1ccefbda82d07a70b2c68
user5	889	257	1272468488180	0	0	507f56e1ccefbda82d07a70b2c68
user5	889	258	1272468488212	0	0	507f56e1ccefbda82d07a70b2c68
user5	889	259	1272468488220	0	0	507f56e1ccefbda82d07a70b2c68
user5	889	262	1272468488224	0	0	507f56e1ccefbda82d07a70b2c68
user5	890	265	1272468488241	0	0	507f56e1ccefbda82d07a70b2c68
user5	892	270	1272468488255	0	0	507f56e1ccefbda82d07a70b2c68
user5	895	276	1272468488255	0	0	507f56e1ccefbda82d07a70b2c68
user5	897	280	1272468488268	0	0	507f56e1ccefbda82d07a70b2c68
user5	899	282	1272468488275	0	0	507f56e1ccefbda82d07a70b2c68
user5	900	284	1272468488287	0	0	507f56e1ccefbda82d07a70b2c68
user5	901	284	1272468488302	0	0	507f56e1ccefbda82d07a70b2c68
user5	901	283	1272468488427	0	0	507f56e1ccefbda82d07a70b2c68
user5	901	282	1272468488443	0	0	507f56e1ccefbda82d07a70b2c68
user5	901	281	1272468488474	0	0	507f56e1ccefbda82d07a70b2c68
user5	901	280	1272468488474	0	0	507f56e1ccefbda82d07a70b2c68
user5	901	278	1272468488490	0	0	507f56e1ccefbda82d07a70b2c68
user5	901	277	1272468488498	0	0	507f56e1ccefbda82d07a70b2c68
user5	901	275	1272468488505	0	0	507f56e1ccefbda82d07a70b2c68
user5	902	275	1272468488514	0	0	507f56e1ccefbda82d07a70b2c68
user5	902	275	1272468488615	1272468488568	1272468488615	507f56e1ccefbda82d07a70b2c68
user5	801	21	1272468517755	0	0	507f56e1ccefbda82d07a70b2c68
user5	754	39	1272468517771	0	0	507f56e1ccefbda82d07a70b2c68
user5	717	57	1272468517778	0	0	507f56e1ccefbda82d07a70b2c68
user5	683	75	1272468517787	0	0	507f56e1ccefbda82d07a70b2c68
user5	651	93	1272468517802	0	0	507f56e1ccefbda82d07a70b2c68
user5	624	108	1272468517812	0	0	507f56e1ccefbda82d07a70b2c68
user5	597	125	1272468517818	0	0	507f56e1ccefbda82d07a70b2c68
user5	576	137	1272468517834	0	0	507f56e1ccefbda82d07a70b2c68
user5	557	148	1272468517844	0	0	507f56e1ccefbda82d07a70b2c68
user5	541	159	1272468517849	0	0	507f56e1ccefbda82d07a70b2c68
user5	529	169	1272468517865	0	0	507f56e1ccefbda82d07a70b2c68
user5	519	175	1272468517872	0	0	507f56e1ccefbda82d07a70b2c68
user5	511	182	1272468517880	0	0	507f56e1ccefbda82d07a70b2c68
user5	503	188	1272468517881	0	0	507f56e1ccefbda82d07a70b2c68
user5	496	195	1272468517896	0	0	507f56e1ccefbda82d07a70b2c68
user5	491	200	1272468517905	0	0	507f56e1ccefbda82d07a70b2c68
user5	486	204	1272468517915	0	0	507f56e1ccefbda82d07a70b2c68
user5	482	207	1272468517927	0	0	507f56e1ccefbda82d07a70b2c68
user5	481	209	1272468517927	0	0	507f56e1ccefbda82d07a70b2c68
user5	481	210	1272468517937	0	0	507f56e1ccefbda82d07a70b2c68
user5	480	210	1272468517959	0	0	507f56e1ccefbda82d07a70b2c68
user5	480	211	1272468517996	0	0	507f56e1ccefbda82d07a70b2c68
user5	483	209	1272468518178	0	0	507f56e1ccefbda82d07a70b2c68
user5	484	208	1272468518193	0	0	507f56e1ccefbda82d07a70b2c68
user5	485	207	1272468518209	0	0	507f56e1ccefbda82d07a70b2c68
user5	484	207	1272468518287	0	0	507f56e1ccefbda82d07a70b2c68
user5	483	207	1272468518318	0	0	507f56e1ccefbda82d07a70b2c68
user5	482	207	1272468518350	0	0	507f56e1ccefbda82d07a70b2c68
user5	481	207	1272468518359	0	0	507f56e1ccefbda82d07a70b2c68
user5	480	207	1272468518394	0	0	507f56e1ccefbda82d07a70b2c68
user5	479	207	1272468518607	0	0	507f56e1ccefbda82d07a70b2c68
user5	478	207	1272468518631	0	0	507f56e1ccefbda82d07a70b2c68
user5	477	207	1272468518677	0	0	507f56e1ccefbda82d07a70b2c68
user5	476	207	1272468518865	0	0	507f56e1ccefbda82d07a70b2c68
user5	473	205	1272468521784	0	0	507f56e1ccefbda82d07a70b2c68
user5	472	205	1272468521824	0	0	507f56e1ccefbda82d07a70b2c68
user5	471	205	1272468521897	0	0	507f56e1ccefbda82d07a70b2c68
user5	470	205	1272468522085	0	0	507f56e1ccefbda82d07a70b2c68
user5	470	204	1272468522459	0	0	507f56e1ccefbda82d07a70b2c68
user5	469	204	1272468522843	0	0	507f56e1ccefbda82d07a70b2c68
user5	469	203	1272468522865	0	0	507f56e1ccefbda82d07a70b2c68
user5	469	202	1272468522927	0	0	507f56e1ccefbda82d07a70b2c68
user5	468	202	1272468522966	0	0	507f56e1ccefbda82d07a70b2c68
user5	467	201	1272468523005	0	0	507f56e1ccefbda82d07a70b2c68
user5	466	201	1272468523052	0	0	507f56e1ccefbda82d07a70b2c68
user5	465	201	1272468523111	0	0	507f56e1ccefbda82d07a70b2c68
user5	465	200	1272468523130	0	0	507f56e1ccefbda82d07a70b2c68
user5	464	200	1272468523169	0	0	507f56e1ccefbda82d07a70b2c68
user5	463	200	1272468523318	0	0	507f56e1ccefbda82d07a70b2c68
user5	463	199	1272468523397	0	0	507f56e1ccefbda82d07a70b2c68
user5	464	200	1272468523467	0	0	507f56e1ccefbda82d07a70b2c68
user5	467	201	1272468523474	0	0	507f56e1ccefbda82d07a70b2c68
user5	469	201	1272468523491	0	0	507f56e1ccefbda82d07a70b2c68
user5	470	201	1272468523497	0	0	507f56e1ccefbda82d07a70b2c68
user5	472	201	1272468523505	0	0	507f56e1ccefbda82d07a70b2c68
user5	474	201	1272468523514	0	0	507f56e1ccefbda82d07a70b2c68
user5	478	203	1272468523599	0	0	507f56e1ccefbda82d07a70b2c68
user5	479	203	1272468523615	0	0	507f56e1ccefbda82d07a70b2c68
user5	480	203	1272468523630	0	0	507f56e1ccefbda82d07a70b2c68
user5	481	202	1272468523646	0	0	507f56e1ccefbda82d07a70b2c68
user5	481	201	1272468523662	0	0	507f56e1ccefbda82d07a70b2c68
user5	481	200	1272468523666	0	0	507f56e1ccefbda82d07a70b2c68
user5	481	198	1272468523675	0	0	507f56e1ccefbda82d07a70b2c68
user5	481	195	1272468523685	0	0	507f56e1ccefbda82d07a70b2c68
user5	481	190	1272468523709	0	0	507f56e1ccefbda82d07a70b2c68
user5	481	182	1272468523718	0	0	507f56e1ccefbda82d07a70b2c68
user5	476	154	1272468523724	0	0	507f56e1ccefbda82d07a70b2c68
user5	470	135	1272468523740	0	0	507f56e1ccefbda82d07a70b2c68
user5	463	116	1272468523749	0	0	507f56e1ccefbda82d07a70b2c68
user5	457	98	1272468523759	0	0	507f56e1ccefbda82d07a70b2c68
user5	449	83	1272468523771	0	0	507f56e1ccefbda82d07a70b2c68
user5	445	72	1272468523787	0	0	507f56e1ccefbda82d07a70b2c68
user5	440	62	1272468523787	0	0	507f56e1ccefbda82d07a70b2c68
user5	437	54	1272468523797	0	0	507f56e1ccefbda82d07a70b2c68
user5	435	49	1272468523818	0	0	507f56e1ccefbda82d07a70b2c68
user5	434	45	1272468523818	0	0	507f56e1ccefbda82d07a70b2c68
user5	434	43	1272468523834	0	0	507f56e1ccefbda82d07a70b2c68
user5	434	41	1272468523843	0	0	507f56e1ccefbda82d07a70b2c68
user5	433	39	1272468523849	0	0	507f56e1ccefbda82d07a70b2c68
user5	433	38	1272468523858	0	0	507f56e1ccefbda82d07a70b2c68
user5	433	37	1272468523865	0	0	507f56e1ccefbda82d07a70b2c68
user5	433	35	1272468523880	0	0	507f56e1ccefbda82d07a70b2c68
user5	432	35	1272468523999	0	0	507f56e1ccefbda82d07a70b2c68
user5	431	35	1272468524005	0	0	507f56e1ccefbda82d07a70b2c68
user5	430	36	1272468524021	0	0	507f56e1ccefbda82d07a70b2c68
user5	429	38	1272468524037	0	0	507f56e1ccefbda82d07a70b2c68
user5	429	39	1272468524037	0	0	507f56e1ccefbda82d07a70b2c68
user5	427	41	1272468524052	0	0	507f56e1ccefbda82d07a70b2c68
user5	427	43	1272468524052	0	0	507f56e1ccefbda82d07a70b2c68
user5	426	44	1272468524068	0	0	507f56e1ccefbda82d07a70b2c68
user5	425	45	1272468524081	0	0	507f56e1ccefbda82d07a70b2c68
user5	425	47	1272468524099	0	0	507f56e1ccefbda82d07a70b2c68
user5	425	48	1272468524108	0	0	507f56e1ccefbda82d07a70b2c68
user5	425	50	1272468524123	0	0	507f56e1ccefbda82d07a70b2c68
user5	425	51	1272468524162	0	0	507f56e1ccefbda82d07a70b2c68
user5	425	52	1272468524834	0	0	507f56e1ccefbda82d07a70b2c68
user5	425	53	1272468524896	0	0	507f56e1ccefbda82d07a70b2c68
user5	425	54	1272468525147	0	0	507f56e1ccefbda82d07a70b2c68
user5	423	55	1272468525166	0	0	507f56e1ccefbda82d07a70b2c68
user5	422	59	1272468525177	0	0	507f56e1ccefbda82d07a70b2c68
user5	420	62	1272468525189	0	0	507f56e1ccefbda82d07a70b2c68
user5	409	79	1272468525193	0	0	507f56e1ccefbda82d07a70b2c68
user5	403	89	1272468525209	0	0	507f56e1ccefbda82d07a70b2c68
user5	396	100	1272468525224	0	0	507f56e1ccefbda82d07a70b2c68
user5	389	110	1272468525225	0	0	507f56e1ccefbda82d07a70b2c68
user5	384	120	1272468525240	0	0	507f56e1ccefbda82d07a70b2c68
user5	378	127	1272468525255	0	0	507f56e1ccefbda82d07a70b2c68
user5	374	133	1272468525265	0	0	507f56e1ccefbda82d07a70b2c68
user5	370	139	1272468525275	0	0	507f56e1ccefbda82d07a70b2c68
user5	367	144	1272468525287	0	0	507f56e1ccefbda82d07a70b2c68
user5	364	148	1272468525301	0	0	507f56e1ccefbda82d07a70b2c68
user5	362	150	1272468525302	0	0	507f56e1ccefbda82d07a70b2c68
user5	359	152	1272468525307	0	0	507f56e1ccefbda82d07a70b2c68
user5	357	155	1272468525318	0	0	507f56e1ccefbda82d07a70b2c68
user5	353	158	1272468525349	0	0	507f56e1ccefbda82d07a70b2c68
user5	352	159	1272468525356	0	0	507f56e1ccefbda82d07a70b2c68
user5	351	160	1272468525365	0	0	507f56e1ccefbda82d07a70b2c68
user5	349	162	1272468525370	0	0	507f56e1ccefbda82d07a70b2c68
user5	348	163	1272468525380	0	0	507f56e1ccefbda82d07a70b2c68
user5	348	164	1272468525396	0	0	507f56e1ccefbda82d07a70b2c68
user5	347	164	1272468525397	0	0	507f56e1ccefbda82d07a70b2c68
user5	347	165	1272468525412	0	0	507f56e1ccefbda82d07a70b2c68
user5	347	166	1272468525435	0	0	507f56e1ccefbda82d07a70b2c68
user5	346	166	1272468525443	0	0	507f56e1ccefbda82d07a70b2c68
user5	346	167	1272468525459	0	0	507f56e1ccefbda82d07a70b2c68
user5	345	169	1272468525474	0	0	507f56e1ccefbda82d07a70b2c68
user5	345	170	1272468525487	0	0	507f56e1ccefbda82d07a70b2c68
user5	345	172	1272468525505	0	0	507f56e1ccefbda82d07a70b2c68
user5	344	173	1272468525505	0	0	507f56e1ccefbda82d07a70b2c68
user5	344	174	1272468525521	0	0	507f56e1ccefbda82d07a70b2c68
user5	344	175	1272468525537	0	0	507f56e1ccefbda82d07a70b2c68
user5	344	176	1272468525552	0	0	507f56e1ccefbda82d07a70b2c68
user5	344	177	1272468525572	0	0	507f56e1ccefbda82d07a70b2c68
user5	343	178	1272468525615	0	0	507f56e1ccefbda82d07a70b2c68
user5	342	178	1272468525630	0	0	507f56e1ccefbda82d07a70b2c68
user5	342	178	1272468525787	1272468525670	1272468525787	507f56e1ccefbda82d07a70b2c68
user5	342	176	1272468525880	0	0	507f56e1ccefbda82d07a70b2c68
user5	343	173	1272468525880	0	0	507f56e1ccefbda82d07a70b2c68
user5	344	170	1272468525890	0	0	507f56e1ccefbda82d07a70b2c68
user5	345	168	1272468525912	0	0	507f56e1ccefbda82d07a70b2c68
user5	349	168	1272468529853	0	0	507f56e1ccefbda82d07a70b2c68
user5	353	168	1272468529866	0	0	507f56e1ccefbda82d07a70b2c68
user5	357	168	1272468529880	0	0	507f56e1ccefbda82d07a70b2c68
user5	361	168	1272468529880	0	0	507f56e1ccefbda82d07a70b2c68
user5	367	168	1272468529890	0	0	507f56e1ccefbda82d07a70b2c68
user5	372	168	1272468529912	0	0	507f56e1ccefbda82d07a70b2c68
user5	377	170	1272468529923	0	0	507f56e1ccefbda82d07a70b2c68
user5	380	172	1272468529927	0	0	507f56e1ccefbda82d07a70b2c68
user5	385	173	1272468529927	0	0	507f56e1ccefbda82d07a70b2c68
user5	388	173	1272468529943	0	0	507f56e1ccefbda82d07a70b2c68
user5	391	173	1272468529953	0	0	507f56e1ccefbda82d07a70b2c68
user5	394	173	1272468529974	0	0	507f56e1ccefbda82d07a70b2c68
user5	395	173	1272468529974	0	0	507f56e1ccefbda82d07a70b2c68
user5	397	173	1272468530019	0	0	507f56e1ccefbda82d07a70b2c68
user5	401	174	1272468530037	0	0	507f56e1ccefbda82d07a70b2c68
user5	408	177	1272468530042	0	0	507f56e1ccefbda82d07a70b2c68
user5	418	180	1272468530052	0	0	507f56e1ccefbda82d07a70b2c68
user5	429	184	1272468530068	0	0	507f56e1ccefbda82d07a70b2c68
user5	440	188	1272468530076	0	0	507f56e1ccefbda82d07a70b2c68
user5	464	198	1272468530120	0	0	507f56e1ccefbda82d07a70b2c68
user5	469	199	1272468530130	0	0	507f56e1ccefbda82d07a70b2c68
user5	479	202	1272468530148	0	0	507f56e1ccefbda82d07a70b2c68
user5	497	205	1272468530193	0	0	507f56e1ccefbda82d07a70b2c68
user5	498	205	1272468530196	0	0	507f56e1ccefbda82d07a70b2c68
user5	499	205	1272468530225	0	0	507f56e1ccefbda82d07a70b2c68
user5	500	206	1272468530228	0	0	507f56e1ccefbda82d07a70b2c68
user5	503	206	1272468530240	0	0	507f56e1ccefbda82d07a70b2c68
user5	505	208	1272468530240	0	0	507f56e1ccefbda82d07a70b2c68
user5	508	209	1272468530255	0	0	507f56e1ccefbda82d07a70b2c68
user5	510	210	1272468530255	0	0	507f56e1ccefbda82d07a70b2c68
user5	512	211	1272468530266	0	0	507f56e1ccefbda82d07a70b2c68
user5	512	212	1272468530318	0	0	507f56e1ccefbda82d07a70b2c68
user5	512	213	1272468530318	0	0	507f56e1ccefbda82d07a70b2c68
user5	512	214	1272468530333	0	0	507f56e1ccefbda82d07a70b2c68
user5	512	215	1272468530358	0	0	507f56e1ccefbda82d07a70b2c68
user5	512	216	1272468530365	0	0	507f56e1ccefbda82d07a70b2c68
user5	513	217	1272468530397	0	0	507f56e1ccefbda82d07a70b2c68
user5	531	227	1272468530521	0	0	507f56e1ccefbda82d07a70b2c68
user5	539	224	1272468530646	0	0	507f56e1ccefbda82d07a70b2c68
user5	539	224	1272468531771	1272468531599	1272468531771	507f56e1ccefbda82d07a70b2c68
user5	795	12	1272468550749	0	0	507f56e1ccefbda82d07a70b2c68
user5	755	23	1272468550750	0	0	507f56e1ccefbda82d07a70b2c68
user5	717	32	1272468550755	0	0	507f56e1ccefbda82d07a70b2c68
user5	682	39	1272468550755	0	0	507f56e1ccefbda82d07a70b2c68
user5	651	42	1272468550771	0	0	507f56e1ccefbda82d07a70b2c68
user5	623	45	1272468550780	0	0	507f56e1ccefbda82d07a70b2c68
user5	597	48	1272468550788	0	0	507f56e1ccefbda82d07a70b2c68
user5	574	51	1272468550798	0	0	507f56e1ccefbda82d07a70b2c68
user5	556	54	1272468550814	0	0	507f56e1ccefbda82d07a70b2c68
user5	544	55	1272468550818	0	0	507f56e1ccefbda82d07a70b2c68
user5	535	57	1272468550828	0	0	507f56e1ccefbda82d07a70b2c68
user5	526	59	1272468550838	0	0	507f56e1ccefbda82d07a70b2c68
user5	521	61	1272468550849	0	0	507f56e1ccefbda82d07a70b2c68
user5	516	62	1272468550865	0	0	507f56e1ccefbda82d07a70b2c68
user5	512	63	1272468550865	0	0	507f56e1ccefbda82d07a70b2c68
user5	509	65	1272468550880	0	0	507f56e1ccefbda82d07a70b2c68
user5	504	66	1272468550880	0	0	507f56e1ccefbda82d07a70b2c68
user5	500	68	1272468550896	0	0	507f56e1ccefbda82d07a70b2c68
user5	492	69	1272468550912	0	0	507f56e1ccefbda82d07a70b2c68
user5	489	70	1272468550927	0	0	507f56e1ccefbda82d07a70b2c68
user5	485	71	1272468550943	0	0	507f56e1ccefbda82d07a70b2c68
user5	481	71	1272468550943	0	0	507f56e1ccefbda82d07a70b2c68
user5	476	71	1272468550959	0	0	507f56e1ccefbda82d07a70b2c68
user5	471	72	1272468550974	0	0	507f56e1ccefbda82d07a70b2c68
user5	468	73	1272468550980	0	0	507f56e1ccefbda82d07a70b2c68
user5	466	73	1272468550990	0	0	507f56e1ccefbda82d07a70b2c68
user5	467	72	1272468551052	0	0	507f56e1ccefbda82d07a70b2c68
user5	470	70	1272468551052	0	0	507f56e1ccefbda82d07a70b2c68
user5	472	69	1272468551068	0	0	507f56e1ccefbda82d07a70b2c68
user5	472	68	1272468551084	0	0	507f56e1ccefbda82d07a70b2c68
user5	445	62	1272468552999	0	0	507f56e1ccefbda82d07a70b2c68
user5	445	62	1272468553000	1272468552999	1272468553000	507f56e1ccefbda82d07a70b2c68
user5	469	162	1272468554677	0	0	507f56e1ccefbda82d07a70b2c68
user5	470	164	1272468554677	0	0	507f56e1ccefbda82d07a70b2c68
user5	473	166	1272468554693	0	0	507f56e1ccefbda82d07a70b2c68
user5	478	169	1272468554693	0	0	507f56e1ccefbda82d07a70b2c68
user5	484	171	1272468554709	0	0	507f56e1ccefbda82d07a70b2c68
user5	491	173	1272468554719	0	0	507f56e1ccefbda82d07a70b2c68
user5	500	175	1272468554743	0	0	507f56e1ccefbda82d07a70b2c68
user5	518	177	1272468554740	0	0	507f56e1ccefbda82d07a70b2c68
user5	526	177	1272468554750	0	0	507f56e1ccefbda82d07a70b2c68
user5	531	177	1272468554771	0	0	507f56e1ccefbda82d07a70b2c68
user5	536	177	1272468554771	0	0	507f56e1ccefbda82d07a70b2c68
user5	539	176	1272468554781	0	0	507f56e1ccefbda82d07a70b2c68
user5	543	176	1272468554791	0	0	507f56e1ccefbda82d07a70b2c68
user5	545	175	1272468554801	0	0	507f56e1ccefbda82d07a70b2c68
user5	548	175	1272468554818	0	0	507f56e1ccefbda82d07a70b2c68
user5	550	174	1272468554834	0	0	507f56e1ccefbda82d07a70b2c68
user5	552	173	1272468554843	0	0	507f56e1ccefbda82d07a70b2c68
user5	554	172	1272468554849	0	0	507f56e1ccefbda82d07a70b2c68
user5	555	172	1272468554865	0	0	507f56e1ccefbda82d07a70b2c68
user5	556	172	1272468554865	0	0	507f56e1ccefbda82d07a70b2c68
user5	556	171	1272468554880	0	0	507f56e1ccefbda82d07a70b2c68
user5	556	170	1272468554912	0	0	507f56e1ccefbda82d07a70b2c68
user5	556	170	1272468555044	1272468554939	1272468555044	507f56e1ccefbda82d07a70b2c68
user5	551	172	1272468556771	0	0	507f56e1ccefbda82d07a70b2c68
user5	551	172	1272468556860	1272468556771	1272468556860	507f56e1ccefbda82d07a70b2c68
user5	552	172	1272468558108	0	0	507f56e1ccefbda82d07a70b2c68
user5	552	171	1272468558130	0	0	507f56e1ccefbda82d07a70b2c68
user5	553	171	1272468558162	0	0	507f56e1ccefbda82d07a70b2c68
user5	554	170	1272468558171	0	0	507f56e1ccefbda82d07a70b2c68
user5	556	170	1272468558195	0	0	507f56e1ccefbda82d07a70b2c68
user5	558	169	1272468558209	0	0	507f56e1ccefbda82d07a70b2c68
user5	559	169	1272468558217	0	0	507f56e1ccefbda82d07a70b2c68
user5	561	168	1272468558227	0	0	507f56e1ccefbda82d07a70b2c68
user5	562	168	1272468558237	0	0	507f56e1ccefbda82d07a70b2c68
user5	564	168	1272468558247	0	0	507f56e1ccefbda82d07a70b2c68
user5	567	167	1272468558255	0	0	507f56e1ccefbda82d07a70b2c68
user5	572	167	1272468558255	0	0	507f56e1ccefbda82d07a70b2c68
user5	577	167	1272468558271	0	0	507f56e1ccefbda82d07a70b2c68
user5	582	167	1272468558287	0	0	507f56e1ccefbda82d07a70b2c68
user5	587	167	1272468558287	0	0	507f56e1ccefbda82d07a70b2c68
user5	594	166	1272468558297	0	0	507f56e1ccefbda82d07a70b2c68
user5	601	166	1272468558318	0	0	507f56e1ccefbda82d07a70b2c68
user5	605	165	1272468558330	0	0	507f56e1ccefbda82d07a70b2c68
user5	611	165	1272468558334	0	0	507f56e1ccefbda82d07a70b2c68
user5	614	164	1272468558343	0	0	507f56e1ccefbda82d07a70b2c68
user5	616	164	1272468558353	0	0	507f56e1ccefbda82d07a70b2c68
user5	617	164	1272468558363	0	0	507f56e1ccefbda82d07a70b2c68
user5	619	164	1272468558375	0	0	507f56e1ccefbda82d07a70b2c68
user5	621	164	1272468558380	0	0	507f56e1ccefbda82d07a70b2c68
user5	622	164	1272468558397	0	0	507f56e1ccefbda82d07a70b2c68
user5	623	164	1272468558428	0	0	507f56e1ccefbda82d07a70b2c68
user5	623	164	1272468558584	1272468558495	1272468558584	507f56e1ccefbda82d07a70b2c68
user5	544	163	1272468560491	0	0	507f56e1ccefbda82d07a70b2c68
user5	545	162	1272468560521	0	0	507f56e1ccefbda82d07a70b2c68
user5	546	162	1272468560530	0	0	507f56e1ccefbda82d07a70b2c68
user5	548	162	1272468560537	0	0	507f56e1ccefbda82d07a70b2c68
user5	549	162	1272468560552	0	0	507f56e1ccefbda82d07a70b2c68
user5	551	162	1272468560568	0	0	507f56e1ccefbda82d07a70b2c68
user5	554	162	1272468560568	0	0	507f56e1ccefbda82d07a70b2c68
user5	556	162	1272468560584	0	0	507f56e1ccefbda82d07a70b2c68
user5	559	162	1272468560599	0	0	507f56e1ccefbda82d07a70b2c68
user5	562	162	1272468560599	0	0	507f56e1ccefbda82d07a70b2c68
user5	566	162	1272468560615	0	0	507f56e1ccefbda82d07a70b2c68
user5	571	162	1272468560625	0	0	507f56e1ccefbda82d07a70b2c68
user5	574	162	1272468560662	0	0	507f56e1ccefbda82d07a70b2c68
user5	582	162	1272468560662	0	0	507f56e1ccefbda82d07a70b2c68
user5	585	162	1272468560668	0	0	507f56e1ccefbda82d07a70b2c68
user5	589	162	1272468560677	0	0	507f56e1ccefbda82d07a70b2c68
user5	593	162	1272468560678	0	0	507f56e1ccefbda82d07a70b2c68
user5	596	162	1272468560693	0	0	507f56e1ccefbda82d07a70b2c68
user5	607	162	1272468560794	0	0	507f56e1ccefbda82d07a70b2c68
user5	608	162	1272468560830	0	0	507f56e1ccefbda82d07a70b2c68
user5	609	162	1272468560849	0	0	507f56e1ccefbda82d07a70b2c68
user5	609	162	1272468560974	1272468560865	1272468560974	507f56e1ccefbda82d07a70b2c68
user5	375	65	1272468563084	0	0	507f56e1ccefbda82d07a70b2c68
user5	378	64	1272468563449	0	0	507f56e1ccefbda82d07a70b2c68
user5	382	64	1272468563460	0	0	507f56e1ccefbda82d07a70b2c68
user5	387	64	1272468563469	0	0	507f56e1ccefbda82d07a70b2c68
user5	393	64	1272468563482	0	0	507f56e1ccefbda82d07a70b2c68
user5	409	64	1272468563490	0	0	507f56e1ccefbda82d07a70b2c68
user5	418	64	1272468563505	0	0	507f56e1ccefbda82d07a70b2c68
user5	428	64	1272468563515	0	0	507f56e1ccefbda82d07a70b2c68
user5	437	62	1272468563525	0	0	507f56e1ccefbda82d07a70b2c68
user5	452	60	1272468563537	0	0	507f56e1ccefbda82d07a70b2c68
user5	459	59	1272468563547	0	0	507f56e1ccefbda82d07a70b2c68
user5	466	57	1272468563557	0	0	507f56e1ccefbda82d07a70b2c68
user5	473	56	1272468563567	0	0	507f56e1ccefbda82d07a70b2c68
user5	480	55	1272468563584	0	0	507f56e1ccefbda82d07a70b2c68
user5	487	55	1272468563585	0	0	507f56e1ccefbda82d07a70b2c68
user5	492	54	1272468563594	0	0	507f56e1ccefbda82d07a70b2c68
user5	496	54	1272468563615	0	0	507f56e1ccefbda82d07a70b2c68
user5	499	54	1272468563631	0	0	507f56e1ccefbda82d07a70b2c68
user5	503	53	1272468563636	0	0	507f56e1ccefbda82d07a70b2c68
user5	506	53	1272468563646	0	0	507f56e1ccefbda82d07a70b2c68
user5	507	53	1272468563662	0	0	507f56e1ccefbda82d07a70b2c68
user5	507	53	1272468563787	1272468563693	1272468563787	507f56e1ccefbda82d07a70b2c68
user5	1090	11	1272468566584	0	0	507f56e1ccefbda82d07a70b2c68
user5	623	7	1272468594406	0	0	507f56e1ccefbda82d07a70b2c68
user5	623	8	1272468594416	0	0	507f56e1ccefbda82d07a70b2c68
user5	627	9	1272468594568	0	0	507f56e1ccefbda82d07a70b2c68
user5	628	9	1272468594580	0	0	507f56e1ccefbda82d07a70b2c68
user5	629	9	1272468594584	0	0	507f56e1ccefbda82d07a70b2c68
user5	628	9	1272468594693	0	0	507f56e1ccefbda82d07a70b2c68
user5	627	9	1272468594703	0	0	507f56e1ccefbda82d07a70b2c68
user5	624	9	1272468594724	0	0	507f56e1ccefbda82d07a70b2c68
user5	622	9	1272468594740	0	0	507f56e1ccefbda82d07a70b2c68
user5	621	9	1272468594740	0	0	507f56e1ccefbda82d07a70b2c68
user5	619	9	1272468594755	0	0	507f56e1ccefbda82d07a70b2c68
user5	617	9	1272468594765	0	0	507f56e1ccefbda82d07a70b2c68
user5	617	8	1272468594775	0	0	507f56e1ccefbda82d07a70b2c68
user5	615	8	1272468594787	0	0	507f56e1ccefbda82d07a70b2c68
user5	613	7	1272468594800	0	0	507f56e1ccefbda82d07a70b2c68
user5	611	7	1272468594802	0	0	507f56e1ccefbda82d07a70b2c68
user5	607	6	1272468594818	0	0	507f56e1ccefbda82d07a70b2c68
user5	605	6	1272468594828	0	0	507f56e1ccefbda82d07a70b2c68
user5	528	7	1272468595005	0	0	507f56e1ccefbda82d07a70b2c68
user5	517	9	1272468595011	0	0	507f56e1ccefbda82d07a70b2c68
user5	508	11	1272468595021	0	0	507f56e1ccefbda82d07a70b2c68
user5	497	14	1272468595021	0	0	507f56e1ccefbda82d07a70b2c68
user5	486	17	1272468595034	0	0	507f56e1ccefbda82d07a70b2c68
user5	476	21	1272468595037	0	0	507f56e1ccefbda82d07a70b2c68
user5	469	23	1272468595047	0	0	507f56e1ccefbda82d07a70b2c68
user5	462	25	1272468595057	0	0	507f56e1ccefbda82d07a70b2c68
user5	458	25	1272468595067	0	0	507f56e1ccefbda82d07a70b2c68
user5	453	26	1272468595077	0	0	507f56e1ccefbda82d07a70b2c68
user5	452	27	1272468595099	0	0	507f56e1ccefbda82d07a70b2c68
user5	451	27	1272468595099	0	0	507f56e1ccefbda82d07a70b2c68
user5	451	26	1272468595188	0	0	507f56e1ccefbda82d07a70b2c68
user5	452	27	1272468595380	0	0	507f56e1ccefbda82d07a70b2c68
user5	455	28	1272468595396	0	0	507f56e1ccefbda82d07a70b2c68
user5	457	28	1272468595396	0	0	507f56e1ccefbda82d07a70b2c68
user5	458	30	1272468595412	0	0	507f56e1ccefbda82d07a70b2c68
user5	461	31	1272468595427	0	0	507f56e1ccefbda82d07a70b2c68
user5	463	33	1272468595427	0	0	507f56e1ccefbda82d07a70b2c68
user5	466	35	1272468595437	0	0	507f56e1ccefbda82d07a70b2c68
user5	469	37	1272468595447	0	0	507f56e1ccefbda82d07a70b2c68
user5	474	40	1272468595461	0	0	507f56e1ccefbda82d07a70b2c68
user5	479	42	1272468595474	0	0	507f56e1ccefbda82d07a70b2c68
user5	482	44	1272468595474	0	0	507f56e1ccefbda82d07a70b2c68
user5	487	47	1272468595490	0	0	507f56e1ccefbda82d07a70b2c68
user5	490	49	1272468595505	0	0	507f56e1ccefbda82d07a70b2c68
user5	493	51	1272468595517	0	0	507f56e1ccefbda82d07a70b2c68
user5	496	53	1272468595521	0	0	507f56e1ccefbda82d07a70b2c68
user5	498	54	1272468595537	0	0	507f56e1ccefbda82d07a70b2c68
user5	500	56	1272468595537	0	0	507f56e1ccefbda82d07a70b2c68
user5	502	56	1272468595569	0	0	507f56e1ccefbda82d07a70b2c68
user5	504	57	1272468595569	0	0	507f56e1ccefbda82d07a70b2c68
user5	505	58	1272468595576	0	0	507f56e1ccefbda82d07a70b2c68
user5	506	58	1272468595584	0	0	507f56e1ccefbda82d07a70b2c68
user5	508	58	1272468595585	0	0	507f56e1ccefbda82d07a70b2c68
user5	509	58	1272468595599	0	0	507f56e1ccefbda82d07a70b2c68
user5	510	58	1272468595615	0	0	507f56e1ccefbda82d07a70b2c68
user5	512	58	1272468595625	0	0	507f56e1ccefbda82d07a70b2c68
user5	513	58	1272468595646	0	0	507f56e1ccefbda82d07a70b2c68
user5	514	58	1272468595663	0	0	507f56e1ccefbda82d07a70b2c68
user5	515	58	1272468595693	0	0	507f56e1ccefbda82d07a70b2c68
user5	516	57	1272468595709	0	0	507f56e1ccefbda82d07a70b2c68
user5	516	56	1272468595731	0	0	507f56e1ccefbda82d07a70b2c68
user5	517	56	1272468595740	0	0	507f56e1ccefbda82d07a70b2c68
user5	517	55	1272468595750	0	0	507f56e1ccefbda82d07a70b2c68
user5	518	55	1272468595756	0	0	507f56e1ccefbda82d07a70b2c68
user5	518	54	1272468595834	0	0	507f56e1ccefbda82d07a70b2c68
user5	519	54	1272468596052	0	0	507f56e1ccefbda82d07a70b2c68
user5	520	54	1272468596380	0	0	507f56e1ccefbda82d07a70b2c68
user5	521	54	1272468596450	0	0	507f56e1ccefbda82d07a70b2c68
user5	521	53	1272468596628	0	0	507f56e1ccefbda82d07a70b2c68
user5	520	53	1272468597056	0	0	507f56e1ccefbda82d07a70b2c68
user5	520	52	1272468597085	0	0	507f56e1ccefbda82d07a70b2c68
user5	519	52	1272468597107	0	0	507f56e1ccefbda82d07a70b2c68
user5	518	52	1272468597146	0	0	507f56e1ccefbda82d07a70b2c68
user5	518	51	1272468597146	0	0	507f56e1ccefbda82d07a70b2c68
user5	517	51	1272468597162	0	0	507f56e1ccefbda82d07a70b2c68
user5	516	51	1272468597162	0	0	507f56e1ccefbda82d07a70b2c68
user5	516	50	1272468597177	0	0	507f56e1ccefbda82d07a70b2c68
user5	515	50	1272468597193	0	0	507f56e1ccefbda82d07a70b2c68
user5	514	49	1272468597193	0	0	507f56e1ccefbda82d07a70b2c68
user5	513	48	1272468597224	0	0	507f56e1ccefbda82d07a70b2c68
user5	513	47	1272468597257	0	0	507f56e1ccefbda82d07a70b2c68
user5	512	47	1272468597271	0	0	507f56e1ccefbda82d07a70b2c68
user5	512	46	1272468597271	0	0	507f56e1ccefbda82d07a70b2c68
user5	511	46	1272468597287	0	0	507f56e1ccefbda82d07a70b2c68
user5	510	45	1272468597296	0	0	507f56e1ccefbda82d07a70b2c68
user5	509	44	1272468597326	0	0	507f56e1ccefbda82d07a70b2c68
user5	508	44	1272468597346	0	0	507f56e1ccefbda82d07a70b2c68
user5	506	43	1272468597357	0	0	507f56e1ccefbda82d07a70b2c68
user5	504	43	1272468597366	0	0	507f56e1ccefbda82d07a70b2c68
user5	502	43	1272468597378	0	0	507f56e1ccefbda82d07a70b2c68
user5	499	43	1272468597396	0	0	507f56e1ccefbda82d07a70b2c68
user5	495	43	1272468597403	0	0	507f56e1ccefbda82d07a70b2c68
user5	489	43	1272468597416	0	0	507f56e1ccefbda82d07a70b2c68
user5	482	44	1272468597425	0	0	507f56e1ccefbda82d07a70b2c68
user5	476	45	1272468597438	0	0	507f56e1ccefbda82d07a70b2c68
user5	463	46	1272468597443	0	0	507f56e1ccefbda82d07a70b2c68
user5	458	46	1272468597454	0	0	507f56e1ccefbda82d07a70b2c68
user5	453	47	1272468597467	0	0	507f56e1ccefbda82d07a70b2c68
user5	450	47	1272468597474	0	0	507f56e1ccefbda82d07a70b2c68
user5	448	47	1272468597490	0	0	507f56e1ccefbda82d07a70b2c68
user5	446	48	1272468597502	0	0	507f56e1ccefbda82d07a70b2c68
user5	445	48	1272468597505	0	0	507f56e1ccefbda82d07a70b2c68
user5	444	48	1272468597531	0	0	507f56e1ccefbda82d07a70b2c68
user5	443	48	1272468597553	0	0	507f56e1ccefbda82d07a70b2c68
user5	442	48	1272468597563	0	0	507f56e1ccefbda82d07a70b2c68
user5	441	49	1272468597583	0	0	507f56e1ccefbda82d07a70b2c68
user5	440	49	1272468597594	0	0	507f56e1ccefbda82d07a70b2c68
user5	439	49	1272468597615	0	0	507f56e1ccefbda82d07a70b2c68
user5	438	49	1272468597626	0	0	507f56e1ccefbda82d07a70b2c68
user5	437	49	1272468597733	0	0	507f56e1ccefbda82d07a70b2c68
user5	437	49	1272468598052	1272468597950	1272468598052	507f56e1ccefbda82d07a70b2c68
user5	452	27	1272468602099	0	0	507f56e1ccefbda82d07a70b2c68
user5	454	26	1272468602099	0	0	507f56e1ccefbda82d07a70b2c68
user5	458	26	1272468602115	0	0	507f56e1ccefbda82d07a70b2c68
user5	462	25	1272468602130	0	0	507f56e1ccefbda82d07a70b2c68
user5	470	25	1272468602130	0	0	507f56e1ccefbda82d07a70b2c68
user5	481	25	1272468602146	0	0	507f56e1ccefbda82d07a70b2c68
user5	494	23	1272468602146	0	0	507f56e1ccefbda82d07a70b2c68
user5	507	23	1272468602162	0	0	507f56e1ccefbda82d07a70b2c68
user5	540	18	1272468602177	0	0	507f56e1ccefbda82d07a70b2c68
user5	559	12	1272468602193	0	0	507f56e1ccefbda82d07a70b2c68
user5	735	14	1272468609005	0	0	507f56e1ccefbda82d07a70b2c68
user5	724	22	1272468609005	0	0	507f56e1ccefbda82d07a70b2c68
user5	713	29	1272468609021	0	0	507f56e1ccefbda82d07a70b2c68
user5	700	37	1272468609037	0	0	507f56e1ccefbda82d07a70b2c68
user5	684	45	1272468609045	0	0	507f56e1ccefbda82d07a70b2c68
user5	671	52	1272468609052	0	0	507f56e1ccefbda82d07a70b2c68
user5	660	56	1272468609052	0	0	507f56e1ccefbda82d07a70b2c68
user5	652	60	1272468609068	0	0	507f56e1ccefbda82d07a70b2c68
user5	650	61	1272468609076	0	0	507f56e1ccefbda82d07a70b2c68
user5	645	62	1272468609330	0	0	507f56e1ccefbda82d07a70b2c68
user5	641	66	1272468609343	0	0	507f56e1ccefbda82d07a70b2c68
user5	633	71	1272468609350	0	0	507f56e1ccefbda82d07a70b2c68
user5	626	76	1272468609365	0	0	507f56e1ccefbda82d07a70b2c68
user5	620	82	1272468609374	0	0	507f56e1ccefbda82d07a70b2c68
user5	612	90	1272468609380	0	0	507f56e1ccefbda82d07a70b2c68
user5	607	97	1272468609380	0	0	507f56e1ccefbda82d07a70b2c68
user5	601	105	1272468609396	0	0	507f56e1ccefbda82d07a70b2c68
user5	594	111	1272468609413	0	0	507f56e1ccefbda82d07a70b2c68
user5	588	117	1272468609421	0	0	507f56e1ccefbda82d07a70b2c68
user5	584	122	1272468609429	0	0	507f56e1ccefbda82d07a70b2c68
user5	578	130	1272468609443	0	0	507f56e1ccefbda82d07a70b2c68
user5	576	134	1272468609459	0	0	507f56e1ccefbda82d07a70b2c68
user5	575	136	1272468609472	0	0	507f56e1ccefbda82d07a70b2c68
user5	574	138	1272468609474	0	0	507f56e1ccefbda82d07a70b2c68
user5	573	140	1272468609490	0	0	507f56e1ccefbda82d07a70b2c68
user5	573	143	1272468609490	0	0	507f56e1ccefbda82d07a70b2c68
user5	572	145	1272468609505	0	0	507f56e1ccefbda82d07a70b2c68
user5	572	147	1272468609512	0	0	507f56e1ccefbda82d07a70b2c68
user5	572	148	1272468609526	0	0	507f56e1ccefbda82d07a70b2c68
user5	572	149	1272468609537	0	0	507f56e1ccefbda82d07a70b2c68
user5	571	150	1272468609552	0	0	507f56e1ccefbda82d07a70b2c68
user5	571	152	1272468609568	0	0	507f56e1ccefbda82d07a70b2c68
user5	571	153	1272468609588	0	0	507f56e1ccefbda82d07a70b2c68
user5	571	154	1272468609618	0	0	507f56e1ccefbda82d07a70b2c68
user5	571	156	1272468609646	0	0	507f56e1ccefbda82d07a70b2c68
user5	570	157	1272468609662	0	0	507f56e1ccefbda82d07a70b2c68
user5	570	158	1272468609677	0	0	507f56e1ccefbda82d07a70b2c68
user5	570	159	1272468609677	0	0	507f56e1ccefbda82d07a70b2c68
user5	570	160	1272468609693	0	0	507f56e1ccefbda82d07a70b2c68
user5	569	162	1272468609709	0	0	507f56e1ccefbda82d07a70b2c68
user5	569	163	1272468609724	0	0	507f56e1ccefbda82d07a70b2c68
user5	568	164	1272468609724	0	0	507f56e1ccefbda82d07a70b2c68
user5	568	166	1272468609740	0	0	507f56e1ccefbda82d07a70b2c68
user5	568	167	1272468609749	0	0	507f56e1ccefbda82d07a70b2c68
user5	567	168	1272468609755	0	0	507f56e1ccefbda82d07a70b2c68
user5	567	170	1272468609765	0	0	507f56e1ccefbda82d07a70b2c68
user5	566	171	1272468609771	0	0	507f56e1ccefbda82d07a70b2c68
user5	566	172	1272468609779	0	0	507f56e1ccefbda82d07a70b2c68
user5	565	173	1272468609788	0	0	507f56e1ccefbda82d07a70b2c68
user5	564	174	1272468609819	0	0	507f56e1ccefbda82d07a70b2c68
user5	563	174	1272468609880	0	0	507f56e1ccefbda82d07a70b2c68
user5	563	173	1272468610099	0	0	507f56e1ccefbda82d07a70b2c68
user5	563	172	1272468610115	0	0	507f56e1ccefbda82d07a70b2c68
user5	563	172	1272468610568	1272468610412	1272468610568	507f56e1ccefbda82d07a70b2c68
user5	562	172	1272468612830	0	0	507f56e1ccefbda82d07a70b2c68
user5	561	172	1272468612912	0	0	507f56e1ccefbda82d07a70b2c68
user5	561	172	1272468615020	1272468614880	1272468615020	507f56e1ccefbda82d07a70b2c68
user5	561	171	1272468617639	0	0	507f56e1ccefbda82d07a70b2c68
user5	561	170	1272468617990	0	0	507f56e1ccefbda82d07a70b2c68
user5	560	169	1272468618253	0	0	507f56e1ccefbda82d07a70b2c68
user5	559	169	1272468618255	0	0	507f56e1ccefbda82d07a70b2c68
user5	558	168	1272468618271	0	0	507f56e1ccefbda82d07a70b2c68
user5	558	167	1272468618287	0	0	507f56e1ccefbda82d07a70b2c68
user5	558	166	1272468618356	0	0	507f56e1ccefbda82d07a70b2c68
user5	558	165	1272468618412	0	0	507f56e1ccefbda82d07a70b2c68
user5	557	165	1272468618631	0	0	507f56e1ccefbda82d07a70b2c68
user5	556	165	1272468618740	0	0	507f56e1ccefbda82d07a70b2c68
user5	555	165	1272468618755	0	0	507f56e1ccefbda82d07a70b2c68
user5	555	166	1272468618771	0	0	507f56e1ccefbda82d07a70b2c68
user5	554	166	1272468618790	0	0	507f56e1ccefbda82d07a70b2c68
user5	553	167	1272468618834	0	0	507f56e1ccefbda82d07a70b2c68
user5	552	167	1272468618849	0	0	507f56e1ccefbda82d07a70b2c68
user5	551	167	1272468618896	0	0	507f56e1ccefbda82d07a70b2c68
user5	551	166	1272468619774	0	0	507f56e1ccefbda82d07a70b2c68
user5	551	165	1272468620816	0	0	507f56e1ccefbda82d07a70b2c68
user5	551	164	1272468620863	0	0	507f56e1ccefbda82d07a70b2c68
user5	551	163	1272468620896	0	0	507f56e1ccefbda82d07a70b2c68
user5	551	162	1272468620927	0	0	507f56e1ccefbda82d07a70b2c68
user5	550	162	1272468621099	0	0	507f56e1ccefbda82d07a70b2c68
user5	549	161	1272468621121	0	0	507f56e1ccefbda82d07a70b2c68
user5	549	160	1272468621146	0	0	507f56e1ccefbda82d07a70b2c68
user5	548	160	1272468621165	0	0	507f56e1ccefbda82d07a70b2c68
user5	548	159	1272468621177	0	0	507f56e1ccefbda82d07a70b2c68
user5	548	158	1272468621193	0	0	507f56e1ccefbda82d07a70b2c68
user5	547	158	1272468621212	0	0	507f56e1ccefbda82d07a70b2c68
user5	546	158	1272468621227	0	0	507f56e1ccefbda82d07a70b2c68
user5	546	157	1272468621235	0	0	507f56e1ccefbda82d07a70b2c68
user5	545	156	1272468621244	0	0	507f56e1ccefbda82d07a70b2c68
user5	545	155	1272468621270	0	0	507f56e1ccefbda82d07a70b2c68
user5	545	154	1272468621282	0	0	507f56e1ccefbda82d07a70b2c68
user5	545	153	1272468621318	0	0	507f56e1ccefbda82d07a70b2c68
user5	543	153	1272468621365	0	0	507f56e1ccefbda82d07a70b2c68
user5	539	155	1272468621377	0	0	507f56e1ccefbda82d07a70b2c68
user5	534	159	1272468621380	0	0	507f56e1ccefbda82d07a70b2c68
user5	528	163	1272468621380	0	0	507f56e1ccefbda82d07a70b2c68
user5	521	169	1272468621396	0	0	507f56e1ccefbda82d07a70b2c68
user5	513	174	1272468621412	0	0	507f56e1ccefbda82d07a70b2c68
user5	507	181	1272468621412	0	0	507f56e1ccefbda82d07a70b2c68
user5	501	186	1272468621424	0	0	507f56e1ccefbda82d07a70b2c68
user5	495	191	1272468621432	0	0	507f56e1ccefbda82d07a70b2c68
user5	486	197	1272468621443	0	0	507f56e1ccefbda82d07a70b2c68
user5	476	204	1272468621459	0	0	507f56e1ccefbda82d07a70b2c68
user5	468	208	1272468621459	0	0	507f56e1ccefbda82d07a70b2c68
user5	458	215	1272468621469	0	0	507f56e1ccefbda82d07a70b2c68
user5	455	216	1272468621484	0	0	507f56e1ccefbda82d07a70b2c68
user5	451	216	1272468621548	0	0	507f56e1ccefbda82d07a70b2c68
user5	424	216	1272468621568	0	0	507f56e1ccefbda82d07a70b2c68
user5	419	216	1272468621577	0	0	507f56e1ccefbda82d07a70b2c68
user5	418	216	1272468621587	0	0	507f56e1ccefbda82d07a70b2c68
user5	418	215	1272468621597	0	0	507f56e1ccefbda82d07a70b2c68
user5	418	213	1272468621607	0	0	507f56e1ccefbda82d07a70b2c68
user5	418	212	1272468621630	0	0	507f56e1ccefbda82d07a70b2c68
user5	418	210	1272468622068	0	0	507f56e1ccefbda82d07a70b2c68
user5	418	209	1272468622084	0	0	507f56e1ccefbda82d07a70b2c68
user5	419	209	1272468622459	0	0	507f56e1ccefbda82d07a70b2c68
user5	419	208	1272468623169	0	0	507f56e1ccefbda82d07a70b2c68
user5	419	207	1272468624037	0	0	507f56e1ccefbda82d07a70b2c68
user5	420	207	1272468624052	0	0	507f56e1ccefbda82d07a70b2c68
user5	421	206	1272468624062	0	0	507f56e1ccefbda82d07a70b2c68
user5	422	205	1272468624072	0	0	507f56e1ccefbda82d07a70b2c68
user5	424	205	1272468624084	0	0	507f56e1ccefbda82d07a70b2c68
user5	426	204	1272468624084	0	0	507f56e1ccefbda82d07a70b2c68
user5	428	203	1272468624099	0	0	507f56e1ccefbda82d07a70b2c68
user5	431	201	1272468624108	0	0	507f56e1ccefbda82d07a70b2c68
user5	436	201	1272468624115	0	0	507f56e1ccefbda82d07a70b2c68
user5	441	199	1272468624125	0	0	507f56e1ccefbda82d07a70b2c68
user5	448	198	1272468624130	0	0	507f56e1ccefbda82d07a70b2c68
user5	455	196	1272468624146	0	0	507f56e1ccefbda82d07a70b2c68
user5	464	194	1272468624156	0	0	507f56e1ccefbda82d07a70b2c68
user5	472	193	1272468624162	0	0	507f56e1ccefbda82d07a70b2c68
user5	479	192	1272468624172	0	0	507f56e1ccefbda82d07a70b2c68
user5	484	191	1272468624193	0	0	507f56e1ccefbda82d07a70b2c68
user5	487	190	1272468624202	0	0	507f56e1ccefbda82d07a70b2c68
user5	490	190	1272468624216	0	0	507f56e1ccefbda82d07a70b2c68
user5	492	190	1272468624222	0	0	507f56e1ccefbda82d07a70b2c68
user5	492	191	1272468624282	0	0	507f56e1ccefbda82d07a70b2c68
user5	491	193	1272468624287	0	0	507f56e1ccefbda82d07a70b2c68
user5	490	195	1272468624302	0	0	507f56e1ccefbda82d07a70b2c68
user5	490	198	1272468624311	0	0	507f56e1ccefbda82d07a70b2c68
user5	489	200	1272468624321	0	0	507f56e1ccefbda82d07a70b2c68
user5	488	203	1272468624334	0	0	507f56e1ccefbda82d07a70b2c68
user5	488	205	1272468624334	0	0	507f56e1ccefbda82d07a70b2c68
user5	487	207	1272468624344	0	0	507f56e1ccefbda82d07a70b2c68
user5	487	209	1272468624354	0	0	507f56e1ccefbda82d07a70b2c68
user5	487	210	1272468624364	0	0	507f56e1ccefbda82d07a70b2c68
user5	486	211	1272468624380	0	0	507f56e1ccefbda82d07a70b2c68
user5	486	210	1272468624489	0	0	507f56e1ccefbda82d07a70b2c68
user5	486	209	1272468624490	0	0	507f56e1ccefbda82d07a70b2c68
user5	486	208	1272468624501	0	0	507f56e1ccefbda82d07a70b2c68
user5	486	206	1272468624520	0	0	507f56e1ccefbda82d07a70b2c68
user5	486	205	1272468624537	0	0	507f56e1ccefbda82d07a70b2c68
user5	486	204	1272468624537	0	0	507f56e1ccefbda82d07a70b2c68
user5	486	202	1272468624552	0	0	507f56e1ccefbda82d07a70b2c68
user5	486	201	1272468624568	0	0	507f56e1ccefbda82d07a70b2c68
user5	486	200	1272468624578	0	0	507f56e1ccefbda82d07a70b2c68
user5	486	199	1272468624599	0	0	507f56e1ccefbda82d07a70b2c68
user5	486	198	1272468624618	0	0	507f56e1ccefbda82d07a70b2c68
user5	487	197	1272468624688	0	0	507f56e1ccefbda82d07a70b2c68
user5	487	196	1272468624718	0	0	507f56e1ccefbda82d07a70b2c68
user5	488	196	1272468624729	0	0	507f56e1ccefbda82d07a70b2c68
user5	488	195	1272468624737	0	0	507f56e1ccefbda82d07a70b2c68
user5	488	194	1272468624761	0	0	507f56e1ccefbda82d07a70b2c68
user5	488	193	1272468624778	0	0	507f56e1ccefbda82d07a70b2c68
user5	489	193	1272468624802	0	0	507f56e1ccefbda82d07a70b2c68
user5	489	192	1272468624818	0	0	507f56e1ccefbda82d07a70b2c68
user5	490	192	1272468624849	0	0	507f56e1ccefbda82d07a70b2c68
user5	490	191	1272468624865	0	0	507f56e1ccefbda82d07a70b2c68
user5	491	190	1272468624880	0	0	507f56e1ccefbda82d07a70b2c68
user5	492	189	1272468624896	0	0	507f56e1ccefbda82d07a70b2c68
user5	493	188	1272468624906	0	0	507f56e1ccefbda82d07a70b2c68
user5	495	188	1272468624916	0	0	507f56e1ccefbda82d07a70b2c68
user5	497	186	1272468624926	0	0	507f56e1ccefbda82d07a70b2c68
user5	501	185	1272468624943	0	0	507f56e1ccefbda82d07a70b2c68
user5	504	184	1272468624959	0	0	507f56e1ccefbda82d07a70b2c68
user5	507	182	1272468624959	0	0	507f56e1ccefbda82d07a70b2c68
user5	510	180	1272468624969	0	0	507f56e1ccefbda82d07a70b2c68
user5	514	180	1272468624978	0	0	507f56e1ccefbda82d07a70b2c68
user5	516	178	1272468624988	0	0	507f56e1ccefbda82d07a70b2c68
user5	518	177	1272468624999	0	0	507f56e1ccefbda82d07a70b2c68
user5	520	176	1272468625005	0	0	507f56e1ccefbda82d07a70b2c68
user5	522	174	1272468625022	0	0	507f56e1ccefbda82d07a70b2c68
user5	523	173	1272468625041	0	0	507f56e1ccefbda82d07a70b2c68
user5	523	172	1272468625052	0	0	507f56e1ccefbda82d07a70b2c68
user5	524	171	1272468625066	0	0	507f56e1ccefbda82d07a70b2c68
user5	525	170	1272468625068	0	0	507f56e1ccefbda82d07a70b2c68
user5	526	169	1272468625087	0	0	507f56e1ccefbda82d07a70b2c68
user5	527	168	1272468625107	0	0	507f56e1ccefbda82d07a70b2c68
user5	527	167	1272468625147	0	0	507f56e1ccefbda82d07a70b2c68
user5	528	167	1272468625164	0	0	507f56e1ccefbda82d07a70b2c68
user5	529	167	1272468625186	0	0	507f56e1ccefbda82d07a70b2c68
user5	530	166	1272468625193	0	0	507f56e1ccefbda82d07a70b2c68
user5	531	166	1272468625209	0	0	507f56e1ccefbda82d07a70b2c68
user5	532	166	1272468625224	0	0	507f56e1ccefbda82d07a70b2c68
user5	533	166	1272468625234	0	0	507f56e1ccefbda82d07a70b2c68
user5	534	166	1272468625241	0	0	507f56e1ccefbda82d07a70b2c68
user5	535	166	1272468625255	0	0	507f56e1ccefbda82d07a70b2c68
user5	537	166	1272468625264	0	0	507f56e1ccefbda82d07a70b2c68
user5	539	166	1272468625284	0	0	507f56e1ccefbda82d07a70b2c68
user5	540	166	1272468625287	0	0	507f56e1ccefbda82d07a70b2c68
user5	541	166	1272468625302	0	0	507f56e1ccefbda82d07a70b2c68
user5	542	166	1272468625312	0	0	507f56e1ccefbda82d07a70b2c68
user5	542	166	1272468625630	1272468625499	1272468625630	507f56e1ccefbda82d07a70b2c68
user5	318	494	1272469021224	0	0	507f56e1ccefbda82d07a70b2c68
user5	318	494	1272469021226	1272469021225	1272469021226	507f56e1ccefbda82d07a70b2c68
user5	155	427	1272469021227	0	0	507f56e1ccefbda82d07a70b2c68
user5	155	427	1272469021224	1272469021227	1272469021224	507f56e1ccefbda82d07a70b2c68
user5	245	485	1272469021224	0	0	507f56e1ccefbda82d07a70b2c68
user5	245	485	1272469021225	1272469021224	1272469021225	507f56e1ccefbda82d07a70b2c68
user5	839	8	1272469021506	0	0	507f56e1ccefbda82d07a70b2c68
user5	796	34	1272469021515	0	0	507f56e1ccefbda82d07a70b2c68
user5	750	66	1272469021537	0	0	507f56e1ccefbda82d07a70b2c68
user5	698	108	1272469021537	0	0	507f56e1ccefbda82d07a70b2c68
user5	640	154	1272469021547	0	0	507f56e1ccefbda82d07a70b2c68
user5	583	204	1272469021568	0	0	507f56e1ccefbda82d07a70b2c68
user5	528	246	1272469021568	0	0	507f56e1ccefbda82d07a70b2c68
user5	481	282	1272469021578	0	0	507f56e1ccefbda82d07a70b2c68
user5	448	312	1272469021587	0	0	507f56e1ccefbda82d07a70b2c68
user5	423	338	1272469021595	0	0	507f56e1ccefbda82d07a70b2c68
user5	407	362	1272469021615	0	0	507f56e1ccefbda82d07a70b2c68
user5	388	392	1272469021630	0	0	507f56e1ccefbda82d07a70b2c68
user5	380	402	1272469021646	0	0	507f56e1ccefbda82d07a70b2c68
user5	373	410	1272469021646	0	0	507f56e1ccefbda82d07a70b2c68
user5	367	416	1272469021662	0	0	507f56e1ccefbda82d07a70b2c68
user5	356	426	1272469021677	0	0	507f56e1ccefbda82d07a70b2c68
user5	350	429	1272469021693	0	0	507f56e1ccefbda82d07a70b2c68
user5	347	433	1272469021709	0	0	507f56e1ccefbda82d07a70b2c68
user5	344	435	1272469021709	0	0	507f56e1ccefbda82d07a70b2c68
user5	343	437	1272469021724	0	0	507f56e1ccefbda82d07a70b2c68
user5	342	439	1272469021724	0	0	507f56e1ccefbda82d07a70b2c68
user5	341	439	1272469021755	0	0	507f56e1ccefbda82d07a70b2c68
user5	340	440	1272469021771	0	0	507f56e1ccefbda82d07a70b2c68
user5	338	442	1272469021787	0	0	507f56e1ccefbda82d07a70b2c68
user5	336	446	1272469021802	0	0	507f56e1ccefbda82d07a70b2c68
user5	331	452	1272469021815	0	0	507f56e1ccefbda82d07a70b2c68
user5	323	459	1272469021818	0	0	507f56e1ccefbda82d07a70b2c68
user5	317	467	1272469021834	0	0	507f56e1ccefbda82d07a70b2c68
user5	312	473	1272469021834	0	0	507f56e1ccefbda82d07a70b2c68
user5	310	475	1272469021849	0	0	507f56e1ccefbda82d07a70b2c68
user5	310	477	1272469021865	0	0	507f56e1ccefbda82d07a70b2c68
user5	309	478	1272469021880	0	0	507f56e1ccefbda82d07a70b2c68
user5	308	478	1272469021915	0	0	507f56e1ccefbda82d07a70b2c68
user5	307	478	1272469022021	0	0	507f56e1ccefbda82d07a70b2c68
user5	306	478	1272469022021	0	0	507f56e1ccefbda82d07a70b2c68
user5	305	479	1272469022037	0	0	507f56e1ccefbda82d07a70b2c68
user5	304	480	1272469022052	0	0	507f56e1ccefbda82d07a70b2c68
user5	303	481	1272469022068	0	0	507f56e1ccefbda82d07a70b2c68
user5	303	481	1272469022244	1272469022115	1272469022244	507f56e1ccefbda82d07a70b2c68
user5	302	477	1272469022240	0	0	507f56e1ccefbda82d07a70b2c68
user5	308	474	1272469024318	0	0	507f56e1ccefbda82d07a70b2c68
user5	322	468	1272469024334	0	0	507f56e1ccefbda82d07a70b2c68
user5	349	462	1272469024334	0	0	507f56e1ccefbda82d07a70b2c68
user5	386	455	1272469024344	0	0	507f56e1ccefbda82d07a70b2c68
user5	433	449	1272469024365	0	0	507f56e1ccefbda82d07a70b2c68
user5	493	447	1272469024365	0	0	507f56e1ccefbda82d07a70b2c68
user5	550	447	1272469024380	0	0	507f56e1ccefbda82d07a70b2c68
user5	597	448	1272469024396	0	0	507f56e1ccefbda82d07a70b2c68
user5	622	451	1272469024396	0	0	507f56e1ccefbda82d07a70b2c68
user5	633	455	1272469024412	0	0	507f56e1ccefbda82d07a70b2c68
user5	640	458	1272469024427	0	0	507f56e1ccefbda82d07a70b2c68
user5	644	459	1272469024427	0	0	507f56e1ccefbda82d07a70b2c68
user5	645	462	1272469024443	0	0	507f56e1ccefbda82d07a70b2c68
user5	646	462	1272469024443	0	0	507f56e1ccefbda82d07a70b2c68
user5	646	463	1272469024453	0	0	507f56e1ccefbda82d07a70b2c68
user5	647	463	1272469024505	0	0	507f56e1ccefbda82d07a70b2c68
user5	649	463	1272469024521	0	0	507f56e1ccefbda82d07a70b2c68
user5	648	464	1272469024568	0	0	507f56e1ccefbda82d07a70b2c68
user5	646	466	1272469024584	0	0	507f56e1ccefbda82d07a70b2c68
user5	642	469	1272469024584	0	0	507f56e1ccefbda82d07a70b2c68
user5	635	475	1272469024599	0	0	507f56e1ccefbda82d07a70b2c68
user5	625	480	1272469024615	0	0	507f56e1ccefbda82d07a70b2c68
user5	614	486	1272469024615	0	0	507f56e1ccefbda82d07a70b2c68
user5	603	490	1272469024630	0	0	507f56e1ccefbda82d07a70b2c68
user5	592	494	1272469024646	0	0	507f56e1ccefbda82d07a70b2c68
user5	581	499	1272469024646	0	0	507f56e1ccefbda82d07a70b2c68
user5	572	503	1272469024662	0	0	507f56e1ccefbda82d07a70b2c68
user5	566	505	1272469024662	0	0	507f56e1ccefbda82d07a70b2c68
user5	565	507	1272469024671	0	0	507f56e1ccefbda82d07a70b2c68
user5	564	508	1272469024694	0	0	507f56e1ccefbda82d07a70b2c68
user5	563	508	1272469024701	0	0	507f56e1ccefbda82d07a70b2c68
user5	562	509	1272469024740	0	0	507f56e1ccefbda82d07a70b2c68
user5	562	510	1272469024818	0	0	507f56e1ccefbda82d07a70b2c68
user5	560	512	1272469024830	0	0	507f56e1ccefbda82d07a70b2c68
user5	559	514	1272469024834	0	0	507f56e1ccefbda82d07a70b2c68
user5	559	515	1272469024844	0	0	507f56e1ccefbda82d07a70b2c68
user5	558	515	1272469024865	0	0	507f56e1ccefbda82d07a70b2c68
user5	558	515	1272469025026	1272469024924	1272469025026	507f56e1ccefbda82d07a70b2c68
