User	X	Y	MouseTimeStamp	MouseDownTimeStamp	MouseUpTimeStamp	SessionID
user5	886	82	1271963843927	0	0	6f3f31375be340488174521dcfed
user5	882	82	1271963843928	0	0	6f3f31375be340488174521dcfed
user5	872	82	1271963843968	0	0	6f3f31375be340488174521dcfed
user5	862	83	1271963843968	0	0	6f3f31375be340488174521dcfed
user5	849	85	1271963843969	0	0	6f3f31375be340488174521dcfed
user5	829	86	1271963843974	0	0	6f3f31375be340488174521dcfed
user5	795	89	1271963843974	0	0	6f3f31375be340488174521dcfed
user5	752	99	1271963843984	0	0	6f3f31375be340488174521dcfed
user5	701	112	1271963843994	0	0	6f3f31375be340488174521dcfed
user5	641	133	1271963844005	0	0	6f3f31375be340488174521dcfed
user5	575	163	1271963844021	0	0	6f3f31375be340488174521dcfed
user5	501	193	1271963844030	0	0	6f3f31375be340488174521dcfed
user5	430	226	1271963844037	0	0	6f3f31375be340488174521dcfed
user5	361	256	1271963844052	0	0	6f3f31375be340488174521dcfed
user5	298	283	1271963844068	0	0	6f3f31375be340488174521dcfed
user5	245	307	1271963844068	0	0	6f3f31375be340488174521dcfed
user5	203	327	1271963844086	0	0	6f3f31375be340488174521dcfed
user5	161	346	1271963844094	0	0	6f3f31375be340488174521dcfed
user5	122	362	1271963844105	0	0	6f3f31375be340488174521dcfed
user5	85	381	1271963844113	0	0	6f3f31375be340488174521dcfed
user5	56	396	1271963844130	0	0	6f3f31375be340488174521dcfed
user5	35	408	1271963844134	0	0	6f3f31375be340488174521dcfed
user5	23	418	1271963844143	0	0	6f3f31375be340488174521dcfed
user5	16	425	1271963844156	0	0	6f3f31375be340488174521dcfed
user5	11	432	1271963844163	0	0	6f3f31375be340488174521dcfed
user5	8	437	1271963844173	0	0	6f3f31375be340488174521dcfed
user5	6	442	1271963844183	0	0	6f3f31375be340488174521dcfed
user5	4	445	1271963844193	0	0	6f3f31375be340488174521dcfed
user5	3	447	1271963844193	0	0	6f3f31375be340488174521dcfed
user5	2	450	1271963844208	0	0	6f3f31375be340488174521dcfed
user5	1	453	1271963844218	0	0	6f3f31375be340488174521dcfed
user5	694	345	1271963850802	0	0	6f3f31375be340488174521dcfed
user5	700	340	1271963850811	0	0	6f3f31375be340488174521dcfed
user5	703	336	1271963850821	0	0	6f3f31375be340488174521dcfed
user5	708	333	1271963850831	0	0	6f3f31375be340488174521dcfed
user5	712	330	1271963850833	0	0	6f3f31375be340488174521dcfed
user5	714	328	1271963850849	0	0	6f3f31375be340488174521dcfed
user5	716	328	1271963850865	0	0	6f3f31375be340488174521dcfed
user5	718	326	1271963850865	0	0	6f3f31375be340488174521dcfed
user5	719	326	1271963850880	0	0	6f3f31375be340488174521dcfed
user5	720	326	1271963850929	0	0	6f3f31375be340488174521dcfed
user5	720	328	1271963850949	0	0	6f3f31375be340488174521dcfed
user5	721	330	1271963850962	0	0	6f3f31375be340488174521dcfed
user5	722	334	1271963850974	0	0	6f3f31375be340488174521dcfed
user5	723	339	1271963850974	0	0	6f3f31375be340488174521dcfed
user5	723	343	1271963850983	0	0	6f3f31375be340488174521dcfed
user5	726	348	1271963850997	0	0	6f3f31375be340488174521dcfed
user5	728	352	1271963851003	0	0	6f3f31375be340488174521dcfed
user5	731	356	1271963851021	0	0	6f3f31375be340488174521dcfed
user5	733	359	1271963851021	0	0	6f3f31375be340488174521dcfed
user5	738	362	1271963851037	0	0	6f3f31375be340488174521dcfed
user5	742	364	1271963851052	0	0	6f3f31375be340488174521dcfed
user5	746	365	1271963851052	0	0	6f3f31375be340488174521dcfed
user5	749	365	1271963851068	0	0	6f3f31375be340488174521dcfed
user5	752	365	1271963851083	0	0	6f3f31375be340488174521dcfed
user5	754	365	1271963851083	0	0	6f3f31375be340488174521dcfed
user5	755	365	1271963851099	0	0	6f3f31375be340488174521dcfed
user5	756	365	1271963851115	0	0	6f3f31375be340488174521dcfed
user5	758	365	1271963851125	0	0	6f3f31375be340488174521dcfed
user5	759	364	1271963851130	0	0	6f3f31375be340488174521dcfed
user5	760	364	1271963851140	0	0	6f3f31375be340488174521dcfed
user5	762	363	1271963851146	0	0	6f3f31375be340488174521dcfed
user5	765	362	1271963851155	0	0	6f3f31375be340488174521dcfed
user5	766	362	1271963851162	0	0	6f3f31375be340488174521dcfed
user5	768	361	1271963851177	0	0	6f3f31375be340488174521dcfed
user5	769	361	1271963851193	0	0	6f3f31375be340488174521dcfed
user5	771	361	1271963851193	0	0	6f3f31375be340488174521dcfed
user5	771	360	1271963851208	0	0	6f3f31375be340488174521dcfed
user5	772	360	1271963851271	0	0	6f3f31375be340488174521dcfed
user5	773	360	1271963851301	0	0	6f3f31375be340488174521dcfed
user5	771	360	1271963852005	0	0	6f3f31375be340488174521dcfed
user5	768	360	1271963852005	0	0	6f3f31375be340488174521dcfed
user5	764	360	1271963852014	0	0	6f3f31375be340488174521dcfed
user5	759	361	1271963852024	0	0	6f3f31375be340488174521dcfed
user5	748	362	1271963852034	0	0	6f3f31375be340488174521dcfed
user5	731	364	1271963852044	0	0	6f3f31375be340488174521dcfed
user5	692	367	1271963852068	0	0	6f3f31375be340488174521dcfed
user5	356	496	1271963852356	0	0	6f3f31375be340488174521dcfed
user5	696	271	1271963882194	0	0	6f3f31375be340488174521dcfed
user5	719	262	1271963882204	0	0	6f3f31375be340488174521dcfed
user5	746	254	1271963882214	0	0	6f3f31375be340488174521dcfed
user5	773	248	1271963882224	0	0	6f3f31375be340488174521dcfed
user5	801	244	1271963882234	0	0	6f3f31375be340488174521dcfed
user5	825	242	1271963882239	0	0	6f3f31375be340488174521dcfed
user5	842	239	1271963882255	0	0	6f3f31375be340488174521dcfed
user5	856	238	1271963882265	0	0	6f3f31375be340488174521dcfed
user5	867	237	1271963882275	0	0	6f3f31375be340488174521dcfed
user5	875	237	1271963882285	0	0	6f3f31375be340488174521dcfed
user5	879	237	1271963882294	0	0	6f3f31375be340488174521dcfed
user5	881	237	1271963882304	0	0	6f3f31375be340488174521dcfed
user5	881	239	1271963882344	0	0	6f3f31375be340488174521dcfed
user5	881	241	1271963882354	0	0	6f3f31375be340488174521dcfed
user5	880	244	1271963882364	0	0	6f3f31375be340488174521dcfed
user5	880	248	1271963882364	0	0	6f3f31375be340488174521dcfed
user5	879	253	1271963882380	0	0	6f3f31375be340488174521dcfed
user5	878	258	1271963882390	0	0	6f3f31375be340488174521dcfed
user5	876	265	1271963882400	0	0	6f3f31375be340488174521dcfed
user5	874	271	1271963882409	0	0	6f3f31375be340488174521dcfed
user5	871	277	1271963882427	0	0	6f3f31375be340488174521dcfed
user5	868	284	1271963882427	0	0	6f3f31375be340488174521dcfed
user5	864	291	1271963882437	0	0	6f3f31375be340488174521dcfed
user5	860	297	1271963882450	0	0	6f3f31375be340488174521dcfed
user5	855	305	1271963882457	0	0	6f3f31375be340488174521dcfed
user5	853	311	1271963882474	0	0	6f3f31375be340488174521dcfed
user5	850	316	1271963882474	0	0	6f3f31375be340488174521dcfed
user5	848	321	1271963882484	0	0	6f3f31375be340488174521dcfed
user5	846	327	1271963882494	0	0	6f3f31375be340488174521dcfed
user5	844	332	1271963882505	0	0	6f3f31375be340488174521dcfed
user5	842	337	1271963882521	0	0	6f3f31375be340488174521dcfed
user5	840	342	1271963882536	0	0	6f3f31375be340488174521dcfed
user5	840	344	1271963882536	0	0	6f3f31375be340488174521dcfed
user5	838	347	1271963882546	0	0	6f3f31375be340488174521dcfed
user5	837	349	1271963882556	0	0	6f3f31375be340488174521dcfed
user5	836	351	1271963882570	0	0	6f3f31375be340488174521dcfed
user5	835	352	1271963882580	0	0	6f3f31375be340488174521dcfed
user5	835	353	1271963882586	0	0	6f3f31375be340488174521dcfed
user5	834	354	1271963882596	0	0	6f3f31375be340488174521dcfed
user5	833	355	1271963882616	0	0	6f3f31375be340488174521dcfed
user5	832	355	1271963882725	0	0	6f3f31375be340488174521dcfed
user5	831	355	1271963882754	0	0	6f3f31375be340488174521dcfed
user5	830	355	1271963882784	0	0	6f3f31375be340488174521dcfed
user5	829	355	1271963882794	0	0	6f3f31375be340488174521dcfed
user5	828	355	1271963882804	0	0	6f3f31375be340488174521dcfed
user5	827	355	1271963882824	0	0	6f3f31375be340488174521dcfed
user5	826	355	1271963882844	0	0	6f3f31375be340488174521dcfed
user5	825	355	1271963882849	0	0	6f3f31375be340488174521dcfed
user5	824	355	1271963882880	0	0	6f3f31375be340488174521dcfed
user5	823	355	1271963882900	0	0	6f3f31375be340488174521dcfed
user5	822	355	1271963882920	0	0	6f3f31375be340488174521dcfed
user5	821	355	1271963882927	0	0	6f3f31375be340488174521dcfed
user5	820	355	1271963882943	0	0	6f3f31375be340488174521dcfed
user5	819	355	1271963882982	0	0	6f3f31375be340488174521dcfed
user5	819	355	1271963883190	1271963883096	1271963883190	6f3f31375be340488174521dcfed
user5	817	355	1271963883210	0	0	6f3f31375be340488174521dcfed
user5	815	355	1271963883220	0	0	6f3f31375be340488174521dcfed
user5	813	355	1271963883230	0	0	6f3f31375be340488174521dcfed
user5	808	356	1271963883239	0	0	6f3f31375be340488174521dcfed
user5	801	356	1271963883249	0	0	6f3f31375be340488174521dcfed
user5	792	357	1271963883258	0	0	6f3f31375be340488174521dcfed
user5	778	358	1271963883268	0	0	6f3f31375be340488174521dcfed
user5	762	359	1271963883279	0	0	6f3f31375be340488174521dcfed
user5	741	362	1271963883287	0	0	6f3f31375be340488174521dcfed
user5	705	363	1271963883296	0	0	6f3f31375be340488174521dcfed
user5	664	367	1271963883318	0	0	6f3f31375be340488174521dcfed
user5	622	371	1271963883328	0	0	6f3f31375be340488174521dcfed
user5	583	374	1271963883338	0	0	6f3f31375be340488174521dcfed
user5	541	380	1271963883348	0	0	6f3f31375be340488174521dcfed
user5	502	383	1271963883358	0	0	6f3f31375be340488174521dcfed
user5	461	387	1271963883367	0	0	6f3f31375be340488174521dcfed
user5	419	390	1271963883379	0	0	6f3f31375be340488174521dcfed
user5	380	394	1271963883387	0	0	6f3f31375be340488174521dcfed
user5	342	397	1271963883397	0	0	6f3f31375be340488174521dcfed
user5	308	399	1271963883407	0	0	6f3f31375be340488174521dcfed
user5	278	401	1271963883417	0	0	6f3f31375be340488174521dcfed
user5	250	404	1271963883427	0	0	6f3f31375be340488174521dcfed
user5	226	407	1271963883437	0	0	6f3f31375be340488174521dcfed
user5	207	408	1271963883447	0	0	6f3f31375be340488174521dcfed
user5	192	409	1271963883457	0	0	6f3f31375be340488174521dcfed
user5	179	411	1271963883467	0	0	6f3f31375be340488174521dcfed
user5	165	412	1271963883477	0	0	6f3f31375be340488174521dcfed
user5	154	415	1271963883487	0	0	6f3f31375be340488174521dcfed
user5	145	416	1271963883497	0	0	6f3f31375be340488174521dcfed
user5	135	417	1271963883505	0	0	6f3f31375be340488174521dcfed
user5	128	419	1271963883505	0	0	6f3f31375be340488174521dcfed
user5	122	420	1271963883515	0	0	6f3f31375be340488174521dcfed
user5	116	421	1271963883525	0	0	6f3f31375be340488174521dcfed
user5	112	422	1271963883536	0	0	6f3f31375be340488174521dcfed
user5	109	422	1271963883552	0	0	6f3f31375be340488174521dcfed
user5	106	422	1271963883568	0	0	6f3f31375be340488174521dcfed
user5	103	422	1271963883577	0	0	6f3f31375be340488174521dcfed
user5	100	422	1271963883583	0	0	6f3f31375be340488174521dcfed
user5	78	423	1271963883664	0	0	6f3f31375be340488174521dcfed
user5	72	423	1271963883665	0	0	6f3f31375be340488174521dcfed
user5	64	426	1271963883677	0	0	6f3f31375be340488174521dcfed
user5	56	428	1271963883686	0	0	6f3f31375be340488174521dcfed
user5	48	430	1271963883693	0	0	6f3f31375be340488174521dcfed
user5	38	431	1271963883693	0	0	6f3f31375be340488174521dcfed
user5	30	433	1271963883708	0	0	6f3f31375be340488174521dcfed
user5	21	435	1271963883724	0	0	6f3f31375be340488174521dcfed
user5	13	437	1271963883734	0	0	6f3f31375be340488174521dcfed
user5	5	439	1271963883739	0	0	6f3f31375be340488174521dcfed
user5	729	459	1271963884630	0	0	6f3f31375be340488174521dcfed
user5	771	455	1271963884630	0	0	6f3f31375be340488174521dcfed
user5	810	452	1271963884643	0	0	6f3f31375be340488174521dcfed
user5	834	446	1271963884650	0	0	6f3f31375be340488174521dcfed
user5	850	440	1271963884661	0	0	6f3f31375be340488174521dcfed
user5	859	436	1271963884671	0	0	6f3f31375be340488174521dcfed
user5	864	433	1271963884677	0	0	6f3f31375be340488174521dcfed
user5	866	430	1271963884693	0	0	6f3f31375be340488174521dcfed
user5	867	429	1271963884703	0	0	6f3f31375be340488174521dcfed
user5	867	426	1271963884708	0	0	6f3f31375be340488174521dcfed
user5	867	425	1271963884724	0	0	6f3f31375be340488174521dcfed
user5	866	424	1271963884739	0	0	6f3f31375be340488174521dcfed
user5	865	423	1271963884755	0	0	6f3f31375be340488174521dcfed
user5	863	423	1271963884755	0	0	6f3f31375be340488174521dcfed
user5	861	421	1271963884771	0	0	6f3f31375be340488174521dcfed
user5	858	421	1271963884780	0	0	6f3f31375be340488174521dcfed
user5	854	420	1271963884786	0	0	6f3f31375be340488174521dcfed
user5	847	419	1271963884802	0	0	6f3f31375be340488174521dcfed
user5	840	418	1271963884818	0	0	6f3f31375be340488174521dcfed
user5	830	416	1271963884828	0	0	6f3f31375be340488174521dcfed
user5	821	415	1271963884833	0	0	6f3f31375be340488174521dcfed
user5	810	413	1271963884833	0	0	6f3f31375be340488174521dcfed
user5	801	412	1271963884849	0	0	6f3f31375be340488174521dcfed
user5	793	411	1271963884864	0	0	6f3f31375be340488174521dcfed
user5	786	410	1271963884864	0	0	6f3f31375be340488174521dcfed
user5	783	410	1271963884880	0	0	6f3f31375be340488174521dcfed
user5	781	410	1271963884896	0	0	6f3f31375be340488174521dcfed
user5	779	409	1271963884896	0	0	6f3f31375be340488174521dcfed
user5	778	409	1271963885114	0	0	6f3f31375be340488174521dcfed
user5	777	409	1271963885130	0	0	6f3f31375be340488174521dcfed
user5	776	409	1271963885147	0	0	6f3f31375be340488174521dcfed
user5	775	409	1271963885161	0	0	6f3f31375be340488174521dcfed
user5	774	409	1271963885170	0	0	6f3f31375be340488174521dcfed
user5	773	409	1271963885180	0	0	6f3f31375be340488174521dcfed
user5	772	409	1271963885202	0	0	6f3f31375be340488174521dcfed
user5	771	409	1271963885833	0	0	6f3f31375be340488174521dcfed
user5	770	409	1271963885849	0	0	6f3f31375be340488174521dcfed
user5	769	409	1271963885889	0	0	6f3f31375be340488174521dcfed
user5	768	409	1271963886732	0	0	6f3f31375be340488174521dcfed
user5	766	409	1271963886739	0	0	6f3f31375be340488174521dcfed
user5	763	409	1271963886739	0	0	6f3f31375be340488174521dcfed
user5	760	409	1271963886750	0	0	6f3f31375be340488174521dcfed
user5	755	409	1271963886759	0	0	6f3f31375be340488174521dcfed
user5	748	409	1271963886769	0	0	6f3f31375be340488174521dcfed
user5	739	409	1271963886778	0	0	6f3f31375be340488174521dcfed
user5	728	409	1271963886789	0	0	6f3f31375be340488174521dcfed
user5	714	407	1271963886802	0	0	6f3f31375be340488174521dcfed
user5	697	406	1271963886818	0	0	6f3f31375be340488174521dcfed
user5	418	403	1271963887131	0	0	6f3f31375be340488174521dcfed
user5	705	261	1271963887516	0	0	6f3f31375be340488174521dcfed
user5	716	255	1271963887522	0	0	6f3f31375be340488174521dcfed
user5	727	252	1271963887536	0	0	6f3f31375be340488174521dcfed
user5	734	248	1271963887536	0	0	6f3f31375be340488174521dcfed
user5	741	246	1271963887552	0	0	6f3f31375be340488174521dcfed
user5	747	243	1271963887568	0	0	6f3f31375be340488174521dcfed
user5	753	241	1271963887568	0	0	6f3f31375be340488174521dcfed
user5	757	238	1271963887578	0	0	6f3f31375be340488174521dcfed
user5	763	236	1271963887588	0	0	6f3f31375be340488174521dcfed
user5	769	234	1271963887599	0	0	6f3f31375be340488174521dcfed
user5	776	232	1271963887614	0	0	6f3f31375be340488174521dcfed
user5	784	230	1271963887614	0	0	6f3f31375be340488174521dcfed
user5	792	227	1271963887630	0	0	6f3f31375be340488174521dcfed
user5	801	224	1271963887646	0	0	6f3f31375be340488174521dcfed
user5	811	221	1271963887646	0	0	6f3f31375be340488174521dcfed
user5	822	215	1271963887661	0	0	6f3f31375be340488174521dcfed
user5	834	211	1271963887677	0	0	6f3f31375be340488174521dcfed
user5	845	208	1271963887677	0	0	6f3f31375be340488174521dcfed
user5	856	205	1271963887687	0	0	6f3f31375be340488174521dcfed
user5	865	202	1271963887697	0	0	6f3f31375be340488174521dcfed
user5	875	200	1271963887708	0	0	6f3f31375be340488174521dcfed
user5	883	197	1271963887724	0	0	6f3f31375be340488174521dcfed
user5	889	195	1271963887724	0	0	6f3f31375be340488174521dcfed
user5	894	193	1271963887739	0	0	6f3f31375be340488174521dcfed
user5	897	192	1271963887751	0	0	6f3f31375be340488174521dcfed
user5	899	191	1271963887759	0	0	6f3f31375be340488174521dcfed
user5	900	189	1271963887771	0	0	6f3f31375be340488174521dcfed
user5	901	189	1271963887771	0	0	6f3f31375be340488174521dcfed
user5	901	188	1271963887786	0	0	6f3f31375be340488174521dcfed
user5	901	187	1271963887806	0	0	6f3f31375be340488174521dcfed
user5	900	187	1271963887818	0	0	6f3f31375be340488174521dcfed
user5	899	187	1271963887827	0	0	6f3f31375be340488174521dcfed
user5	898	186	1271963887833	0	0	6f3f31375be340488174521dcfed
user5	897	185	1271963887849	0	0	6f3f31375be340488174521dcfed
user5	896	185	1271963887864	0	0	6f3f31375be340488174521dcfed
user5	894	185	1271963887864	0	0	6f3f31375be340488174521dcfed
user5	893	184	1271963887880	0	0	6f3f31375be340488174521dcfed
user5	893	184	1271963888055	1271963887951	1271963888055	6f3f31375be340488174521dcfed
user5	892	184	1271963888103	0	0	6f3f31375be340488174521dcfed
user5	891	184	1271963888113	0	0	6f3f31375be340488174521dcfed
user5	890	183	1271963888130	0	0	6f3f31375be340488174521dcfed
user5	889	182	1271963888149	0	0	6f3f31375be340488174521dcfed
user5	888	182	1271963888159	0	0	6f3f31375be340488174521dcfed
user5	887	181	1271963888168	0	0	6f3f31375be340488174521dcfed
user5	886	181	1271963888181	0	0	6f3f31375be340488174521dcfed
user5	885	180	1271963888193	0	0	6f3f31375be340488174521dcfed
user5	884	180	1271963888193	0	0	6f3f31375be340488174521dcfed
user5	883	179	1271963888213	0	0	6f3f31375be340488174521dcfed
user5	882	179	1271963888239	0	0	6f3f31375be340488174521dcfed
user5	881	179	1271963888269	0	0	6f3f31375be340488174521dcfed
user5	881	178	1271963888318	0	0	6f3f31375be340488174521dcfed
user5	880	178	1271963888327	0	0	6f3f31375be340488174521dcfed
user5	879	177	1271963888348	0	0	6f3f31375be340488174521dcfed
user5	878	177	1271963888377	0	0	6f3f31375be340488174521dcfed
user5	878	176	1271963888437	0	0	6f3f31375be340488174521dcfed
user5	877	176	1271963888516	0	0	6f3f31375be340488174521dcfed
user5	877	176	1271963889021	1271963888880	1271963889021	6f3f31375be340488174521dcfed
user5	876	176	1271963889193	0	0	6f3f31375be340488174521dcfed
user5	875	176	1271963889293	0	0	6f3f31375be340488174521dcfed
user5	874	176	1271963889927	0	0	6f3f31375be340488174521dcfed
user5	873	176	1271963889958	0	0	6f3f31375be340488174521dcfed
user5	872	176	1271963889977	0	0	6f3f31375be340488174521dcfed
user5	870	176	1271963890009	0	0	6f3f31375be340488174521dcfed
user5	869	176	1271963890036	0	0	6f3f31375be340488174521dcfed
user5	868	176	1271963890068	0	0	6f3f31375be340488174521dcfed
user5	867	176	1271963890078	0	0	6f3f31375be340488174521dcfed
user5	866	176	1271963890099	0	0	6f3f31375be340488174521dcfed
user5	865	176	1271963890128	0	0	6f3f31375be340488174521dcfed
user5	864	176	1271963890146	0	0	6f3f31375be340488174521dcfed
user5	863	176	1271963890161	0	0	6f3f31375be340488174521dcfed
user5	862	176	1271963890208	0	0	6f3f31375be340488174521dcfed
user5	861	176	1271963890227	0	0	6f3f31375be340488174521dcfed
user5	860	176	1271963890267	0	0	6f3f31375be340488174521dcfed
user5	859	176	1271963890302	0	0	6f3f31375be340488174521dcfed
user5	858	176	1271963890333	0	0	6f3f31375be340488174521dcfed
user5	857	176	1271963890352	0	0	6f3f31375be340488174521dcfed
user5	856	176	1271963890411	0	0	6f3f31375be340488174521dcfed
user5	855	176	1271963890489	0	0	6f3f31375be340488174521dcfed
user5	854	176	1271963890583	0	0	6f3f31375be340488174521dcfed
user5	853	176	1271963890630	0	0	6f3f31375be340488174521dcfed
user5	852	176	1271963890693	0	0	6f3f31375be340488174521dcfed
user5	854	176	1271963897390	0	0	6f3f31375be340488174521dcfed
user5	858	177	1271963897411	0	0	6f3f31375be340488174521dcfed
user5	860	178	1271963897411	0	0	6f3f31375be340488174521dcfed
user5	861	180	1271963897442	0	0	6f3f31375be340488174521dcfed
user5	861	184	1271963897453	0	0	6f3f31375be340488174521dcfed
user5	861	189	1271963897458	0	0	6f3f31375be340488174521dcfed
user5	856	197	1271963897468	0	0	6f3f31375be340488174521dcfed
user5	852	205	1271963897478	0	0	6f3f31375be340488174521dcfed
user5	848	212	1271963897489	0	0	6f3f31375be340488174521dcfed
user5	845	219	1271963897499	0	0	6f3f31375be340488174521dcfed
user5	845	227	1271963897509	0	0	6f3f31375be340488174521dcfed
user5	843	236	1271963897521	0	0	6f3f31375be340488174521dcfed
user5	843	244	1271963897521	0	0	6f3f31375be340488174521dcfed
user5	843	252	1271963897536	0	0	6f3f31375be340488174521dcfed
user5	843	260	1271963897552	0	0	6f3f31375be340488174521dcfed
user5	842	265	1271963897552	0	0	6f3f31375be340488174521dcfed
user5	841	270	1271963897567	0	0	6f3f31375be340488174521dcfed
user5	841	273	1271963897577	0	0	6f3f31375be340488174521dcfed
user5	840	276	1271963897583	0	0	6f3f31375be340488174521dcfed
user5	839	277	1271963897599	0	0	6f3f31375be340488174521dcfed
user5	838	278	1271963897599	0	0	6f3f31375be340488174521dcfed
user5	838	279	1271963897614	0	0	6f3f31375be340488174521dcfed
user5	838	280	1271963897630	0	0	6f3f31375be340488174521dcfed
user5	837	280	1271963897630	0	0	6f3f31375be340488174521dcfed
user5	837	279	1271963897683	0	0	6f3f31375be340488174521dcfed
user5	837	278	1271963897691	0	0	6f3f31375be340488174521dcfed
user5	837	278	1271963897911	1271963897787	1271963897911	6f3f31375be340488174521dcfed
user5	689	311	1271963906131	0	0	6f3f31375be340488174521dcfed
user5	692	310	1271963906140	0	0	6f3f31375be340488174521dcfed
user5	695	309	1271963906151	0	0	6f3f31375be340488174521dcfed
user5	700	307	1271963906160	0	0	6f3f31375be340488174521dcfed
user5	703	306	1271963906172	0	0	6f3f31375be340488174521dcfed
user5	706	306	1271963906180	0	0	6f3f31375be340488174521dcfed
user5	710	305	1271963906192	0	0	6f3f31375be340488174521dcfed
user5	715	303	1271963906207	0	0	6f3f31375be340488174521dcfed
user5	719	303	1271963906211	0	0	6f3f31375be340488174521dcfed
user5	723	302	1271963906221	0	0	6f3f31375be340488174521dcfed
user5	726	301	1271963906231	0	0	6f3f31375be340488174521dcfed
user5	729	301	1271963906241	0	0	6f3f31375be340488174521dcfed
user5	732	301	1271963906251	0	0	6f3f31375be340488174521dcfed
user5	733	301	1271963906261	0	0	6f3f31375be340488174521dcfed
user5	734	301	1271963906271	0	0	6f3f31375be340488174521dcfed
user5	734	302	1271963906300	0	0	6f3f31375be340488174521dcfed
user5	734	303	1271963906310	0	0	6f3f31375be340488174521dcfed
user5	734	306	1271963906317	0	0	6f3f31375be340488174521dcfed
user5	733	309	1271963906333	0	0	6f3f31375be340488174521dcfed
user5	732	313	1271963906343	0	0	6f3f31375be340488174521dcfed
user5	732	318	1271963906353	0	0	6f3f31375be340488174521dcfed
user5	732	320	1271963906363	0	0	6f3f31375be340488174521dcfed
user5	732	322	1271963906364	0	0	6f3f31375be340488174521dcfed
user5	732	323	1271963906380	0	0	6f3f31375be340488174521dcfed
user5	732	324	1271963906399	0	0	6f3f31375be340488174521dcfed
user5	732	324	1271963906556	1271963906474	1271963906556	6f3f31375be340488174521dcfed
user5	730	324	1271963906648	0	0	6f3f31375be340488174521dcfed
user5	729	324	1271963906666	0	0	6f3f31375be340488174521dcfed
user5	728	324	1271963906676	0	0	6f3f31375be340488174521dcfed
user5	727	323	1271963906686	0	0	6f3f31375be340488174521dcfed
user5	725	323	1271963906692	0	0	6f3f31375be340488174521dcfed
user5	723	323	1271963906724	0	0	6f3f31375be340488174521dcfed
user5	722	323	1271963906729	0	0	6f3f31375be340488174521dcfed
user5	720	322	1271963906740	0	0	6f3f31375be340488174521dcfed
user5	718	322	1271963906759	0	0	6f3f31375be340488174521dcfed
user5	717	322	1271963906771	0	0	6f3f31375be340488174521dcfed
user5	717	321	1271963906786	0	0	6f3f31375be340488174521dcfed
user5	715	321	1271963906786	0	0	6f3f31375be340488174521dcfed
user5	714	321	1271963906802	0	0	6f3f31375be340488174521dcfed
user5	713	320	1271963906812	0	0	6f3f31375be340488174521dcfed
user5	711	320	1271963906821	0	0	6f3f31375be340488174521dcfed
user5	708	319	1271963906832	0	0	6f3f31375be340488174521dcfed
user5	705	318	1271963906841	0	0	6f3f31375be340488174521dcfed
user5	700	317	1271963906853	0	0	6f3f31375be340488174521dcfed
user5	693	316	1271963906861	0	0	6f3f31375be340488174521dcfed
user5	685	314	1271963906880	0	0	6f3f31375be340488174521dcfed
user5	675	311	1271963906890	0	0	6f3f31375be340488174521dcfed
user5	662	307	1271963906902	0	0	6f3f31375be340488174521dcfed
user5	644	302	1271963906910	0	0	6f3f31375be340488174521dcfed
user5	623	297	1271963906911	0	0	6f3f31375be340488174521dcfed
user5	595	289	1271963906920	0	0	6f3f31375be340488174521dcfed
user5	569	282	1271963906931	0	0	6f3f31375be340488174521dcfed
user5	541	274	1271963906940	0	0	6f3f31375be340488174521dcfed
user5	511	264	1271963906950	0	0	6f3f31375be340488174521dcfed
user5	483	254	1271963906958	0	0	6f3f31375be340488174521dcfed
user5	456	245	1271963906974	0	0	6f3f31375be340488174521dcfed
user5	431	237	1271963906989	0	0	6f3f31375be340488174521dcfed
user5	409	229	1271963906989	0	0	6f3f31375be340488174521dcfed
user5	392	224	1271963907005	0	0	6f3f31375be340488174521dcfed
user5	378	220	1271963907015	0	0	6f3f31375be340488174521dcfed
user5	364	215	1271963907021	0	0	6f3f31375be340488174521dcfed
user5	350	212	1271963907031	0	0	6f3f31375be340488174521dcfed
user5	341	208	1271963907041	0	0	6f3f31375be340488174521dcfed
user5	334	207	1271963907052	0	0	6f3f31375be340488174521dcfed
user5	331	207	1271963907067	0	0	6f3f31375be340488174521dcfed
user5	327	206	1271963907077	0	0	6f3f31375be340488174521dcfed
user5	326	206	1271963907087	0	0	6f3f31375be340488174521dcfed
user5	325	206	1271963907177	0	0	6f3f31375be340488174521dcfed
user5	325	205	1271963907197	0	0	6f3f31375be340488174521dcfed
user5	324	205	1271963907216	0	0	6f3f31375be340488174521dcfed
user5	323	205	1271963907276	0	0	6f3f31375be340488174521dcfed
user5	323	206	1271963907355	0	0	6f3f31375be340488174521dcfed
user5	323	207	1271963907544	0	0	6f3f31375be340488174521dcfed
user5	323	209	1271963907552	0	0	6f3f31375be340488174521dcfed
user5	322	210	1271963907561	0	0	6f3f31375be340488174521dcfed
user5	322	211	1271963907572	0	0	6f3f31375be340488174521dcfed
user5	322	212	1271963907581	0	0	6f3f31375be340488174521dcfed
user5	322	213	1271963907591	0	0	6f3f31375be340488174521dcfed
user5	321	213	1271963907601	0	0	6f3f31375be340488174521dcfed
user5	322	213	1271963907804	0	0	6f3f31375be340488174521dcfed
user5	325	212	1271963907811	0	0	6f3f31375be340488174521dcfed
user5	328	212	1271963907819	0	0	6f3f31375be340488174521dcfed
user5	329	212	1271963907849	0	0	6f3f31375be340488174521dcfed
user5	329	211	1271963907859	0	0	6f3f31375be340488174521dcfed
user5	329	210	1271963907869	0	0	6f3f31375be340488174521dcfed
user5	330	209	1271963907896	0	0	6f3f31375be340488174521dcfed
user5	330	207	1271963907911	0	0	6f3f31375be340488174521dcfed
user5	330	204	1271963907923	0	0	6f3f31375be340488174521dcfed
user5	330	202	1271963907931	0	0	6f3f31375be340488174521dcfed
user5	330	198	1271963907942	0	0	6f3f31375be340488174521dcfed
user5	330	194	1271963907952	0	0	6f3f31375be340488174521dcfed
user5	330	181	1271963907958	0	0	6f3f31375be340488174521dcfed
user5	327	172	1271963907968	0	0	6f3f31375be340488174521dcfed
user5	325	163	1271963907989	0	0	6f3f31375be340488174521dcfed
user5	324	152	1271963907989	0	0	6f3f31375be340488174521dcfed
user5	324	143	1271963908005	0	0	6f3f31375be340488174521dcfed
user5	324	132	1271963908014	0	0	6f3f31375be340488174521dcfed
user5	325	121	1271963908021	0	0	6f3f31375be340488174521dcfed
user5	327	112	1271963908036	0	0	6f3f31375be340488174521dcfed
user5	329	103	1271963908046	0	0	6f3f31375be340488174521dcfed
user5	331	98	1271963908056	0	0	6f3f31375be340488174521dcfed
user5	334	92	1271963908065	0	0	6f3f31375be340488174521dcfed
user5	336	87	1271963908075	0	0	6f3f31375be340488174521dcfed
user5	340	82	1271963908083	0	0	6f3f31375be340488174521dcfed
user5	344	79	1271963908093	0	0	6f3f31375be340488174521dcfed
user5	349	74	1271963908099	0	0	6f3f31375be340488174521dcfed
user5	354	69	1271963908108	0	0	6f3f31375be340488174521dcfed
user5	357	65	1271963908130	0	0	6f3f31375be340488174521dcfed
user5	362	61	1271963908130	0	0	6f3f31375be340488174521dcfed
user5	364	59	1271963908146	0	0	6f3f31375be340488174521dcfed
user5	368	56	1271963908156	0	0	6f3f31375be340488174521dcfed
user5	370	55	1271963908161	0	0	6f3f31375be340488174521dcfed
user5	372	54	1271963908177	0	0	6f3f31375be340488174521dcfed
user5	374	53	1271963908177	0	0	6f3f31375be340488174521dcfed
user5	375	53	1271963908192	0	0	6f3f31375be340488174521dcfed
user5	376	52	1271963908208	0	0	6f3f31375be340488174521dcfed
user5	376	51	1271963908218	0	0	6f3f31375be340488174521dcfed
user5	377	51	1271963908224	0	0	6f3f31375be340488174521dcfed
user5	378	50	1271963908239	0	0	6f3f31375be340488174521dcfed
user5	379	50	1271963908271	0	0	6f3f31375be340488174521dcfed
user5	380	50	1271963908271	0	0	6f3f31375be340488174521dcfed
user5	380	49	1271963908281	0	0	6f3f31375be340488174521dcfed
user5	381	49	1271963908320	0	0	6f3f31375be340488174521dcfed
user5	381	50	1271963908427	0	0	6f3f31375be340488174521dcfed
user5	381	51	1271963908458	0	0	6f3f31375be340488174521dcfed
user5	381	52	1271963908468	0	0	6f3f31375be340488174521dcfed
user5	381	53	1271963908478	0	0	6f3f31375be340488174521dcfed
user5	381	54	1271963908508	0	0	6f3f31375be340488174521dcfed
user5	382	54	1271963908686	0	0	6f3f31375be340488174521dcfed
user5	382	55	1271963908709	0	0	6f3f31375be340488174521dcfed
user5	383	55	1271963908724	0	0	6f3f31375be340488174521dcfed
user5	383	56	1271963908739	0	0	6f3f31375be340488174521dcfed
user5	383	57	1271963908779	0	0	6f3f31375be340488174521dcfed
user5	383	57	1271963909263	1271963909130	1271963909263	6f3f31375be340488174521dcfed
user5	276	236	1271963912374	0	0	6f3f31375be340488174521dcfed
user5	276	235	1271963912427	0	0	6f3f31375be340488174521dcfed
user5	277	234	1271963912786	0	0	6f3f31375be340488174521dcfed
user5	277	233	1271963912813	0	0	6f3f31375be340488174521dcfed
user5	277	232	1271963912864	0	0	6f3f31375be340488174521dcfed
user5	277	241	1271963913006	0	0	6f3f31375be340488174521dcfed
user5	277	243	1271963913006	0	0	6f3f31375be340488174521dcfed
user5	277	250	1271963913071	0	0	6f3f31375be340488174521dcfed
user5	277	252	1271963913072	0	0	6f3f31375be340488174521dcfed
user5	277	262	1271963913162	0	0	6f3f31375be340488174521dcfed
user5	277	261	1271963913201	0	0	6f3f31375be340488174521dcfed
user5	277	260	1271963913221	0	0	6f3f31375be340488174521dcfed
user5	277	259	1271963913239	0	0	6f3f31375be340488174521dcfed
user5	278	259	1271963913271	0	0	6f3f31375be340488174521dcfed
user5	278	258	1271963913286	0	0	6f3f31375be340488174521dcfed
user5	279	258	1271963913302	0	0	6f3f31375be340488174521dcfed
user5	281	256	1271963913302	0	0	6f3f31375be340488174521dcfed
user5	285	251	1271963913309	0	0	6f3f31375be340488174521dcfed
user5	291	245	1271963913319	0	0	6f3f31375be340488174521dcfed
user5	296	239	1271963913335	0	0	6f3f31375be340488174521dcfed
user5	301	234	1271963913349	0	0	6f3f31375be340488174521dcfed
user5	304	230	1271963913349	0	0	6f3f31375be340488174521dcfed
user5	308	225	1271963913358	0	0	6f3f31375be340488174521dcfed
user5	313	221	1271963913380	0	0	6f3f31375be340488174521dcfed
user5	317	219	1271963913380	0	0	6f3f31375be340488174521dcfed
user5	321	215	1271963913390	0	0	6f3f31375be340488174521dcfed
user5	325	212	1271963913399	0	0	6f3f31375be340488174521dcfed
user5	330	209	1271963913411	0	0	6f3f31375be340488174521dcfed
user5	334	207	1271963913427	0	0	6f3f31375be340488174521dcfed
user5	339	204	1271963913437	0	0	6f3f31375be340488174521dcfed
user5	345	202	1271963913442	0	0	6f3f31375be340488174521dcfed
user5	349	199	1271963913458	0	0	6f3f31375be340488174521dcfed
user5	355	197	1271963913458	0	0	6f3f31375be340488174521dcfed
user5	361	195	1271963913474	0	0	6f3f31375be340488174521dcfed
user5	365	193	1271963913489	0	0	6f3f31375be340488174521dcfed
user5	371	192	1271963913499	0	0	6f3f31375be340488174521dcfed
user5	377	190	1271963913508	0	0	6f3f31375be340488174521dcfed
user5	383	189	1271963913521	0	0	6f3f31375be340488174521dcfed
user5	387	187	1271963913521	0	0	6f3f31375be340488174521dcfed
user5	394	185	1271963913536	0	0	6f3f31375be340488174521dcfed
user5	400	184	1271963913536	0	0	6f3f31375be340488174521dcfed
user5	407	182	1271963913546	0	0	6f3f31375be340488174521dcfed
user5	412	180	1271963913556	0	0	6f3f31375be340488174521dcfed
user5	421	179	1271963913567	0	0	6f3f31375be340488174521dcfed
user5	426	178	1271963913583	0	0	6f3f31375be340488174521dcfed
user5	433	176	1271963913593	0	0	6f3f31375be340488174521dcfed
user5	439	176	1271963913603	0	0	6f3f31375be340488174521dcfed
user5	443	175	1271963913613	0	0	6f3f31375be340488174521dcfed
user5	448	175	1271963913622	0	0	6f3f31375be340488174521dcfed
user5	451	175	1271963913633	0	0	6f3f31375be340488174521dcfed
user5	454	175	1271963913645	0	0	6f3f31375be340488174521dcfed
user5	457	175	1271963913654	0	0	6f3f31375be340488174521dcfed
user5	460	175	1271963913662	0	0	6f3f31375be340488174521dcfed
user5	463	175	1271963913687	0	0	6f3f31375be340488174521dcfed
user5	465	176	1271963913687	0	0	6f3f31375be340488174521dcfed
user5	467	177	1271963913693	0	0	6f3f31375be340488174521dcfed
user5	469	178	1271963913705	0	0	6f3f31375be340488174521dcfed
user5	471	179	1271963913708	0	0	6f3f31375be340488174521dcfed
user5	472	179	1271963913724	0	0	6f3f31375be340488174521dcfed
user5	472	180	1271963913734	0	0	6f3f31375be340488174521dcfed
user5	473	180	1271963913744	0	0	6f3f31375be340488174521dcfed
user5	474	181	1271963913754	0	0	6f3f31375be340488174521dcfed
user5	474	182	1271963913771	0	0	6f3f31375be340488174521dcfed
user5	475	183	1271963913786	0	0	6f3f31375be340488174521dcfed
user5	475	184	1271963913816	0	0	6f3f31375be340488174521dcfed
user5	475	185	1271963913841	0	0	6f3f31375be340488174521dcfed
user5	475	186	1271963913855	0	0	6f3f31375be340488174521dcfed
user5	475	187	1271963913865	0	0	6f3f31375be340488174521dcfed
user5	475	188	1271963913885	0	0	6f3f31375be340488174521dcfed
user5	475	189	1271963913895	0	0	6f3f31375be340488174521dcfed
user5	475	190	1271963913905	0	0	6f3f31375be340488174521dcfed
user5	475	191	1271963913935	0	0	6f3f31375be340488174521dcfed
user5	475	192	1271963913984	0	0	6f3f31375be340488174521dcfed
user5	475	193	1271963914014	0	0	6f3f31375be340488174521dcfed
user5	475	194	1271963914036	0	0	6f3f31375be340488174521dcfed
user5	476	194	1271963914052	0	0	6f3f31375be340488174521dcfed
user5	477	194	1271963914072	0	0	6f3f31375be340488174521dcfed
user5	479	193	1271963914082	0	0	6f3f31375be340488174521dcfed
user5	482	191	1271963914091	0	0	6f3f31375be340488174521dcfed
user5	487	189	1271963914101	0	0	6f3f31375be340488174521dcfed
user5	493	186	1271963914111	0	0	6f3f31375be340488174521dcfed
user5	499	183	1271963914121	0	0	6f3f31375be340488174521dcfed
user5	506	181	1271963914131	0	0	6f3f31375be340488174521dcfed
user5	510	180	1271963914146	0	0	6f3f31375be340488174521dcfed
user5	517	178	1271963914161	0	0	6f3f31375be340488174521dcfed
user5	523	177	1271963914171	0	0	6f3f31375be340488174521dcfed
user5	528	176	1271963914177	0	0	6f3f31375be340488174521dcfed
user5	532	176	1271963914192	0	0	6f3f31375be340488174521dcfed
user5	537	175	1271963914192	0	0	6f3f31375be340488174521dcfed
user5	540	175	1271963914202	0	0	6f3f31375be340488174521dcfed
user5	543	175	1271963914224	0	0	6f3f31375be340488174521dcfed
user5	545	174	1271963914224	0	0	6f3f31375be340488174521dcfed
user5	548	174	1271963914234	0	0	6f3f31375be340488174521dcfed
user5	549	173	1271963914244	0	0	6f3f31375be340488174521dcfed
user5	551	173	1271963914254	0	0	6f3f31375be340488174521dcfed
user5	551	172	1271963914264	0	0	6f3f31375be340488174521dcfed
user5	552	171	1271963914273	0	0	6f3f31375be340488174521dcfed
user5	552	171	1271963914413	1271963914332	1271963914413	6f3f31375be340488174521dcfed
user5	485	548	1271963949588	0	0	6f3f31375be340488174521dcfed
user5	484	547	1271963949595	0	0	6f3f31375be340488174521dcfed
user5	483	546	1271963949614	0	0	6f3f31375be340488174521dcfed
user5	481	544	1271963949630	0	0	6f3f31375be340488174521dcfed
user5	480	543	1271963949645	0	0	6f3f31375be340488174521dcfed
user5	478	542	1271963949655	0	0	6f3f31375be340488174521dcfed
user5	476	540	1271963949661	0	0	6f3f31375be340488174521dcfed
user5	474	539	1271963949671	0	0	6f3f31375be340488174521dcfed
user5	471	536	1271963949677	0	0	6f3f31375be340488174521dcfed
user5	468	534	1271963949692	0	0	6f3f31375be340488174521dcfed
user5	465	531	1271963949692	0	0	6f3f31375be340488174521dcfed
user5	461	529	1271963949708	0	0	6f3f31375be340488174521dcfed
user5	458	524	1271963949723	0	0	6f3f31375be340488174521dcfed
user5	454	520	1271963949723	0	0	6f3f31375be340488174521dcfed
user5	451	514	1271963949732	0	0	6f3f31375be340488174521dcfed
user5	447	509	1271963949755	0	0	6f3f31375be340488174521dcfed
user5	442	505	1271963949764	0	0	6f3f31375be340488174521dcfed
user5	439	501	1271963949775	0	0	6f3f31375be340488174521dcfed
user5	428	493	1271963949786	0	0	6f3f31375be340488174521dcfed
user5	422	489	1271963949796	0	0	6f3f31375be340488174521dcfed
user5	417	487	1271963949817	0	0	6f3f31375be340488174521dcfed
user5	414	485	1271963949823	0	0	6f3f31375be340488174521dcfed
user5	404	480	1271963949852	0	0	6f3f31375be340488174521dcfed
user5	402	479	1271963949864	0	0	6f3f31375be340488174521dcfed
user5	399	478	1271963949873	0	0	6f3f31375be340488174521dcfed
user5	398	478	1271963949880	0	0	6f3f31375be340488174521dcfed
user5	398	477	1271963949880	0	0	6f3f31375be340488174521dcfed
user5	397	477	1271963949890	0	0	6f3f31375be340488174521dcfed
user5	397	476	1271963949904	0	0	6f3f31375be340488174521dcfed
user5	396	476	1271963949911	0	0	6f3f31375be340488174521dcfed
user5	396	475	1271963950139	0	0	6f3f31375be340488174521dcfed
user5	396	474	1271963950149	0	0	6f3f31375be340488174521dcfed
user5	396	473	1271963950201	0	0	6f3f31375be340488174521dcfed
user5	395	473	1271963950516	0	0	6f3f31375be340488174521dcfed
user5	395	472	1271963950526	0	0	6f3f31375be340488174521dcfed
user5	395	471	1271963950567	0	0	6f3f31375be340488174521dcfed
user5	395	470	1271963951255	0	0	6f3f31375be340488174521dcfed
user5	396	469	1271963951294	0	0	6f3f31375be340488174521dcfed
user5	396	467	1271963951314	0	0	6f3f31375be340488174521dcfed
user5	396	466	1271963951333	0	0	6f3f31375be340488174521dcfed
user5	397	464	1271963951333	0	0	6f3f31375be340488174521dcfed
user5	398	462	1271963951343	0	0	6f3f31375be340488174521dcfed
user5	398	460	1271963951348	0	0	6f3f31375be340488174521dcfed
user5	398	459	1271963951364	0	0	6f3f31375be340488174521dcfed
user5	398	457	1271963951380	0	0	6f3f31375be340488174521dcfed
user5	398	455	1271963951380	0	0	6f3f31375be340488174521dcfed
user5	398	453	1271963951389	0	0	6f3f31375be340488174521dcfed
user5	398	452	1271963951411	0	0	6f3f31375be340488174521dcfed
user5	398	450	1271963951423	0	0	6f3f31375be340488174521dcfed
user5	398	449	1271963951431	0	0	6f3f31375be340488174521dcfed
user5	398	446	1271963951442	0	0	6f3f31375be340488174521dcfed
user5	398	445	1271963951452	0	0	6f3f31375be340488174521dcfed
user5	398	443	1271963951461	0	0	6f3f31375be340488174521dcfed
user5	397	442	1271963951471	0	0	6f3f31375be340488174521dcfed
user5	397	441	1271963951473	0	0	6f3f31375be340488174521dcfed
user5	396	441	1271963951489	0	0	6f3f31375be340488174521dcfed
user5	395	440	1271963951499	0	0	6f3f31375be340488174521dcfed
user5	397	442	1271963951528	0	0	6f3f31375be340488174521dcfed
user5	398	447	1271963951538	0	0	6f3f31375be340488174521dcfed
user5	402	451	1271963951552	0	0	6f3f31375be340488174521dcfed
user5	404	457	1271963951561	0	0	6f3f31375be340488174521dcfed
user5	407	466	1271963951567	0	0	6f3f31375be340488174521dcfed
user5	407	471	1271963951567	0	0	6f3f31375be340488174521dcfed
user5	407	472	1271963951583	0	0	6f3f31375be340488174521dcfed
user5	407	473	1271963951641	0	0	6f3f31375be340488174521dcfed
user5	405	471	1271963951840	0	0	6f3f31375be340488174521dcfed
user5	405	470	1271963951857	0	0	6f3f31375be340488174521dcfed
user5	405	469	1271963951864	0	0	6f3f31375be340488174521dcfed
user5	404	469	1271963951880	0	0	6f3f31375be340488174521dcfed
user5	404	468	1271963951890	0	0	6f3f31375be340488174521dcfed
user5	404	467	1271963951927	0	0	6f3f31375be340488174521dcfed
user5	404	466	1271963951989	0	0	6f3f31375be340488174521dcfed
user5	404	465	1271963952020	0	0	6f3f31375be340488174521dcfed
user5	404	464	1271963952079	0	0	6f3f31375be340488174521dcfed
user5	404	463	1271963952145	0	0	6f3f31375be340488174521dcfed
user5	403	463	1271963952157	0	0	6f3f31375be340488174521dcfed
user5	402	462	1271963952165	0	0	6f3f31375be340488174521dcfed
user5	401	462	1271963952185	0	0	6f3f31375be340488174521dcfed
user5	400	462	1271963952323	0	0	6f3f31375be340488174521dcfed
user5	400	461	1271963952333	0	0	6f3f31375be340488174521dcfed
user5	399	461	1271963952333	0	0	6f3f31375be340488174521dcfed
user5	398	460	1271963952364	0	0	6f3f31375be340488174521dcfed
user5	396	459	1271963952395	0	0	6f3f31375be340488174521dcfed
user5	394	457	1271963952395	0	0	6f3f31375be340488174521dcfed
user5	389	454	1271963952404	0	0	6f3f31375be340488174521dcfed
user5	385	450	1271963952411	0	0	6f3f31375be340488174521dcfed
user5	380	445	1271963952427	0	0	6f3f31375be340488174521dcfed
user5	376	441	1271963952442	0	0	6f3f31375be340488174521dcfed
user5	372	436	1271963952452	0	0	6f3f31375be340488174521dcfed
user5	369	430	1271963952464	0	0	6f3f31375be340488174521dcfed
user5	365	425	1271963952472	0	0	6f3f31375be340488174521dcfed
user5	363	419	1271963952473	0	0	6f3f31375be340488174521dcfed
user5	362	415	1271963952489	0	0	6f3f31375be340488174521dcfed
user5	362	409	1271963952499	0	0	6f3f31375be340488174521dcfed
user5	362	404	1271963952509	0	0	6f3f31375be340488174521dcfed
user5	365	394	1271963952519	0	0	6f3f31375be340488174521dcfed
user5	369	385	1271963952529	0	0	6f3f31375be340488174521dcfed
user5	376	370	1271963952538	0	0	6f3f31375be340488174521dcfed
user5	387	354	1271963952548	0	0	6f3f31375be340488174521dcfed
user5	397	338	1271963952558	0	0	6f3f31375be340488174521dcfed
user5	403	327	1271963952568	0	0	6f3f31375be340488174521dcfed
user5	409	317	1271963952583	0	0	6f3f31375be340488174521dcfed
user5	412	307	1271963952583	0	0	6f3f31375be340488174521dcfed
user5	416	299	1271963952598	0	0	6f3f31375be340488174521dcfed
user5	417	293	1271963952598	0	0	6f3f31375be340488174521dcfed
user5	418	289	1271963952614	0	0	6f3f31375be340488174521dcfed
user5	418	286	1271963952630	0	0	6f3f31375be340488174521dcfed
user5	418	285	1271963952630	0	0	6f3f31375be340488174521dcfed
user5	417	285	1271963952645	0	0	6f3f31375be340488174521dcfed
user5	416	284	1271963952654	0	0	6f3f31375be340488174521dcfed
user5	416	283	1271963952661	0	0	6f3f31375be340488174521dcfed
user5	415	283	1271963952692	0	0	6f3f31375be340488174521dcfed
user5	415	282	1271963952708	0	0	6f3f31375be340488174521dcfed
user5	415	281	1271963952723	0	0	6f3f31375be340488174521dcfed
user5	415	280	1271963952742	0	0	6f3f31375be340488174521dcfed
user5	414	280	1271963952762	0	0	6f3f31375be340488174521dcfed
user5	414	278	1271963952770	0	0	6f3f31375be340488174521dcfed
user5	413	278	1271963952879	0	0	6f3f31375be340488174521dcfed
user5	412	278	1271963952895	0	0	6f3f31375be340488174521dcfed
user5	412	279	1271963952911	0	0	6f3f31375be340488174521dcfed
user5	411	279	1271963952911	0	0	6f3f31375be340488174521dcfed
user5	411	280	1271963952927	0	0	6f3f31375be340488174521dcfed
user5	411	278	1271963953196	0	0	6f3f31375be340488174521dcfed
user5	411	277	1271963953208	0	0	6f3f31375be340488174521dcfed
user5	411	275	1271963953223	0	0	6f3f31375be340488174521dcfed
user5	411	274	1271963953239	0	0	6f3f31375be340488174521dcfed
user5	410	271	1271963953239	0	0	6f3f31375be340488174521dcfed
user5	408	269	1271963953249	0	0	6f3f31375be340488174521dcfed
user5	408	267	1271963953259	0	0	6f3f31375be340488174521dcfed
user5	406	265	1271963953269	0	0	6f3f31375be340488174521dcfed
user5	405	262	1271963953279	0	0	6f3f31375be340488174521dcfed
user5	404	260	1271963953286	0	0	6f3f31375be340488174521dcfed
user5	402	258	1271963953296	0	0	6f3f31375be340488174521dcfed
user5	402	256	1271963953317	0	0	6f3f31375be340488174521dcfed
user5	400	254	1271963953317	0	0	6f3f31375be340488174521dcfed
user5	399	252	1271963953333	0	0	6f3f31375be340488174521dcfed
user5	398	250	1271963953348	0	0	6f3f31375be340488174521dcfed
user5	396	248	1271963953348	0	0	6f3f31375be340488174521dcfed
user5	395	245	1271963953357	0	0	6f3f31375be340488174521dcfed
user5	394	245	1271963953364	0	0	6f3f31375be340488174521dcfed
user5	394	244	1271963953374	0	0	6f3f31375be340488174521dcfed
user5	393	245	1271963953493	0	0	6f3f31375be340488174521dcfed
user5	392	248	1271963953503	0	0	6f3f31375be340488174521dcfed
user5	389	252	1271963953512	0	0	6f3f31375be340488174521dcfed
user5	385	260	1271963953523	0	0	6f3f31375be340488174521dcfed
user5	380	266	1271963953532	0	0	6f3f31375be340488174521dcfed
user5	381	271	1271963953672	0	0	6f3f31375be340488174521dcfed
user5	382	272	1271963953692	0	0	6f3f31375be340488174521dcfed
user5	382	273	1271963953692	0	0	6f3f31375be340488174521dcfed
user5	383	272	1271963953732	0	0	6f3f31375be340488174521dcfed
user5	385	269	1271963953741	0	0	6f3f31375be340488174521dcfed
user5	386	264	1271963953751	0	0	6f3f31375be340488174521dcfed
user5	387	255	1271963953761	0	0	6f3f31375be340488174521dcfed
user5	388	242	1271963953771	0	0	6f3f31375be340488174521dcfed
user5	388	223	1271963953781	0	0	6f3f31375be340488174521dcfed
user5	391	198	1271963953794	0	0	6f3f31375be340488174521dcfed
user5	392	170	1271963953801	0	0	6f3f31375be340488174521dcfed
user5	395	139	1271963953811	0	0	6f3f31375be340488174521dcfed
user5	398	116	1271963953821	0	0	6f3f31375be340488174521dcfed
user5	402	100	1271963953831	0	0	6f3f31375be340488174521dcfed
user5	405	88	1271963953840	0	0	6f3f31375be340488174521dcfed
user5	410	78	1271963953851	0	0	6f3f31375be340488174521dcfed
user5	412	69	1271963953861	0	0	6f3f31375be340488174521dcfed
user5	415	64	1271963953872	0	0	6f3f31375be340488174521dcfed
user5	415	59	1271963953881	0	0	6f3f31375be340488174521dcfed
user5	418	56	1271963953892	0	0	6f3f31375be340488174521dcfed
user5	419	54	1271963953900	0	0	6f3f31375be340488174521dcfed
user5	419	52	1271963953911	0	0	6f3f31375be340488174521dcfed
user5	420	51	1271963953927	0	0	6f3f31375be340488174521dcfed
user5	422	50	1271963953937	0	0	6f3f31375be340488174521dcfed
user5	423	49	1271963953957	0	0	6f3f31375be340488174521dcfed
user5	423	48	1271963953979	0	0	6f3f31375be340488174521dcfed
user5	423	49	1271963954096	0	0	6f3f31375be340488174521dcfed
user5	423	50	1271963954115	0	0	6f3f31375be340488174521dcfed
user5	423	51	1271963954126	0	0	6f3f31375be340488174521dcfed
user5	423	52	1271963954135	0	0	6f3f31375be340488174521dcfed
user5	423	53	1271963954155	0	0	6f3f31375be340488174521dcfed
user5	423	54	1271963954175	0	0	6f3f31375be340488174521dcfed
user5	423	55	1271963954195	0	0	6f3f31375be340488174521dcfed
user5	423	56	1271963954228	0	0	6f3f31375be340488174521dcfed
user5	424	56	1271963954235	0	0	6f3f31375be340488174521dcfed
user5	425	56	1271963954245	0	0	6f3f31375be340488174521dcfed
user5	427	56	1271963954266	0	0	6f3f31375be340488174521dcfed
user5	428	56	1271963954274	0	0	6f3f31375be340488174521dcfed
user5	429	56	1271963954284	0	0	6f3f31375be340488174521dcfed
user5	431	56	1271963954302	0	0	6f3f31375be340488174521dcfed
user5	432	56	1271963954302	0	0	6f3f31375be340488174521dcfed
user5	433	56	1271963954312	0	0	6f3f31375be340488174521dcfed
user5	434	55	1271963954322	0	0	6f3f31375be340488174521dcfed
user5	436	55	1271963954332	0	0	6f3f31375be340488174521dcfed
user5	438	54	1271963954342	0	0	6f3f31375be340488174521dcfed
user5	439	54	1271963954351	0	0	6f3f31375be340488174521dcfed
user5	440	54	1271963954364	0	0	6f3f31375be340488174521dcfed
user5	441	54	1271963954380	0	0	6f3f31375be340488174521dcfed
user5	442	53	1271963954380	0	0	6f3f31375be340488174521dcfed
user5	442	53	1271963954509	1271963954428	1271963954509	6f3f31375be340488174521dcfed
