User	X	Y	MouseTimeStamp	MouseDownTimeStamp	MouseUpTimeStamp	SessionID
user20	818	115	1272141896033	0	0	190b0bc6a88480ca7902da4bc89e
user20	818	126	1272141896049	0	0	190b0bc6a88480ca7902da4bc89e
user20	818	133	1272141896049	0	0	190b0bc6a88480ca7902da4bc89e
user20	819	154	1272141896080	0	0	190b0bc6a88480ca7902da4bc89e
user20	821	161	1272141896080	0	0	190b0bc6a88480ca7902da4bc89e
user20	822	168	1272141896096	0	0	190b0bc6a88480ca7902da4bc89e
user20	824	172	1272141896096	0	0	190b0bc6a88480ca7902da4bc89e
user20	825	176	1272141896111	0	0	190b0bc6a88480ca7902da4bc89e
user20	826	178	1272141896127	0	0	190b0bc6a88480ca7902da4bc89e
user20	826	179	1272141896127	0	0	190b0bc6a88480ca7902da4bc89e
user20	827	179	1272141896127	0	0	190b0bc6a88480ca7902da4bc89e
user20	827	179	1272141896143	0	0	190b0bc6a88480ca7902da4bc89e
user20	829	180	1272141896143	0	0	190b0bc6a88480ca7902da4bc89e
user20	831	181	1272141896158	0	0	190b0bc6a88480ca7902da4bc89e
user20	836	181	1272141896174	0	0	190b0bc6a88480ca7902da4bc89e
user20	839	181	1272141896174	0	0	190b0bc6a88480ca7902da4bc89e
user20	844	181	1272141896189	0	0	190b0bc6a88480ca7902da4bc89e
user20	851	180	1272141896189	0	0	190b0bc6a88480ca7902da4bc89e
user20	857	180	1272141896189	0	0	190b0bc6a88480ca7902da4bc89e
user20	865	178	1272141896205	0	0	190b0bc6a88480ca7902da4bc89e
user20	871	178	1272141896221	0	0	190b0bc6a88480ca7902da4bc89e
user20	879	176	1272141896221	0	0	190b0bc6a88480ca7902da4bc89e
user20	887	175	1272141896236	0	0	190b0bc6a88480ca7902da4bc89e
user20	897	174	1272141896236	0	0	190b0bc6a88480ca7902da4bc89e
user20	907	173	1272141896252	0	0	190b0bc6a88480ca7902da4bc89e
user20	916	172	1272141896252	0	0	190b0bc6a88480ca7902da4bc89e
user20	922	172	1272141896267	0	0	190b0bc6a88480ca7902da4bc89e
user20	929	172	1272141896267	0	0	190b0bc6a88480ca7902da4bc89e
user20	935	172	1272141896283	0	0	190b0bc6a88480ca7902da4bc89e
user20	940	172	1272141896283	0	0	190b0bc6a88480ca7902da4bc89e
user20	944	171	1272141896299	0	0	190b0bc6a88480ca7902da4bc89e
user20	945	171	1272141896299	0	0	190b0bc6a88480ca7902da4bc89e
user20	946	171	1272141896314	0	0	190b0bc6a88480ca7902da4bc89e
user20	946	171	1272141896689	1272141896533	1272141896689	190b0bc6a88480ca7902da4bc89e
user20	946	171	1272141897734	0	0	190b0bc6a88480ca7902da4bc89e
user20	946	171	1272141897859	0	0	190b0bc6a88480ca7902da4bc89e
user20	946	171	1272141899372	0	0	190b0bc6a88480ca7902da4bc89e
user20	946	171	1272141902882	0	0	190b0bc6a88480ca7902da4bc89e
user20	946	171	1272141902882	0	0	190b0bc6a88480ca7902da4bc89e
user20	947	171	1272141905237	0	0	190b0bc6a88480ca7902da4bc89e
user20	952	167	1272141905253	0	0	190b0bc6a88480ca7902da4bc89e
user20	962	159	1272141905269	0	0	190b0bc6a88480ca7902da4bc89e
user20	972	151	1272141905269	0	0	190b0bc6a88480ca7902da4bc89e
user20	979	144	1272141905284	0	0	190b0bc6a88480ca7902da4bc89e
user20	986	137	1272141905284	0	0	190b0bc6a88480ca7902da4bc89e
user20	991	135	1272141905300	0	0	190b0bc6a88480ca7902da4bc89e
user20	993	134	1272141905300	0	0	190b0bc6a88480ca7902da4bc89e
user20	995	135	1272141905378	0	0	190b0bc6a88480ca7902da4bc89e
user20	1004	144	1272141905393	0	0	190b0bc6a88480ca7902da4bc89e
user20	1015	158	1272141905393	0	0	190b0bc6a88480ca7902da4bc89e
user20	1030	178	1272141905409	0	0	190b0bc6a88480ca7902da4bc89e
user20	1044	193	1272141905425	0	0	190b0bc6a88480ca7902da4bc89e
user20	1072	225	1272141905425	0	0	190b0bc6a88480ca7902da4bc89e
user20	1079	239	1272141905440	0	0	190b0bc6a88480ca7902da4bc89e
user20	1099	283	1272141905456	0	0	190b0bc6a88480ca7902da4bc89e
user20	1107	299	1272141905471	0	0	190b0bc6a88480ca7902da4bc89e
user20	1117	322	1272141905471	0	0	190b0bc6a88480ca7902da4bc89e
user20	1123	344	1272141905471	0	0	190b0bc6a88480ca7902da4bc89e
user20	1126	361	1272141905487	0	0	190b0bc6a88480ca7902da4bc89e
user20	1128	371	1272141905503	0	0	190b0bc6a88480ca7902da4bc89e
user20	1130	383	1272141905503	0	0	190b0bc6a88480ca7902da4bc89e
user20	1130	392	1272141905503	0	0	190b0bc6a88480ca7902da4bc89e
user20	1132	399	1272141905518	0	0	190b0bc6a88480ca7902da4bc89e
user20	1133	403	1272141905534	0	0	190b0bc6a88480ca7902da4bc89e
user20	1134	405	1272141905534	0	0	190b0bc6a88480ca7902da4bc89e
user20	1132	403	1272141905627	0	0	190b0bc6a88480ca7902da4bc89e
user20	1129	401	1272141905643	0	0	190b0bc6a88480ca7902da4bc89e
user20	1126	397	1272141905659	0	0	190b0bc6a88480ca7902da4bc89e
user20	1119	392	1272141905659	0	0	190b0bc6a88480ca7902da4bc89e
user20	1111	385	1272141905674	0	0	190b0bc6a88480ca7902da4bc89e
user20	1104	380	1272141905674	0	0	190b0bc6a88480ca7902da4bc89e
user20	1093	373	1272141905690	0	0	190b0bc6a88480ca7902da4bc89e
user20	1083	367	1272141905690	0	0	190b0bc6a88480ca7902da4bc89e
user20	1072	360	1272141905705	0	0	190b0bc6a88480ca7902da4bc89e
user20	1063	353	1272141905705	0	0	190b0bc6a88480ca7902da4bc89e
user20	1056	348	1272141905721	0	0	190b0bc6a88480ca7902da4bc89e
user20	1049	343	1272141905721	0	0	190b0bc6a88480ca7902da4bc89e
user20	1043	339	1272141905737	0	0	190b0bc6a88480ca7902da4bc89e
user20	1038	336	1272141905737	0	0	190b0bc6a88480ca7902da4bc89e
user20	1033	332	1272141905752	0	0	190b0bc6a88480ca7902da4bc89e
user20	1031	331	1272141905752	0	0	190b0bc6a88480ca7902da4bc89e
user20	1027	330	1272141905768	0	0	190b0bc6a88480ca7902da4bc89e
user20	1025	328	1272141905768	0	0	190b0bc6a88480ca7902da4bc89e
user20	1023	327	1272141905783	0	0	190b0bc6a88480ca7902da4bc89e
user20	1022	327	1272141905783	0	0	190b0bc6a88480ca7902da4bc89e
user20	1021	326	1272141905799	0	0	190b0bc6a88480ca7902da4bc89e
user20	1020	325	1272141905799	0	0	190b0bc6a88480ca7902da4bc89e
user20	1019	325	1272141905815	0	0	190b0bc6a88480ca7902da4bc89e
user20	1019	324	1272141905830	0	0	190b0bc6a88480ca7902da4bc89e
user20	1018	324	1272141905830	0	0	190b0bc6a88480ca7902da4bc89e
user20	1018	323	1272141905861	0	0	190b0bc6a88480ca7902da4bc89e
user20	1018	322	1272141905877	0	0	190b0bc6a88480ca7902da4bc89e
user20	1018	321	1272141905893	0	0	190b0bc6a88480ca7902da4bc89e
user20	1018	319	1272141905893	0	0	190b0bc6a88480ca7902da4bc89e
user20	1017	319	1272141905908	0	0	190b0bc6a88480ca7902da4bc89e
user20	1017	318	1272141905924	0	0	190b0bc6a88480ca7902da4bc89e
user20	1017	317	1272141905924	0	0	190b0bc6a88480ca7902da4bc89e
user20	1017	315	1272141905924	0	0	190b0bc6a88480ca7902da4bc89e
user20	1016	314	1272141905939	0	0	190b0bc6a88480ca7902da4bc89e
user20	1016	313	1272141905955	0	0	190b0bc6a88480ca7902da4bc89e
user20	1016	311	1272141905955	0	0	190b0bc6a88480ca7902da4bc89e
user20	1016	310	1272141905971	0	0	190b0bc6a88480ca7902da4bc89e
user20	1016	308	1272141905971	0	0	190b0bc6a88480ca7902da4bc89e
user20	1016	306	1272141905986	0	0	190b0bc6a88480ca7902da4bc89e
user20	1016	304	1272141905986	0	0	190b0bc6a88480ca7902da4bc89e
user20	1016	301	1272141906002	0	0	190b0bc6a88480ca7902da4bc89e
user20	1016	299	1272141906002	0	0	190b0bc6a88480ca7902da4bc89e
user20	1015	296	1272141906017	0	0	190b0bc6a88480ca7902da4bc89e
user20	1015	292	1272141906017	0	0	190b0bc6a88480ca7902da4bc89e
user20	1014	289	1272141906033	0	0	190b0bc6a88480ca7902da4bc89e
user20	1014	286	1272141906049	0	0	190b0bc6a88480ca7902da4bc89e
user20	1013	285	1272141906049	0	0	190b0bc6a88480ca7902da4bc89e
user20	1013	284	1272141906064	0	0	190b0bc6a88480ca7902da4bc89e
user20	1013	282	1272141906064	0	0	190b0bc6a88480ca7902da4bc89e
user20	1013	281	1272141906064	0	0	190b0bc6a88480ca7902da4bc89e
user20	1012	281	1272141906080	0	0	190b0bc6a88480ca7902da4bc89e
user20	1012	280	1272141906080	0	0	190b0bc6a88480ca7902da4bc89e
user20	1012	279	1272141906095	0	0	190b0bc6a88480ca7902da4bc89e
user20	1012	279	1272141906345	1272141906205	1272141906345	190b0bc6a88480ca7902da4bc89e
user20	1012	279	1272141910900	0	0	190b0bc6a88480ca7902da4bc89e
user20	1011	279	1272141911743	0	0	190b0bc6a88480ca7902da4bc89e
user20	992	273	1272141911774	0	0	190b0bc6a88480ca7902da4bc89e
user20	928	265	1272141911805	0	0	190b0bc6a88480ca7902da4bc89e
user20	876	260	1272141911836	0	0	190b0bc6a88480ca7902da4bc89e
user20	856	259	1272141911836	0	0	190b0bc6a88480ca7902da4bc89e
user20	765	251	1272141911867	0	0	190b0bc6a88480ca7902da4bc89e
user20	734	249	1272141911867	0	0	190b0bc6a88480ca7902da4bc89e
user20	635	245	1272141911899	0	0	190b0bc6a88480ca7902da4bc89e
user20	596	243	1272141911899	0	0	190b0bc6a88480ca7902da4bc89e
user20	494	235	1272141911930	0	0	190b0bc6a88480ca7902da4bc89e
user20	386	230	1272141911961	0	0	190b0bc6a88480ca7902da4bc89e
user20	329	220	1272141911992	0	0	190b0bc6a88480ca7902da4bc89e
user20	320	218	1272141911992	0	0	190b0bc6a88480ca7902da4bc89e
user20	303	215	1272141912023	0	0	190b0bc6a88480ca7902da4bc89e
user20	298	214	1272141912039	0	0	190b0bc6a88480ca7902da4bc89e
user20	297	214	1272141912039	0	0	190b0bc6a88480ca7902da4bc89e
user20	296	213	1272141912070	0	0	190b0bc6a88480ca7902da4bc89e
user20	296	211	1272141912086	0	0	190b0bc6a88480ca7902da4bc89e
user20	296	207	1272141912117	0	0	190b0bc6a88480ca7902da4bc89e
user20	296	205	1272141912133	0	0	190b0bc6a88480ca7902da4bc89e
user20	296	199	1272141912164	0	0	190b0bc6a88480ca7902da4bc89e
user20	298	194	1272141912179	0	0	190b0bc6a88480ca7902da4bc89e
user20	298	192	1272141912195	0	0	190b0bc6a88480ca7902da4bc89e
user20	299	188	1272141912211	0	0	190b0bc6a88480ca7902da4bc89e
user20	300	186	1272141912226	0	0	190b0bc6a88480ca7902da4bc89e
user20	301	185	1272141912226	0	0	190b0bc6a88480ca7902da4bc89e
user20	301	183	1272141912257	0	0	190b0bc6a88480ca7902da4bc89e
user20	301	182	1272141912257	0	0	190b0bc6a88480ca7902da4bc89e
user20	302	182	1272141912289	0	0	190b0bc6a88480ca7902da4bc89e
user20	305	181	1272141912928	0	0	190b0bc6a88480ca7902da4bc89e
user20	360	176	1272141912959	0	0	190b0bc6a88480ca7902da4bc89e
user20	385	171	1272141912959	0	0	190b0bc6a88480ca7902da4bc89e
user20	465	156	1272141912991	0	0	190b0bc6a88480ca7902da4bc89e
user20	502	149	1272141913022	0	0	190b0bc6a88480ca7902da4bc89e
user20	511	146	1272141913022	0	0	190b0bc6a88480ca7902da4bc89e
user20	522	139	1272141913053	0	0	190b0bc6a88480ca7902da4bc89e
user20	524	138	1272141913053	0	0	190b0bc6a88480ca7902da4bc89e
user20	525	133	1272141913084	0	0	190b0bc6a88480ca7902da4bc89e
user20	525	127	1272141913115	0	0	190b0bc6a88480ca7902da4bc89e
user20	525	124	1272141913115	0	0	190b0bc6a88480ca7902da4bc89e
user20	522	104	1272141913147	0	0	190b0bc6a88480ca7902da4bc89e
user20	520	90	1272141913178	0	0	190b0bc6a88480ca7902da4bc89e
user20	519	87	1272141913178	0	0	190b0bc6a88480ca7902da4bc89e
user20	517	83	1272141913209	0	0	190b0bc6a88480ca7902da4bc89e
user20	516	79	1272141913240	0	0	190b0bc6a88480ca7902da4bc89e
user20	516	78	1272141913240	0	0	190b0bc6a88480ca7902da4bc89e
user20	515	77	1272141913271	0	0	190b0bc6a88480ca7902da4bc89e
user20	515	76	1272141913303	0	0	190b0bc6a88480ca7902da4bc89e
user20	515	74	1272141913334	0	0	190b0bc6a88480ca7902da4bc89e
user20	515	71	1272141913365	0	0	190b0bc6a88480ca7902da4bc89e
user20	515	66	1272141913396	0	0	190b0bc6a88480ca7902da4bc89e
user20	515	60	1272141913412	0	0	190b0bc6a88480ca7902da4bc89e
user20	516	55	1272141913443	0	0	190b0bc6a88480ca7902da4bc89e
user20	518	52	1272141913474	0	0	190b0bc6a88480ca7902da4bc89e
user20	518	50	1272141913474	0	0	190b0bc6a88480ca7902da4bc89e
user20	518	48	1272141913505	0	0	190b0bc6a88480ca7902da4bc89e
user20	518	48	1272141913771	1272141913615	1272141913771	190b0bc6a88480ca7902da4bc89e
user20	627	547	1272142008104	0	0	190b0bc6a88480ca7902da4bc89e
user20	627	546	1272142008151	0	0	190b0bc6a88480ca7902da4bc89e
user20	629	542	1272142008166	0	0	190b0bc6a88480ca7902da4bc89e
user20	631	538	1272142008182	0	0	190b0bc6a88480ca7902da4bc89e
user20	631	535	1272142008213	0	0	190b0bc6a88480ca7902da4bc89e
user20	634	530	1272142008244	0	0	190b0bc6a88480ca7902da4bc89e
user20	637	525	1272142008275	0	0	190b0bc6a88480ca7902da4bc89e
user20	641	516	1272142008307	0	0	190b0bc6a88480ca7902da4bc89e
user20	644	509	1272142008338	0	0	190b0bc6a88480ca7902da4bc89e
user20	646	504	1272142008353	0	0	190b0bc6a88480ca7902da4bc89e
user20	648	494	1272142008369	0	0	190b0bc6a88480ca7902da4bc89e
user20	649	484	1272142008400	0	0	190b0bc6a88480ca7902da4bc89e
user20	649	469	1272142008431	0	0	190b0bc6a88480ca7902da4bc89e
user20	650	448	1272142008447	0	0	190b0bc6a88480ca7902da4bc89e
user20	651	429	1272142008478	0	0	190b0bc6a88480ca7902da4bc89e
user20	650	394	1272142008509	0	0	190b0bc6a88480ca7902da4bc89e
user20	646	369	1272142008525	0	0	190b0bc6a88480ca7902da4bc89e
user20	646	356	1272142008556	0	0	190b0bc6a88480ca7902da4bc89e
user20	643	288	1272142008603	0	0	190b0bc6a88480ca7902da4bc89e
user20	641	271	1272142008619	0	0	190b0bc6a88480ca7902da4bc89e
user20	641	265	1272142008634	0	0	190b0bc6a88480ca7902da4bc89e
user20	641	262	1272142008650	0	0	190b0bc6a88480ca7902da4bc89e
user20	640	261	1272142008665	0	0	190b0bc6a88480ca7902da4bc89e
user20	640	260	1272142008681	0	0	190b0bc6a88480ca7902da4bc89e
user20	640	259	1272142008728	0	0	190b0bc6a88480ca7902da4bc89e
user20	640	258	1272142010038	0	0	190b0bc6a88480ca7902da4bc89e
user20	642	258	1272142010054	0	0	190b0bc6a88480ca7902da4bc89e
user20	643	257	1272142010069	0	0	190b0bc6a88480ca7902da4bc89e
user20	645	256	1272142010101	0	0	190b0bc6a88480ca7902da4bc89e
user20	646	256	1272142010116	0	0	190b0bc6a88480ca7902da4bc89e
user20	648	255	1272142010147	0	0	190b0bc6a88480ca7902da4bc89e
user20	649	253	1272142010163	0	0	190b0bc6a88480ca7902da4bc89e
user20	652	250	1272142010179	0	0	190b0bc6a88480ca7902da4bc89e
user20	655	242	1272142010210	0	0	190b0bc6a88480ca7902da4bc89e
user20	659	234	1272142010225	0	0	190b0bc6a88480ca7902da4bc89e
user20	664	221	1272142010241	0	0	190b0bc6a88480ca7902da4bc89e
user20	667	211	1272142010257	0	0	190b0bc6a88480ca7902da4bc89e
user20	669	202	1272142010272	0	0	190b0bc6a88480ca7902da4bc89e
user20	671	198	1272142010303	0	0	190b0bc6a88480ca7902da4bc89e
user20	672	195	1272142010319	0	0	190b0bc6a88480ca7902da4bc89e
user20	673	192	1272142010335	0	0	190b0bc6a88480ca7902da4bc89e
user20	674	192	1272142010366	0	0	190b0bc6a88480ca7902da4bc89e
user20	674	191	1272142010381	0	0	190b0bc6a88480ca7902da4bc89e
user20	675	191	1272142010397	0	0	190b0bc6a88480ca7902da4bc89e
user20	675	190	1272142010413	0	0	190b0bc6a88480ca7902da4bc89e
user20	676	190	1272142010444	0	0	190b0bc6a88480ca7902da4bc89e
user20	678	189	1272142010459	0	0	190b0bc6a88480ca7902da4bc89e
user20	680	188	1272142010491	0	0	190b0bc6a88480ca7902da4bc89e
user20	681	188	1272142010522	0	0	190b0bc6a88480ca7902da4bc89e
user20	681	187	1272142010537	0	0	190b0bc6a88480ca7902da4bc89e
user20	679	187	1272142010631	0	0	190b0bc6a88480ca7902da4bc89e
user20	677	186	1272142010647	0	0	190b0bc6a88480ca7902da4bc89e
user20	675	185	1272142010662	0	0	190b0bc6a88480ca7902da4bc89e
user20	673	184	1272142010693	0	0	190b0bc6a88480ca7902da4bc89e
user20	671	184	1272142010693	0	0	190b0bc6a88480ca7902da4bc89e
user20	664	180	1272142010725	0	0	190b0bc6a88480ca7902da4bc89e
user20	656	177	1272142010787	0	0	190b0bc6a88480ca7902da4bc89e
user20	652	175	1272142010803	0	0	190b0bc6a88480ca7902da4bc89e
user20	651	175	1272142010818	0	0	190b0bc6a88480ca7902da4bc89e
user20	650	174	1272142010834	0	0	190b0bc6a88480ca7902da4bc89e
user20	649	174	1272142010881	0	0	190b0bc6a88480ca7902da4bc89e
user20	648	173	1272142010896	0	0	190b0bc6a88480ca7902da4bc89e
user20	647	173	1272142010912	0	0	190b0bc6a88480ca7902da4bc89e
user20	645	171	1272142012051	0	0	190b0bc6a88480ca7902da4bc89e
user20	631	163	1272142012066	0	0	190b0bc6a88480ca7902da4bc89e
user20	607	145	1272142012097	0	0	190b0bc6a88480ca7902da4bc89e
user20	528	88	1272142012144	0	0	190b0bc6a88480ca7902da4bc89e
user20	492	72	1272142012175	0	0	190b0bc6a88480ca7902da4bc89e
user20	478	67	1272142012207	0	0	190b0bc6a88480ca7902da4bc89e
user20	475	67	1272142012222	0	0	190b0bc6a88480ca7902da4bc89e
user20	475	66	1272142012285	0	0	190b0bc6a88480ca7902da4bc89e
user20	474	66	1272142012331	0	0	190b0bc6a88480ca7902da4bc89e
user20	472	64	1272142012378	0	0	190b0bc6a88480ca7902da4bc89e
user20	469	63	1272142012394	0	0	190b0bc6a88480ca7902da4bc89e
user20	466	62	1272142012409	0	0	190b0bc6a88480ca7902da4bc89e
user20	462	59	1272142012425	0	0	190b0bc6a88480ca7902da4bc89e
user20	461	58	1272142012441	0	0	190b0bc6a88480ca7902da4bc89e
user20	458	57	1272142012456	0	0	190b0bc6a88480ca7902da4bc89e
user20	457	56	1272142012487	0	0	190b0bc6a88480ca7902da4bc89e
user20	456	55	1272142012503	0	0	190b0bc6a88480ca7902da4bc89e
user20	455	55	1272142012519	0	0	190b0bc6a88480ca7902da4bc89e
user20	454	54	1272142012550	0	0	190b0bc6a88480ca7902da4bc89e
user20	454	54	1272142012753	1272142012612	1272142012753	190b0bc6a88480ca7902da4bc89e
