User	X	Y	MouseTimeStamp	MouseDownTimeStamp	MouseUpTimeStamp	SessionID
user9	4	415	1273285801921	0	0	5bf2c9236e6cb0aaa22845380836
user9	4	415	1273285801937	0	0	5bf2c9236e6cb0aaa22845380836
user9	205	238	1273285802000	0	0	5bf2c9236e6cb0aaa22845380836
user9	250	222	1273285802000	0	0	5bf2c9236e6cb0aaa22845380836
user9	304	212	1273285802015	0	0	5bf2c9236e6cb0aaa22845380836
user9	354	212	1273285802031	0	0	5bf2c9236e6cb0aaa22845380836
user9	402	226	1273285802031	0	0	5bf2c9236e6cb0aaa22845380836
user9	402	225	1273285802281	0	0	5bf2c9236e6cb0aaa22845380836
user9	406	221	1273285802296	0	0	5bf2c9236e6cb0aaa22845380836
user9	415	210	1273285802296	0	0	5bf2c9236e6cb0aaa22845380836
user9	438	190	1273285802312	0	0	5bf2c9236e6cb0aaa22845380836
user9	468	170	1273285802328	0	0	5bf2c9236e6cb0aaa22845380836
user9	502	153	1273285802343	0	0	5bf2c9236e6cb0aaa22845380836
user9	539	139	1273285802359	0	0	5bf2c9236e6cb0aaa22845380836
user9	578	130	1273285802359	0	0	5bf2c9236e6cb0aaa22845380836
user9	615	130	1273285802375	0	0	5bf2c9236e6cb0aaa22845380836
user9	651	137	1273285802390	0	0	5bf2c9236e6cb0aaa22845380836
user9	688	149	1273285802406	0	0	5bf2c9236e6cb0aaa22845380836
user9	714	163	1273285802406	0	0	5bf2c9236e6cb0aaa22845380836
user9	732	178	1273285802421	0	0	5bf2c9236e6cb0aaa22845380836
user9	733	178	1273285802625	0	0	5bf2c9236e6cb0aaa22845380836
user9	734	177	1273285802640	0	0	5bf2c9236e6cb0aaa22845380836
user9	738	175	1273285802640	0	0	5bf2c9236e6cb0aaa22845380836
user9	742	174	1273285802656	0	0	5bf2c9236e6cb0aaa22845380836
user9	747	174	1273285802671	0	0	5bf2c9236e6cb0aaa22845380836
user9	752	174	1273285802687	0	0	5bf2c9236e6cb0aaa22845380836
user9	758	174	1273285802687	0	0	5bf2c9236e6cb0aaa22845380836
user9	763	178	1273285802703	0	0	5bf2c9236e6cb0aaa22845380836
user9	768	178	1273285802718	0	0	5bf2c9236e6cb0aaa22845380836
user9	770	180	1273285802734	0	0	5bf2c9236e6cb0aaa22845380836
user9	772	181	1273285802750	0	0	5bf2c9236e6cb0aaa22845380836
user9	773	181	1273285802921	0	0	5bf2c9236e6cb0aaa22845380836
user9	773	180	1273285803125	0	0	5bf2c9236e6cb0aaa22845380836
user9	773	180	1273285803156	1273285803000	1273285803156	5bf2c9236e6cb0aaa22845380836
user9	773	179	1273285803296	0	0	5bf2c9236e6cb0aaa22845380836
user9	773	178	1273285803453	0	0	5bf2c9236e6cb0aaa22845380836
user9	773	178	1273285803625	0	0	5bf2c9236e6cb0aaa22845380836
user9	773	178	1273285804859	0	0	5bf2c9236e6cb0aaa22845380836
user9	773	179	1273285809078	0	0	5bf2c9236e6cb0aaa22845380836
user9	774	190	1273285809093	0	0	5bf2c9236e6cb0aaa22845380836
user9	784	218	1273285809109	0	0	5bf2c9236e6cb0aaa22845380836
user9	798	248	1273285809125	0	0	5bf2c9236e6cb0aaa22845380836
user9	817	278	1273285809140	0	0	5bf2c9236e6cb0aaa22845380836
user9	836	306	1273285809156	0	0	5bf2c9236e6cb0aaa22845380836
user9	857	334	1273285809156	0	0	5bf2c9236e6cb0aaa22845380836
user9	881	367	1273285809171	0	0	5bf2c9236e6cb0aaa22845380836
user9	901	402	1273285809187	0	0	5bf2c9236e6cb0aaa22845380836
user9	922	436	1273285809187	0	0	5bf2c9236e6cb0aaa22845380836
user9	941	470	1273285809203	0	0	5bf2c9236e6cb0aaa22845380836
user9	957	496	1273285809218	0	0	5bf2c9236e6cb0aaa22845380836
user9	967	511	1273285809234	0	0	5bf2c9236e6cb0aaa22845380836
user9	972	519	1273285809234	0	0	5bf2c9236e6cb0aaa22845380836
user9	974	524	1273285809250	0	0	5bf2c9236e6cb0aaa22845380836
user9	977	527	1273285809468	0	0	5bf2c9236e6cb0aaa22845380836
user9	980	534	1273285809468	0	0	5bf2c9236e6cb0aaa22845380836
user9	986	546	1273285809484	0	0	5bf2c9236e6cb0aaa22845380836
user9	995	563	1273285809500	0	0	5bf2c9236e6cb0aaa22845380836
user9	957	552	1273285818250	0	0	5bf2c9236e6cb0aaa22845380836
user9	939	516	1273285818265	0	0	5bf2c9236e6cb0aaa22845380836
user9	906	421	1273285818265	0	0	5bf2c9236e6cb0aaa22845380836
user9	902	410	1273285818281	0	0	5bf2c9236e6cb0aaa22845380836
user9	899	397	1273285818296	0	0	5bf2c9236e6cb0aaa22845380836
user9	894	378	1273285818312	0	0	5bf2c9236e6cb0aaa22845380836
user9	892	366	1273285818328	0	0	5bf2c9236e6cb0aaa22845380836
user9	891	362	1273285818328	0	0	5bf2c9236e6cb0aaa22845380836
user9	890	359	1273285818343	0	0	5bf2c9236e6cb0aaa22845380836
user9	890	358	1273285818359	0	0	5bf2c9236e6cb0aaa22845380836
user9	890	360	1273285818375	0	0	5bf2c9236e6cb0aaa22845380836
user9	888	358	1273285818593	0	0	5bf2c9236e6cb0aaa22845380836
user9	886	355	1273285818609	0	0	5bf2c9236e6cb0aaa22845380836
user9	882	351	1273285818609	0	0	5bf2c9236e6cb0aaa22845380836
user9	878	345	1273285818625	0	0	5bf2c9236e6cb0aaa22845380836
user9	874	336	1273285818640	0	0	5bf2c9236e6cb0aaa22845380836
user9	869	327	1273285818656	0	0	5bf2c9236e6cb0aaa22845380836
user9	865	318	1273285818656	0	0	5bf2c9236e6cb0aaa22845380836
user9	862	310	1273285818671	0	0	5bf2c9236e6cb0aaa22845380836
user9	858	306	1273285818687	0	0	5bf2c9236e6cb0aaa22845380836
user9	856	302	1273285818703	0	0	5bf2c9236e6cb0aaa22845380836
user9	854	301	1273285818718	0	0	5bf2c9236e6cb0aaa22845380836
user9	854	300	1273285818718	0	0	5bf2c9236e6cb0aaa22845380836
user9	852	299	1273285818734	0	0	5bf2c9236e6cb0aaa22845380836
user9	851	298	1273285818843	0	0	5bf2c9236e6cb0aaa22845380836
user9	850	297	1273285818859	0	0	5bf2c9236e6cb0aaa22845380836
user9	849	295	1273285818875	0	0	5bf2c9236e6cb0aaa22845380836
user9	848	295	1273285818890	0	0	5bf2c9236e6cb0aaa22845380836
user9	847	294	1273285818890	0	0	5bf2c9236e6cb0aaa22845380836
user9	846	294	1273285818906	0	0	5bf2c9236e6cb0aaa22845380836
user9	846	293	1273285818921	0	0	5bf2c9236e6cb0aaa22845380836
user9	845	293	1273285818937	0	0	5bf2c9236e6cb0aaa22845380836
user9	844	293	1273285818953	0	0	5bf2c9236e6cb0aaa22845380836
user9	843	293	1273285818984	0	0	5bf2c9236e6cb0aaa22845380836
user9	842	293	1273285819000	0	0	5bf2c9236e6cb0aaa22845380836
user9	838	290	1273285819265	0	0	5bf2c9236e6cb0aaa22845380836
user9	834	287	1273285819281	0	0	5bf2c9236e6cb0aaa22845380836
user9	830	285	1273285819296	0	0	5bf2c9236e6cb0aaa22845380836
user9	827	283	1273285819312	0	0	5bf2c9236e6cb0aaa22845380836
user9	826	282	1273285819328	0	0	5bf2c9236e6cb0aaa22845380836
user9	826	282	1273285819328	0	0	5bf2c9236e6cb0aaa22845380836
user9	825	281	1273285819343	0	0	5bf2c9236e6cb0aaa22845380836
user9	825	279	1273285819453	0	0	5bf2c9236e6cb0aaa22845380836
user9	825	278	1273285819484	0	0	5bf2c9236e6cb0aaa22845380836
user9	824	278	1273285819765	0	0	5bf2c9236e6cb0aaa22845380836
user9	826	279	1273285819796	0	0	5bf2c9236e6cb0aaa22845380836
user9	826	279	1273285819968	1273285819843	1273285819968	5bf2c9236e6cb0aaa22845380836
user9	826	279	1273285824093	0	0	5bf2c9236e6cb0aaa22845380836
user9	823	279	1273285824500	0	0	5bf2c9236e6cb0aaa22845380836
user9	755	278	1273285824562	0	0	5bf2c9236e6cb0aaa22845380836
user9	660	276	1273285824609	0	0	5bf2c9236e6cb0aaa22845380836
user9	596	264	1273285824640	0	0	5bf2c9236e6cb0aaa22845380836
user9	571	254	1273285824640	0	0	5bf2c9236e6cb0aaa22845380836
user9	538	222	1273285824671	0	0	5bf2c9236e6cb0aaa22845380836
user9	531	208	1273285824703	0	0	5bf2c9236e6cb0aaa22845380836
user9	505	201	1273285824890	0	0	5bf2c9236e6cb0aaa22845380836
user9	435	180	1273285824921	0	0	5bf2c9236e6cb0aaa22845380836
user9	371	169	1273285824953	0	0	5bf2c9236e6cb0aaa22845380836
user9	359	168	1273285825000	0	0	5bf2c9236e6cb0aaa22845380836
user9	358	168	1273285825031	0	0	5bf2c9236e6cb0aaa22845380836
user9	358	169	1273285825187	0	0	5bf2c9236e6cb0aaa22845380836
user9	358	170	1273285825218	0	0	5bf2c9236e6cb0aaa22845380836
user9	358	171	1273285825250	0	0	5bf2c9236e6cb0aaa22845380836
user9	358	172	1273285825328	0	0	5bf2c9236e6cb0aaa22845380836
user9	358	173	1273285825359	0	0	5bf2c9236e6cb0aaa22845380836
user9	358	174	1273285825656	0	0	5bf2c9236e6cb0aaa22845380836
user9	356	180	1273285825734	0	0	5bf2c9236e6cb0aaa22845380836
user9	355	182	1273285825765	0	0	5bf2c9236e6cb0aaa22845380836
user9	355	183	1273285825796	0	0	5bf2c9236e6cb0aaa22845380836
user9	355	183	1273285826265	1273285826140	1273285826265	5bf2c9236e6cb0aaa22845380836
user9	357	185	1273285863750	0	0	5bf2c9236e6cb0aaa22845380836
user9	408	214	1273285863828	0	0	5bf2c9236e6cb0aaa22845380836
user9	430	226	1273285863859	0	0	5bf2c9236e6cb0aaa22845380836
user9	438	234	1273285863890	0	0	5bf2c9236e6cb0aaa22845380836
user9	438	234	1273285863921	0	0	5bf2c9236e6cb0aaa22845380836
user9	438	234	1273285864015	0	0	5bf2c9236e6cb0aaa22845380836
user9	438	233	1273285864046	0	0	5bf2c9236e6cb0aaa22845380836
user9	438	229	1273285864062	0	0	5bf2c9236e6cb0aaa22845380836
user9	438	223	1273285864093	0	0	5bf2c9236e6cb0aaa22845380836
user9	438	221	1273285864093	0	0	5bf2c9236e6cb0aaa22845380836
user9	438	218	1273285864109	0	0	5bf2c9236e6cb0aaa22845380836
user9	438	217	1273285864312	0	0	5bf2c9236e6cb0aaa22845380836
user9	438	217	1273285864390	1273285864265	1273285864390	5bf2c9236e6cb0aaa22845380836
user9	438	217	1273285868312	0	0	5bf2c9236e6cb0aaa22845380836
user9	437	217	1273285872000	0	0	5bf2c9236e6cb0aaa22845380836
user9	433	217	1273285872078	0	0	5bf2c9236e6cb0aaa22845380836
user9	429	217	1273285872109	0	0	5bf2c9236e6cb0aaa22845380836
user9	424	217	1273285872140	0	0	5bf2c9236e6cb0aaa22845380836
user9	418	217	1273285872171	0	0	5bf2c9236e6cb0aaa22845380836
user9	410	214	1273285872218	0	0	5bf2c9236e6cb0aaa22845380836
user9	406	211	1273285872218	0	0	5bf2c9236e6cb0aaa22845380836
user9	403	209	1273285872234	0	0	5bf2c9236e6cb0aaa22845380836
user9	400	207	1273285872234	0	0	5bf2c9236e6cb0aaa22845380836
user9	395	203	1273285872265	0	0	5bf2c9236e6cb0aaa22845380836
user9	394	202	1273285872281	0	0	5bf2c9236e6cb0aaa22845380836
user9	393	200	1273285872296	0	0	5bf2c9236e6cb0aaa22845380836
user9	392	198	1273285872312	0	0	5bf2c9236e6cb0aaa22845380836
user9	390	189	1273285872328	0	0	5bf2c9236e6cb0aaa22845380836
user9	390	184	1273285872343	0	0	5bf2c9236e6cb0aaa22845380836
user9	389	182	1273285872359	0	0	5bf2c9236e6cb0aaa22845380836
user9	388	178	1273285872390	0	0	5bf2c9236e6cb0aaa22845380836
user9	389	178	1273285872484	0	0	5bf2c9236e6cb0aaa22845380836
user9	390	179	1273285872515	0	0	5bf2c9236e6cb0aaa22845380836
user9	390	182	1273285872546	0	0	5bf2c9236e6cb0aaa22845380836
user9	392	186	1273285872593	0	0	5bf2c9236e6cb0aaa22845380836
user9	392	186	1273285873031	1273285872906	1273285873031	5bf2c9236e6cb0aaa22845380836
user9	390	194	1273285882031	0	0	5bf2c9236e6cb0aaa22845380836
user9	384	208	1273285882093	0	0	5bf2c9236e6cb0aaa22845380836
user9	387	204	1273285882140	0	0	5bf2c9236e6cb0aaa22845380836
user9	396	204	1273285882171	0	0	5bf2c9236e6cb0aaa22845380836
user9	412	207	1273285882203	0	0	5bf2c9236e6cb0aaa22845380836
user9	422	213	1273285882234	0	0	5bf2c9236e6cb0aaa22845380836
user9	423	214	1273285882265	0	0	5bf2c9236e6cb0aaa22845380836
user9	423	215	1273285882359	0	0	5bf2c9236e6cb0aaa22845380836
user9	423	217	1273285882437	0	0	5bf2c9236e6cb0aaa22845380836
user9	423	219	1273285882468	0	0	5bf2c9236e6cb0aaa22845380836
user9	423	220	1273285882500	0	0	5bf2c9236e6cb0aaa22845380836
user9	423	220	1273285882703	1273285882531	1273285882703	5bf2c9236e6cb0aaa22845380836
