User	X	Y	MouseTimeStamp	MouseDownTimeStamp	MouseUpTimeStamp	SessionID
user20	1002	81	1272575956125	0	0	b70036d116cef3d41a82b95304e4
user20	1000	83	1272575956132	0	0	b70036d116cef3d41a82b95304e4
user20	996	87	1272575956140	0	0	b70036d116cef3d41a82b95304e4
user20	996	88	1272575956148	0	0	b70036d116cef3d41a82b95304e4
user20	992	91	1272575956156	0	0	b70036d116cef3d41a82b95304e4
user20	986	98	1272575956164	0	0	b70036d116cef3d41a82b95304e4
user20	981	104	1272575956172	0	0	b70036d116cef3d41a82b95304e4
user20	978	108	1272575956180	0	0	b70036d116cef3d41a82b95304e4
user20	977	111	1272575956188	0	0	b70036d116cef3d41a82b95304e4
user20	975	115	1272575956196	0	0	b70036d116cef3d41a82b95304e4
user20	972	121	1272575956204	0	0	b70036d116cef3d41a82b95304e4
user20	969	127	1272575956212	0	0	b70036d116cef3d41a82b95304e4
user20	962	137	1272575956220	0	0	b70036d116cef3d41a82b95304e4
user20	957	145	1272575956228	0	0	b70036d116cef3d41a82b95304e4
user20	954	153	1272575956236	0	0	b70036d116cef3d41a82b95304e4
user20	951	159	1272575956244	0	0	b70036d116cef3d41a82b95304e4
user20	948	165	1272575956252	0	0	b70036d116cef3d41a82b95304e4
user20	943	173	1272575956260	0	0	b70036d116cef3d41a82b95304e4
user20	942	177	1272575956268	0	0	b70036d116cef3d41a82b95304e4
user20	942	181	1272575956276	0	0	b70036d116cef3d41a82b95304e4
user20	939	183	1272575956284	0	0	b70036d116cef3d41a82b95304e4
user20	939	185	1272575956292	0	0	b70036d116cef3d41a82b95304e4
user20	937	188	1272575956300	0	0	b70036d116cef3d41a82b95304e4
user20	936	188	1272575956396	0	0	b70036d116cef3d41a82b95304e4
user20	936	190	1272575956404	0	0	b70036d116cef3d41a82b95304e4
user20	935	191	1272575956412	0	0	b70036d116cef3d41a82b95304e4
user20	935	192	1272575956420	0	0	b70036d116cef3d41a82b95304e4
user20	934	193	1272575956428	0	0	b70036d116cef3d41a82b95304e4
user20	933	194	1272575956436	0	0	b70036d116cef3d41a82b95304e4
user20	933	196	1272575956444	0	0	b70036d116cef3d41a82b95304e4
user20	933	197	1272575956452	0	0	b70036d116cef3d41a82b95304e4
user20	933	199	1272575956460	0	0	b70036d116cef3d41a82b95304e4
user20	933	201	1272575956468	0	0	b70036d116cef3d41a82b95304e4
user20	933	205	1272575956476	0	0	b70036d116cef3d41a82b95304e4
user20	933	209	1272575956484	0	0	b70036d116cef3d41a82b95304e4
user20	933	214	1272575956492	0	0	b70036d116cef3d41a82b95304e4
user20	933	218	1272575956500	0	0	b70036d116cef3d41a82b95304e4
user20	933	220	1272575956508	0	0	b70036d116cef3d41a82b95304e4
user20	933	223	1272575956516	0	0	b70036d116cef3d41a82b95304e4
user20	935	227	1272575956524	0	0	b70036d116cef3d41a82b95304e4
user20	936	230	1272575956532	0	0	b70036d116cef3d41a82b95304e4
user20	938	234	1272575956540	0	0	b70036d116cef3d41a82b95304e4
user20	939	237	1272575956548	0	0	b70036d116cef3d41a82b95304e4
user20	940	241	1272575956556	0	0	b70036d116cef3d41a82b95304e4
user20	944	245	1272575956564	0	0	b70036d116cef3d41a82b95304e4
user20	947	249	1272575956572	0	0	b70036d116cef3d41a82b95304e4
user20	949	253	1272575956580	0	0	b70036d116cef3d41a82b95304e4
user20	952	261	1272575956588	0	0	b70036d116cef3d41a82b95304e4
user20	956	269	1272575956597	0	0	b70036d116cef3d41a82b95304e4
user20	958	272	1272575956604	0	0	b70036d116cef3d41a82b95304e4
user20	961	280	1272575956612	0	0	b70036d116cef3d41a82b95304e4
user20	964	282	1272575956620	0	0	b70036d116cef3d41a82b95304e4
user20	968	285	1272575956628	0	0	b70036d116cef3d41a82b95304e4
user20	970	289	1272575956636	0	0	b70036d116cef3d41a82b95304e4
user20	971	290	1272575956644	0	0	b70036d116cef3d41a82b95304e4
user20	971	291	1272575956652	0	0	b70036d116cef3d41a82b95304e4
user20	971	292	1272575956660	0	0	b70036d116cef3d41a82b95304e4
user20	971	292	1272575956908	1272575956844	1272575956908	b70036d116cef3d41a82b95304e4
user20	971	291	1272575956924	0	0	b70036d116cef3d41a82b95304e4
user20	971	288	1272575956932	0	0	b70036d116cef3d41a82b95304e4
user20	971	285	1272575956940	0	0	b70036d116cef3d41a82b95304e4
user20	971	282	1272575956948	0	0	b70036d116cef3d41a82b95304e4
user20	969	279	1272575956956	0	0	b70036d116cef3d41a82b95304e4
user20	969	276	1272575956964	0	0	b70036d116cef3d41a82b95304e4
user20	969	274	1272575956972	0	0	b70036d116cef3d41a82b95304e4
user20	969	273	1272575956980	0	0	b70036d116cef3d41a82b95304e4
user20	969	272	1272575956988	0	0	b70036d116cef3d41a82b95304e4
user20	969	271	1272575956996	0	0	b70036d116cef3d41a82b95304e4
user20	969	270	1272575957004	0	0	b70036d116cef3d41a82b95304e4
user20	969	270	1272575957212	1272575957124	1272575957212	b70036d116cef3d41a82b95304e4
user20	969	269	1272575959220	0	0	b70036d116cef3d41a82b95304e4
user20	966	269	1272575959252	0	0	b70036d116cef3d41a82b95304e4
user20	965	268	1272575959260	0	0	b70036d116cef3d41a82b95304e4
user20	964	268	1272575959268	0	0	b70036d116cef3d41a82b95304e4
user20	963	268	1272575959276	0	0	b70036d116cef3d41a82b95304e4
user20	962	267	1272575959284	0	0	b70036d116cef3d41a82b95304e4
user20	962	266	1272575959292	0	0	b70036d116cef3d41a82b95304e4
user20	961	266	1272575959300	0	0	b70036d116cef3d41a82b95304e4
user20	964	264	1272575959308	0	0	b70036d116cef3d41a82b95304e4
user20	961	264	1272575959316	0	0	b70036d116cef3d41a82b95304e4
user20	960	263	1272575959324	0	0	b70036d116cef3d41a82b95304e4
user20	958	261	1272575959332	0	0	b70036d116cef3d41a82b95304e4
user20	956	261	1272575959348	0	0	b70036d116cef3d41a82b95304e4
user20	955	260	1272575959356	0	0	b70036d116cef3d41a82b95304e4
user20	954	259	1272575959364	0	0	b70036d116cef3d41a82b95304e4
user20	953	259	1272575959372	0	0	b70036d116cef3d41a82b95304e4
user20	952	259	1272575959380	0	0	b70036d116cef3d41a82b95304e4
user20	951	261	1272575959644	0	0	b70036d116cef3d41a82b95304e4
user20	950	261	1272575959652	0	0	b70036d116cef3d41a82b95304e4
user20	950	260	1272575959676	0	0	b70036d116cef3d41a82b95304e4
user20	949	260	1272575959708	0	0	b70036d116cef3d41a82b95304e4
user20	948	259	1272575959716	0	0	b70036d116cef3d41a82b95304e4
user20	947	258	1272575959724	0	0	b70036d116cef3d41a82b95304e4
user20	946	258	1272575959740	0	0	b70036d116cef3d41a82b95304e4
user20	945	258	1272575959796	0	0	b70036d116cef3d41a82b95304e4
user20	944	258	1272575959884	0	0	b70036d116cef3d41a82b95304e4
user20	943	258	1272575961716	0	0	b70036d116cef3d41a82b95304e4
user20	942	258	1272575961732	0	0	b70036d116cef3d41a82b95304e4
user20	941	258	1272575961740	0	0	b70036d116cef3d41a82b95304e4
user20	938	258	1272575961756	0	0	b70036d116cef3d41a82b95304e4
user20	936	256	1272575961764	0	0	b70036d116cef3d41a82b95304e4
user20	934	256	1272575961772	0	0	b70036d116cef3d41a82b95304e4
user20	932	256	1272575961788	0	0	b70036d116cef3d41a82b95304e4
user20	929	256	1272575961804	0	0	b70036d116cef3d41a82b95304e4
user20	928	256	1272575961812	0	0	b70036d116cef3d41a82b95304e4
user20	927	256	1272575961828	0	0	b70036d116cef3d41a82b95304e4
user20	926	255	1272575961836	0	0	b70036d116cef3d41a82b95304e4
user20	925	255	1272575961852	0	0	b70036d116cef3d41a82b95304e4
user20	924	255	1272575961860	0	0	b70036d116cef3d41a82b95304e4
user20	923	255	1272575963500	0	0	b70036d116cef3d41a82b95304e4
user20	922	255	1272575963508	0	0	b70036d116cef3d41a82b95304e4
user20	921	255	1272575963516	0	0	b70036d116cef3d41a82b95304e4
user20	920	255	1272575963524	0	0	b70036d116cef3d41a82b95304e4
user20	919	255	1272575963532	0	0	b70036d116cef3d41a82b95304e4
user20	918	255	1272575963540	0	0	b70036d116cef3d41a82b95304e4
user20	916	255	1272575963548	0	0	b70036d116cef3d41a82b95304e4
user20	915	255	1272575963556	0	0	b70036d116cef3d41a82b95304e4
user20	914	255	1272575963564	0	0	b70036d116cef3d41a82b95304e4
user20	913	255	1272575963572	0	0	b70036d116cef3d41a82b95304e4
user20	913	254	1272575963604	0	0	b70036d116cef3d41a82b95304e4
user20	912	254	1272575963612	0	0	b70036d116cef3d41a82b95304e4
user20	911	254	1272575963700	0	0	b70036d116cef3d41a82b95304e4
user20	908	254	1272575967932	0	0	b70036d116cef3d41a82b95304e4
user20	905	254	1272575967940	0	0	b70036d116cef3d41a82b95304e4
user20	899	254	1272575967948	0	0	b70036d116cef3d41a82b95304e4
user20	897	254	1272575967956	0	0	b70036d116cef3d41a82b95304e4
user20	892	254	1272575967964	0	0	b70036d116cef3d41a82b95304e4
user20	887	254	1272575967972	0	0	b70036d116cef3d41a82b95304e4
user20	881	254	1272575967980	0	0	b70036d116cef3d41a82b95304e4
user20	873	254	1272575967988	0	0	b70036d116cef3d41a82b95304e4
user20	863	254	1272575967996	0	0	b70036d116cef3d41a82b95304e4
user20	858	254	1272575968004	0	0	b70036d116cef3d41a82b95304e4
user20	851	254	1272575968012	0	0	b70036d116cef3d41a82b95304e4
user20	841	254	1272575968020	0	0	b70036d116cef3d41a82b95304e4
user20	832	254	1272575968028	0	0	b70036d116cef3d41a82b95304e4
user20	825	254	1272575968036	0	0	b70036d116cef3d41a82b95304e4
user20	819	252	1272575968044	0	0	b70036d116cef3d41a82b95304e4
user20	810	252	1272575968052	0	0	b70036d116cef3d41a82b95304e4
user20	803	252	1272575968060	0	0	b70036d116cef3d41a82b95304e4
user20	795	253	1272575968068	0	0	b70036d116cef3d41a82b95304e4
user20	783	253	1272575968076	0	0	b70036d116cef3d41a82b95304e4
user20	773	254	1272575968084	0	0	b70036d116cef3d41a82b95304e4
user20	762	254	1272575968092	0	0	b70036d116cef3d41a82b95304e4
user20	748	254	1272575968100	0	0	b70036d116cef3d41a82b95304e4
user20	731	254	1272575968108	0	0	b70036d116cef3d41a82b95304e4
user20	710	254	1272575968116	0	0	b70036d116cef3d41a82b95304e4
user20	694	254	1272575968124	0	0	b70036d116cef3d41a82b95304e4
user20	678	255	1272575968132	0	0	b70036d116cef3d41a82b95304e4
user20	661	255	1272575968140	0	0	b70036d116cef3d41a82b95304e4
user20	645	255	1272575968148	0	0	b70036d116cef3d41a82b95304e4
user20	631	256	1272575968156	0	0	b70036d116cef3d41a82b95304e4
user20	619	256	1272575968164	0	0	b70036d116cef3d41a82b95304e4
user20	607	256	1272575968172	0	0	b70036d116cef3d41a82b95304e4
user20	598	256	1272575968180	0	0	b70036d116cef3d41a82b95304e4
user20	590	256	1272575968188	0	0	b70036d116cef3d41a82b95304e4
user20	585	256	1272575968196	0	0	b70036d116cef3d41a82b95304e4
user20	580	256	1272575968204	0	0	b70036d116cef3d41a82b95304e4
user20	576	256	1272575968212	0	0	b70036d116cef3d41a82b95304e4
user20	574	256	1272575968220	0	0	b70036d116cef3d41a82b95304e4
user20	570	256	1272575968228	0	0	b70036d116cef3d41a82b95304e4
user20	569	255	1272575968236	0	0	b70036d116cef3d41a82b95304e4
user20	566	255	1272575968244	0	0	b70036d116cef3d41a82b95304e4
user20	563	252	1272575968252	0	0	b70036d116cef3d41a82b95304e4
user20	562	250	1272575968260	0	0	b70036d116cef3d41a82b95304e4
user20	560	246	1272575968268	0	0	b70036d116cef3d41a82b95304e4
user20	557	243	1272575968276	0	0	b70036d116cef3d41a82b95304e4
user20	554	239	1272575968284	0	0	b70036d116cef3d41a82b95304e4
user20	550	234	1272575968292	0	0	b70036d116cef3d41a82b95304e4
user20	546	229	1272575968300	0	0	b70036d116cef3d41a82b95304e4
user20	543	226	1272575968308	0	0	b70036d116cef3d41a82b95304e4
user20	536	219	1272575968316	0	0	b70036d116cef3d41a82b95304e4
user20	533	215	1272575968324	0	0	b70036d116cef3d41a82b95304e4
user20	529	211	1272575968332	0	0	b70036d116cef3d41a82b95304e4
user20	525	209	1272575968340	0	0	b70036d116cef3d41a82b95304e4
user20	523	205	1272575968348	0	0	b70036d116cef3d41a82b95304e4
user20	521	201	1272575968356	0	0	b70036d116cef3d41a82b95304e4
user20	520	199	1272575968364	0	0	b70036d116cef3d41a82b95304e4
user20	519	198	1272575968372	0	0	b70036d116cef3d41a82b95304e4
user20	518	197	1272575968380	0	0	b70036d116cef3d41a82b95304e4
user20	517	196	1272575968388	0	0	b70036d116cef3d41a82b95304e4
user20	516	195	1272575968396	0	0	b70036d116cef3d41a82b95304e4
user20	516	194	1272575968444	0	0	b70036d116cef3d41a82b95304e4
user20	516	194	1272575968700	1272575968620	1272575968700	b70036d116cef3d41a82b95304e4
user20	519	197	1272575992044	0	0	b70036d116cef3d41a82b95304e4
user20	525	203	1272575992052	0	0	b70036d116cef3d41a82b95304e4
user20	532	210	1272575992060	0	0	b70036d116cef3d41a82b95304e4
user20	538	218	1272575992068	0	0	b70036d116cef3d41a82b95304e4
user20	544	219	1272575992076	0	0	b70036d116cef3d41a82b95304e4
user20	550	222	1272575992084	0	0	b70036d116cef3d41a82b95304e4
user20	554	225	1272575992092	0	0	b70036d116cef3d41a82b95304e4
user20	559	229	1272575992100	0	0	b70036d116cef3d41a82b95304e4
user20	567	232	1272575992108	0	0	b70036d116cef3d41a82b95304e4
user20	575	236	1272575992116	0	0	b70036d116cef3d41a82b95304e4
user20	580	237	1272575992124	0	0	b70036d116cef3d41a82b95304e4
user20	596	238	1272575992164	0	0	b70036d116cef3d41a82b95304e4
user20	596	239	1272575992172	0	0	b70036d116cef3d41a82b95304e4
user20	597	239	1272575992180	0	0	b70036d116cef3d41a82b95304e4
user20	598	239	1272575992188	0	0	b70036d116cef3d41a82b95304e4
user20	599	239	1272575992196	0	0	b70036d116cef3d41a82b95304e4
user20	600	239	1272575992204	0	0	b70036d116cef3d41a82b95304e4
user20	600	239	1272575992468	1272575992396	1272575992468	b70036d116cef3d41a82b95304e4
user20	600	234	1272575996581	0	0	b70036d116cef3d41a82b95304e4
user20	600	221	1272575996588	0	0	b70036d116cef3d41a82b95304e4
user20	598	205	1272575996596	0	0	b70036d116cef3d41a82b95304e4
user20	596	193	1272575996604	0	0	b70036d116cef3d41a82b95304e4
user20	592	174	1272575996612	0	0	b70036d116cef3d41a82b95304e4
user20	587	161	1272575996620	0	0	b70036d116cef3d41a82b95304e4
user20	582	155	1272575996628	0	0	b70036d116cef3d41a82b95304e4
user20	578	149	1272575996636	0	0	b70036d116cef3d41a82b95304e4
user20	575	141	1272575996644	0	0	b70036d116cef3d41a82b95304e4
user20	570	135	1272575996652	0	0	b70036d116cef3d41a82b95304e4
user20	567	127	1272575996660	0	0	b70036d116cef3d41a82b95304e4
user20	565	122	1272575996668	0	0	b70036d116cef3d41a82b95304e4
user20	563	118	1272575996676	0	0	b70036d116cef3d41a82b95304e4
user20	560	112	1272575996684	0	0	b70036d116cef3d41a82b95304e4
user20	559	108	1272575996692	0	0	b70036d116cef3d41a82b95304e4
user20	559	105	1272575996699	0	0	b70036d116cef3d41a82b95304e4
user20	559	102	1272575996708	0	0	b70036d116cef3d41a82b95304e4
user20	557	99	1272575996716	0	0	b70036d116cef3d41a82b95304e4
user20	556	98	1272575996724	0	0	b70036d116cef3d41a82b95304e4
user20	556	95	1272575996732	0	0	b70036d116cef3d41a82b95304e4
user20	556	94	1272575996740	0	0	b70036d116cef3d41a82b95304e4
user20	556	93	1272575996756	0	0	b70036d116cef3d41a82b95304e4
user20	555	93	1272575996852	0	0	b70036d116cef3d41a82b95304e4
user20	554	93	1272575996860	0	0	b70036d116cef3d41a82b95304e4
user20	551	94	1272575996868	0	0	b70036d116cef3d41a82b95304e4
user20	550	94	1272575996876	0	0	b70036d116cef3d41a82b95304e4
user20	548	94	1272575996892	0	0	b70036d116cef3d41a82b95304e4
user20	547	94	1272575996908	0	0	b70036d116cef3d41a82b95304e4
user20	546	93	1272575996924	0	0	b70036d116cef3d41a82b95304e4
user20	545	93	1272575996932	0	0	b70036d116cef3d41a82b95304e4
user20	541	93	1272575996940	0	0	b70036d116cef3d41a82b95304e4
user20	539	90	1272575996948	0	0	b70036d116cef3d41a82b95304e4
user20	535	90	1272575996956	0	0	b70036d116cef3d41a82b95304e4
user20	531	88	1272575996963	0	0	b70036d116cef3d41a82b95304e4
user20	529	87	1272575996972	0	0	b70036d116cef3d41a82b95304e4
user20	525	86	1272575996980	0	0	b70036d116cef3d41a82b95304e4
user20	521	84	1272575996987	0	0	b70036d116cef3d41a82b95304e4
user20	519	83	1272575996995	0	0	b70036d116cef3d41a82b95304e4
user20	515	83	1272575997004	0	0	b70036d116cef3d41a82b95304e4
user20	512	81	1272575997012	0	0	b70036d116cef3d41a82b95304e4
user20	511	80	1272575997020	0	0	b70036d116cef3d41a82b95304e4
user20	509	80	1272575997027	0	0	b70036d116cef3d41a82b95304e4
user20	509	79	1272575997036	0	0	b70036d116cef3d41a82b95304e4
user20	508	78	1272575997044	0	0	b70036d116cef3d41a82b95304e4
user20	508	77	1272575997060	0	0	b70036d116cef3d41a82b95304e4
user20	507	77	1272575997084	0	0	b70036d116cef3d41a82b95304e4
user20	506	76	1272575997108	0	0	b70036d116cef3d41a82b95304e4
user20	505	76	1272575997116	0	0	b70036d116cef3d41a82b95304e4
user20	502	74	1272575997123	0	0	b70036d116cef3d41a82b95304e4
user20	501	74	1272575997140	0	0	b70036d116cef3d41a82b95304e4
user20	500	74	1272575997164	0	0	b70036d116cef3d41a82b95304e4
user20	499	73	1272575997220	0	0	b70036d116cef3d41a82b95304e4
user20	498	70	1272575997228	0	0	b70036d116cef3d41a82b95304e4
user20	497	69	1272575997236	0	0	b70036d116cef3d41a82b95304e4
user20	495	68	1272575997244	0	0	b70036d116cef3d41a82b95304e4
user20	494	66	1272575997252	0	0	b70036d116cef3d41a82b95304e4
user20	493	62	1272575997260	0	0	b70036d116cef3d41a82b95304e4
user20	492	61	1272575997268	0	0	b70036d116cef3d41a82b95304e4
user20	491	60	1272575997276	0	0	b70036d116cef3d41a82b95304e4
user20	491	59	1272575997284	0	0	b70036d116cef3d41a82b95304e4
user20	491	58	1272575997292	0	0	b70036d116cef3d41a82b95304e4
user20	490	58	1272575997300	0	0	b70036d116cef3d41a82b95304e4
user20	490	57	1272575997316	0	0	b70036d116cef3d41a82b95304e4
user20	490	57	1272575997644	1272575997548	1272575997644	b70036d116cef3d41a82b95304e4
user20	4	405	1272576034940	0	0	b70036d116cef3d41a82b95304e4
user20	8	404	1272576034947	0	0	b70036d116cef3d41a82b95304e4
user20	15	402	1272576034955	0	0	b70036d116cef3d41a82b95304e4
user20	23	401	1272576034963	0	0	b70036d116cef3d41a82b95304e4
user20	33	398	1272576034971	0	0	b70036d116cef3d41a82b95304e4
user20	45	396	1272576034979	0	0	b70036d116cef3d41a82b95304e4
user20	55	392	1272576034987	0	0	b70036d116cef3d41a82b95304e4
user20	69	387	1272576034995	0	0	b70036d116cef3d41a82b95304e4
user20	84	383	1272576035003	0	0	b70036d116cef3d41a82b95304e4
user20	98	380	1272576035011	0	0	b70036d116cef3d41a82b95304e4
user20	111	378	1272576035019	0	0	b70036d116cef3d41a82b95304e4
user20	118	375	1272576035027	0	0	b70036d116cef3d41a82b95304e4
user20	130	375	1272576035035	0	0	b70036d116cef3d41a82b95304e4
user20	134	375	1272576035043	0	0	b70036d116cef3d41a82b95304e4
user20	139	373	1272576035051	0	0	b70036d116cef3d41a82b95304e4
user20	143	372	1272576035059	0	0	b70036d116cef3d41a82b95304e4
user20	150	370	1272576035067	0	0	b70036d116cef3d41a82b95304e4
user20	153	370	1272576035075	0	0	b70036d116cef3d41a82b95304e4
user20	158	370	1272576035083	0	0	b70036d116cef3d41a82b95304e4
user20	162	368	1272576035091	0	0	b70036d116cef3d41a82b95304e4
user20	165	367	1272576035099	0	0	b70036d116cef3d41a82b95304e4
user20	168	366	1272576035107	0	0	b70036d116cef3d41a82b95304e4
user20	170	365	1272576035115	0	0	b70036d116cef3d41a82b95304e4
user20	173	365	1272576035123	0	0	b70036d116cef3d41a82b95304e4
user20	174	365	1272576035747	0	0	b70036d116cef3d41a82b95304e4
user20	175	365	1272576035755	0	0	b70036d116cef3d41a82b95304e4
user20	171	365	1272576035787	0	0	b70036d116cef3d41a82b95304e4
user20	166	365	1272576035795	0	0	b70036d116cef3d41a82b95304e4
user20	157	365	1272576035803	0	0	b70036d116cef3d41a82b95304e4
user20	145	365	1272576035811	0	0	b70036d116cef3d41a82b95304e4
user20	135	366	1272576035819	0	0	b70036d116cef3d41a82b95304e4
user20	133	366	1272576035963	0	0	b70036d116cef3d41a82b95304e4
user20	138	367	1272576035979	0	0	b70036d116cef3d41a82b95304e4
user20	140	368	1272576035987	0	0	b70036d116cef3d41a82b95304e4
user20	143	369	1272576035995	0	0	b70036d116cef3d41a82b95304e4
user20	144	370	1272576036003	0	0	b70036d116cef3d41a82b95304e4
user20	145	370	1272576036035	0	0	b70036d116cef3d41a82b95304e4
user20	148	370	1272576036043	0	0	b70036d116cef3d41a82b95304e4
user20	152	371	1272576036051	0	0	b70036d116cef3d41a82b95304e4
user20	154	373	1272576036059	0	0	b70036d116cef3d41a82b95304e4
user20	160	376	1272576036067	0	0	b70036d116cef3d41a82b95304e4
user20	168	378	1272576036075	0	0	b70036d116cef3d41a82b95304e4
user20	173	379	1272576036083	0	0	b70036d116cef3d41a82b95304e4
user20	181	382	1272576036091	0	0	b70036d116cef3d41a82b95304e4
user20	189	387	1272576036099	0	0	b70036d116cef3d41a82b95304e4
user20	196	387	1272576036107	0	0	b70036d116cef3d41a82b95304e4
user20	204	388	1272576036115	0	0	b70036d116cef3d41a82b95304e4
user20	212	391	1272576036123	0	0	b70036d116cef3d41a82b95304e4
user20	220	394	1272576036131	0	0	b70036d116cef3d41a82b95304e4
user20	228	398	1272576036139	0	0	b70036d116cef3d41a82b95304e4
user20	235	399	1272576036147	0	0	b70036d116cef3d41a82b95304e4
user20	245	401	1272576036155	0	0	b70036d116cef3d41a82b95304e4
user20	252	401	1272576036163	0	0	b70036d116cef3d41a82b95304e4
user20	262	401	1272576036171	0	0	b70036d116cef3d41a82b95304e4
user20	267	402	1272576036179	0	0	b70036d116cef3d41a82b95304e4
user20	271	402	1272576036187	0	0	b70036d116cef3d41a82b95304e4
user20	273	402	1272576036195	0	0	b70036d116cef3d41a82b95304e4
user20	275	402	1272576036203	0	0	b70036d116cef3d41a82b95304e4
user20	276	402	1272576036259	0	0	b70036d116cef3d41a82b95304e4
user20	276	402	1272576036436	1272576036347	1272576036436	b70036d116cef3d41a82b95304e4
user20	276	402	1272576037299	1272576037204	1272576037299	b70036d116cef3d41a82b95304e4
user20	276	402	1272576040427	1272576040300	1272576040427	b70036d116cef3d41a82b95304e4
user20	276	402	1272576041675	1272576041548	1272576041675	b70036d116cef3d41a82b95304e4
user20	281	400	1272576041955	0	0	b70036d116cef3d41a82b95304e4
user20	289	397	1272576041963	0	0	b70036d116cef3d41a82b95304e4
user20	299	394	1272576041971	0	0	b70036d116cef3d41a82b95304e4
user20	311	390	1272576041979	0	0	b70036d116cef3d41a82b95304e4
user20	326	385	1272576041987	0	0	b70036d116cef3d41a82b95304e4
user20	343	383	1272576041995	0	0	b70036d116cef3d41a82b95304e4
user20	360	375	1272576042003	0	0	b70036d116cef3d41a82b95304e4
user20	377	368	1272576042011	0	0	b70036d116cef3d41a82b95304e4
user20	398	358	1272576042019	0	0	b70036d116cef3d41a82b95304e4
user20	416	346	1272576042027	0	0	b70036d116cef3d41a82b95304e4
user20	431	337	1272576042035	0	0	b70036d116cef3d41a82b95304e4
user20	441	330	1272576042043	0	0	b70036d116cef3d41a82b95304e4
user20	449	325	1272576042051	0	0	b70036d116cef3d41a82b95304e4
user20	457	322	1272576042059	0	0	b70036d116cef3d41a82b95304e4
user20	461	318	1272576042067	0	0	b70036d116cef3d41a82b95304e4
user20	466	312	1272576042075	0	0	b70036d116cef3d41a82b95304e4
user20	468	309	1272576042083	0	0	b70036d116cef3d41a82b95304e4
user20	471	305	1272576042091	0	0	b70036d116cef3d41a82b95304e4
user20	471	303	1272576042099	0	0	b70036d116cef3d41a82b95304e4
user20	471	302	1272576042107	0	0	b70036d116cef3d41a82b95304e4
user20	471	299	1272576042115	0	0	b70036d116cef3d41a82b95304e4
user20	471	296	1272576042123	0	0	b70036d116cef3d41a82b95304e4
user20	471	295	1272576042131	0	0	b70036d116cef3d41a82b95304e4
user20	471	293	1272576042139	0	0	b70036d116cef3d41a82b95304e4
user20	471	291	1272576042147	0	0	b70036d116cef3d41a82b95304e4
user20	471	289	1272576042155	0	0	b70036d116cef3d41a82b95304e4
user20	471	287	1272576042163	0	0	b70036d116cef3d41a82b95304e4
user20	471	284	1272576042171	0	0	b70036d116cef3d41a82b95304e4
user20	471	282	1272576042179	0	0	b70036d116cef3d41a82b95304e4
user20	469	280	1272576042187	0	0	b70036d116cef3d41a82b95304e4
user20	468	274	1272576042195	0	0	b70036d116cef3d41a82b95304e4
user20	465	270	1272576042203	0	0	b70036d116cef3d41a82b95304e4
user20	463	265	1272576042211	0	0	b70036d116cef3d41a82b95304e4
user20	460	261	1272576042219	0	0	b70036d116cef3d41a82b95304e4
user20	456	255	1272576042227	0	0	b70036d116cef3d41a82b95304e4
user20	456	253	1272576042235	0	0	b70036d116cef3d41a82b95304e4
user20	453	250	1272576042243	0	0	b70036d116cef3d41a82b95304e4
user20	452	248	1272576042251	0	0	b70036d116cef3d41a82b95304e4
user20	451	247	1272576042259	0	0	b70036d116cef3d41a82b95304e4
user20	450	246	1272576042267	0	0	b70036d116cef3d41a82b95304e4
user20	449	244	1272576042275	0	0	b70036d116cef3d41a82b95304e4
user20	449	243	1272576042283	0	0	b70036d116cef3d41a82b95304e4
user20	446	242	1272576042291	0	0	b70036d116cef3d41a82b95304e4
user20	445	239	1272576042299	0	0	b70036d116cef3d41a82b95304e4
user20	444	237	1272576042307	0	0	b70036d116cef3d41a82b95304e4
user20	444	235	1272576042315	0	0	b70036d116cef3d41a82b95304e4
user20	443	235	1272576042323	0	0	b70036d116cef3d41a82b95304e4
user20	443	234	1272576042331	0	0	b70036d116cef3d41a82b95304e4
user20	440	236	1272576043019	0	0	b70036d116cef3d41a82b95304e4
user20	434	240	1272576043027	0	0	b70036d116cef3d41a82b95304e4
user20	432	246	1272576043035	0	0	b70036d116cef3d41a82b95304e4
user20	428	248	1272576043043	0	0	b70036d116cef3d41a82b95304e4
user20	423	256	1272576043051	0	0	b70036d116cef3d41a82b95304e4
user20	422	260	1272576043059	0	0	b70036d116cef3d41a82b95304e4
user20	417	269	1272576043067	0	0	b70036d116cef3d41a82b95304e4
user20	412	277	1272576043075	0	0	b70036d116cef3d41a82b95304e4
user20	409	290	1272576043083	0	0	b70036d116cef3d41a82b95304e4
user20	404	300	1272576043091	0	0	b70036d116cef3d41a82b95304e4
user20	400	310	1272576043099	0	0	b70036d116cef3d41a82b95304e4
user20	397	322	1272576043107	0	0	b70036d116cef3d41a82b95304e4
user20	395	332	1272576043115	0	0	b70036d116cef3d41a82b95304e4
user20	392	342	1272576043123	0	0	b70036d116cef3d41a82b95304e4
user20	389	350	1272576043131	0	0	b70036d116cef3d41a82b95304e4
user20	384	356	1272576043139	0	0	b70036d116cef3d41a82b95304e4
user20	383	362	1272576043147	0	0	b70036d116cef3d41a82b95304e4
user20	380	370	1272576043155	0	0	b70036d116cef3d41a82b95304e4
user20	378	377	1272576043163	0	0	b70036d116cef3d41a82b95304e4
user20	377	383	1272576043171	0	0	b70036d116cef3d41a82b95304e4
user20	374	388	1272576043179	0	0	b70036d116cef3d41a82b95304e4
user20	374	394	1272576043187	0	0	b70036d116cef3d41a82b95304e4
user20	374	396	1272576043195	0	0	b70036d116cef3d41a82b95304e4
user20	372	400	1272576043204	0	0	b70036d116cef3d41a82b95304e4
user20	371	402	1272576043211	0	0	b70036d116cef3d41a82b95304e4
user20	370	404	1272576043219	0	0	b70036d116cef3d41a82b95304e4
user20	370	405	1272576043227	0	0	b70036d116cef3d41a82b95304e4
user20	369	406	1272576043235	0	0	b70036d116cef3d41a82b95304e4
user20	369	407	1272576043243	0	0	b70036d116cef3d41a82b95304e4
user20	369	408	1272576043251	0	0	b70036d116cef3d41a82b95304e4
user20	368	408	1272576043259	0	0	b70036d116cef3d41a82b95304e4
user20	368	409	1272576043275	0	0	b70036d116cef3d41a82b95304e4
user20	368	410	1272576043283	0	0	b70036d116cef3d41a82b95304e4
user20	368	411	1272576043291	0	0	b70036d116cef3d41a82b95304e4
user20	368	412	1272576043299	0	0	b70036d116cef3d41a82b95304e4
user20	368	413	1272576043315	0	0	b70036d116cef3d41a82b95304e4
user20	368	412	1272576043515	0	0	b70036d116cef3d41a82b95304e4
user20	368	411	1272576043531	0	0	b70036d116cef3d41a82b95304e4
user20	368	410	1272576043547	0	0	b70036d116cef3d41a82b95304e4
user20	368	409	1272576043563	0	0	b70036d116cef3d41a82b95304e4
user20	369	408	1272576043579	0	0	b70036d116cef3d41a82b95304e4
user20	369	407	1272576043587	0	0	b70036d116cef3d41a82b95304e4
user20	370	404	1272576043595	0	0	b70036d116cef3d41a82b95304e4
user20	370	403	1272576043603	0	0	b70036d116cef3d41a82b95304e4
user20	370	402	1272576043611	0	0	b70036d116cef3d41a82b95304e4
user20	370	401	1272576043627	0	0	b70036d116cef3d41a82b95304e4
user20	370	400	1272576043643	0	0	b70036d116cef3d41a82b95304e4
user20	370	399	1272576043659	0	0	b70036d116cef3d41a82b95304e4
user20	370	398	1272576043667	0	0	b70036d116cef3d41a82b95304e4
user20	370	397	1272576043675	0	0	b70036d116cef3d41a82b95304e4
user20	370	396	1272576043683	0	0	b70036d116cef3d41a82b95304e4
user20	371	395	1272576043699	0	0	b70036d116cef3d41a82b95304e4
user20	371	395	1272576043875	1272576043787	1272576043875	b70036d116cef3d41a82b95304e4
user20	368	395	1272576044219	0	0	b70036d116cef3d41a82b95304e4
user20	366	395	1272576044227	0	0	b70036d116cef3d41a82b95304e4
user20	362	395	1272576044235	0	0	b70036d116cef3d41a82b95304e4
user20	355	395	1272576044243	0	0	b70036d116cef3d41a82b95304e4
user20	343	396	1272576044251	0	0	b70036d116cef3d41a82b95304e4
user20	334	396	1272576044259	0	0	b70036d116cef3d41a82b95304e4
user20	320	396	1272576044267	0	0	b70036d116cef3d41a82b95304e4
user20	304	396	1272576044275	0	0	b70036d116cef3d41a82b95304e4
user20	287	396	1272576044283	0	0	b70036d116cef3d41a82b95304e4
user20	273	396	1272576044291	0	0	b70036d116cef3d41a82b95304e4
user20	257	394	1272576044299	0	0	b70036d116cef3d41a82b95304e4
user20	243	394	1272576044307	0	0	b70036d116cef3d41a82b95304e4
user20	231	394	1272576044315	0	0	b70036d116cef3d41a82b95304e4
user20	219	392	1272576044323	0	0	b70036d116cef3d41a82b95304e4
user20	212	392	1272576044331	0	0	b70036d116cef3d41a82b95304e4
user20	206	392	1272576044339	0	0	b70036d116cef3d41a82b95304e4
user20	201	389	1272576044347	0	0	b70036d116cef3d41a82b95304e4
user20	199	389	1272576044355	0	0	b70036d116cef3d41a82b95304e4
user20	195	389	1272576044363	0	0	b70036d116cef3d41a82b95304e4
user20	193	389	1272576044371	0	0	b70036d116cef3d41a82b95304e4
user20	192	389	1272576044379	0	0	b70036d116cef3d41a82b95304e4
user20	192	388	1272576044387	0	0	b70036d116cef3d41a82b95304e4
user20	191	388	1272576044395	0	0	b70036d116cef3d41a82b95304e4
user20	191	387	1272576044507	0	0	b70036d116cef3d41a82b95304e4
user20	192	386	1272576044523	0	0	b70036d116cef3d41a82b95304e4
user20	195	386	1272576044539	0	0	b70036d116cef3d41a82b95304e4
user20	197	384	1272576044547	0	0	b70036d116cef3d41a82b95304e4
user20	202	384	1272576044555	0	0	b70036d116cef3d41a82b95304e4
user20	209	384	1272576044563	0	0	b70036d116cef3d41a82b95304e4
user20	228	382	1272576044571	0	0	b70036d116cef3d41a82b95304e4
user20	244	382	1272576044579	0	0	b70036d116cef3d41a82b95304e4
user20	261	382	1272576044587	0	0	b70036d116cef3d41a82b95304e4
user20	279	382	1272576044595	0	0	b70036d116cef3d41a82b95304e4
user20	293	382	1272576044603	0	0	b70036d116cef3d41a82b95304e4
user20	305	382	1272576044611	0	0	b70036d116cef3d41a82b95304e4
user20	313	386	1272576044619	0	0	b70036d116cef3d41a82b95304e4
user20	323	386	1272576044627	0	0	b70036d116cef3d41a82b95304e4
user20	330	386	1272576044635	0	0	b70036d116cef3d41a82b95304e4
user20	334	386	1272576044643	0	0	b70036d116cef3d41a82b95304e4
user20	339	386	1272576044651	0	0	b70036d116cef3d41a82b95304e4
user20	341	386	1272576044659	0	0	b70036d116cef3d41a82b95304e4
user20	343	386	1272576044667	0	0	b70036d116cef3d41a82b95304e4
user20	346	386	1272576044675	0	0	b70036d116cef3d41a82b95304e4
user20	347	386	1272576044683	0	0	b70036d116cef3d41a82b95304e4
user20	347	387	1272576044891	0	0	b70036d116cef3d41a82b95304e4
user20	347	388	1272576044899	0	0	b70036d116cef3d41a82b95304e4
user20	348	391	1272576044907	0	0	b70036d116cef3d41a82b95304e4
user20	348	392	1272576044915	0	0	b70036d116cef3d41a82b95304e4
user20	348	394	1272576044923	0	0	b70036d116cef3d41a82b95304e4
user20	348	395	1272576044931	0	0	b70036d116cef3d41a82b95304e4
user20	348	397	1272576044939	0	0	b70036d116cef3d41a82b95304e4
user20	348	399	1272576044947	0	0	b70036d116cef3d41a82b95304e4
user20	348	400	1272576044955	0	0	b70036d116cef3d41a82b95304e4
user20	348	402	1272576044963	0	0	b70036d116cef3d41a82b95304e4
user20	348	403	1272576044971	0	0	b70036d116cef3d41a82b95304e4
user20	348	404	1272576044979	0	0	b70036d116cef3d41a82b95304e4
user20	348	406	1272576044987	0	0	b70036d116cef3d41a82b95304e4
user20	348	407	1272576045011	0	0	b70036d116cef3d41a82b95304e4
user20	348	407	1272576045227	1272576045131	1272576045227	b70036d116cef3d41a82b95304e4
user20	351	407	1272576045419	0	0	b70036d116cef3d41a82b95304e4
user20	356	402	1272576045427	0	0	b70036d116cef3d41a82b95304e4
user20	367	397	1272576045435	0	0	b70036d116cef3d41a82b95304e4
user20	379	392	1272576045443	0	0	b70036d116cef3d41a82b95304e4
user20	399	380	1272576045451	0	0	b70036d116cef3d41a82b95304e4
user20	421	368	1272576045459	0	0	b70036d116cef3d41a82b95304e4
user20	462	349	1272576045467	0	0	b70036d116cef3d41a82b95304e4
user20	517	321	1272576045475	0	0	b70036d116cef3d41a82b95304e4
user20	562	302	1272576045483	0	0	b70036d116cef3d41a82b95304e4
user20	611	281	1272576045491	0	0	b70036d116cef3d41a82b95304e4
user20	666	254	1272576045499	0	0	b70036d116cef3d41a82b95304e4
user20	697	239	1272576045507	0	0	b70036d116cef3d41a82b95304e4
user20	723	229	1272576045515	0	0	b70036d116cef3d41a82b95304e4
user20	742	219	1272576045523	0	0	b70036d116cef3d41a82b95304e4
user20	760	209	1272576045531	0	0	b70036d116cef3d41a82b95304e4
user20	770	202	1272576045539	0	0	b70036d116cef3d41a82b95304e4
user20	778	199	1272576045547	0	0	b70036d116cef3d41a82b95304e4
user20	784	195	1272576045555	0	0	b70036d116cef3d41a82b95304e4
user20	787	192	1272576045563	0	0	b70036d116cef3d41a82b95304e4
user20	789	191	1272576045571	0	0	b70036d116cef3d41a82b95304e4
user20	790	189	1272576045579	0	0	b70036d116cef3d41a82b95304e4
user20	791	188	1272576045587	0	0	b70036d116cef3d41a82b95304e4
user20	791	186	1272576045595	0	0	b70036d116cef3d41a82b95304e4
user20	791	185	1272576045603	0	0	b70036d116cef3d41a82b95304e4
user20	791	184	1272576045611	0	0	b70036d116cef3d41a82b95304e4
user20	791	181	1272576045619	0	0	b70036d116cef3d41a82b95304e4
user20	791	180	1272576045627	0	0	b70036d116cef3d41a82b95304e4
user20	791	179	1272576045643	0	0	b70036d116cef3d41a82b95304e4
user20	791	178	1272576045675	0	0	b70036d116cef3d41a82b95304e4
user20	790	177	1272576045699	0	0	b70036d116cef3d41a82b95304e4
user20	787	175	1272576045715	0	0	b70036d116cef3d41a82b95304e4
user20	784	175	1272576045723	0	0	b70036d116cef3d41a82b95304e4
user20	780	172	1272576045731	0	0	b70036d116cef3d41a82b95304e4
user20	772	170	1272576045739	0	0	b70036d116cef3d41a82b95304e4
user20	767	169	1272576045747	0	0	b70036d116cef3d41a82b95304e4
user20	760	169	1272576045755	0	0	b70036d116cef3d41a82b95304e4
user20	756	169	1272576045763	0	0	b70036d116cef3d41a82b95304e4
user20	752	169	1272576045771	0	0	b70036d116cef3d41a82b95304e4
user20	750	169	1272576045779	0	0	b70036d116cef3d41a82b95304e4
user20	748	169	1272576045787	0	0	b70036d116cef3d41a82b95304e4
user20	744	169	1272576045795	0	0	b70036d116cef3d41a82b95304e4
user20	742	169	1272576045803	0	0	b70036d116cef3d41a82b95304e4
user20	738	169	1272576045811	0	0	b70036d116cef3d41a82b95304e4
user20	734	169	1272576045819	0	0	b70036d116cef3d41a82b95304e4
user20	732	170	1272576045827	0	0	b70036d116cef3d41a82b95304e4
user20	730	170	1272576045835	0	0	b70036d116cef3d41a82b95304e4
user20	726	170	1272576045843	0	0	b70036d116cef3d41a82b95304e4
user20	722	171	1272576045851	0	0	b70036d116cef3d41a82b95304e4
user20	718	172	1272576045859	0	0	b70036d116cef3d41a82b95304e4
user20	714	173	1272576045867	0	0	b70036d116cef3d41a82b95304e4
user20	711	173	1272576045875	0	0	b70036d116cef3d41a82b95304e4
user20	708	173	1272576045883	0	0	b70036d116cef3d41a82b95304e4
user20	706	173	1272576045891	0	0	b70036d116cef3d41a82b95304e4
user20	705	173	1272576045899	0	0	b70036d116cef3d41a82b95304e4
user20	704	173	1272576045907	0	0	b70036d116cef3d41a82b95304e4
user20	703	173	1272576045915	0	0	b70036d116cef3d41a82b95304e4
user20	702	173	1272576045931	0	0	b70036d116cef3d41a82b95304e4
user20	701	173	1272576045963	0	0	b70036d116cef3d41a82b95304e4
user20	700	173	1272576046003	0	0	b70036d116cef3d41a82b95304e4
user20	698	171	1272576046259	0	0	b70036d116cef3d41a82b95304e4
user20	697	169	1272576046268	0	0	b70036d116cef3d41a82b95304e4
user20	693	166	1272576046275	0	0	b70036d116cef3d41a82b95304e4
user20	688	165	1272576046283	0	0	b70036d116cef3d41a82b95304e4
user20	682	164	1272576046291	0	0	b70036d116cef3d41a82b95304e4
user20	678	161	1272576046299	0	0	b70036d116cef3d41a82b95304e4
user20	671	160	1272576046307	0	0	b70036d116cef3d41a82b95304e4
user20	663	158	1272576046315	0	0	b70036d116cef3d41a82b95304e4
user20	652	158	1272576046323	0	0	b70036d116cef3d41a82b95304e4
user20	646	156	1272576046331	0	0	b70036d116cef3d41a82b95304e4
user20	643	156	1272576046339	0	0	b70036d116cef3d41a82b95304e4
user20	639	156	1272576046347	0	0	b70036d116cef3d41a82b95304e4
user20	638	156	1272576046355	0	0	b70036d116cef3d41a82b95304e4
user20	637	156	1272576046379	0	0	b70036d116cef3d41a82b95304e4
user20	636	156	1272576046611	0	0	b70036d116cef3d41a82b95304e4
user20	636	160	1272576046619	0	0	b70036d116cef3d41a82b95304e4
user20	633	165	1272576046627	0	0	b70036d116cef3d41a82b95304e4
user20	632	168	1272576046635	0	0	b70036d116cef3d41a82b95304e4
user20	630	172	1272576046643	0	0	b70036d116cef3d41a82b95304e4
user20	629	177	1272576046651	0	0	b70036d116cef3d41a82b95304e4
user20	628	178	1272576046659	0	0	b70036d116cef3d41a82b95304e4
user20	627	180	1272576046667	0	0	b70036d116cef3d41a82b95304e4
user20	626	181	1272576046675	0	0	b70036d116cef3d41a82b95304e4
user20	626	178	1272576046931	0	0	b70036d116cef3d41a82b95304e4
user20	626	176	1272576046939	0	0	b70036d116cef3d41a82b95304e4
user20	626	174	1272576046947	0	0	b70036d116cef3d41a82b95304e4
user20	626	172	1272576046955	0	0	b70036d116cef3d41a82b95304e4
user20	626	171	1272576046963	0	0	b70036d116cef3d41a82b95304e4
user20	626	170	1272576046971	0	0	b70036d116cef3d41a82b95304e4
user20	626	170	1272576047171	1272576047083	1272576047171	b70036d116cef3d41a82b95304e4
user20	626	169	1272576057092	0	0	b70036d116cef3d41a82b95304e4
user20	623	172	1272576057099	0	0	b70036d116cef3d41a82b95304e4
user20	619	178	1272576057107	0	0	b70036d116cef3d41a82b95304e4
user20	610	186	1272576057115	0	0	b70036d116cef3d41a82b95304e4
user20	604	195	1272576057123	0	0	b70036d116cef3d41a82b95304e4
user20	597	203	1272576057131	0	0	b70036d116cef3d41a82b95304e4
user20	588	212	1272576057139	0	0	b70036d116cef3d41a82b95304e4
user20	581	220	1272576057147	0	0	b70036d116cef3d41a82b95304e4
user20	573	229	1272576057155	0	0	b70036d116cef3d41a82b95304e4
user20	562	240	1272576057163	0	0	b70036d116cef3d41a82b95304e4
user20	553	248	1272576057171	0	0	b70036d116cef3d41a82b95304e4
user20	542	261	1272576057179	0	0	b70036d116cef3d41a82b95304e4
user20	534	270	1272576057187	0	0	b70036d116cef3d41a82b95304e4
user20	525	281	1272576057195	0	0	b70036d116cef3d41a82b95304e4
user20	514	291	1272576057203	0	0	b70036d116cef3d41a82b95304e4
user20	508	298	1272576057211	0	0	b70036d116cef3d41a82b95304e4
user20	501	306	1272576057219	0	0	b70036d116cef3d41a82b95304e4
user20	494	315	1272576057227	0	0	b70036d116cef3d41a82b95304e4
user20	487	323	1272576057235	0	0	b70036d116cef3d41a82b95304e4
user20	482	331	1272576057243	0	0	b70036d116cef3d41a82b95304e4
user20	476	340	1272576057251	0	0	b70036d116cef3d41a82b95304e4
user20	473	345	1272576057259	0	0	b70036d116cef3d41a82b95304e4
user20	466	356	1272576057268	0	0	b70036d116cef3d41a82b95304e4
user20	461	364	1272576057275	0	0	b70036d116cef3d41a82b95304e4
user20	456	372	1272576057283	0	0	b70036d116cef3d41a82b95304e4
user20	451	383	1272576057291	0	0	b70036d116cef3d41a82b95304e4
user20	448	390	1272576057299	0	0	b70036d116cef3d41a82b95304e4
user20	442	401	1272576057307	0	0	b70036d116cef3d41a82b95304e4
user20	439	409	1272576057315	0	0	b70036d116cef3d41a82b95304e4
user20	436	414	1272576057323	0	0	b70036d116cef3d41a82b95304e4
user20	435	422	1272576057331	0	0	b70036d116cef3d41a82b95304e4
user20	435	427	1272576057339	0	0	b70036d116cef3d41a82b95304e4
user20	432	435	1272576057347	0	0	b70036d116cef3d41a82b95304e4
user20	428	443	1272576057355	0	0	b70036d116cef3d41a82b95304e4
user20	423	453	1272576057363	0	0	b70036d116cef3d41a82b95304e4
user20	422	463	1272576057371	0	0	b70036d116cef3d41a82b95304e4
user20	418	475	1272576057379	0	0	b70036d116cef3d41a82b95304e4
user20	412	492	1272576057387	0	0	b70036d116cef3d41a82b95304e4
user20	409	506	1272576057395	0	0	b70036d116cef3d41a82b95304e4
user20	405	517	1272576057403	0	0	b70036d116cef3d41a82b95304e4
user20	402	531	1272576057411	0	0	b70036d116cef3d41a82b95304e4
user20	400	539	1272576057419	0	0	b70036d116cef3d41a82b95304e4
user20	399	548	1272576057427	0	0	b70036d116cef3d41a82b95304e4
user20	397	558	1272576057435	0	0	b70036d116cef3d41a82b95304e4
user20	396	564	1272576057443	0	0	b70036d116cef3d41a82b95304e4
user20	393	572	1272576057451	0	0	b70036d116cef3d41a82b95304e4
user20	391	577	1272576057459	0	0	b70036d116cef3d41a82b95304e4
user20	388	585	1272576057467	0	0	b70036d116cef3d41a82b95304e4
user20	388	590	1272576057475	0	0	b70036d116cef3d41a82b95304e4
user20	386	594	1272576057483	0	0	b70036d116cef3d41a82b95304e4
user20	386	596	1272576057491	0	0	b70036d116cef3d41a82b95304e4
user20	384	602	1272576057499	0	0	b70036d116cef3d41a82b95304e4
user20	384	604	1272576057507	0	0	b70036d116cef3d41a82b95304e4
user20	382	606	1272576057515	0	0	b70036d116cef3d41a82b95304e4
user20	382	607	1272576057531	0	0	b70036d116cef3d41a82b95304e4
user20	382	608	1272576057547	0	0	b70036d116cef3d41a82b95304e4
user20	382	609	1272576058052	0	0	b70036d116cef3d41a82b95304e4
user20	382	610	1272576058059	0	0	b70036d116cef3d41a82b95304e4
user20	382	611	1272576058067	0	0	b70036d116cef3d41a82b95304e4
user20	382	612	1272576058075	0	0	b70036d116cef3d41a82b95304e4
user20	382	613	1272576058083	0	0	b70036d116cef3d41a82b95304e4
user20	382	614	1272576058091	0	0	b70036d116cef3d41a82b95304e4
user20	382	616	1272576058107	0	0	b70036d116cef3d41a82b95304e4
user20	382	617	1272576058115	0	0	b70036d116cef3d41a82b95304e4
user20	382	618	1272576058123	0	0	b70036d116cef3d41a82b95304e4
user20	382	619	1272576058131	0	0	b70036d116cef3d41a82b95304e4
user20	382	620	1272576058139	0	0	b70036d116cef3d41a82b95304e4
user20	382	621	1272576058155	0	0	b70036d116cef3d41a82b95304e4
user20	382	620	1272576059979	0	0	b70036d116cef3d41a82b95304e4
user20	382	620	1272576063219	1272576063099	1272576063219	b70036d116cef3d41a82b95304e4
user20	382	620	1272576064419	1272576064267	1272576064419	b70036d116cef3d41a82b95304e4
user20	384	621	1272576068395	0	0	b70036d116cef3d41a82b95304e4
user20	391	622	1272576068403	0	0	b70036d116cef3d41a82b95304e4
user20	403	627	1272576068411	0	0	b70036d116cef3d41a82b95304e4
user20	418	635	1272576068419	0	0	b70036d116cef3d41a82b95304e4
user20	431	642	1272576068427	0	0	b70036d116cef3d41a82b95304e4
user20	441	649	1272576068435	0	0	b70036d116cef3d41a82b95304e4
user20	450	654	1272576068443	0	0	b70036d116cef3d41a82b95304e4
user20	460	659	1272576068451	0	0	b70036d116cef3d41a82b95304e4
user20	466	664	1272576068459	0	0	b70036d116cef3d41a82b95304e4
user20	472	667	1272576068467	0	0	b70036d116cef3d41a82b95304e4
user20	554	651	1272576069646	0	0	b70036d116cef3d41a82b95304e4
user20	554	651	1272576069654	1272576069647	1272576069654	b70036d116cef3d41a82b95304e4
user20	557	649	1272576072124	0	0	b70036d116cef3d41a82b95304e4
user20	564	641	1272576072131	0	0	b70036d116cef3d41a82b95304e4
user20	574	626	1272576072139	0	0	b70036d116cef3d41a82b95304e4
user20	581	609	1272576072147	0	0	b70036d116cef3d41a82b95304e4
user20	589	585	1272576072155	0	0	b70036d116cef3d41a82b95304e4
user20	591	568	1272576072163	0	0	b70036d116cef3d41a82b95304e4
user20	591	550	1272576072171	0	0	b70036d116cef3d41a82b95304e4
user20	592	531	1272576072179	0	0	b70036d116cef3d41a82b95304e4
user20	594	505	1272576072187	0	0	b70036d116cef3d41a82b95304e4
user20	598	482	1272576072195	0	0	b70036d116cef3d41a82b95304e4
user20	605	448	1272576072203	0	0	b70036d116cef3d41a82b95304e4
user20	612	411	1272576072211	0	0	b70036d116cef3d41a82b95304e4
user20	616	384	1272576072219	0	0	b70036d116cef3d41a82b95304e4
user20	621	353	1272576072227	0	0	b70036d116cef3d41a82b95304e4
user20	623	327	1272576072235	0	0	b70036d116cef3d41a82b95304e4
user20	623	307	1272576072243	0	0	b70036d116cef3d41a82b95304e4
user20	623	290	1272576072251	0	0	b70036d116cef3d41a82b95304e4
user20	623	276	1272576072259	0	0	b70036d116cef3d41a82b95304e4
user20	623	262	1272576072267	0	0	b70036d116cef3d41a82b95304e4
user20	621	250	1272576072275	0	0	b70036d116cef3d41a82b95304e4
user20	619	245	1272576072283	0	0	b70036d116cef3d41a82b95304e4
user20	618	237	1272576072291	0	0	b70036d116cef3d41a82b95304e4
user20	617	233	1272576072299	0	0	b70036d116cef3d41a82b95304e4
user20	617	226	1272576072307	0	0	b70036d116cef3d41a82b95304e4
user20	617	221	1272576072315	0	0	b70036d116cef3d41a82b95304e4
user20	615	217	1272576072323	0	0	b70036d116cef3d41a82b95304e4
user20	615	215	1272576072331	0	0	b70036d116cef3d41a82b95304e4
user20	614	214	1272576072339	0	0	b70036d116cef3d41a82b95304e4
user20	614	213	1272576072347	0	0	b70036d116cef3d41a82b95304e4
user20	613	213	1272576072355	0	0	b70036d116cef3d41a82b95304e4
user20	613	212	1272576072371	0	0	b70036d116cef3d41a82b95304e4
user20	613	211	1272576072387	0	0	b70036d116cef3d41a82b95304e4
user20	613	207	1272576072395	0	0	b70036d116cef3d41a82b95304e4
user20	613	205	1272576072403	0	0	b70036d116cef3d41a82b95304e4
user20	613	201	1272576072411	0	0	b70036d116cef3d41a82b95304e4
user20	613	197	1272576072419	0	0	b70036d116cef3d41a82b95304e4
user20	613	192	1272576072427	0	0	b70036d116cef3d41a82b95304e4
user20	613	187	1272576072435	0	0	b70036d116cef3d41a82b95304e4
user20	613	185	1272576072443	0	0	b70036d116cef3d41a82b95304e4
user20	613	184	1272576072459	0	0	b70036d116cef3d41a82b95304e4
user20	613	183	1272576072507	0	0	b70036d116cef3d41a82b95304e4
user20	613	182	1272576072515	0	0	b70036d116cef3d41a82b95304e4
user20	613	181	1272576072523	0	0	b70036d116cef3d41a82b95304e4
user20	613	180	1272576072531	0	0	b70036d116cef3d41a82b95304e4
user20	613	179	1272576072539	0	0	b70036d116cef3d41a82b95304e4
user20	613	178	1272576072555	0	0	b70036d116cef3d41a82b95304e4
user20	614	176	1272576073067	0	0	b70036d116cef3d41a82b95304e4
user20	614	175	1272576073083	0	0	b70036d116cef3d41a82b95304e4
user20	614	174	1272576073091	0	0	b70036d116cef3d41a82b95304e4
user20	614	173	1272576073099	0	0	b70036d116cef3d41a82b95304e4
user20	614	172	1272576073107	0	0	b70036d116cef3d41a82b95304e4
user20	614	171	1272576073123	0	0	b70036d116cef3d41a82b95304e4
user20	614	170	1272576073131	0	0	b70036d116cef3d41a82b95304e4
user20	614	169	1272576073139	0	0	b70036d116cef3d41a82b95304e4
user20	614	168	1272576073155	0	0	b70036d116cef3d41a82b95304e4
user20	614	167	1272576073163	0	0	b70036d116cef3d41a82b95304e4
user20	614	166	1272576073171	0	0	b70036d116cef3d41a82b95304e4
user20	615	163	1272576073179	0	0	b70036d116cef3d41a82b95304e4
user20	615	162	1272576073195	0	0	b70036d116cef3d41a82b95304e4
user20	615	162	1272576073379	1272576073283	1272576073379	b70036d116cef3d41a82b95304e4
user20	634	170	1272576074908	0	0	b70036d116cef3d41a82b95304e4
user20	636	170	1272576074915	0	0	b70036d116cef3d41a82b95304e4
user20	637	170	1272576074923	0	0	b70036d116cef3d41a82b95304e4
user20	634	170	1272576074963	0	0	b70036d116cef3d41a82b95304e4
user20	633	170	1272576074979	0	0	b70036d116cef3d41a82b95304e4
user20	632	171	1272576074987	0	0	b70036d116cef3d41a82b95304e4
user20	631	171	1272576074995	0	0	b70036d116cef3d41a82b95304e4
user20	630	171	1272576075019	0	0	b70036d116cef3d41a82b95304e4
user20	629	171	1272576075083	0	0	b70036d116cef3d41a82b95304e4
user20	628	171	1272576075139	0	0	b70036d116cef3d41a82b95304e4
user20	627	172	1272576075155	0	0	b70036d116cef3d41a82b95304e4
user20	626	173	1272576075171	0	0	b70036d116cef3d41a82b95304e4
user20	626	174	1272576075179	0	0	b70036d116cef3d41a82b95304e4
user20	626	175	1272576075187	0	0	b70036d116cef3d41a82b95304e4
user20	625	175	1272576075195	0	0	b70036d116cef3d41a82b95304e4
user20	625	176	1272576075219	0	0	b70036d116cef3d41a82b95304e4
user20	624	177	1272576075235	0	0	b70036d116cef3d41a82b95304e4
user20	624	178	1272576075243	0	0	b70036d116cef3d41a82b95304e4
user20	624	179	1272576075267	0	0	b70036d116cef3d41a82b95304e4
user20	623	179	1272576075275	0	0	b70036d116cef3d41a82b95304e4
user20	622	180	1272576075331	0	0	b70036d116cef3d41a82b95304e4
user20	622	179	1272576078531	0	0	b70036d116cef3d41a82b95304e4
user20	622	176	1272576078539	0	0	b70036d116cef3d41a82b95304e4
user20	622	173	1272576078547	0	0	b70036d116cef3d41a82b95304e4
user20	622	170	1272576078555	0	0	b70036d116cef3d41a82b95304e4
user20	622	169	1272576078563	0	0	b70036d116cef3d41a82b95304e4
user20	622	168	1272576078571	0	0	b70036d116cef3d41a82b95304e4
user20	622	167	1272576078579	0	0	b70036d116cef3d41a82b95304e4
user20	622	166	1272576078587	0	0	b70036d116cef3d41a82b95304e4
user20	622	165	1272576078595	0	0	b70036d116cef3d41a82b95304e4
user20	622	164	1272576078611	0	0	b70036d116cef3d41a82b95304e4
user20	622	163	1272576078619	0	0	b70036d116cef3d41a82b95304e4
user20	622	162	1272576078643	0	0	b70036d116cef3d41a82b95304e4
user20	622	161	1272576078667	0	0	b70036d116cef3d41a82b95304e4
user20	622	160	1272576078675	0	0	b70036d116cef3d41a82b95304e4
user20	622	160	1272576078915	1272576078827	1272576078915	b70036d116cef3d41a82b95304e4
user20	612	203	1272576080507	0	0	b70036d116cef3d41a82b95304e4
user20	611	203	1272576080515	0	0	b70036d116cef3d41a82b95304e4
user20	611	203	1272576080851	1272576080755	1272576080851	b70036d116cef3d41a82b95304e4
user20	611	199	1272576081043	0	0	b70036d116cef3d41a82b95304e4
user20	611	197	1272576081051	0	0	b70036d116cef3d41a82b95304e4
user20	611	195	1272576081059	0	0	b70036d116cef3d41a82b95304e4
user20	611	192	1272576081067	0	0	b70036d116cef3d41a82b95304e4
user20	612	190	1272576081075	0	0	b70036d116cef3d41a82b95304e4
user20	612	188	1272576081083	0	0	b70036d116cef3d41a82b95304e4
user20	612	186	1272576081091	0	0	b70036d116cef3d41a82b95304e4
user20	612	183	1272576081099	0	0	b70036d116cef3d41a82b95304e4
user20	612	181	1272576081107	0	0	b70036d116cef3d41a82b95304e4
user20	612	179	1272576081115	0	0	b70036d116cef3d41a82b95304e4
user20	612	178	1272576081123	0	0	b70036d116cef3d41a82b95304e4
user20	612	176	1272576081131	0	0	b70036d116cef3d41a82b95304e4
user20	612	172	1272576081139	0	0	b70036d116cef3d41a82b95304e4
user20	612	171	1272576081147	0	0	b70036d116cef3d41a82b95304e4
user20	612	170	1272576081155	0	0	b70036d116cef3d41a82b95304e4
user20	612	168	1272576081163	0	0	b70036d116cef3d41a82b95304e4
user20	612	167	1272576081187	0	0	b70036d116cef3d41a82b95304e4
user20	612	166	1272576081211	0	0	b70036d116cef3d41a82b95304e4
user20	612	165	1272576081243	0	0	b70036d116cef3d41a82b95304e4
user20	612	165	1272576081507	1272576081411	1272576081507	b70036d116cef3d41a82b95304e4
user20	612	165	1272576088699	1272576088571	1272576088699	b70036d116cef3d41a82b95304e4
user20	612	165	1272576096675	1272576096563	1272576096675	b70036d116cef3d41a82b95304e4
user20	612	165	1272576099027	1272576098923	1272576099027	b70036d116cef3d41a82b95304e4
user20	612	165	1272576100843	1272576100715	1272576100843	b70036d116cef3d41a82b95304e4
