User	X	Y	MouseTimeStamp	MouseDownTimeStamp	MouseUpTimeStamp	SessionID
user12	977	74	1272426185569	0	0	2829e43738ea60e8f4213f2c6ee0
user12	976	74	1272426185601	0	0	2829e43738ea60e8f4213f2c6ee0
user12	976	75	1272426185613	0	0	2829e43738ea60e8f4213f2c6ee0
user12	975	75	1272426185633	0	0	2829e43738ea60e8f4213f2c6ee0
user12	975	76	1272426185646	0	0	2829e43738ea60e8f4213f2c6ee0
user12	974	76	1272426185677	0	0	2829e43738ea60e8f4213f2c6ee0
user12	974	77	1272426185689	0	0	2829e43738ea60e8f4213f2c6ee0
user12	973	77	1272426185701	0	0	2829e43738ea60e8f4213f2c6ee0
user12	973	78	1272426185712	0	0	2829e43738ea60e8f4213f2c6ee0
user12	973	79	1272426185797	0	0	2829e43738ea60e8f4213f2c6ee0
user12	973	78	1272426185807	0	0	2829e43738ea60e8f4213f2c6ee0
user12	972	78	1272426185817	0	0	2829e43738ea60e8f4213f2c6ee0
user12	971	78	1272426185821	0	0	2829e43738ea60e8f4213f2c6ee0
user12	970	78	1272426185837	0	0	2829e43738ea60e8f4213f2c6ee0
user12	969	78	1272426185853	0	0	2829e43738ea60e8f4213f2c6ee0
user12	968	78	1272426185869	0	0	2829e43738ea60e8f4213f2c6ee0
user12	967	78	1272426185879	0	0	2829e43738ea60e8f4213f2c6ee0
user12	967	79	1272426185893	0	0	2829e43738ea60e8f4213f2c6ee0
user12	967	78	1272426185909	0	0	2829e43738ea60e8f4213f2c6ee0
user12	966	78	1272426185918	0	0	2829e43738ea60e8f4213f2c6ee0
user12	965	77	1272426185949	0	0	2829e43738ea60e8f4213f2c6ee0
user12	964	77	1272426185965	0	0	2829e43738ea60e8f4213f2c6ee0
user12	961	77	1272426185975	0	0	2829e43738ea60e8f4213f2c6ee0
user12	958	76	1272426185986	0	0	2829e43738ea60e8f4213f2c6ee0
user12	953	76	1272426185991	0	0	2829e43738ea60e8f4213f2c6ee0
user12	950	76	1272426186001	0	0	2829e43738ea60e8f4213f2c6ee0
user12	945	76	1272426186006	0	0	2829e43738ea60e8f4213f2c6ee0
user12	939	76	1272426186016	0	0	2829e43738ea60e8f4213f2c6ee0
user12	934	76	1272426186025	0	0	2829e43738ea60e8f4213f2c6ee0
user12	926	76	1272426186029	0	0	2829e43738ea60e8f4213f2c6ee0
user12	918	76	1272426186039	0	0	2829e43738ea60e8f4213f2c6ee0
user12	907	80	1272426186050	0	0	2829e43738ea60e8f4213f2c6ee0
user12	899	81	1272426186053	0	0	2829e43738ea60e8f4213f2c6ee0
user12	888	82	1272426186063	0	0	2829e43738ea60e8f4213f2c6ee0
user12	877	86	1272426186073	0	0	2829e43738ea60e8f4213f2c6ee0
user12	864	88	1272426186077	0	0	2829e43738ea60e8f4213f2c6ee0
user12	847	96	1272426186094	0	0	2829e43738ea60e8f4213f2c6ee0
user12	827	109	1272426186114	0	0	2829e43738ea60e8f4213f2c6ee0
user12	816	116	1272426186120	0	0	2829e43738ea60e8f4213f2c6ee0
user12	807	125	1272426186125	0	0	2829e43738ea60e8f4213f2c6ee0
user12	792	135	1272426186136	0	0	2829e43738ea60e8f4213f2c6ee0
user12	777	152	1272426186148	0	0	2829e43738ea60e8f4213f2c6ee0
user12	764	165	1272426186153	0	0	2829e43738ea60e8f4213f2c6ee0
user12	755	177	1272426186174	0	0	2829e43738ea60e8f4213f2c6ee0
user12	737	194	1272426186186	0	0	2829e43738ea60e8f4213f2c6ee0
user12	722	212	1272426186194	0	0	2829e43738ea60e8f4213f2c6ee0
user12	715	223	1272426186199	0	0	2829e43738ea60e8f4213f2c6ee0
user12	711	231	1272426186206	0	0	2829e43738ea60e8f4213f2c6ee0
user12	710	237	1272426186218	0	0	2829e43738ea60e8f4213f2c6ee0
user12	710	242	1272426186222	0	0	2829e43738ea60e8f4213f2c6ee0
user12	710	245	1272426186233	0	0	2829e43738ea60e8f4213f2c6ee0
user12	710	249	1272426186237	0	0	2829e43738ea60e8f4213f2c6ee0
user12	713	249	1272426186248	0	0	2829e43738ea60e8f4213f2c6ee0
user12	716	250	1272426186253	0	0	2829e43738ea60e8f4213f2c6ee0
user12	722	250	1272426186264	0	0	2829e43738ea60e8f4213f2c6ee0
user12	732	250	1272426186272	0	0	2829e43738ea60e8f4213f2c6ee0
user12	743	250	1272426186280	0	0	2829e43738ea60e8f4213f2c6ee0
user12	754	250	1272426186287	0	0	2829e43738ea60e8f4213f2c6ee0
user12	770	250	1272426186297	0	0	2829e43738ea60e8f4213f2c6ee0
user12	814	250	1272426186312	0	0	2829e43738ea60e8f4213f2c6ee0
user12	846	250	1272426186344	0	0	2829e43738ea60e8f4213f2c6ee0
user12	945	234	1272426186354	0	0	2829e43738ea60e8f4213f2c6ee0
user12	954	228	1272426186360	0	0	2829e43738ea60e8f4213f2c6ee0
user12	960	221	1272426186371	0	0	2829e43738ea60e8f4213f2c6ee0
user12	963	221	1272426186376	0	0	2829e43738ea60e8f4213f2c6ee0
user12	964	217	1272426186389	0	0	2829e43738ea60e8f4213f2c6ee0
user12	964	216	1272426186400	0	0	2829e43738ea60e8f4213f2c6ee0
user12	964	215	1272426186413	0	0	2829e43738ea60e8f4213f2c6ee0
user12	963	215	1272426186424	0	0	2829e43738ea60e8f4213f2c6ee0
user12	963	214	1272426186437	0	0	2829e43738ea60e8f4213f2c6ee0
user12	963	213	1272426186455	0	0	2829e43738ea60e8f4213f2c6ee0
user12	963	212	1272426186465	0	0	2829e43738ea60e8f4213f2c6ee0
user12	963	211	1272426186477	0	0	2829e43738ea60e8f4213f2c6ee0
user12	963	209	1272426186487	0	0	2829e43738ea60e8f4213f2c6ee0
user12	963	208	1272426186498	0	0	2829e43738ea60e8f4213f2c6ee0
user12	963	207	1272426186509	0	0	2829e43738ea60e8f4213f2c6ee0
user12	963	206	1272426186533	0	0	2829e43738ea60e8f4213f2c6ee0
user12	963	205	1272426186558	0	0	2829e43738ea60e8f4213f2c6ee0
user12	963	204	1272426186575	0	0	2829e43738ea60e8f4213f2c6ee0
user12	963	203	1272426186589	0	0	2829e43738ea60e8f4213f2c6ee0
user12	963	202	1272426186600	0	0	2829e43738ea60e8f4213f2c6ee0
user12	963	201	1272426186621	0	0	2829e43738ea60e8f4213f2c6ee0
user12	964	199	1272426186632	0	0	2829e43738ea60e8f4213f2c6ee0
user12	965	196	1272426186644	0	0	2829e43738ea60e8f4213f2c6ee0
user12	965	195	1272426186649	0	0	2829e43738ea60e8f4213f2c6ee0
user12	966	192	1272426186654	0	0	2829e43738ea60e8f4213f2c6ee0
user12	969	189	1272426186669	0	0	2829e43738ea60e8f4213f2c6ee0
user12	969	188	1272426186680	0	0	2829e43738ea60e8f4213f2c6ee0
user12	970	188	1272426186690	0	0	2829e43738ea60e8f4213f2c6ee0
user12	970	187	1272426186699	0	0	2829e43738ea60e8f4213f2c6ee0
user12	970	186	1272426186704	0	0	2829e43738ea60e8f4213f2c6ee0
user12	970	185	1272426186717	0	0	2829e43738ea60e8f4213f2c6ee0
user12	971	185	1272426186729	0	0	2829e43738ea60e8f4213f2c6ee0
user12	971	184	1272426186840	0	0	2829e43738ea60e8f4213f2c6ee0
user12	972	184	1272426186853	0	0	2829e43738ea60e8f4213f2c6ee0
user12	972	183	1272426186864	0	0	2829e43738ea60e8f4213f2c6ee0
user12	972	182	1272426186887	0	0	2829e43738ea60e8f4213f2c6ee0
user12	972	181	1272426186925	0	0	2829e43738ea60e8f4213f2c6ee0
user12	972	180	1272426186941	0	0	2829e43738ea60e8f4213f2c6ee0
user12	973	180	1272426186952	0	0	2829e43738ea60e8f4213f2c6ee0
user12	973	178	1272426186957	0	0	2829e43738ea60e8f4213f2c6ee0
user12	973	177	1272426186969	0	0	2829e43738ea60e8f4213f2c6ee0
user12	973	176	1272426186974	0	0	2829e43738ea60e8f4213f2c6ee0
user12	973	176	1272426187192	1272426187085	1272426187192	2829e43738ea60e8f4213f2c6ee0
user12	973	176	1272426187786	0	0	2829e43738ea60e8f4213f2c6ee0
user12	973	176	1272426187802	0	0	2829e43738ea60e8f4213f2c6ee0
user12	972	176	1272426189741	0	0	2829e43738ea60e8f4213f2c6ee0
user12	971	176	1272426189753	0	0	2829e43738ea60e8f4213f2c6ee0
user12	968	178	1272426189765	0	0	2829e43738ea60e8f4213f2c6ee0
user12	960	179	1272426189778	0	0	2829e43738ea60e8f4213f2c6ee0
user12	933	181	1272426189791	0	0	2829e43738ea60e8f4213f2c6ee0
user12	904	182	1272426189809	0	0	2829e43738ea60e8f4213f2c6ee0
user12	887	183	1272426189819	0	0	2829e43738ea60e8f4213f2c6ee0
user12	858	184	1272426189831	0	0	2829e43738ea60e8f4213f2c6ee0
user12	844	185	1272426189842	0	0	2829e43738ea60e8f4213f2c6ee0
user12	826	185	1272426189854	0	0	2829e43738ea60e8f4213f2c6ee0
user12	823	185	1272426189865	0	0	2829e43738ea60e8f4213f2c6ee0
user12	822	185	1272426189869	0	0	2829e43738ea60e8f4213f2c6ee0
user12	822	185	1272426189991	1272426189621	1272426189991	2829e43738ea60e8f4213f2c6ee0
user12	822	185	1272426190019	0	0	2829e43738ea60e8f4213f2c6ee0
user12	822	185	1272426190460	0	0	2829e43738ea60e8f4213f2c6ee0
user12	824	186	1272426194292	0	0	2829e43738ea60e8f4213f2c6ee0
user12	832	186	1272426194302	0	0	2829e43738ea60e8f4213f2c6ee0
user12	856	186	1272426194314	0	0	2829e43738ea60e8f4213f2c6ee0
user12	889	187	1272426194319	0	0	2829e43738ea60e8f4213f2c6ee0
user12	911	187	1272426194325	0	0	2829e43738ea60e8f4213f2c6ee0
user12	925	189	1272426194335	0	0	2829e43738ea60e8f4213f2c6ee0
user12	936	195	1272426194341	0	0	2829e43738ea60e8f4213f2c6ee0
user12	944	199	1272426194353	0	0	2829e43738ea60e8f4213f2c6ee0
user12	953	204	1272426194358	0	0	2829e43738ea60e8f4213f2c6ee0
user12	968	216	1272426194376	0	0	2829e43738ea60e8f4213f2c6ee0
user12	974	220	1272426194389	0	0	2829e43738ea60e8f4213f2c6ee0
user12	983	228	1272426194404	0	0	2829e43738ea60e8f4213f2c6ee0
user12	987	232	1272426194412	0	0	2829e43738ea60e8f4213f2c6ee0
user12	988	232	1272426194417	0	0	2829e43738ea60e8f4213f2c6ee0
user12	989	233	1272426194428	0	0	2829e43738ea60e8f4213f2c6ee0
user12	992	234	1272426194460	0	0	2829e43738ea60e8f4213f2c6ee0
user12	995	235	1272426194475	0	0	2829e43738ea60e8f4213f2c6ee0
user12	1001	236	1272426194481	0	0	2829e43738ea60e8f4213f2c6ee0
user12	1004	236	1272426194495	0	0	2829e43738ea60e8f4213f2c6ee0
user12	1004	237	1272426194506	0	0	2829e43738ea60e8f4213f2c6ee0
user12	1004	238	1272426194548	0	0	2829e43738ea60e8f4213f2c6ee0
user12	1004	239	1272426194565	0	0	2829e43738ea60e8f4213f2c6ee0
user12	1004	242	1272426194587	0	0	2829e43738ea60e8f4213f2c6ee0
user12	1003	245	1272426194595	0	0	2829e43738ea60e8f4213f2c6ee0
user12	1002	248	1272426194602	0	0	2829e43738ea60e8f4213f2c6ee0
user12	998	252	1272426194607	0	0	2829e43738ea60e8f4213f2c6ee0
user12	998	255	1272426194613	0	0	2829e43738ea60e8f4213f2c6ee0
user12	992	259	1272426194639	0	0	2829e43738ea60e8f4213f2c6ee0
user12	980	274	1272426194649	0	0	2829e43738ea60e8f4213f2c6ee0
user12	976	278	1272426194654	0	0	2829e43738ea60e8f4213f2c6ee0
user12	973	282	1272426194667	0	0	2829e43738ea60e8f4213f2c6ee0
user12	969	285	1272426194672	0	0	2829e43738ea60e8f4213f2c6ee0
user12	968	286	1272426194685	0	0	2829e43738ea60e8f4213f2c6ee0
user12	968	285	1272426194869	0	0	2829e43738ea60e8f4213f2c6ee0
user12	967	285	1272426194886	0	0	2829e43738ea60e8f4213f2c6ee0
user12	967	284	1272426194901	0	0	2829e43738ea60e8f4213f2c6ee0
user12	967	283	1272426194941	0	0	2829e43738ea60e8f4213f2c6ee0
user12	967	282	1272426194957	0	0	2829e43738ea60e8f4213f2c6ee0
user12	967	281	1272426194981	0	0	2829e43738ea60e8f4213f2c6ee0
user12	966	280	1272426194993	0	0	2829e43738ea60e8f4213f2c6ee0
user12	966	280	1272426195158	1272426195069	1272426195158	2829e43738ea60e8f4213f2c6ee0
user12	1035	290	1272426202535	0	0	2829e43738ea60e8f4213f2c6ee0
user12	1034	290	1272426203052	0	0	2829e43738ea60e8f4213f2c6ee0
user12	1031	290	1272426203073	0	0	2829e43738ea60e8f4213f2c6ee0
user12	1026	290	1272426203076	0	0	2829e43738ea60e8f4213f2c6ee0
user12	996	287	1272426203100	0	0	2829e43738ea60e8f4213f2c6ee0
user12	973	286	1272426203123	0	0	2829e43738ea60e8f4213f2c6ee0
user12	959	286	1272426203127	0	0	2829e43738ea60e8f4213f2c6ee0
user12	938	285	1272426203149	0	0	2829e43738ea60e8f4213f2c6ee0
user12	927	284	1272426203153	0	0	2829e43738ea60e8f4213f2c6ee0
user12	922	284	1272426203158	0	0	2829e43738ea60e8f4213f2c6ee0
user12	898	283	1272426203181	0	0	2829e43738ea60e8f4213f2c6ee0
user12	871	283	1272426203211	0	0	2829e43738ea60e8f4213f2c6ee0
user12	858	283	1272426203216	0	0	2829e43738ea60e8f4213f2c6ee0
user12	844	287	1272426203220	0	0	2829e43738ea60e8f4213f2c6ee0
user12	833	287	1272426203229	0	0	2829e43738ea60e8f4213f2c6ee0
user12	807	288	1272426203245	0	0	2829e43738ea60e8f4213f2c6ee0
user12	766	289	1272426203268	0	0	2829e43738ea60e8f4213f2c6ee0
user12	742	289	1272426203291	0	0	2829e43738ea60e8f4213f2c6ee0
user12	732	289	1272426203295	0	0	2829e43738ea60e8f4213f2c6ee0
user12	710	291	1272426203320	0	0	2829e43738ea60e8f4213f2c6ee0
user12	707	291	1272426203325	0	0	2829e43738ea60e8f4213f2c6ee0
user12	698	292	1272426203348	0	0	2829e43738ea60e8f4213f2c6ee0
user12	696	292	1272426203358	0	0	2829e43738ea60e8f4213f2c6ee0
user12	682	293	1272426203386	0	0	2829e43738ea60e8f4213f2c6ee0
user12	677	293	1272426203392	0	0	2829e43738ea60e8f4213f2c6ee0
user12	668	294	1272426203400	0	0	2829e43738ea60e8f4213f2c6ee0
user12	660	298	1272426203406	0	0	2829e43738ea60e8f4213f2c6ee0
user12	627	305	1272426203453	0	0	2829e43738ea60e8f4213f2c6ee0
user12	610	313	1272426203459	0	0	2829e43738ea60e8f4213f2c6ee0
user12	602	318	1272426203464	0	0	2829e43738ea60e8f4213f2c6ee0
user12	596	322	1272426203469	0	0	2829e43738ea60e8f4213f2c6ee0
user12	583	332	1272426203493	0	0	2829e43738ea60e8f4213f2c6ee0
user12	579	338	1272426203497	0	0	2829e43738ea60e8f4213f2c6ee0
user12	578	341	1272426203502	0	0	2829e43738ea60e8f4213f2c6ee0
user12	573	355	1272426203522	0	0	2829e43738ea60e8f4213f2c6ee0
user12	573	363	1272426203527	0	0	2829e43738ea60e8f4213f2c6ee0
user12	573	382	1272426203554	0	0	2829e43738ea60e8f4213f2c6ee0
user12	573	388	1272426203559	0	0	2829e43738ea60e8f4213f2c6ee0
user12	573	393	1272426203565	0	0	2829e43738ea60e8f4213f2c6ee0
user12	573	399	1272426203585	0	0	2829e43738ea60e8f4213f2c6ee0
user12	574	406	1272426203607	0	0	2829e43738ea60e8f4213f2c6ee0
user12	576	410	1272426203629	0	0	2829e43738ea60e8f4213f2c6ee0
user12	576	411	1272426203652	0	0	2829e43738ea60e8f4213f2c6ee0
user12	576	411	1272426203683	0	0	2829e43738ea60e8f4213f2c6ee0
user12	576	412	1272426204124	0	0	2829e43738ea60e8f4213f2c6ee0
user12	575	412	1272426204196	0	0	2829e43738ea60e8f4213f2c6ee0
user12	574	412	1272426204215	0	0	2829e43738ea60e8f4213f2c6ee0
user12	571	412	1272426204236	0	0	2829e43738ea60e8f4213f2c6ee0
user12	562	411	1272426204258	0	0	2829e43738ea60e8f4213f2c6ee0
user12	561	410	1272426204263	0	0	2829e43738ea60e8f4213f2c6ee0
user12	556	406	1272426204284	0	0	2829e43738ea60e8f4213f2c6ee0
user12	550	400	1272426204288	0	0	2829e43738ea60e8f4213f2c6ee0
user12	549	397	1272426204292	0	0	2829e43738ea60e8f4213f2c6ee0
user12	540	378	1272426204314	0	0	2829e43738ea60e8f4213f2c6ee0
user12	536	364	1272426204318	0	0	2829e43738ea60e8f4213f2c6ee0
user12	532	317	1272426204344	0	0	2829e43738ea60e8f4213f2c6ee0
user12	531	303	1272426204351	0	0	2829e43738ea60e8f4213f2c6ee0
user12	530	287	1272426204357	0	0	2829e43738ea60e8f4213f2c6ee0
user12	530	263	1272426204377	0	0	2829e43738ea60e8f4213f2c6ee0
user12	530	255	1272426204384	0	0	2829e43738ea60e8f4213f2c6ee0
user12	529	247	1272426204389	0	0	2829e43738ea60e8f4213f2c6ee0
user12	529	236	1272426204408	0	0	2829e43738ea60e8f4213f2c6ee0
user12	529	230	1272426204416	0	0	2829e43738ea60e8f4213f2c6ee0
user12	529	227	1272426204423	0	0	2829e43738ea60e8f4213f2c6ee0
user12	529	224	1272426204429	0	0	2829e43738ea60e8f4213f2c6ee0
user12	529	218	1272426204454	0	0	2829e43738ea60e8f4213f2c6ee0
user12	529	214	1272426204477	0	0	2829e43738ea60e8f4213f2c6ee0
user12	529	212	1272426204500	0	0	2829e43738ea60e8f4213f2c6ee0
user12	529	211	1272426204540	0	0	2829e43738ea60e8f4213f2c6ee0
user12	529	210	1272426204567	0	0	2829e43738ea60e8f4213f2c6ee0
user12	529	209	1272426204572	0	0	2829e43738ea60e8f4213f2c6ee0
user12	529	208	1272426204594	0	0	2829e43738ea60e8f4213f2c6ee0
user12	529	207	1272426204628	0	0	2829e43738ea60e8f4213f2c6ee0
user12	532	197	1272426204693	0	0	2829e43738ea60e8f4213f2c6ee0
user12	532	196	1272426204721	0	0	2829e43738ea60e8f4213f2c6ee0
user12	532	196	1272426205101	1272426204948	1272426205101	2829e43738ea60e8f4213f2c6ee0
user12	532	197	1272426215091	0	0	2829e43738ea60e8f4213f2c6ee0
user12	536	200	1272426215112	0	0	2829e43738ea60e8f4213f2c6ee0
user12	539	204	1272426215117	0	0	2829e43738ea60e8f4213f2c6ee0
user12	551	212	1272426215141	0	0	2829e43738ea60e8f4213f2c6ee0
user12	559	217	1272426215170	0	0	2829e43738ea60e8f4213f2c6ee0
user12	562	218	1272426215183	0	0	2829e43738ea60e8f4213f2c6ee0
user12	563	218	1272426215188	0	0	2829e43738ea60e8f4213f2c6ee0
user12	563	218	1272426215740	1272426215660	1272426215740	2829e43738ea60e8f4213f2c6ee0
user12	560	188	1272426220486	0	0	2829e43738ea60e8f4213f2c6ee0
user12	561	191	1272426221483	0	0	2829e43738ea60e8f4213f2c6ee0
user12	564	191	1272426221504	0	0	2829e43738ea60e8f4213f2c6ee0
user12	568	195	1272426221509	0	0	2829e43738ea60e8f4213f2c6ee0
user12	577	200	1272426221531	0	0	2829e43738ea60e8f4213f2c6ee0
user12	587	205	1272426221552	0	0	2829e43738ea60e8f4213f2c6ee0
user12	590	206	1272426221557	0	0	2829e43738ea60e8f4213f2c6ee0
user12	601	208	1272426221579	0	0	2829e43738ea60e8f4213f2c6ee0
user12	605	209	1272426221601	0	0	2829e43738ea60e8f4213f2c6ee0
user12	606	209	1272426221624	0	0	2829e43738ea60e8f4213f2c6ee0
user12	607	209	1272426221630	0	0	2829e43738ea60e8f4213f2c6ee0
user12	610	209	1272426221676	0	0	2829e43738ea60e8f4213f2c6ee0
user12	624	206	1272426221733	0	0	2829e43738ea60e8f4213f2c6ee0
user12	633	205	1272426221759	0	0	2829e43738ea60e8f4213f2c6ee0
user12	634	205	1272426221764	0	0	2829e43738ea60e8f4213f2c6ee0
user12	636	205	1272426221790	0	0	2829e43738ea60e8f4213f2c6ee0
user12	637	205	1272426221815	0	0	2829e43738ea60e8f4213f2c6ee0
user12	640	205	1272426221820	0	0	2829e43738ea60e8f4213f2c6ee0
user12	641	205	1272426221841	0	0	2829e43738ea60e8f4213f2c6ee0
user12	641	205	1272426221871	0	0	2829e43738ea60e8f4213f2c6ee0
user12	641	206	1272426222027	0	0	2829e43738ea60e8f4213f2c6ee0
user12	641	207	1272426222067	0	0	2829e43738ea60e8f4213f2c6ee0
user12	641	208	1272426222107	0	0	2829e43738ea60e8f4213f2c6ee0
user12	640	208	1272426222127	0	0	2829e43738ea60e8f4213f2c6ee0
user12	639	208	1272426222203	0	0	2829e43738ea60e8f4213f2c6ee0
user12	638	208	1272426222339	0	0	2829e43738ea60e8f4213f2c6ee0
user12	637	208	1272426222358	0	0	2829e43738ea60e8f4213f2c6ee0
user12	636	206	1272426222381	0	0	2829e43738ea60e8f4213f2c6ee0
user12	633	206	1272426222387	0	0	2829e43738ea60e8f4213f2c6ee0
user12	629	202	1272426222413	0	0	2829e43738ea60e8f4213f2c6ee0
user12	626	202	1272426222418	0	0	2829e43738ea60e8f4213f2c6ee0
user12	625	202	1272426222422	0	0	2829e43738ea60e8f4213f2c6ee0
user12	622	200	1272426222448	0	0	2829e43738ea60e8f4213f2c6ee0
user12	621	199	1272426222469	0	0	2829e43738ea60e8f4213f2c6ee0
user12	620	199	1272426222492	0	0	2829e43738ea60e8f4213f2c6ee0
user12	619	199	1272426222515	0	0	2829e43738ea60e8f4213f2c6ee0
user12	620	199	1272426222619	0	0	2829e43738ea60e8f4213f2c6ee0
user12	633	203	1272426222641	0	0	2829e43738ea60e8f4213f2c6ee0
user12	745	218	1272426222679	0	0	2829e43738ea60e8f4213f2c6ee0
user12	908	218	1272426222713	0	0	2829e43738ea60e8f4213f2c6ee0
user12	946	218	1272426222718	0	0	2829e43738ea60e8f4213f2c6ee0
user12	978	218	1272426222723	0	0	2829e43738ea60e8f4213f2c6ee0
user12	1022	216	1272426222744	0	0	2829e43738ea60e8f4213f2c6ee0
user12	1122	185	1272426222819	0	0	2829e43738ea60e8f4213f2c6ee0
user12	1121	180	1272426222823	0	0	2829e43738ea60e8f4213f2c6ee0
user12	1103	167	1272426222846	0	0	2829e43738ea60e8f4213f2c6ee0
user12	1083	158	1272426222850	0	0	2829e43738ea60e8f4213f2c6ee0
user12	1058	148	1272426222854	0	0	2829e43738ea60e8f4213f2c6ee0
user12	983	131	1272426222875	0	0	2829e43738ea60e8f4213f2c6ee0
user12	931	115	1272426222883	0	0	2829e43738ea60e8f4213f2c6ee0
user12	891	104	1272426222886	0	0	2829e43738ea60e8f4213f2c6ee0
user12	808	96	1272426222910	0	0	2829e43738ea60e8f4213f2c6ee0
user12	731	94	1272426222915	0	0	2829e43738ea60e8f4213f2c6ee0
user12	692	93	1272426222936	0	0	2829e43738ea60e8f4213f2c6ee0
user12	684	93	1272426222941	0	0	2829e43738ea60e8f4213f2c6ee0
user12	675	94	1272426222963	0	0	2829e43738ea60e8f4213f2c6ee0
user12	674	95	1272426222985	0	0	2829e43738ea60e8f4213f2c6ee0
user12	673	95	1272426222990	0	0	2829e43738ea60e8f4213f2c6ee0
user12	670	97	1272426223021	0	0	2829e43738ea60e8f4213f2c6ee0
user12	669	97	1272426223066	0	0	2829e43738ea60e8f4213f2c6ee0
user12	668	98	1272426223087	0	0	2829e43738ea60e8f4213f2c6ee0
user12	662	98	1272426223109	0	0	2829e43738ea60e8f4213f2c6ee0
user12	648	101	1272426223131	0	0	2829e43738ea60e8f4213f2c6ee0
user12	631	106	1272426223152	0	0	2829e43738ea60e8f4213f2c6ee0
user12	623	107	1272426223158	0	0	2829e43738ea60e8f4213f2c6ee0
user12	617	108	1272426223162	0	0	2829e43738ea60e8f4213f2c6ee0
user12	606	113	1272426223185	0	0	2829e43738ea60e8f4213f2c6ee0
user12	603	113	1272426223191	0	0	2829e43738ea60e8f4213f2c6ee0
user12	592	113	1272426223214	0	0	2829e43738ea60e8f4213f2c6ee0
user12	589	113	1272426223219	0	0	2829e43738ea60e8f4213f2c6ee0
user12	578	113	1272426223240	0	0	2829e43738ea60e8f4213f2c6ee0
user12	575	113	1272426223245	0	0	2829e43738ea60e8f4213f2c6ee0
user12	562	113	1272426223269	0	0	2829e43738ea60e8f4213f2c6ee0
user12	555	113	1272426223301	0	0	2829e43738ea60e8f4213f2c6ee0
user12	552	114	1272426223323	0	0	2829e43738ea60e8f4213f2c6ee0
user12	551	114	1272426223346	0	0	2829e43738ea60e8f4213f2c6ee0
user12	550	114	1272426223353	0	0	2829e43738ea60e8f4213f2c6ee0
user12	550	115	1272426223358	0	0	2829e43738ea60e8f4213f2c6ee0
user12	551	118	1272426223411	0	0	2829e43738ea60e8f4213f2c6ee0
user12	563	130	1272426223433	0	0	2829e43738ea60e8f4213f2c6ee0
user12	572	139	1272426223437	0	0	2829e43738ea60e8f4213f2c6ee0
user12	623	181	1272426223464	0	0	2829e43738ea60e8f4213f2c6ee0
user12	647	205	1272426223473	0	0	2829e43738ea60e8f4213f2c6ee0
user12	752	249	1272426223495	0	0	2829e43738ea60e8f4213f2c6ee0
user12	870	278	1272426223501	0	0	2829e43738ea60e8f4213f2c6ee0
user12	941	286	1272426223507	0	0	2829e43738ea60e8f4213f2c6ee0
user12	1147	288	1272426223533	0	0	2829e43738ea60e8f4213f2c6ee0
user12	115	4	1272426223898	0	0	2829e43738ea60e8f4213f2c6ee0
user12	124	9	1272426223924	0	0	2829e43738ea60e8f4213f2c6ee0
user12	128	13	1272426223930	0	0	2829e43738ea60e8f4213f2c6ee0
user12	132	16	1272426223934	0	0	2829e43738ea60e8f4213f2c6ee0
user12	140	18	1272426223957	0	0	2829e43738ea60e8f4213f2c6ee0
user12	141	18	1272426223961	0	0	2829e43738ea60e8f4213f2c6ee0
user12	145	19	1272426223966	0	0	2829e43738ea60e8f4213f2c6ee0
user12	167	22	1272426223990	0	0	2829e43738ea60e8f4213f2c6ee0
user12	199	22	1272426224014	0	0	2829e43738ea60e8f4213f2c6ee0
user12	215	22	1272426224023	0	0	2829e43738ea60e8f4213f2c6ee0
user12	232	22	1272426224028	0	0	2829e43738ea60e8f4213f2c6ee0
user12	243	22	1272426224038	0	0	2829e43738ea60e8f4213f2c6ee0
user12	296	22	1272426224063	0	0	2829e43738ea60e8f4213f2c6ee0
user12	351	22	1272426224090	0	0	2829e43738ea60e8f4213f2c6ee0
user12	367	22	1272426224095	0	0	2829e43738ea60e8f4213f2c6ee0
user12	394	22	1272426224118	0	0	2829e43738ea60e8f4213f2c6ee0
user12	417	22	1272426224124	0	0	2829e43738ea60e8f4213f2c6ee0
user12	433	22	1272426224147	0	0	2829e43738ea60e8f4213f2c6ee0
user12	439	22	1272426224153	0	0	2829e43738ea60e8f4213f2c6ee0
user12	442	21	1272426224158	0	0	2829e43738ea60e8f4213f2c6ee0
user12	443	21	1272426224180	0	0	2829e43738ea60e8f4213f2c6ee0
user12	443	20	1272426224251	0	0	2829e43738ea60e8f4213f2c6ee0
user12	443	21	1272426224427	0	0	2829e43738ea60e8f4213f2c6ee0
user12	443	22	1272426224448	0	0	2829e43738ea60e8f4213f2c6ee0
user12	450	29	1272426224471	0	0	2829e43738ea60e8f4213f2c6ee0
user12	470	38	1272426224496	0	0	2829e43738ea60e8f4213f2c6ee0
user12	492	42	1272426224509	0	0	2829e43738ea60e8f4213f2c6ee0
user12	546	45	1272426224532	0	0	2829e43738ea60e8f4213f2c6ee0
user12	568	45	1272426224544	0	0	2829e43738ea60e8f4213f2c6ee0
user12	582	45	1272426224549	0	0	2829e43738ea60e8f4213f2c6ee0
user12	608	45	1272426224573	0	0	2829e43738ea60e8f4213f2c6ee0
user12	609	46	1272426224596	0	0	2829e43738ea60e8f4213f2c6ee0
user12	608	46	1272426224659	0	0	2829e43738ea60e8f4213f2c6ee0
user12	607	45	1272426224681	0	0	2829e43738ea60e8f4213f2c6ee0
user12	605	44	1272426224686	0	0	2829e43738ea60e8f4213f2c6ee0
user12	594	44	1272426224713	0	0	2829e43738ea60e8f4213f2c6ee0
user12	586	44	1272426224718	0	0	2829e43738ea60e8f4213f2c6ee0
user12	578	44	1272426224723	0	0	2829e43738ea60e8f4213f2c6ee0
user12	554	43	1272426224763	0	0	2829e43738ea60e8f4213f2c6ee0
user12	547	43	1272426224799	0	0	2829e43738ea60e8f4213f2c6ee0
user12	546	43	1272426224821	0	0	2829e43738ea60e8f4213f2c6ee0
user12	545	43	1272426224826	0	0	2829e43738ea60e8f4213f2c6ee0
user12	545	44	1272426224923	0	0	2829e43738ea60e8f4213f2c6ee0
user12	545	45	1272426224947	0	0	2829e43738ea60e8f4213f2c6ee0
user12	545	46	1272426224969	0	0	2829e43738ea60e8f4213f2c6ee0
user12	545	47	1272426225004	0	0	2829e43738ea60e8f4213f2c6ee0
user12	545	48	1272426225035	0	0	2829e43738ea60e8f4213f2c6ee0
user12	546	48	1272426225057	0	0	2829e43738ea60e8f4213f2c6ee0
user12	546	49	1272426225084	0	0	2829e43738ea60e8f4213f2c6ee0
user12	546	50	1272426225106	0	0	2829e43738ea60e8f4213f2c6ee0
user12	545	50	1272426225219	0	0	2829e43738ea60e8f4213f2c6ee0
user12	545	51	1272426225387	0	0	2829e43738ea60e8f4213f2c6ee0
user12	545	53	1272426225411	0	0	2829e43738ea60e8f4213f2c6ee0
user12	545	57	1272426225437	0	0	2829e43738ea60e8f4213f2c6ee0
user12	544	60	1272426225461	0	0	2829e43738ea60e8f4213f2c6ee0
user12	544	62	1272426225483	0	0	2829e43738ea60e8f4213f2c6ee0
user12	543	63	1272426225507	0	0	2829e43738ea60e8f4213f2c6ee0
user12	542	64	1272426225530	0	0	2829e43738ea60e8f4213f2c6ee0
user12	533	65	1272426225558	0	0	2829e43738ea60e8f4213f2c6ee0
user12	532	66	1272426225567	0	0	2829e43738ea60e8f4213f2c6ee0
user12	530	66	1272426225572	0	0	2829e43738ea60e8f4213f2c6ee0
user12	527	66	1272426225580	0	0	2829e43738ea60e8f4213f2c6ee0
user12	524	66	1272426225592	0	0	2829e43738ea60e8f4213f2c6ee0
user12	521	66	1272426225601	0	0	2829e43738ea60e8f4213f2c6ee0
user12	518	66	1272426225606	0	0	2829e43738ea60e8f4213f2c6ee0
user12	515	66	1272426225611	0	0	2829e43738ea60e8f4213f2c6ee0
user12	513	62	1272426225636	0	0	2829e43738ea60e8f4213f2c6ee0
user12	503	57	1272426225660	0	0	2829e43738ea60e8f4213f2c6ee0
user12	496	52	1272426225683	0	0	2829e43738ea60e8f4213f2c6ee0
user12	490	49	1272426225708	0	0	2829e43738ea60e8f4213f2c6ee0
user12	489	48	1272426225737	0	0	2829e43738ea60e8f4213f2c6ee0
user12	488	48	1272426225743	0	0	2829e43738ea60e8f4213f2c6ee0
user12	487	48	1272426225891	0	0	2829e43738ea60e8f4213f2c6ee0
user12	487	48	1272426226028	1272426225915	1272426226028	2829e43738ea60e8f4213f2c6ee0
user12	475	54	1272426231656	0	0	2829e43738ea60e8f4213f2c6ee0
user12	477	53	1272426231680	0	0	2829e43738ea60e8f4213f2c6ee0
user12	478	52	1272426231705	0	0	2829e43738ea60e8f4213f2c6ee0
user12	480	51	1272426231733	0	0	2829e43738ea60e8f4213f2c6ee0
user12	480	51	1272426231880	0	0	2829e43738ea60e8f4213f2c6ee0
user12	480	51	1272426231913	1272426231818	1272426231913	2829e43738ea60e8f4213f2c6ee0
