User	X	Y	MouseTimeStamp	MouseDownTimeStamp	MouseUpTimeStamp	SessionID
user10	347	6	1269305304936	0	0	87d49a415781205d2308f13967de
user10	356	12	1269305304946	0	0	87d49a415781205d2308f13967de
user10	364	17	1269305304956	0	0	87d49a415781205d2308f13967de
user10	375	25	1269305304956	0	0	87d49a415781205d2308f13967de
user10	384	32	1269305304966	0	0	87d49a415781205d2308f13967de
user10	395	38	1269305304976	0	0	87d49a415781205d2308f13967de
user10	405	46	1269305304986	0	0	87d49a415781205d2308f13967de
user10	415	54	1269305304996	0	0	87d49a415781205d2308f13967de
user10	427	62	1269305304996	0	0	87d49a415781205d2308f13967de
user10	438	71	1269305305006	0	0	87d49a415781205d2308f13967de
user10	449	79	1269305305016	0	0	87d49a415781205d2308f13967de
user10	461	88	1269305305026	0	0	87d49a415781205d2308f13967de
user10	474	97	1269305305036	0	0	87d49a415781205d2308f13967de
user10	488	105	1269305305036	0	0	87d49a415781205d2308f13967de
user10	504	115	1269305305046	0	0	87d49a415781205d2308f13967de
user10	514	122	1269305305056	0	0	87d49a415781205d2308f13967de
user10	524	129	1269305305066	0	0	87d49a415781205d2308f13967de
user10	534	137	1269305305076	0	0	87d49a415781205d2308f13967de
user10	544	143	1269305305076	0	0	87d49a415781205d2308f13967de
user10	552	151	1269305305086	0	0	87d49a415781205d2308f13967de
user10	561	158	1269305305096	0	0	87d49a415781205d2308f13967de
user10	569	164	1269305305106	0	0	87d49a415781205d2308f13967de
user10	576	169	1269305305116	0	0	87d49a415781205d2308f13967de
user10	584	175	1269305305116	0	0	87d49a415781205d2308f13967de
user10	589	178	1269305305126	0	0	87d49a415781205d2308f13967de
user10	597	183	1269305305136	0	0	87d49a415781205d2308f13967de
user10	603	188	1269305305146	0	0	87d49a415781205d2308f13967de
user10	610	191	1269305305156	0	0	87d49a415781205d2308f13967de
user10	616	195	1269305305156	0	0	87d49a415781205d2308f13967de
user10	623	199	1269305305166	0	0	87d49a415781205d2308f13967de
user10	629	202	1269305305176	0	0	87d49a415781205d2308f13967de
user10	634	205	1269305305186	0	0	87d49a415781205d2308f13967de
user10	639	207	1269305305196	0	0	87d49a415781205d2308f13967de
user10	643	208	1269305305196	0	0	87d49a415781205d2308f13967de
user10	647	209	1269305305206	0	0	87d49a415781205d2308f13967de
user10	653	210	1269305305216	0	0	87d49a415781205d2308f13967de
user10	656	211	1269305305226	0	0	87d49a415781205d2308f13967de
user10	660	211	1269305305236	0	0	87d49a415781205d2308f13967de
user10	665	211	1269305305236	0	0	87d49a415781205d2308f13967de
user10	668	211	1269305305246	0	0	87d49a415781205d2308f13967de
user10	672	211	1269305305256	0	0	87d49a415781205d2308f13967de
user10	676	211	1269305305266	0	0	87d49a415781205d2308f13967de
user10	680	211	1269305305276	0	0	87d49a415781205d2308f13967de
user10	684	211	1269305305276	0	0	87d49a415781205d2308f13967de
user10	688	211	1269305305286	0	0	87d49a415781205d2308f13967de
user10	693	211	1269305305296	0	0	87d49a415781205d2308f13967de
user10	696	211	1269305305306	0	0	87d49a415781205d2308f13967de
user10	699	211	1269305305316	0	0	87d49a415781205d2308f13967de
user10	701	211	1269305305316	0	0	87d49a415781205d2308f13967de
user10	702	211	1269305305326	0	0	87d49a415781205d2308f13967de
user10	704	211	1269305305336	0	0	87d49a415781205d2308f13967de
user10	705	211	1269305305346	0	0	87d49a415781205d2308f13967de
user10	706	211	1269305305356	0	0	87d49a415781205d2308f13967de
user10	707	211	1269305305456	0	0	87d49a415781205d2308f13967de
user10	707	210	1269305305466	0	0	87d49a415781205d2308f13967de
user10	707	210	1269305305627	1269305305456	1269305305627	87d49a415781205d2308f13967de
user10	708	211	1269305305807	0	0	87d49a415781205d2308f13967de
user10	710	211	1269305305817	0	0	87d49a415781205d2308f13967de
user10	711	213	1269305305827	0	0	87d49a415781205d2308f13967de
user10	713	214	1269305305827	0	0	87d49a415781205d2308f13967de
user10	715	215	1269305305837	0	0	87d49a415781205d2308f13967de
user10	716	216	1269305305847	0	0	87d49a415781205d2308f13967de
user10	718	218	1269305305857	0	0	87d49a415781205d2308f13967de
user10	721	219	1269305305867	0	0	87d49a415781205d2308f13967de
user10	723	221	1269305305867	0	0	87d49a415781205d2308f13967de
user10	725	222	1269305305877	0	0	87d49a415781205d2308f13967de
user10	727	224	1269305305887	0	0	87d49a415781205d2308f13967de
user10	729	225	1269305305897	0	0	87d49a415781205d2308f13967de
user10	730	227	1269305305907	0	0	87d49a415781205d2308f13967de
user10	732	228	1269305305907	0	0	87d49a415781205d2308f13967de
user10	733	228	1269305305917	0	0	87d49a415781205d2308f13967de
user10	734	230	1269305305927	0	0	87d49a415781205d2308f13967de
user10	735	230	1269305305937	0	0	87d49a415781205d2308f13967de
user10	736	231	1269305305947	0	0	87d49a415781205d2308f13967de
user10	737	231	1269305305947	0	0	87d49a415781205d2308f13967de
user10	737	232	1269305305967	0	0	87d49a415781205d2308f13967de
user10	738	232	1269305305977	0	0	87d49a415781205d2308f13967de
user10	738	233	1269305305997	0	0	87d49a415781205d2308f13967de
user10	739	235	1269305306027	0	0	87d49a415781205d2308f13967de
user10	739	237	1269305306047	0	0	87d49a415781205d2308f13967de
user10	740	239	1269305306067	0	0	87d49a415781205d2308f13967de
user10	742	240	1269305306067	0	0	87d49a415781205d2308f13967de
user10	742	241	1269305306077	0	0	87d49a415781205d2308f13967de
user10	742	242	1269305306087	0	0	87d49a415781205d2308f13967de
user10	743	243	1269305306107	0	0	87d49a415781205d2308f13967de
user10	743	243	1269305306958	1269305306848	1269305306958	87d49a415781205d2308f13967de
user10	743	243	1269305307830	1269305307689	1269305307830	87d49a415781205d2308f13967de
user10	741	243	1269305308010	0	0	87d49a415781205d2308f13967de
user10	737	243	1269305308020	0	0	87d49a415781205d2308f13967de
user10	731	243	1269305308030	0	0	87d49a415781205d2308f13967de
user10	724	243	1269305308040	0	0	87d49a415781205d2308f13967de
user10	717	240	1269305308050	0	0	87d49a415781205d2308f13967de
user10	708	237	1269305308050	0	0	87d49a415781205d2308f13967de
user10	695	232	1269305308060	0	0	87d49a415781205d2308f13967de
user10	683	226	1269305308070	0	0	87d49a415781205d2308f13967de
user10	668	219	1269305308080	0	0	87d49a415781205d2308f13967de
user10	655	210	1269305308090	0	0	87d49a415781205d2308f13967de
user10	632	199	1269305308090	0	0	87d49a415781205d2308f13967de
user10	611	189	1269305308100	0	0	87d49a415781205d2308f13967de
user10	590	179	1269305308110	0	0	87d49a415781205d2308f13967de
user10	564	166	1269305308120	0	0	87d49a415781205d2308f13967de
user10	541	155	1269305308130	0	0	87d49a415781205d2308f13967de
user10	515	142	1269305308130	0	0	87d49a415781205d2308f13967de
user10	489	129	1269305308140	0	0	87d49a415781205d2308f13967de
user10	463	117	1269305308150	0	0	87d49a415781205d2308f13967de
user10	440	105	1269305308160	0	0	87d49a415781205d2308f13967de
user10	416	94	1269305308170	0	0	87d49a415781205d2308f13967de
user10	396	85	1269305308170	0	0	87d49a415781205d2308f13967de
user10	373	75	1269305308180	0	0	87d49a415781205d2308f13967de
user10	355	66	1269305308190	0	0	87d49a415781205d2308f13967de
user10	334	56	1269305308200	0	0	87d49a415781205d2308f13967de
user10	319	48	1269305308210	0	0	87d49a415781205d2308f13967de
user10	304	42	1269305308210	0	0	87d49a415781205d2308f13967de
user10	292	36	1269305308220	0	0	87d49a415781205d2308f13967de
user10	282	31	1269305308230	0	0	87d49a415781205d2308f13967de
user10	272	26	1269305308240	0	0	87d49a415781205d2308f13967de
user10	264	22	1269305308250	0	0	87d49a415781205d2308f13967de
user10	257	18	1269305308250	0	0	87d49a415781205d2308f13967de
user10	249	15	1269305308260	0	0	87d49a415781205d2308f13967de
user10	242	12	1269305308270	0	0	87d49a415781205d2308f13967de
user10	235	9	1269305308280	0	0	87d49a415781205d2308f13967de
user10	230	6	1269305308290	0	0	87d49a415781205d2308f13967de
user10	226	4	1269305308290	0	0	87d49a415781205d2308f13967de
user10	223	4	1269305308300	0	0	87d49a415781205d2308f13967de
user10	222	3	1269305308310	0	0	87d49a415781205d2308f13967de
user10	221	3	1269305308320	0	0	87d49a415781205d2308f13967de
user10	220	3	1269305308330	0	0	87d49a415781205d2308f13967de
user10	220	2	1269305308360	0	0	87d49a415781205d2308f13967de
user10	1063	233	1269305317734	0	0	87d49a415781205d2308f13967de
user10	1063	233	1269305317864	0	0	87d49a415781205d2308f13967de
user10	1063	233	1269305317874	0	0	87d49a415781205d2308f13967de
user10	1063	233	1269305317904	0	0	87d49a415781205d2308f13967de
user10	1063	233	1269305317934	0	0	87d49a415781205d2308f13967de
user10	1062	234	1269305318295	0	0	87d49a415781205d2308f13967de
user10	1062	236	1269305318305	0	0	87d49a415781205d2308f13967de
user10	1062	237	1269305318305	0	0	87d49a415781205d2308f13967de
user10	1060	239	1269305318315	0	0	87d49a415781205d2308f13967de
user10	1059	241	1269305318325	0	0	87d49a415781205d2308f13967de
user10	1058	244	1269305318335	0	0	87d49a415781205d2308f13967de
user10	1057	248	1269305318345	0	0	87d49a415781205d2308f13967de
user10	1055	252	1269305318345	0	0	87d49a415781205d2308f13967de
user10	1052	257	1269305318355	0	0	87d49a415781205d2308f13967de
user10	1049	263	1269305318365	0	0	87d49a415781205d2308f13967de
user10	1046	270	1269305318375	0	0	87d49a415781205d2308f13967de
user10	1043	277	1269305318385	0	0	87d49a415781205d2308f13967de
user10	1039	284	1269305318385	0	0	87d49a415781205d2308f13967de
user10	1033	293	1269305318395	0	0	87d49a415781205d2308f13967de
user10	1026	303	1269305318405	0	0	87d49a415781205d2308f13967de
user10	1021	311	1269305318415	0	0	87d49a415781205d2308f13967de
user10	1013	321	1269305318425	0	0	87d49a415781205d2308f13967de
user10	1004	332	1269305318425	0	0	87d49a415781205d2308f13967de
user10	996	338	1269305318435	0	0	87d49a415781205d2308f13967de
user10	985	349	1269305318445	0	0	87d49a415781205d2308f13967de
user10	975	356	1269305318455	0	0	87d49a415781205d2308f13967de
user10	963	366	1269305318465	0	0	87d49a415781205d2308f13967de
user10	946	378	1269305318465	0	0	87d49a415781205d2308f13967de
user10	932	388	1269305318475	0	0	87d49a415781205d2308f13967de
user10	918	400	1269305318485	0	0	87d49a415781205d2308f13967de
user10	906	408	1269305318495	0	0	87d49a415781205d2308f13967de
user10	892	417	1269305318505	0	0	87d49a415781205d2308f13967de
user10	880	425	1269305318505	0	0	87d49a415781205d2308f13967de
user10	869	431	1269305318515	0	0	87d49a415781205d2308f13967de
user10	858	438	1269305318525	0	0	87d49a415781205d2308f13967de
user10	847	444	1269305318535	0	0	87d49a415781205d2308f13967de
user10	837	449	1269305318545	0	0	87d49a415781205d2308f13967de
user10	828	453	1269305318545	0	0	87d49a415781205d2308f13967de
user10	821	459	1269305318555	0	0	87d49a415781205d2308f13967de
user10	814	462	1269305318565	0	0	87d49a415781205d2308f13967de
user10	808	465	1269305318575	0	0	87d49a415781205d2308f13967de
user10	801	469	1269305318585	0	0	87d49a415781205d2308f13967de
user10	1178	13	1269305323152	0	0	87d49a415781205d2308f13967de
user10	1161	33	1269305323152	0	0	87d49a415781205d2308f13967de
user10	1138	59	1269305323162	0	0	87d49a415781205d2308f13967de
user10	1118	84	1269305323172	0	0	87d49a415781205d2308f13967de
user10	1094	110	1269305323182	0	0	87d49a415781205d2308f13967de
user10	1068	136	1269305323192	0	0	87d49a415781205d2308f13967de
user10	1042	160	1269305323202	0	0	87d49a415781205d2308f13967de
user10	1014	185	1269305323202	0	0	87d49a415781205d2308f13967de
user10	985	210	1269305323212	0	0	87d49a415781205d2308f13967de
user10	960	232	1269305323222	0	0	87d49a415781205d2308f13967de
user10	932	251	1269305323232	0	0	87d49a415781205d2308f13967de
user10	910	268	1269305323232	0	0	87d49a415781205d2308f13967de
user10	886	281	1269305323242	0	0	87d49a415781205d2308f13967de
user10	866	291	1269305323252	0	0	87d49a415781205d2308f13967de
user10	845	300	1269305323262	0	0	87d49a415781205d2308f13967de
user10	830	308	1269305323272	0	0	87d49a415781205d2308f13967de
user10	813	314	1269305323272	0	0	87d49a415781205d2308f13967de
user10	799	319	1269305323282	0	0	87d49a415781205d2308f13967de
user10	786	322	1269305323292	0	0	87d49a415781205d2308f13967de
user10	774	326	1269305323302	0	0	87d49a415781205d2308f13967de
user10	765	329	1269305323312	0	0	87d49a415781205d2308f13967de
user10	755	330	1269305323312	0	0	87d49a415781205d2308f13967de
user10	746	330	1269305323322	0	0	87d49a415781205d2308f13967de
user10	739	330	1269305323332	0	0	87d49a415781205d2308f13967de
user10	731	330	1269305323342	0	0	87d49a415781205d2308f13967de
user10	724	329	1269305323352	0	0	87d49a415781205d2308f13967de
user10	717	328	1269305323352	0	0	87d49a415781205d2308f13967de
user10	711	326	1269305323362	0	0	87d49a415781205d2308f13967de
user10	706	326	1269305323372	0	0	87d49a415781205d2308f13967de
user10	701	324	1269305323382	0	0	87d49a415781205d2308f13967de
user10	697	323	1269305323392	0	0	87d49a415781205d2308f13967de
user10	695	323	1269305323392	0	0	87d49a415781205d2308f13967de
user10	693	322	1269305323402	0	0	87d49a415781205d2308f13967de
user10	691	322	1269305323412	0	0	87d49a415781205d2308f13967de
user10	691	321	1269305323422	0	0	87d49a415781205d2308f13967de
user10	691	321	1269305323612	1269305323472	1269305323612	87d49a415781205d2308f13967de
user10	692	320	1269305323713	0	0	87d49a415781205d2308f13967de
user10	693	319	1269305323723	0	0	87d49a415781205d2308f13967de
user10	695	318	1269305323733	0	0	87d49a415781205d2308f13967de
user10	696	318	1269305323743	0	0	87d49a415781205d2308f13967de
user10	699	317	1269305323753	0	0	87d49a415781205d2308f13967de
user10	701	316	1269305323753	0	0	87d49a415781205d2308f13967de
user10	705	314	1269305323763	0	0	87d49a415781205d2308f13967de
user10	709	313	1269305323773	0	0	87d49a415781205d2308f13967de
user10	712	311	1269305323783	0	0	87d49a415781205d2308f13967de
user10	716	309	1269305323793	0	0	87d49a415781205d2308f13967de
user10	720	308	1269305323793	0	0	87d49a415781205d2308f13967de
user10	724	305	1269305323803	0	0	87d49a415781205d2308f13967de
user10	728	302	1269305323813	0	0	87d49a415781205d2308f13967de
user10	730	301	1269305323823	0	0	87d49a415781205d2308f13967de
user10	733	298	1269305323833	0	0	87d49a415781205d2308f13967de
user10	736	297	1269305323833	0	0	87d49a415781205d2308f13967de
user10	738	295	1269305323843	0	0	87d49a415781205d2308f13967de
user10	740	293	1269305323853	0	0	87d49a415781205d2308f13967de
user10	742	291	1269305323863	0	0	87d49a415781205d2308f13967de
user10	743	289	1269305323873	0	0	87d49a415781205d2308f13967de
user10	745	288	1269305323873	0	0	87d49a415781205d2308f13967de
user10	745	287	1269305323883	0	0	87d49a415781205d2308f13967de
user10	747	285	1269305323893	0	0	87d49a415781205d2308f13967de
user10	747	284	1269305323913	0	0	87d49a415781205d2308f13967de
user10	749	283	1269305323923	0	0	87d49a415781205d2308f13967de
user10	749	282	1269305323943	0	0	87d49a415781205d2308f13967de
user10	750	282	1269305323953	0	0	87d49a415781205d2308f13967de
user10	750	281	1269305323993	0	0	87d49a415781205d2308f13967de
user10	750	280	1269305324233	0	0	87d49a415781205d2308f13967de
user10	750	280	1269305324373	1269305324263	1269305324373	87d49a415781205d2308f13967de
user10	751	280	1269305324524	0	0	87d49a415781205d2308f13967de
user10	752	280	1269305324544	0	0	87d49a415781205d2308f13967de
user10	754	280	1269305324554	0	0	87d49a415781205d2308f13967de
user10	755	279	1269305324564	0	0	87d49a415781205d2308f13967de
user10	756	279	1269305324574	0	0	87d49a415781205d2308f13967de
user10	758	279	1269305324584	0	0	87d49a415781205d2308f13967de
user10	760	278	1269305324584	0	0	87d49a415781205d2308f13967de
user10	763	277	1269305324594	0	0	87d49a415781205d2308f13967de
user10	764	277	1269305324604	0	0	87d49a415781205d2308f13967de
user10	766	276	1269305324614	0	0	87d49a415781205d2308f13967de
user10	768	276	1269305324624	0	0	87d49a415781205d2308f13967de
user10	771	275	1269305324624	0	0	87d49a415781205d2308f13967de
user10	773	274	1269305324634	0	0	87d49a415781205d2308f13967de
user10	776	273	1269305324644	0	0	87d49a415781205d2308f13967de
user10	779	272	1269305324654	0	0	87d49a415781205d2308f13967de
user10	781	270	1269305324664	0	0	87d49a415781205d2308f13967de
user10	785	269	1269305324664	0	0	87d49a415781205d2308f13967de
user10	789	268	1269305324674	0	0	87d49a415781205d2308f13967de
user10	794	266	1269305324684	0	0	87d49a415781205d2308f13967de
user10	798	263	1269305324694	0	0	87d49a415781205d2308f13967de
user10	803	261	1269305324704	0	0	87d49a415781205d2308f13967de
user10	810	258	1269305324704	0	0	87d49a415781205d2308f13967de
user10	815	255	1269305324714	0	0	87d49a415781205d2308f13967de
user10	820	253	1269305324724	0	0	87d49a415781205d2308f13967de
user10	824	251	1269305324734	0	0	87d49a415781205d2308f13967de
user10	829	248	1269305324744	0	0	87d49a415781205d2308f13967de
user10	833	246	1269305324744	0	0	87d49a415781205d2308f13967de
user10	838	243	1269305324754	0	0	87d49a415781205d2308f13967de
user10	842	241	1269305324764	0	0	87d49a415781205d2308f13967de
user10	847	239	1269305324774	0	0	87d49a415781205d2308f13967de
user10	852	236	1269305324784	0	0	87d49a415781205d2308f13967de
user10	856	233	1269305324784	0	0	87d49a415781205d2308f13967de
user10	861	229	1269305324794	0	0	87d49a415781205d2308f13967de
user10	866	226	1269305324804	0	0	87d49a415781205d2308f13967de
user10	871	223	1269305324814	0	0	87d49a415781205d2308f13967de
user10	874	220	1269305324824	0	0	87d49a415781205d2308f13967de
user10	879	216	1269305324824	0	0	87d49a415781205d2308f13967de
user10	883	213	1269305324834	0	0	87d49a415781205d2308f13967de
user10	886	211	1269305324844	0	0	87d49a415781205d2308f13967de
user10	889	209	1269305324854	0	0	87d49a415781205d2308f13967de
user10	891	208	1269305324864	0	0	87d49a415781205d2308f13967de
user10	892	207	1269305324864	0	0	87d49a415781205d2308f13967de
user10	893	206	1269305324874	0	0	87d49a415781205d2308f13967de
user10	895	204	1269305324884	0	0	87d49a415781205d2308f13967de
user10	896	203	1269305324904	0	0	87d49a415781205d2308f13967de
user10	897	201	1269305324914	0	0	87d49a415781205d2308f13967de
user10	898	201	1269305324924	0	0	87d49a415781205d2308f13967de
user10	899	200	1269305324934	0	0	87d49a415781205d2308f13967de
user10	899	199	1269305324944	0	0	87d49a415781205d2308f13967de
user10	900	198	1269305324944	0	0	87d49a415781205d2308f13967de
user10	901	196	1269305324954	0	0	87d49a415781205d2308f13967de
user10	901	195	1269305324964	0	0	87d49a415781205d2308f13967de
user10	902	193	1269305324984	0	0	87d49a415781205d2308f13967de
user10	903	192	1269305324994	0	0	87d49a415781205d2308f13967de
user10	903	190	1269305325004	0	0	87d49a415781205d2308f13967de
user10	903	189	1269305325014	0	0	87d49a415781205d2308f13967de
user10	903	188	1269305325024	0	0	87d49a415781205d2308f13967de
user10	903	187	1269305325024	0	0	87d49a415781205d2308f13967de
user10	903	186	1269305325034	0	0	87d49a415781205d2308f13967de
user10	903	185	1269305325054	0	0	87d49a415781205d2308f13967de
user10	903	184	1269305325064	0	0	87d49a415781205d2308f13967de
user10	903	183	1269305325074	0	0	87d49a415781205d2308f13967de
user10	903	181	1269305325095	0	0	87d49a415781205d2308f13967de
user10	903	180	1269305325115	0	0	87d49a415781205d2308f13967de
user10	903	179	1269305325155	0	0	87d49a415781205d2308f13967de
user10	903	178	1269305325175	0	0	87d49a415781205d2308f13967de
user10	903	177	1269305325205	0	0	87d49a415781205d2308f13967de
user10	903	176	1269305325225	0	0	87d49a415781205d2308f13967de
user10	903	176	1269305325465	1269305325325	1269305325465	87d49a415781205d2308f13967de
user10	904	176	1269305325745	0	0	87d49a415781205d2308f13967de
user10	906	176	1269305325755	0	0	87d49a415781205d2308f13967de
user10	909	176	1269305325765	0	0	87d49a415781205d2308f13967de
user10	912	175	1269305325775	0	0	87d49a415781205d2308f13967de
user10	914	174	1269305325775	0	0	87d49a415781205d2308f13967de
user10	915	173	1269305325786	0	0	87d49a415781205d2308f13967de
user10	917	170	1269305325796	0	0	87d49a415781205d2308f13967de
user10	917	168	1269305325806	0	0	87d49a415781205d2308f13967de
user10	919	166	1269305325816	0	0	87d49a415781205d2308f13967de
user10	921	163	1269305325816	0	0	87d49a415781205d2308f13967de
user10	923	158	1269305325826	0	0	87d49a415781205d2308f13967de
user10	926	153	1269305325836	0	0	87d49a415781205d2308f13967de
user10	927	149	1269305325846	0	0	87d49a415781205d2308f13967de
user10	928	145	1269305325856	0	0	87d49a415781205d2308f13967de
user10	930	139	1269305325856	0	0	87d49a415781205d2308f13967de
user10	931	136	1269305325866	0	0	87d49a415781205d2308f13967de
user10	932	131	1269305325876	0	0	87d49a415781205d2308f13967de
user10	934	129	1269305325886	0	0	87d49a415781205d2308f13967de
user10	935	126	1269305325896	0	0	87d49a415781205d2308f13967de
user10	936	125	1269305325896	0	0	87d49a415781205d2308f13967de
user10	936	123	1269305325906	0	0	87d49a415781205d2308f13967de
user10	937	121	1269305325926	0	0	87d49a415781205d2308f13967de
user10	937	120	1269305325936	0	0	87d49a415781205d2308f13967de
user10	937	119	1269305325936	0	0	87d49a415781205d2308f13967de
user10	937	118	1269305325946	0	0	87d49a415781205d2308f13967de
user10	937	117	1269305325976	0	0	87d49a415781205d2308f13967de
user10	939	116	1269305332946	0	0	87d49a415781205d2308f13967de
user10	940	116	1269305332956	0	0	87d49a415781205d2308f13967de
user10	942	114	1269305332966	0	0	87d49a415781205d2308f13967de
user10	944	113	1269305332966	0	0	87d49a415781205d2308f13967de
user10	947	113	1269305332976	0	0	87d49a415781205d2308f13967de
user10	949	111	1269305332986	0	0	87d49a415781205d2308f13967de
user10	951	110	1269305332996	0	0	87d49a415781205d2308f13967de
user10	954	110	1269305333006	0	0	87d49a415781205d2308f13967de
user10	954	109	1269305333006	0	0	87d49a415781205d2308f13967de
user10	954	112	1269305334017	0	0	87d49a415781205d2308f13967de
user10	955	116	1269305334027	0	0	87d49a415781205d2308f13967de
user10	957	123	1269305334037	0	0	87d49a415781205d2308f13967de
user10	959	129	1269305334047	0	0	87d49a415781205d2308f13967de
user10	961	135	1269305334047	0	0	87d49a415781205d2308f13967de
user10	965	141	1269305334057	0	0	87d49a415781205d2308f13967de
user10	968	147	1269305334067	0	0	87d49a415781205d2308f13967de
user10	973	153	1269305334077	0	0	87d49a415781205d2308f13967de
user10	977	157	1269305334077	0	0	87d49a415781205d2308f13967de
user10	981	164	1269305334087	0	0	87d49a415781205d2308f13967de
user10	986	170	1269305334097	0	0	87d49a415781205d2308f13967de
user10	992	177	1269305334107	0	0	87d49a415781205d2308f13967de
user10	999	186	1269305334117	0	0	87d49a415781205d2308f13967de
user10	1005	194	1269305334127	0	0	87d49a415781205d2308f13967de
user10	1012	203	1269305334127	0	0	87d49a415781205d2308f13967de
user10	1016	210	1269305334138	0	0	87d49a415781205d2308f13967de
user10	1020	216	1269305334148	0	0	87d49a415781205d2308f13967de
user10	1024	221	1269305334158	0	0	87d49a415781205d2308f13967de
user10	1027	226	1269305334168	0	0	87d49a415781205d2308f13967de
user10	1029	228	1269305334168	0	0	87d49a415781205d2308f13967de
user10	1030	230	1269305334178	0	0	87d49a415781205d2308f13967de
user10	1031	232	1269305334188	0	0	87d49a415781205d2308f13967de
user10	1033	233	1269305334198	0	0	87d49a415781205d2308f13967de
user10	1033	234	1269305334198	0	0	87d49a415781205d2308f13967de
user10	1034	235	1269305334208	0	0	87d49a415781205d2308f13967de
user10	1034	236	1269305334218	0	0	87d49a415781205d2308f13967de
user10	1036	238	1269305334238	0	0	87d49a415781205d2308f13967de
user10	1036	239	1269305334238	0	0	87d49a415781205d2308f13967de
user10	1036	241	1269305334248	0	0	87d49a415781205d2308f13967de
user10	1036	244	1269305334258	0	0	87d49a415781205d2308f13967de
user10	1036	247	1269305334268	0	0	87d49a415781205d2308f13967de
user10	1036	250	1269305334278	0	0	87d49a415781205d2308f13967de
user10	1036	253	1269305334278	0	0	87d49a415781205d2308f13967de
user10	1036	256	1269305334288	0	0	87d49a415781205d2308f13967de
user10	1034	258	1269305334298	0	0	87d49a415781205d2308f13967de
user10	1033	260	1269305334308	0	0	87d49a415781205d2308f13967de
user10	1033	261	1269305334318	0	0	87d49a415781205d2308f13967de
user10	1031	262	1269305334318	0	0	87d49a415781205d2308f13967de
user10	1029	264	1269305334328	0	0	87d49a415781205d2308f13967de
user10	1027	266	1269305334338	0	0	87d49a415781205d2308f13967de
user10	1025	269	1269305334348	0	0	87d49a415781205d2308f13967de
user10	1024	271	1269305334358	0	0	87d49a415781205d2308f13967de
user10	1021	274	1269305334358	0	0	87d49a415781205d2308f13967de
user10	1019	279	1269305334368	0	0	87d49a415781205d2308f13967de
user10	1016	282	1269305334378	0	0	87d49a415781205d2308f13967de
user10	1013	284	1269305334388	0	0	87d49a415781205d2308f13967de
user10	1012	288	1269305334398	0	0	87d49a415781205d2308f13967de
user10	1010	290	1269305334398	0	0	87d49a415781205d2308f13967de
user10	1007	292	1269305334408	0	0	87d49a415781205d2308f13967de
user10	1007	292	1269305334418	0	0	87d49a415781205d2308f13967de
user10	1005	292	1269305334418	0	0	87d49a415781205d2308f13967de
user10	1004	292	1269305334428	0	0	87d49a415781205d2308f13967de
user10	1002	292	1269305334438	0	0	87d49a415781205d2308f13967de
user10	1000	292	1269305334438	0	0	87d49a415781205d2308f13967de
user10	999	292	1269305334448	0	0	87d49a415781205d2308f13967de
user10	998	291	1269305334458	0	0	87d49a415781205d2308f13967de
user10	996	291	1269305334468	0	0	87d49a415781205d2308f13967de
user10	995	291	1269305334478	0	0	87d49a415781205d2308f13967de
user10	994	290	1269305334478	0	0	87d49a415781205d2308f13967de
user10	993	290	1269305334488	0	0	87d49a415781205d2308f13967de
user10	991	289	1269305334508	0	0	87d49a415781205d2308f13967de
user10	990	288	1269305334518	0	0	87d49a415781205d2308f13967de
user10	988	287	1269305334528	0	0	87d49a415781205d2308f13967de
user10	987	287	1269305334538	0	0	87d49a415781205d2308f13967de
user10	986	286	1269305334548	0	0	87d49a415781205d2308f13967de
user10	985	286	1269305334558	0	0	87d49a415781205d2308f13967de
user10	984	285	1269305334568	0	0	87d49a415781205d2308f13967de
user10	984	285	1269305334909	0	0	87d49a415781205d2308f13967de
user10	984	285	1269305334979	1269305334859	1269305334979	87d49a415781205d2308f13967de
user10	489	49	1269305351052	0	0	87d49a415781205d2308f13967de
user10	489	49	1269305351152	0	0	87d49a415781205d2308f13967de
user10	489	49	1269305351492	0	0	87d49a415781205d2308f13967de
user10	491	51	1269305351763	0	0	87d49a415781205d2308f13967de
user10	493	53	1269305351763	0	0	87d49a415781205d2308f13967de
user10	496	55	1269305351773	0	0	87d49a415781205d2308f13967de
user10	502	59	1269305351783	0	0	87d49a415781205d2308f13967de
user10	507	66	1269305351793	0	0	87d49a415781205d2308f13967de
user10	515	72	1269305351803	0	0	87d49a415781205d2308f13967de
user10	531	85	1269305351813	0	0	87d49a415781205d2308f13967de
user10	538	92	1269305351823	0	0	87d49a415781205d2308f13967de
user10	548	98	1269305351833	0	0	87d49a415781205d2308f13967de
user10	556	105	1269305351843	0	0	87d49a415781205d2308f13967de
user10	565	112	1269305351843	0	0	87d49a415781205d2308f13967de
user10	572	117	1269305351853	0	0	87d49a415781205d2308f13967de
user10	578	123	1269305351863	0	0	87d49a415781205d2308f13967de
user10	584	128	1269305351873	0	0	87d49a415781205d2308f13967de
user10	590	133	1269305351883	0	0	87d49a415781205d2308f13967de
user10	595	138	1269305351883	0	0	87d49a415781205d2308f13967de
user10	599	143	1269305351893	0	0	87d49a415781205d2308f13967de
user10	604	147	1269305351903	0	0	87d49a415781205d2308f13967de
user10	606	151	1269305351913	0	0	87d49a415781205d2308f13967de
user10	609	154	1269305351923	0	0	87d49a415781205d2308f13967de
user10	611	156	1269305351923	0	0	87d49a415781205d2308f13967de
user10	615	159	1269305351933	0	0	87d49a415781205d2308f13967de
user10	616	161	1269305351943	0	0	87d49a415781205d2308f13967de
user10	619	163	1269305351953	0	0	87d49a415781205d2308f13967de
user10	621	166	1269305351963	0	0	87d49a415781205d2308f13967de
user10	622	167	1269305351963	0	0	87d49a415781205d2308f13967de
user10	625	169	1269305351973	0	0	87d49a415781205d2308f13967de
user10	626	169	1269305351983	0	0	87d49a415781205d2308f13967de
user10	627	171	1269305351993	0	0	87d49a415781205d2308f13967de
user10	630	172	1269305352003	0	0	87d49a415781205d2308f13967de
user10	631	173	1269305352003	0	0	87d49a415781205d2308f13967de
user10	633	174	1269305352013	0	0	87d49a415781205d2308f13967de
user10	635	174	1269305352023	0	0	87d49a415781205d2308f13967de
user10	637	174	1269305352033	0	0	87d49a415781205d2308f13967de
user10	639	174	1269305352043	0	0	87d49a415781205d2308f13967de
user10	641	174	1269305352043	0	0	87d49a415781205d2308f13967de
user10	642	174	1269305352053	0	0	87d49a415781205d2308f13967de
user10	645	174	1269305352063	0	0	87d49a415781205d2308f13967de
user10	647	174	1269305352073	0	0	87d49a415781205d2308f13967de
user10	649	173	1269305352083	0	0	87d49a415781205d2308f13967de
user10	651	172	1269305352083	0	0	87d49a415781205d2308f13967de
user10	654	172	1269305352093	0	0	87d49a415781205d2308f13967de
user10	655	172	1269305352103	0	0	87d49a415781205d2308f13967de
user10	658	172	1269305352113	0	0	87d49a415781205d2308f13967de
user10	660	172	1269305352123	0	0	87d49a415781205d2308f13967de
user10	662	172	1269305352123	0	0	87d49a415781205d2308f13967de
user10	664	172	1269305352133	0	0	87d49a415781205d2308f13967de
user10	665	172	1269305352143	0	0	87d49a415781205d2308f13967de
user10	667	172	1269305352153	0	0	87d49a415781205d2308f13967de
user10	669	172	1269305352163	0	0	87d49a415781205d2308f13967de
user10	672	172	1269305352173	0	0	87d49a415781205d2308f13967de
user10	673	172	1269305352203	0	0	87d49a415781205d2308f13967de
user10	675	172	1269305352234	0	0	87d49a415781205d2308f13967de
user10	676	172	1269305352244	0	0	87d49a415781205d2308f13967de
user10	676	171	1269305352264	0	0	87d49a415781205d2308f13967de
user10	677	171	1269305352284	0	0	87d49a415781205d2308f13967de
user10	678	171	1269305352334	0	0	87d49a415781205d2308f13967de
user10	678	171	1269305354557	1269305354387	1269305354557	87d49a415781205d2308f13967de
user10	678	171	1269305356780	0	0	87d49a415781205d2308f13967de
user10	678	171	1269305356880	0	0	87d49a415781205d2308f13967de
user10	678	171	1269305357251	0	0	87d49a415781205d2308f13967de
user10	678	171	1269305357892	1269305357782	1269305357892	87d49a415781205d2308f13967de
user10	678	171	1269305358212	0	0	87d49a415781205d2308f13967de
user10	678	171	1269305358312	0	0	87d49a415781205d2308f13967de
user10	678	171	1269305358683	0	0	87d49a415781205d2308f13967de
user10	678	171	1269305360796	1269305360616	1269305360796	87d49a415781205d2308f13967de
user10	678	171	1269305361106	0	0	87d49a415781205d2308f13967de
user10	678	171	1269305361206	0	0	87d49a415781205d2308f13967de
user10	678	171	1269305361587	0	0	87d49a415781205d2308f13967de
user10	678	171	1269305362689	1269305362538	1269305362689	87d49a415781205d2308f13967de
user10	481	57	1269305368908	0	0	87d49a415781205d2308f13967de
user10	481	57	1269305368998	0	0	87d49a415781205d2308f13967de
user10	481	57	1269305369368	0	0	87d49a415781205d2308f13967de
user10	482	57	1269305369448	0	0	87d49a415781205d2308f13967de
user10	485	57	1269305369448	0	0	87d49a415781205d2308f13967de
user10	489	59	1269305369458	0	0	87d49a415781205d2308f13967de
user10	495	61	1269305369468	0	0	87d49a415781205d2308f13967de
user10	502	63	1269305369478	0	0	87d49a415781205d2308f13967de
user10	511	67	1269305369488	0	0	87d49a415781205d2308f13967de
user10	520	71	1269305369488	0	0	87d49a415781205d2308f13967de
user10	537	79	1269305369508	0	0	87d49a415781205d2308f13967de
user10	545	83	1269305369518	0	0	87d49a415781205d2308f13967de
user10	552	86	1269305369528	0	0	87d49a415781205d2308f13967de
user10	558	90	1269305369528	0	0	87d49a415781205d2308f13967de
user10	567	94	1269305369538	0	0	87d49a415781205d2308f13967de
user10	576	100	1269305369548	0	0	87d49a415781205d2308f13967de
user10	582	104	1269305369558	0	0	87d49a415781205d2308f13967de
user10	589	109	1269305369568	0	0	87d49a415781205d2308f13967de
user10	595	113	1269305369568	0	0	87d49a415781205d2308f13967de
user10	600	118	1269305369578	0	0	87d49a415781205d2308f13967de
user10	606	122	1269305369588	0	0	87d49a415781205d2308f13967de
user10	612	127	1269305369599	0	0	87d49a415781205d2308f13967de
user10	617	130	1269305369609	0	0	87d49a415781205d2308f13967de
user10	620	132	1269305369609	0	0	87d49a415781205d2308f13967de
user10	624	135	1269305369619	0	0	87d49a415781205d2308f13967de
user10	626	137	1269305369629	0	0	87d49a415781205d2308f13967de
user10	628	139	1269305369639	0	0	87d49a415781205d2308f13967de
user10	630	140	1269305369649	0	0	87d49a415781205d2308f13967de
user10	633	142	1269305369649	0	0	87d49a415781205d2308f13967de
user10	634	143	1269305369659	0	0	87d49a415781205d2308f13967de
user10	636	145	1269305369669	0	0	87d49a415781205d2308f13967de
user10	638	146	1269305369679	0	0	87d49a415781205d2308f13967de
user10	639	148	1269305369689	0	0	87d49a415781205d2308f13967de
user10	641	149	1269305369689	0	0	87d49a415781205d2308f13967de
user10	643	150	1269305369699	0	0	87d49a415781205d2308f13967de
user10	644	151	1269305369709	0	0	87d49a415781205d2308f13967de
user10	646	151	1269305369719	0	0	87d49a415781205d2308f13967de
user10	648	152	1269305369729	0	0	87d49a415781205d2308f13967de
user10	649	153	1269305369729	0	0	87d49a415781205d2308f13967de
user10	650	153	1269305369739	0	0	87d49a415781205d2308f13967de
user10	652	154	1269305369749	0	0	87d49a415781205d2308f13967de
user10	653	155	1269305369759	0	0	87d49a415781205d2308f13967de
user10	655	156	1269305369769	0	0	87d49a415781205d2308f13967de
user10	657	157	1269305369769	0	0	87d49a415781205d2308f13967de
user10	658	157	1269305369779	0	0	87d49a415781205d2308f13967de
user10	660	158	1269305369789	0	0	87d49a415781205d2308f13967de
user10	662	159	1269305369799	0	0	87d49a415781205d2308f13967de
user10	663	159	1269305369809	0	0	87d49a415781205d2308f13967de
user10	664	159	1269305369809	0	0	87d49a415781205d2308f13967de
user10	665	160	1269305369819	0	0	87d49a415781205d2308f13967de
user10	666	160	1269305369829	0	0	87d49a415781205d2308f13967de
user10	667	161	1269305369839	0	0	87d49a415781205d2308f13967de
user10	669	162	1269305369849	0	0	87d49a415781205d2308f13967de
user10	670	164	1269305369849	0	0	87d49a415781205d2308f13967de
user10	672	165	1269305369859	0	0	87d49a415781205d2308f13967de
user10	674	166	1269305369869	0	0	87d49a415781205d2308f13967de
user10	675	167	1269305369879	0	0	87d49a415781205d2308f13967de
user10	677	168	1269305369889	0	0	87d49a415781205d2308f13967de
user10	677	169	1269305369889	0	0	87d49a415781205d2308f13967de
user10	678	169	1269305369899	0	0	87d49a415781205d2308f13967de
user10	680	170	1269305369909	0	0	87d49a415781205d2308f13967de
user10	680	170	1269305370139	1269305370039	1269305370139	87d49a415781205d2308f13967de
user10	680	170	1269305371982	0	0	87d49a415781205d2308f13967de
user10	680	170	1269305372072	0	0	87d49a415781205d2308f13967de
user10	680	170	1269305372192	1269305372032	1269305372192	87d49a415781205d2308f13967de
user10	492	55	1269305377340	0	0	87d49a415781205d2308f13967de
user10	492	55	1269305377420	0	0	87d49a415781205d2308f13967de
user10	492	55	1269305377790	0	0	87d49a415781205d2308f13967de
user10	494	55	1269305377830	0	0	87d49a415781205d2308f13967de
user10	495	57	1269305377830	0	0	87d49a415781205d2308f13967de
user10	497	58	1269305377840	0	0	87d49a415781205d2308f13967de
user10	500	61	1269305377850	0	0	87d49a415781205d2308f13967de
user10	503	63	1269305377860	0	0	87d49a415781205d2308f13967de
user10	506	66	1269305377870	0	0	87d49a415781205d2308f13967de
user10	510	69	1269305377870	0	0	87d49a415781205d2308f13967de
user10	513	74	1269305377880	0	0	87d49a415781205d2308f13967de
user10	518	78	1269305377890	0	0	87d49a415781205d2308f13967de
user10	523	83	1269305377900	0	0	87d49a415781205d2308f13967de
user10	528	89	1269305377910	0	0	87d49a415781205d2308f13967de
user10	536	95	1269305377910	0	0	87d49a415781205d2308f13967de
user10	541	101	1269305377920	0	0	87d49a415781205d2308f13967de
user10	548	108	1269305377930	0	0	87d49a415781205d2308f13967de
user10	553	115	1269305377940	0	0	87d49a415781205d2308f13967de
user10	561	123	1269305377951	0	0	87d49a415781205d2308f13967de
user10	567	129	1269305377951	0	0	87d49a415781205d2308f13967de
user10	576	135	1269305377961	0	0	87d49a415781205d2308f13967de
user10	582	140	1269305377971	0	0	87d49a415781205d2308f13967de
user10	588	146	1269305377981	0	0	87d49a415781205d2308f13967de
user10	594	150	1269305377991	0	0	87d49a415781205d2308f13967de
user10	600	152	1269305377991	0	0	87d49a415781205d2308f13967de
user10	605	154	1269305378001	0	0	87d49a415781205d2308f13967de
user10	609	156	1269305378011	0	0	87d49a415781205d2308f13967de
user10	614	158	1269305378021	0	0	87d49a415781205d2308f13967de
user10	617	160	1269305378031	0	0	87d49a415781205d2308f13967de
user10	619	160	1269305378031	0	0	87d49a415781205d2308f13967de
user10	622	161	1269305378041	0	0	87d49a415781205d2308f13967de
user10	624	162	1269305378051	0	0	87d49a415781205d2308f13967de
user10	627	163	1269305378061	0	0	87d49a415781205d2308f13967de
user10	628	163	1269305378071	0	0	87d49a415781205d2308f13967de
user10	630	163	1269305378071	0	0	87d49a415781205d2308f13967de
user10	631	163	1269305378081	0	0	87d49a415781205d2308f13967de
user10	633	163	1269305378091	0	0	87d49a415781205d2308f13967de
user10	635	163	1269305378101	0	0	87d49a415781205d2308f13967de
user10	636	163	1269305378111	0	0	87d49a415781205d2308f13967de
user10	638	162	1269305378111	0	0	87d49a415781205d2308f13967de
user10	640	162	1269305378121	0	0	87d49a415781205d2308f13967de
user10	642	162	1269305378131	0	0	87d49a415781205d2308f13967de
user10	645	162	1269305378141	0	0	87d49a415781205d2308f13967de
user10	646	162	1269305378151	0	0	87d49a415781205d2308f13967de
user10	648	162	1269305378151	0	0	87d49a415781205d2308f13967de
user10	650	162	1269305378161	0	0	87d49a415781205d2308f13967de
user10	652	162	1269305378171	0	0	87d49a415781205d2308f13967de
user10	654	163	1269305378181	0	0	87d49a415781205d2308f13967de
user10	655	163	1269305378191	0	0	87d49a415781205d2308f13967de
user10	657	163	1269305378191	0	0	87d49a415781205d2308f13967de
user10	658	163	1269305378201	0	0	87d49a415781205d2308f13967de
user10	661	163	1269305378211	0	0	87d49a415781205d2308f13967de
user10	662	164	1269305378221	0	0	87d49a415781205d2308f13967de
user10	664	165	1269305378231	0	0	87d49a415781205d2308f13967de
user10	666	165	1269305378231	0	0	87d49a415781205d2308f13967de
user10	668	166	1269305378241	0	0	87d49a415781205d2308f13967de
user10	670	167	1269305378251	0	0	87d49a415781205d2308f13967de
user10	672	168	1269305378261	0	0	87d49a415781205d2308f13967de
user10	674	168	1269305378271	0	0	87d49a415781205d2308f13967de
user10	676	169	1269305378271	0	0	87d49a415781205d2308f13967de
user10	677	170	1269305378281	0	0	87d49a415781205d2308f13967de
user10	678	170	1269305378291	0	0	87d49a415781205d2308f13967de
user10	680	171	1269305378301	0	0	87d49a415781205d2308f13967de
user10	681	171	1269305378311	0	0	87d49a415781205d2308f13967de
user10	682	171	1269305378341	0	0	87d49a415781205d2308f13967de
user10	682	171	1269305378451	1269305378341	1269305378451	87d49a415781205d2308f13967de
user10	683	174	1269305380544	0	0	87d49a415781205d2308f13967de
user10	683	174	1269305380614	0	0	87d49a415781205d2308f13967de
user10	682	175	1269305380614	0	0	87d49a415781205d2308f13967de
user10	681	175	1269305380634	0	0	87d49a415781205d2308f13967de
user10	680	175	1269305380654	0	0	87d49a415781205d2308f13967de
user10	680	175	1269305381015	0	0	87d49a415781205d2308f13967de
user10	680	175	1269305381265	1269305381155	1269305381265	87d49a415781205d2308f13967de
user10	493	58	1269305386002	0	0	87d49a415781205d2308f13967de
user10	493	58	1269305386102	0	0	87d49a415781205d2308f13967de
user10	494	60	1269305386333	0	0	87d49a415781205d2308f13967de
user10	496	63	1269305386333	0	0	87d49a415781205d2308f13967de
user10	500	68	1269305386343	0	0	87d49a415781205d2308f13967de
user10	504	74	1269305386353	0	0	87d49a415781205d2308f13967de
user10	509	80	1269305386363	0	0	87d49a415781205d2308f13967de
user10	515	86	1269305386373	0	0	87d49a415781205d2308f13967de
user10	521	94	1269305386373	0	0	87d49a415781205d2308f13967de
user10	527	100	1269305386383	0	0	87d49a415781205d2308f13967de
user10	533	106	1269305386393	0	0	87d49a415781205d2308f13967de
user10	540	113	1269305386403	0	0	87d49a415781205d2308f13967de
user10	549	120	1269305386413	0	0	87d49a415781205d2308f13967de
user10	557	129	1269305386423	0	0	87d49a415781205d2308f13967de
user10	567	138	1269305386423	0	0	87d49a415781205d2308f13967de
user10	576	144	1269305386433	0	0	87d49a415781205d2308f13967de
user10	583	150	1269305386443	0	0	87d49a415781205d2308f13967de
user10	592	155	1269305386453	0	0	87d49a415781205d2308f13967de
user10	600	160	1269305386453	0	0	87d49a415781205d2308f13967de
user10	600	160	1269305386463	0	0	87d49a415781205d2308f13967de
user10	609	165	1269305386463	0	0	87d49a415781205d2308f13967de
user10	616	168	1269305386473	0	0	87d49a415781205d2308f13967de
user10	622	170	1269305386483	0	0	87d49a415781205d2308f13967de
user10	627	172	1269305386493	0	0	87d49a415781205d2308f13967de
user10	631	173	1269305386493	0	0	87d49a415781205d2308f13967de
user10	635	174	1269305386503	0	0	87d49a415781205d2308f13967de
user10	636	175	1269305386513	0	0	87d49a415781205d2308f13967de
user10	637	175	1269305386523	0	0	87d49a415781205d2308f13967de
user10	638	176	1269305386533	0	0	87d49a415781205d2308f13967de
user10	640	177	1269305386543	0	0	87d49a415781205d2308f13967de
user10	640	178	1269305386613	0	0	87d49a415781205d2308f13967de
user10	641	179	1269305386613	0	0	87d49a415781205d2308f13967de
user10	641	180	1269305386623	0	0	87d49a415781205d2308f13967de
user10	643	181	1269305386633	0	0	87d49a415781205d2308f13967de
user10	644	182	1269305386643	0	0	87d49a415781205d2308f13967de
user10	645	183	1269305386653	0	0	87d49a415781205d2308f13967de
user10	646	185	1269305386653	0	0	87d49a415781205d2308f13967de
user10	648	186	1269305386663	0	0	87d49a415781205d2308f13967de
user10	649	189	1269305386673	0	0	87d49a415781205d2308f13967de
user10	651	192	1269305386683	0	0	87d49a415781205d2308f13967de
user10	652	195	1269305386693	0	0	87d49a415781205d2308f13967de
user10	654	197	1269305386693	0	0	87d49a415781205d2308f13967de
user10	656	200	1269305386703	0	0	87d49a415781205d2308f13967de
user10	659	204	1269305386713	0	0	87d49a415781205d2308f13967de
user10	661	207	1269305386723	0	0	87d49a415781205d2308f13967de
user10	663	209	1269305386733	0	0	87d49a415781205d2308f13967de
user10	664	212	1269305386733	0	0	87d49a415781205d2308f13967de
user10	667	215	1269305386743	0	0	87d49a415781205d2308f13967de
user10	668	216	1269305386753	0	0	87d49a415781205d2308f13967de
user10	670	219	1269305386763	0	0	87d49a415781205d2308f13967de
user10	671	220	1269305386773	0	0	87d49a415781205d2308f13967de
user10	673	221	1269305386773	0	0	87d49a415781205d2308f13967de
user10	674	222	1269305386783	0	0	87d49a415781205d2308f13967de
user10	675	224	1269305386793	0	0	87d49a415781205d2308f13967de
user10	678	225	1269305386803	0	0	87d49a415781205d2308f13967de
user10	679	227	1269305386813	0	0	87d49a415781205d2308f13967de
user10	680	227	1269305386813	0	0	87d49a415781205d2308f13967de
user10	683	228	1269305386823	0	0	87d49a415781205d2308f13967de
user10	684	229	1269305386833	0	0	87d49a415781205d2308f13967de
user10	686	229	1269305386843	0	0	87d49a415781205d2308f13967de
user10	688	229	1269305386853	0	0	87d49a415781205d2308f13967de
user10	690	229	1269305386853	0	0	87d49a415781205d2308f13967de
user10	693	229	1269305386863	0	0	87d49a415781205d2308f13967de
user10	694	228	1269305386883	0	0	87d49a415781205d2308f13967de
user10	695	227	1269305386893	0	0	87d49a415781205d2308f13967de
user10	696	226	1269305386893	0	0	87d49a415781205d2308f13967de
user10	696	225	1269305386903	0	0	87d49a415781205d2308f13967de
user10	696	224	1269305386913	0	0	87d49a415781205d2308f13967de
user10	696	222	1269305386933	0	0	87d49a415781205d2308f13967de
user10	696	221	1269305386933	0	0	87d49a415781205d2308f13967de
user10	697	220	1269305386943	0	0	87d49a415781205d2308f13967de
user10	697	219	1269305386953	0	0	87d49a415781205d2308f13967de
user10	698	218	1269305386963	0	0	87d49a415781205d2308f13967de
user10	698	217	1269305386973	0	0	87d49a415781205d2308f13967de
user10	699	215	1269305386973	0	0	87d49a415781205d2308f13967de
user10	699	214	1269305386984	0	0	87d49a415781205d2308f13967de
user10	699	212	1269305386994	0	0	87d49a415781205d2308f13967de
user10	700	211	1269305387004	0	0	87d49a415781205d2308f13967de
user10	700	209	1269305387014	0	0	87d49a415781205d2308f13967de
user10	701	208	1269305387034	0	0	87d49a415781205d2308f13967de
user10	701	206	1269305387054	0	0	87d49a415781205d2308f13967de
user10	701	205	1269305387064	0	0	87d49a415781205d2308f13967de
user10	701	204	1269305387084	0	0	87d49a415781205d2308f13967de
user10	701	203	1269305387124	0	0	87d49a415781205d2308f13967de
user10	702	203	1269305387154	0	0	87d49a415781205d2308f13967de
user10	702	202	1269305387174	0	0	87d49a415781205d2308f13967de
user10	703	202	1269305387174	0	0	87d49a415781205d2308f13967de
user10	703	201	1269305387214	0	0	87d49a415781205d2308f13967de
user10	705	201	1269305387234	0	0	87d49a415781205d2308f13967de
user10	705	199	1269305387654	0	0	87d49a415781205d2308f13967de
user10	705	198	1269305387695	0	0	87d49a415781205d2308f13967de
user10	705	196	1269305387705	0	0	87d49a415781205d2308f13967de
user10	704	195	1269305387725	0	0	87d49a415781205d2308f13967de
user10	704	194	1269305387895	0	0	87d49a415781205d2308f13967de
user10	703	194	1269305387915	0	0	87d49a415781205d2308f13967de
user10	703	193	1269305387925	0	0	87d49a415781205d2308f13967de
user10	702	192	1269305387935	0	0	87d49a415781205d2308f13967de
user10	701	192	1269305387955	0	0	87d49a415781205d2308f13967de
user10	701	191	1269305387965	0	0	87d49a415781205d2308f13967de
user10	699	190	1269305387975	0	0	87d49a415781205d2308f13967de
user10	698	189	1269305388005	0	0	87d49a415781205d2308f13967de
user10	698	188	1269305388035	0	0	87d49a415781205d2308f13967de
user10	697	187	1269305388055	0	0	87d49a415781205d2308f13967de
user10	635	174	1269305386503	0	0	87d49a415781205d2308f13967de
user10	636	175	1269305386513	0	0	87d49a415781205d2308f13967de
user10	637	175	1269305386523	0	0	87d49a415781205d2308f13967de
user10	638	176	1269305386533	0	0	87d49a415781205d2308f13967de
user10	640	177	1269305386543	0	0	87d49a415781205d2308f13967de
user10	640	178	1269305386613	0	0	87d49a415781205d2308f13967de
user10	641	179	1269305386613	0	0	87d49a415781205d2308f13967de
user10	641	180	1269305386623	0	0	87d49a415781205d2308f13967de
user10	643	181	1269305386633	0	0	87d49a415781205d2308f13967de
user10	644	182	1269305386643	0	0	87d49a415781205d2308f13967de
user10	645	183	1269305386653	0	0	87d49a415781205d2308f13967de
user10	646	185	1269305386653	0	0	87d49a415781205d2308f13967de
user10	648	186	1269305386663	0	0	87d49a415781205d2308f13967de
user10	693	183	1269305388125	0	0	87d49a415781205d2308f13967de
user10	692	182	1269305388135	0	0	87d49a415781205d2308f13967de
user10	691	182	1269305388165	0	0	87d49a415781205d2308f13967de
user10	691	181	1269305388195	0	0	87d49a415781205d2308f13967de
user10	690	181	1269305388205	0	0	87d49a415781205d2308f13967de
user10	689	180	1269305388225	0	0	87d49a415781205d2308f13967de
user10	688	179	1269305388235	0	0	87d49a415781205d2308f13967de
user10	686	178	1269305388255	0	0	87d49a415781205d2308f13967de
user10	685	178	1269305388285	0	0	87d49a415781205d2308f13967de
user10	684	177	1269305388295	0	0	87d49a415781205d2308f13967de
user10	683	176	1269305388315	0	0	87d49a415781205d2308f13967de
user10	682	175	1269305388325	0	0	87d49a415781205d2308f13967de
user10	681	175	1269305388335	0	0	87d49a415781205d2308f13967de
user10	681	174	1269305388345	0	0	87d49a415781205d2308f13967de
user10	680	173	1269305388365	0	0	87d49a415781205d2308f13967de
user10	679	173	1269305388376	0	0	87d49a415781205d2308f13967de
user10	679	172	1269305388386	0	0	87d49a415781205d2308f13967de
user10	678	172	1269305388396	0	0	87d49a415781205d2308f13967de
user10	677	171	1269305388406	0	0	87d49a415781205d2308f13967de
user10	677	170	1269305388406	0	0	87d49a415781205d2308f13967de
user10	676	170	1269305388416	0	0	87d49a415781205d2308f13967de
user10	676	169	1269305388436	0	0	87d49a415781205d2308f13967de
user10	675	169	1269305388446	0	0	87d49a415781205d2308f13967de
user10	675	169	1269305388626	1269305388536	1269305388626	87d49a415781205d2308f13967de
user10	675	169	1269305388656	0	0	87d49a415781205d2308f13967de
user10	675	169	1269305388676	0	0	87d49a415781205d2308f13967de
user10	675	169	1269305389167	0	0	87d49a415781205d2308f13967de
user10	675	169	1269305391430	1269305391260	1269305391430	87d49a415781205d2308f13967de
user10	675	169	1269305391470	0	0	87d49a415781205d2308f13967de
user10	675	169	1269305391951	0	0	87d49a415781205d2308f13967de
user10	675	169	1269305393042	1269305392902	1269305393042	87d49a415781205d2308f13967de
