User	X	Y	MouseTimeStamp	MouseDownTimeStamp	MouseUpTimeStamp	SessionID
user12	1042	287	1272425758761	0	0	27c1b071d13f602184636e66512f
user12	1041	287	1272425758822	0	0	27c1b071d13f602184636e66512f
user12	1041	287	1272425759229	0	0	27c1b071d13f602184636e66512f
user12	1040	287	1272425759262	0	0	27c1b071d13f602184636e66512f
user12	1035	286	1272425759278	0	0	27c1b071d13f602184636e66512f
user12	1024	285	1272425759300	0	0	27c1b071d13f602184636e66512f
user12	1010	283	1272425759311	0	0	27c1b071d13f602184636e66512f
user12	1007	283	1272425759321	0	0	27c1b071d13f602184636e66512f
user12	1000	279	1272425759326	0	0	27c1b071d13f602184636e66512f
user12	992	278	1272425759337	0	0	27c1b071d13f602184636e66512f
user12	986	277	1272425759345	0	0	27c1b071d13f602184636e66512f
user12	980	271	1272425759350	0	0	27c1b071d13f602184636e66512f
user12	970	266	1272425759367	0	0	27c1b071d13f602184636e66512f
user12	964	262	1272425759379	0	0	27c1b071d13f602184636e66512f
user12	961	259	1272425759390	0	0	27c1b071d13f602184636e66512f
user12	957	255	1272425759397	0	0	27c1b071d13f602184636e66512f
user12	956	250	1272425759402	0	0	27c1b071d13f602184636e66512f
user12	952	244	1272425759406	0	0	27c1b071d13f602184636e66512f
user12	951	238	1272425759417	0	0	27c1b071d13f602184636e66512f
user12	947	232	1272425759424	0	0	27c1b071d13f602184636e66512f
user12	943	226	1272425759437	0	0	27c1b071d13f602184636e66512f
user12	943	223	1272425759441	0	0	27c1b071d13f602184636e66512f
user12	942	217	1272425759447	0	0	27c1b071d13f602184636e66512f
user12	939	216	1272425759457	0	0	27c1b071d13f602184636e66512f
user12	935	213	1272425759474	0	0	27c1b071d13f602184636e66512f
user12	935	210	1272425759485	0	0	27c1b071d13f602184636e66512f
user12	934	208	1272425759499	0	0	27c1b071d13f602184636e66512f
user12	934	207	1272425759573	0	0	27c1b071d13f602184636e66512f
user12	934	204	1272425759589	0	0	27c1b071d13f602184636e66512f
user12	934	201	1272425759603	0	0	27c1b071d13f602184636e66512f
user12	934	198	1272425759614	0	0	27c1b071d13f602184636e66512f
user12	934	195	1272425759626	0	0	27c1b071d13f602184636e66512f
user12	934	194	1272425759630	0	0	27c1b071d13f602184636e66512f
user12	934	193	1272425759646	0	0	27c1b071d13f602184636e66512f
user12	933	193	1272425759657	0	0	27c1b071d13f602184636e66512f
user12	933	192	1272425759662	0	0	27c1b071d13f602184636e66512f
user12	933	191	1272425759678	0	0	27c1b071d13f602184636e66512f
user12	933	190	1272425759697	0	0	27c1b071d13f602184636e66512f
user12	933	189	1272425759717	0	0	27c1b071d13f602184636e66512f
user12	933	188	1272425759728	0	0	27c1b071d13f602184636e66512f
user12	933	187	1272425759743	0	0	27c1b071d13f602184636e66512f
user12	933	186	1272425759845	0	0	27c1b071d13f602184636e66512f
user12	932	186	1272425759859	0	0	27c1b071d13f602184636e66512f
user12	932	185	1272425759872	0	0	27c1b071d13f602184636e66512f
user12	932	184	1272425759891	0	0	27c1b071d13f602184636e66512f
user12	932	183	1272425759904	0	0	27c1b071d13f602184636e66512f
user12	932	182	1272425759916	0	0	27c1b071d13f602184636e66512f
user12	932	182	1272425760183	1272425760062	1272425760183	27c1b071d13f602184636e66512f
user12	932	182	1272425760762	0	0	27c1b071d13f602184636e66512f
user12	927	182	1272425764445	0	0	27c1b071d13f602184636e66512f
user12	917	182	1272425764457	0	0	27c1b071d13f602184636e66512f
user12	914	182	1272425764462	0	0	27c1b071d13f602184636e66512f
user12	913	182	1272425764477	0	0	27c1b071d13f602184636e66512f
user12	912	183	1272425764503	0	0	27c1b071d13f602184636e66512f
user12	912	185	1272425764515	0	0	27c1b071d13f602184636e66512f
user12	912	190	1272425764521	0	0	27c1b071d13f602184636e66512f
user12	912	198	1272425764537	0	0	27c1b071d13f602184636e66512f
user12	912	204	1272425764542	0	0	27c1b071d13f602184636e66512f
user12	913	210	1272425764555	0	0	27c1b071d13f602184636e66512f
user12	917	216	1272425764563	0	0	27c1b071d13f602184636e66512f
user12	921	222	1272425764569	0	0	27c1b071d13f602184636e66512f
user12	926	230	1272425764574	0	0	27c1b071d13f602184636e66512f
user12	932	234	1272425764584	0	0	27c1b071d13f602184636e66512f
user12	936	240	1272425764591	0	0	27c1b071d13f602184636e66512f
user12	936	241	1272425764604	0	0	27c1b071d13f602184636e66512f
user12	939	245	1272425764613	0	0	27c1b071d13f602184636e66512f
user12	943	251	1272425764617	0	0	27c1b071d13f602184636e66512f
user12	949	252	1272425764622	0	0	27c1b071d13f602184636e66512f
user12	950	253	1272425764635	0	0	27c1b071d13f602184636e66512f
user12	950	254	1272425764646	0	0	27c1b071d13f602184636e66512f
user12	951	254	1272425764657	0	0	27c1b071d13f602184636e66512f
user12	951	255	1272425764669	0	0	27c1b071d13f602184636e66512f
user12	952	255	1272425764742	0	0	27c1b071d13f602184636e66512f
user12	952	256	1272425764753	0	0	27c1b071d13f602184636e66512f
user12	953	256	1272425764789	0	0	27c1b071d13f602184636e66512f
user12	953	257	1272425764802	0	0	27c1b071d13f602184636e66512f
user12	956	260	1272425764814	0	0	27c1b071d13f602184636e66512f
user12	960	267	1272425764837	0	0	27c1b071d13f602184636e66512f
user12	960	270	1272425764850	0	0	27c1b071d13f602184636e66512f
user12	961	270	1272425764855	0	0	27c1b071d13f602184636e66512f
user12	961	271	1272425764878	0	0	27c1b071d13f602184636e66512f
user12	961	270	1272425764950	0	0	27c1b071d13f602184636e66512f
user12	961	269	1272425764962	0	0	27c1b071d13f602184636e66512f
user12	961	268	1272425764976	0	0	27c1b071d13f602184636e66512f
user12	960	268	1272425764981	0	0	27c1b071d13f602184636e66512f
user12	960	267	1272425764997	0	0	27c1b071d13f602184636e66512f
user12	960	264	1272425765007	0	0	27c1b071d13f602184636e66512f
user12	959	263	1272425765021	0	0	27c1b071d13f602184636e66512f
user12	959	261	1272425765026	0	0	27c1b071d13f602184636e66512f
user12	959	260	1272425765031	0	0	27c1b071d13f602184636e66512f
user12	958	257	1272425765037	0	0	27c1b071d13f602184636e66512f
user12	958	256	1272425765055	0	0	27c1b071d13f602184636e66512f
user12	957	256	1272425765071	0	0	27c1b071d13f602184636e66512f
user12	957	255	1272425765077	0	0	27c1b071d13f602184636e66512f
user12	956	255	1272425765173	0	0	27c1b071d13f602184636e66512f
user12	956	254	1272425765493	0	0	27c1b071d13f602184636e66512f
user12	956	253	1272425765504	0	0	27c1b071d13f602184636e66512f
user12	956	251	1272425765517	0	0	27c1b071d13f602184636e66512f
user12	956	250	1272425765522	0	0	27c1b071d13f602184636e66512f
user12	957	249	1272425765537	0	0	27c1b071d13f602184636e66512f
user12	957	248	1272425765549	0	0	27c1b071d13f602184636e66512f
user12	957	245	1272425765563	0	0	27c1b071d13f602184636e66512f
user12	958	245	1272425765613	0	0	27c1b071d13f602184636e66512f
user12	957	245	1272425765653	0	0	27c1b071d13f602184636e66512f
user12	957	248	1272425765670	0	0	27c1b071d13f602184636e66512f
user12	956	251	1272425765690	0	0	27c1b071d13f602184636e66512f
user12	955	254	1272425765696	0	0	27c1b071d13f602184636e66512f
user12	955	255	1272425765701	0	0	27c1b071d13f602184636e66512f
user12	954	257	1272425765714	0	0	27c1b071d13f602184636e66512f
user12	954	258	1272425765719	0	0	27c1b071d13f602184636e66512f
user12	954	259	1272425765736	0	0	27c1b071d13f602184636e66512f
user12	954	262	1272425765746	0	0	27c1b071d13f602184636e66512f
user12	954	263	1272425765758	0	0	27c1b071d13f602184636e66512f
user12	954	266	1272425765776	0	0	27c1b071d13f602184636e66512f
user12	954	267	1272425765790	0	0	27c1b071d13f602184636e66512f
user12	954	268	1272425765807	0	0	27c1b071d13f602184636e66512f
user12	953	268	1272425765837	0	0	27c1b071d13f602184636e66512f
user12	953	269	1272425765854	0	0	27c1b071d13f602184636e66512f
user12	953	270	1272425765941	0	0	27c1b071d13f602184636e66512f
user12	953	271	1272425765990	0	0	27c1b071d13f602184636e66512f
user12	953	271	1272425766686	1272425766613	1272425766686	27c1b071d13f602184636e66512f
user12	1094	272	1272425771262	0	0	27c1b071d13f602184636e66512f
user12	1091	272	1272425771272	0	0	27c1b071d13f602184636e66512f
user12	1086	272	1272425771290	0	0	27c1b071d13f602184636e66512f
user12	1083	272	1272425771295	0	0	27c1b071d13f602184636e66512f
user12	1075	272	1272425771316	0	0	27c1b071d13f602184636e66512f
user12	1070	272	1272425771320	0	0	27c1b071d13f602184636e66512f
user12	1053	272	1272425771344	0	0	27c1b071d13f602184636e66512f
user12	1043	272	1272425771353	0	0	27c1b071d13f602184636e66512f
user12	1029	272	1272425771358	0	0	27c1b071d13f602184636e66512f
user12	1000	272	1272425771381	0	0	27c1b071d13f602184636e66512f
user12	914	272	1272425771408	0	0	27c1b071d13f602184636e66512f
user12	892	272	1272425771413	0	0	27c1b071d13f602184636e66512f
user12	848	272	1272425771431	0	0	27c1b071d13f602184636e66512f
user12	819	272	1272425771454	0	0	27c1b071d13f602184636e66512f
user12	792	272	1272425771461	0	0	27c1b071d13f602184636e66512f
user12	742	272	1272425771497	0	0	27c1b071d13f602184636e66512f
user12	705	272	1272425771517	0	0	27c1b071d13f602184636e66512f
user12	694	272	1272425771538	0	0	27c1b071d13f602184636e66512f
user12	663	266	1272425771542	0	0	27c1b071d13f602184636e66512f
user12	650	265	1272425771548	0	0	27c1b071d13f602184636e66512f
user12	639	264	1272425771569	0	0	27c1b071d13f602184636e66512f
user12	620	262	1272425771575	0	0	27c1b071d13f602184636e66512f
user12	596	256	1272425771605	0	0	27c1b071d13f602184636e66512f
user12	590	255	1272425771609	0	0	27c1b071d13f602184636e66512f
user12	587	254	1272425771615	0	0	27c1b071d13f602184636e66512f
user12	580	250	1272425771639	0	0	27c1b071d13f602184636e66512f
user12	579	239	1272425771662	0	0	27c1b071d13f602184636e66512f
user12	576	232	1272425771689	0	0	27c1b071d13f602184636e66512f
user12	576	229	1272425771696	0	0	27c1b071d13f602184636e66512f
user12	575	229	1272425771705	0	0	27c1b071d13f602184636e66512f
user12	575	228	1272425771710	0	0	27c1b071d13f602184636e66512f
user12	575	222	1272425771733	0	0	27c1b071d13f602184636e66512f
user12	575	221	1272425771753	0	0	27c1b071d13f602184636e66512f
user12	575	220	1272425771758	0	0	27c1b071d13f602184636e66512f
user12	575	217	1272425771782	0	0	27c1b071d13f602184636e66512f
user12	574	215	1272425771809	0	0	27c1b071d13f602184636e66512f
user12	573	215	1272425771833	0	0	27c1b071d13f602184636e66512f
user12	573	214	1272425771838	0	0	27c1b071d13f602184636e66512f
user12	573	213	1272425771861	0	0	27c1b071d13f602184636e66512f
user12	572	212	1272425771894	0	0	27c1b071d13f602184636e66512f
user12	572	210	1272425771921	0	0	27c1b071d13f602184636e66512f
user12	571	210	1272425771926	0	0	27c1b071d13f602184636e66512f
user12	571	209	1272425771945	0	0	27c1b071d13f602184636e66512f
user12	571	208	1272425771950	0	0	27c1b071d13f602184636e66512f
user12	571	207	1272425771985	0	0	27c1b071d13f602184636e66512f
user12	570	207	1272425771995	0	0	27c1b071d13f602184636e66512f
user12	569	204	1272425772048	0	0	27c1b071d13f602184636e66512f
user12	569	204	1272425772076	0	0	27c1b071d13f602184636e66512f
user12	569	203	1272425772108	0	0	27c1b071d13f602184636e66512f
user12	569	202	1272425772116	0	0	27c1b071d13f602184636e66512f
user12	569	201	1272425772140	0	0	27c1b071d13f602184636e66512f
user12	569	201	1272425772750	1272425772629	1272425772750	27c1b071d13f602184636e66512f
user12	569	201	1272425778415	0	0	27c1b071d13f602184636e66512f
user12	569	201	1272425778440	0	0	27c1b071d13f602184636e66512f
user12	569	201	1272425778446	0	0	27c1b071d13f602184636e66512f
user12	569	201	1272425778451	0	0	27c1b071d13f602184636e66512f
user12	569	201	1272425778456	0	0	27c1b071d13f602184636e66512f
user12	569	201	1272425778553	0	0	27c1b071d13f602184636e66512f
user12	569	201	1272425778559	0	0	27c1b071d13f602184636e66512f
user12	568	201	1272425779532	0	0	27c1b071d13f602184636e66512f
user12	568	202	1272425779552	0	0	27c1b071d13f602184636e66512f
user12	568	203	1272425779559	0	0	27c1b071d13f602184636e66512f
user12	568	207	1272425779591	0	0	27c1b071d13f602184636e66512f
user12	568	210	1272425779602	0	0	27c1b071d13f602184636e66512f
user12	568	211	1272425779608	0	0	27c1b071d13f602184636e66512f
user12	568	213	1272425779615	0	0	27c1b071d13f602184636e66512f
user12	569	217	1272425779638	0	0	27c1b071d13f602184636e66512f
user12	571	220	1272425779646	0	0	27c1b071d13f602184636e66512f
user12	574	223	1272425779671	0	0	27c1b071d13f602184636e66512f
user12	578	225	1272425779679	0	0	27c1b071d13f602184636e66512f
user12	581	228	1272425779684	0	0	27c1b071d13f602184636e66512f
user12	584	229	1272425779705	0	0	27c1b071d13f602184636e66512f
user12	587	229	1272425779711	0	0	27c1b071d13f602184636e66512f
user12	588	229	1272425779733	0	0	27c1b071d13f602184636e66512f
user12	588	228	1272425779836	0	0	27c1b071d13f602184636e66512f
user12	588	227	1272425779857	0	0	27c1b071d13f602184636e66512f
user12	588	226	1272425779892	0	0	27c1b071d13f602184636e66512f
user12	588	226	1272425780189	1272425780084	1272425780189	27c1b071d13f602184636e66512f
user12	763	242	1272425783641	0	0	27c1b071d13f602184636e66512f
user12	763	242	1272425784093	0	0	27c1b071d13f602184636e66512f
user12	763	243	1272425784580	0	0	27c1b071d13f602184636e66512f
user12	757	243	1272425784600	0	0	27c1b071d13f602184636e66512f
user12	746	241	1272425784621	0	0	27c1b071d13f602184636e66512f
user12	735	241	1272425784627	0	0	27c1b071d13f602184636e66512f
user12	722	240	1272425784631	0	0	27c1b071d13f602184636e66512f
user12	676	226	1272425784658	0	0	27c1b071d13f602184636e66512f
user12	650	216	1272425784665	0	0	27c1b071d13f602184636e66512f
user12	630	208	1272425784675	0	0	27c1b071d13f602184636e66512f
user12	609	195	1272425784683	0	0	27c1b071d13f602184636e66512f
user12	588	183	1272425784687	0	0	27c1b071d13f602184636e66512f
user12	554	152	1272425784712	0	0	27c1b071d13f602184636e66512f
user12	541	135	1272425784736	0	0	27c1b071d13f602184636e66512f
user12	533	120	1272425784741	0	0	27c1b071d13f602184636e66512f
user12	531	104	1272425784771	0	0	27c1b071d13f602184636e66512f
user12	530	96	1272425784775	0	0	27c1b071d13f602184636e66512f
user12	529	87	1272425784798	0	0	27c1b071d13f602184636e66512f
user12	529	84	1272425784802	0	0	27c1b071d13f602184636e66512f
user12	529	83	1272425784806	0	0	27c1b071d13f602184636e66512f
user12	528	75	1272425784828	0	0	27c1b071d13f602184636e66512f
user12	524	71	1272425784850	0	0	27c1b071d13f602184636e66512f
user12	523	65	1272425784855	0	0	27c1b071d13f602184636e66512f
user12	513	57	1272425784883	0	0	27c1b071d13f602184636e66512f
user12	512	57	1272425784887	0	0	27c1b071d13f602184636e66512f
user12	509	55	1272425784915	0	0	27c1b071d13f602184636e66512f
user12	508	54	1272425785028	0	0	27c1b071d13f602184636e66512f
user12	507	54	1272425785052	0	0	27c1b071d13f602184636e66512f
user12	506	54	1272425785081	0	0	27c1b071d13f602184636e66512f
user12	506	53	1272425785085	0	0	27c1b071d13f602184636e66512f
user12	504	53	1272425785111	0	0	27c1b071d13f602184636e66512f
user12	504	53	1272425785309	1272425785228	1272425785309	27c1b071d13f602184636e66512f
user12	688	296	1272425786582	0	0	27c1b071d13f602184636e66512f
user12	688	296	1272425787044	0	0	27c1b071d13f602184636e66512f
user12	688	297	1272425789243	0	0	27c1b071d13f602184636e66512f
user12	687	297	1272425789299	0	0	27c1b071d13f602184636e66512f
user12	686	297	1272425791219	0	0	27c1b071d13f602184636e66512f
user12	686	298	1272425791243	0	0	27c1b071d13f602184636e66512f
user12	686	299	1272425791363	0	0	27c1b071d13f602184636e66512f
user12	686	298	1272425791947	0	0	27c1b071d13f602184636e66512f
user12	686	296	1272425791977	0	0	27c1b071d13f602184636e66512f
user12	685	294	1272425791982	0	0	27c1b071d13f602184636e66512f
user12	676	280	1272425792026	0	0	27c1b071d13f602184636e66512f
user12	672	274	1272425792033	0	0	27c1b071d13f602184636e66512f
user12	668	268	1272425792040	0	0	27c1b071d13f602184636e66512f
user12	664	262	1272425792048	0	0	27c1b071d13f602184636e66512f
user12	658	256	1272425792052	0	0	27c1b071d13f602184636e66512f
user12	639	238	1272425792085	0	0	27c1b071d13f602184636e66512f
user12	630	228	1272425792119	0	0	27c1b071d13f602184636e66512f
user12	627	212	1272425792176	0	0	27c1b071d13f602184636e66512f
user12	627	211	1272425792181	0	0	27c1b071d13f602184636e66512f
user12	626	210	1272425792210	0	0	27c1b071d13f602184636e66512f
user12	625	209	1272425792224	0	0	27c1b071d13f602184636e66512f
user12	625	206	1272425792229	0	0	27c1b071d13f602184636e66512f
user12	620	197	1272425792257	0	0	27c1b071d13f602184636e66512f
user12	620	196	1272425792262	0	0	27c1b071d13f602184636e66512f
user12	619	190	1272425792292	0	0	27c1b071d13f602184636e66512f
user12	618	188	1272425792334	0	0	27c1b071d13f602184636e66512f
user12	618	187	1272425792339	0	0	27c1b071d13f602184636e66512f
user12	616	183	1272425792370	0	0	27c1b071d13f602184636e66512f
user12	613	181	1272425792398	0	0	27c1b071d13f602184636e66512f
user12	613	178	1272425792404	0	0	27c1b071d13f602184636e66512f
user12	612	176	1272425792434	0	0	27c1b071d13f602184636e66512f
user12	609	175	1272425792461	0	0	27c1b071d13f602184636e66512f
user12	609	174	1272425792470	0	0	27c1b071d13f602184636e66512f
user12	608	173	1272425792548	0	0	27c1b071d13f602184636e66512f
user12	607	173	1272425792575	0	0	27c1b071d13f602184636e66512f
user12	607	172	1272425792581	0	0	27c1b071d13f602184636e66512f
user12	607	172	1272425792759	1272425792652	1272425792759	27c1b071d13f602184636e66512f
user12	719	233	1272425794520	0	0	27c1b071d13f602184636e66512f
user12	718	233	1272425795531	0	0	27c1b071d13f602184636e66512f
user12	711	231	1272425795563	0	0	27c1b071d13f602184636e66512f
user12	708	230	1272425795576	0	0	27c1b071d13f602184636e66512f
user12	703	229	1272425795612	0	0	27c1b071d13f602184636e66512f
user12	703	229	1272425795766	0	0	27c1b071d13f602184636e66512f
user12	703	230	1272425796995	0	0	27c1b071d13f602184636e66512f
user12	703	231	1272425799851	0	0	27c1b071d13f602184636e66512f
user12	703	232	1272425799876	0	0	27c1b071d13f602184636e66512f
user12	703	234	1272425799898	0	0	27c1b071d13f602184636e66512f
user12	703	235	1272425799917	0	0	27c1b071d13f602184636e66512f
user12	704	236	1272425799938	0	0	27c1b071d13f602184636e66512f
user12	704	238	1272425799959	0	0	27c1b071d13f602184636e66512f
user12	705	238	1272425800006	0	0	27c1b071d13f602184636e66512f
user12	705	239	1272425800019	0	0	27c1b071d13f602184636e66512f
user12	705	240	1272425801211	0	0	27c1b071d13f602184636e66512f
user12	688	254	1272425801239	0	0	27c1b071d13f602184636e66512f
user12	669	272	1272425801244	0	0	27c1b071d13f602184636e66512f
user12	646	296	1272425801253	0	0	27c1b071d13f602184636e66512f
user12	601	341	1272425801261	0	0	27c1b071d13f602184636e66512f
user12	527	444	1272425801284	0	0	27c1b071d13f602184636e66512f
user12	494	498	1272425801292	0	0	27c1b071d13f602184636e66512f
user12	469	550	1272425801298	0	0	27c1b071d13f602184636e66512f
user12	392	597	1272425801691	0	0	27c1b071d13f602184636e66512f
user12	396	589	1272425801703	0	0	27c1b071d13f602184636e66512f
user12	397	581	1272425801710	0	0	27c1b071d13f602184636e66512f
user12	397	559	1272425801738	0	0	27c1b071d13f602184636e66512f
user12	392	553	1272425801747	0	0	27c1b071d13f602184636e66512f
user12	386	547	1272425801753	0	0	27c1b071d13f602184636e66512f
user12	377	538	1272425801758	0	0	27c1b071d13f602184636e66512f
user12	374	537	1272425801764	0	0	27c1b071d13f602184636e66512f
user12	374	536	1272425801851	0	0	27c1b071d13f602184636e66512f
user12	374	535	1272425801873	0	0	27c1b071d13f602184636e66512f
user12	374	534	1272425801879	0	0	27c1b071d13f602184636e66512f
user12	375	532	1272425801884	0	0	27c1b071d13f602184636e66512f
user12	375	531	1272425801919	0	0	27c1b071d13f602184636e66512f
user12	376	531	1272425801947	0	0	27c1b071d13f602184636e66512f
user12	375	522	1272425802206	0	0	27c1b071d13f602184636e66512f
user12	375	521	1272425802219	0	0	27c1b071d13f602184636e66512f
user12	375	520	1272425802225	0	0	27c1b071d13f602184636e66512f
user12	375	518	1272425802230	0	0	27c1b071d13f602184636e66512f
user12	375	517	1272425802237	0	0	27c1b071d13f602184636e66512f
user12	375	516	1272425802263	0	0	27c1b071d13f602184636e66512f
user12	375	514	1272425802296	0	0	27c1b071d13f602184636e66512f
user12	376	514	1272425802302	0	0	27c1b071d13f602184636e66512f
user12	377	511	1272425802329	0	0	27c1b071d13f602184636e66512f
user12	378	510	1272425802334	0	0	27c1b071d13f602184636e66512f
user12	379	507	1272425802358	0	0	27c1b071d13f602184636e66512f
user12	379	508	1272425802467	0	0	27c1b071d13f602184636e66512f
user12	378	511	1272425802493	0	0	27c1b071d13f602184636e66512f
user12	376	520	1272425802524	0	0	27c1b071d13f602184636e66512f
user12	371	542	1272425802529	0	0	27c1b071d13f602184636e66512f
user12	371	555	1272425802534	0	0	27c1b071d13f602184636e66512f
user12	409	599	1272425802766	0	0	27c1b071d13f602184636e66512f
user12	413	593	1272425802775	0	0	27c1b071d13f602184636e66512f
user12	414	585	1272425802780	0	0	27c1b071d13f602184636e66512f
user12	424	563	1272425802820	0	0	27c1b071d13f602184636e66512f
user12	424	564	1272425802915	0	0	27c1b071d13f602184636e66512f
user12	424	567	1272425802936	0	0	27c1b071d13f602184636e66512f
user12	424	568	1272425803089	0	0	27c1b071d13f602184636e66512f
user12	424	569	1272425803189	0	0	27c1b071d13f602184636e66512f
user12	424	568	1272425803347	0	0	27c1b071d13f602184636e66512f
user12	423	567	1272425803366	0	0	27c1b071d13f602184636e66512f
user12	423	566	1272425803391	0	0	27c1b071d13f602184636e66512f
user12	423	563	1272425803396	0	0	27c1b071d13f602184636e66512f
user12	423	557	1272425803422	0	0	27c1b071d13f602184636e66512f
user12	424	551	1272425803428	0	0	27c1b071d13f602184636e66512f
user12	425	540	1272425803450	0	0	27c1b071d13f602184636e66512f
user12	425	528	1272425803476	0	0	27c1b071d13f602184636e66512f
user12	425	527	1272425803539	0	0	27c1b071d13f602184636e66512f
user12	425	526	1272425803558	0	0	27c1b071d13f602184636e66512f
user12	425	525	1272425803563	0	0	27c1b071d13f602184636e66512f
user12	425	522	1272425803584	0	0	27c1b071d13f602184636e66512f
user12	425	519	1272425803606	0	0	27c1b071d13f602184636e66512f
user12	425	518	1272425803630	0	0	27c1b071d13f602184636e66512f
user12	425	517	1272425803637	0	0	27c1b071d13f602184636e66512f
user12	426	512	1272425803658	0	0	27c1b071d13f602184636e66512f
user12	427	509	1272425803663	0	0	27c1b071d13f602184636e66512f
user12	427	503	1272425803672	0	0	27c1b071d13f602184636e66512f
user12	428	498	1272425803678	0	0	27c1b071d13f602184636e66512f
user12	428	495	1272425803683	0	0	27c1b071d13f602184636e66512f
user12	428	487	1272425803706	0	0	27c1b071d13f602184636e66512f
user12	428	483	1272425803719	0	0	27c1b071d13f602184636e66512f
user12	428	480	1272425803726	0	0	27c1b071d13f602184636e66512f
user12	428	479	1272425803746	0	0	27c1b071d13f602184636e66512f
user12	428	475	1272425803771	0	0	27c1b071d13f602184636e66512f
user12	428	474	1272425803795	0	0	27c1b071d13f602184636e66512f
user12	428	473	1272425803891	0	0	27c1b071d13f602184636e66512f
user12	429	469	1272425803926	0	0	27c1b071d13f602184636e66512f
user12	430	469	1272425803934	0	0	27c1b071d13f602184636e66512f
user12	430	466	1272425803942	0	0	27c1b071d13f602184636e66512f
user12	430	463	1272425803963	0	0	27c1b071d13f602184636e66512f
user12	430	462	1272425803969	0	0	27c1b071d13f602184636e66512f
user12	430	461	1272425804011	0	0	27c1b071d13f602184636e66512f
user12	430	460	1272425804047	0	0	27c1b071d13f602184636e66512f
user12	430	458	1272425804075	0	0	27c1b071d13f602184636e66512f
user12	430	458	1272425804300	1272425804171	1272425804300	27c1b071d13f602184636e66512f
user12	428	458	1272425804322	0	0	27c1b071d13f602184636e66512f
user12	424	459	1272425804348	0	0	27c1b071d13f602184636e66512f
user12	423	459	1272425804380	0	0	27c1b071d13f602184636e66512f
user12	423	460	1272425804404	0	0	27c1b071d13f602184636e66512f
user12	423	459	1272425820211	0	0	27c1b071d13f602184636e66512f
user12	423	451	1272425820233	0	0	27c1b071d13f602184636e66512f
user12	422	446	1272425820238	0	0	27c1b071d13f602184636e66512f
user12	422	438	1272425820245	0	0	27c1b071d13f602184636e66512f
user12	422	430	1272425820253	0	0	27c1b071d13f602184636e66512f
user12	423	420	1272425820279	0	0	27c1b071d13f602184636e66512f
user12	424	421	1272425820490	0	0	27c1b071d13f602184636e66512f
user12	457	436	1272425820525	0	0	27c1b071d13f602184636e66512f
user12	552	488	1272425820540	0	0	27c1b071d13f602184636e66512f
user12	617	538	1272425820574	0	0	27c1b071d13f602184636e66512f
user12	621	543	1272425820598	0	0	27c1b071d13f602184636e66512f
user12	621	542	1272425820746	0	0	27c1b071d13f602184636e66512f
user12	617	537	1272425820778	0	0	27c1b071d13f602184636e66512f
user12	614	534	1272425820787	0	0	27c1b071d13f602184636e66512f
user12	606	526	1272425820813	0	0	27c1b071d13f602184636e66512f
user12	605	524	1272425820820	0	0	27c1b071d13f602184636e66512f
user12	602	520	1272425820827	0	0	27c1b071d13f602184636e66512f
user12	600	516	1272425820848	0	0	27c1b071d13f602184636e66512f
user12	599	513	1272425820877	0	0	27c1b071d13f602184636e66512f
user12	599	512	1272425820882	0	0	27c1b071d13f602184636e66512f
user12	599	511	1272425820930	0	0	27c1b071d13f602184636e66512f
user12	599	510	1272425820952	0	0	27c1b071d13f602184636e66512f
user12	599	509	1272425820959	0	0	27c1b071d13f602184636e66512f
user12	599	508	1272425820986	0	0	27c1b071d13f602184636e66512f
user12	599	507	1272425820990	0	0	27c1b071d13f602184636e66512f
user12	599	506	1272425820995	0	0	27c1b071d13f602184636e66512f
user12	599	502	1272425821028	0	0	27c1b071d13f602184636e66512f
user12	599	499	1272425821038	0	0	27c1b071d13f602184636e66512f
user12	599	494	1272425821045	0	0	27c1b071d13f602184636e66512f
user12	599	491	1272425821051	0	0	27c1b071d13f602184636e66512f
user12	599	486	1272425821084	0	0	27c1b071d13f602184636e66512f
user12	599	485	1272425821112	0	0	27c1b071d13f602184636e66512f
user12	599	484	1272425821118	0	0	27c1b071d13f602184636e66512f
user12	599	483	1272425821124	0	0	27c1b071d13f602184636e66512f
user12	599	482	1272425821151	0	0	27c1b071d13f602184636e66512f
user12	599	482	1272425821420	1272425821330	1272425821420	27c1b071d13f602184636e66512f
user12	737	413	1272425826370	0	0	27c1b071d13f602184636e66512f
user12	737	413	1272425827007	0	0	27c1b071d13f602184636e66512f
user12	736	413	1272425827153	0	0	27c1b071d13f602184636e66512f
user12	735	412	1272425827175	0	0	27c1b071d13f602184636e66512f
user12	731	411	1272425827203	0	0	27c1b071d13f602184636e66512f
user12	729	405	1272425827235	0	0	27c1b071d13f602184636e66512f
user12	713	363	1272425827268	0	0	27c1b071d13f602184636e66512f
user12	711	350	1272425827275	0	0	27c1b071d13f602184636e66512f
user12	710	315	1272425827303	0	0	27c1b071d13f602184636e66512f
user12	709	307	1272425827309	0	0	27c1b071d13f602184636e66512f
user12	709	299	1272425827315	0	0	27c1b071d13f602184636e66512f
user12	708	277	1272425827344	0	0	27c1b071d13f602184636e66512f
user12	708	274	1272425827349	0	0	27c1b071d13f602184636e66512f
user12	707	269	1272425827383	0	0	27c1b071d13f602184636e66512f
user12	707	267	1272425827388	0	0	27c1b071d13f602184636e66512f
user12	707	263	1272425827420	0	0	27c1b071d13f602184636e66512f
user12	706	260	1272425827424	0	0	27c1b071d13f602184636e66512f
user12	706	257	1272425827429	0	0	27c1b071d13f602184636e66512f
user12	704	254	1272425827452	0	0	27c1b071d13f602184636e66512f
user12	704	251	1272425827458	0	0	27c1b071d13f602184636e66512f
user12	697	241	1272425827485	0	0	27c1b071d13f602184636e66512f
user12	693	237	1272425827490	0	0	27c1b071d13f602184636e66512f
user12	679	222	1272425827518	0	0	27c1b071d13f602184636e66512f
user12	675	216	1272425827523	0	0	27c1b071d13f602184636e66512f
user12	661	200	1272425827551	0	0	27c1b071d13f602184636e66512f
user12	653	193	1272425827559	0	0	27c1b071d13f602184636e66512f
user12	649	187	1272425827563	0	0	27c1b071d13f602184636e66512f
user12	645	184	1272425827572	0	0	27c1b071d13f602184636e66512f
user12	623	166	1272425827603	0	0	27c1b071d13f602184636e66512f
user12	616	161	1272425827621	0	0	27c1b071d13f602184636e66512f
user12	613	161	1272425827626	0	0	27c1b071d13f602184636e66512f
user12	607	159	1272425827651	0	0	27c1b071d13f602184636e66512f
user12	602	158	1272425827685	0	0	27c1b071d13f602184636e66512f
user12	600	158	1272425827692	0	0	27c1b071d13f602184636e66512f
user12	600	157	1272425827715	0	0	27c1b071d13f602184636e66512f
user12	598	157	1272425827729	0	0	27c1b071d13f602184636e66512f
user12	597	156	1272425827734	0	0	27c1b071d13f602184636e66512f
user12	597	155	1272425827764	0	0	27c1b071d13f602184636e66512f
user12	597	156	1272425827890	0	0	27c1b071d13f602184636e66512f
user12	596	157	1272425827928	0	0	27c1b071d13f602184636e66512f
user12	596	158	1272425827933	0	0	27c1b071d13f602184636e66512f
user12	595	158	1272425827938	0	0	27c1b071d13f602184636e66512f
user12	595	160	1272425827973	0	0	27c1b071d13f602184636e66512f
user12	595	160	1272425828227	1272425828115	1272425828227	27c1b071d13f602184636e66512f
user12	595	170	1272425829964	0	0	27c1b071d13f602184636e66512f
user12	597	177	1272425830068	0	0	27c1b071d13f602184636e66512f
user12	597	176	1272425830441	0	0	27c1b071d13f602184636e66512f
user12	597	175	1272425830469	0	0	27c1b071d13f602184636e66512f
user12	597	174	1272425830475	0	0	27c1b071d13f602184636e66512f
user12	597	173	1272425830504	0	0	27c1b071d13f602184636e66512f
user12	597	173	1272425830539	0	0	27c1b071d13f602184636e66512f
user12	597	173	1272425833323	1272425833202	1272425833323	27c1b071d13f602184636e66512f
user12	597	173	1272425833832	0	0	27c1b071d13f602184636e66512f
user12	597	173	1272425834314	0	0	27c1b071d13f602184636e66512f
user12	597	172	1272425836537	0	0	27c1b071d13f602184636e66512f
user12	597	165	1272425836573	0	0	27c1b071d13f602184636e66512f
user12	597	160	1272425836586	0	0	27c1b071d13f602184636e66512f
user12	596	151	1272425836611	0	0	27c1b071d13f602184636e66512f
user12	594	133	1272425836645	0	0	27c1b071d13f602184636e66512f
user12	593	130	1272425836651	0	0	27c1b071d13f602184636e66512f
user12	593	122	1272425836681	0	0	27c1b071d13f602184636e66512f
user12	593	121	1272425836685	0	0	27c1b071d13f602184636e66512f
user12	591	111	1272425836716	0	0	27c1b071d13f602184636e66512f
user12	589	104	1272425836748	0	0	27c1b071d13f602184636e66512f
user12	586	95	1272425836787	0	0	27c1b071d13f602184636e66512f
user12	586	94	1272425836794	0	0	27c1b071d13f602184636e66512f
user12	586	92	1272425836798	0	0	27c1b071d13f602184636e66512f
user12	585	87	1272425836827	0	0	27c1b071d13f602184636e66512f
user12	583	86	1272425836855	0	0	27c1b071d13f602184636e66512f
user12	583	85	1272425836859	0	0	27c1b071d13f602184636e66512f
user12	583	84	1272425836937	0	0	27c1b071d13f602184636e66512f
user12	582	80	1272425836962	0	0	27c1b071d13f602184636e66512f
user12	582	79	1272425836991	0	0	27c1b071d13f602184636e66512f
user12	582	76	1272425837028	0	0	27c1b071d13f602184636e66512f
user12	582	74	1272425837032	0	0	27c1b071d13f602184636e66512f
user12	582	63	1272425837062	0	0	27c1b071d13f602184636e66512f
user12	582	57	1272425837087	0	0	27c1b071d13f602184636e66512f
user12	582	54	1272425837095	0	0	27c1b071d13f602184636e66512f
user12	582	51	1272425837100	0	0	27c1b071d13f602184636e66512f
user12	580	46	1272425837152	0	0	27c1b071d13f602184636e66512f
user12	580	46	1272425837402	1272425837305	1272425837402	27c1b071d13f602184636e66512f
