User	X	Y	MouseTimeStamp	MouseDownTimeStamp	MouseUpTimeStamp	SessionID
user11	653	655	1272299861757	0	0	afb2ad2503f89033ae427d3d34d4
user11	443	390	1272299861825	0	0	afb2ad2503f89033ae427d3d34d4
user11	444	390	1272299861865	0	0	afb2ad2503f89033ae427d3d34d4
user11	444	391	1272299861991	0	0	afb2ad2503f89033ae427d3d34d4
user11	443	391	1272299862006	0	0	afb2ad2503f89033ae427d3d34d4
user11	442	391	1272299862062	0	0	afb2ad2503f89033ae427d3d34d4
user11	441	391	1272299862079	0	0	afb2ad2503f89033ae427d3d34d4
user11	442	391	1272299862119	0	0	afb2ad2503f89033ae427d3d34d4
user11	444	390	1272299862126	0	0	afb2ad2503f89033ae427d3d34d4
user11	445	390	1272299862134	0	0	afb2ad2503f89033ae427d3d34d4
user11	448	390	1272299862142	0	0	afb2ad2503f89033ae427d3d34d4
user11	449	389	1272299862150	0	0	afb2ad2503f89033ae427d3d34d4
user11	453	388	1272299862159	0	0	afb2ad2503f89033ae427d3d34d4
user11	455	388	1272299862166	0	0	afb2ad2503f89033ae427d3d34d4
user11	463	387	1272299862174	0	0	afb2ad2503f89033ae427d3d34d4
user11	471	382	1272299862182	0	0	afb2ad2503f89033ae427d3d34d4
user11	476	380	1272299862190	0	0	afb2ad2503f89033ae427d3d34d4
user11	492	373	1272299862198	0	0	afb2ad2503f89033ae427d3d34d4
user11	498	370	1272299862206	0	0	afb2ad2503f89033ae427d3d34d4
user11	516	361	1272299862214	0	0	afb2ad2503f89033ae427d3d34d4
user11	525	357	1272299862222	0	0	afb2ad2503f89033ae427d3d34d4
user11	545	347	1272299862230	0	0	afb2ad2503f89033ae427d3d34d4
user11	554	343	1272299862238	0	0	afb2ad2503f89033ae427d3d34d4
user11	574	331	1272299862247	0	0	afb2ad2503f89033ae427d3d34d4
user11	598	318	1272299862254	0	0	afb2ad2503f89033ae427d3d34d4
user11	605	314	1272299862262	0	0	afb2ad2503f89033ae427d3d34d4
user11	617	305	1272299862270	0	0	afb2ad2503f89033ae427d3d34d4
user11	623	302	1272299862278	0	0	afb2ad2503f89033ae427d3d34d4
user11	630	294	1272299862287	0	0	afb2ad2503f89033ae427d3d34d4
user11	634	293	1272299862294	0	0	afb2ad2503f89033ae427d3d34d4
user11	641	287	1272299862302	0	0	afb2ad2503f89033ae427d3d34d4
user11	646	283	1272299862310	0	0	afb2ad2503f89033ae427d3d34d4
user11	646	282	1272299862470	0	0	afb2ad2503f89033ae427d3d34d4
user11	772	208	1272299862471	0	0	afb2ad2503f89033ae427d3d34d4
user11	778	206	1272299862478	0	0	afb2ad2503f89033ae427d3d34d4
user11	790	201	1272299862486	0	0	afb2ad2503f89033ae427d3d34d4
user11	794	200	1272299862495	0	0	afb2ad2503f89033ae427d3d34d4
user11	805	196	1272299862502	0	0	afb2ad2503f89033ae427d3d34d4
user11	815	193	1272299862510	0	0	afb2ad2503f89033ae427d3d34d4
user11	819	192	1272299862518	0	0	afb2ad2503f89033ae427d3d34d4
user11	827	190	1272299862527	0	0	afb2ad2503f89033ae427d3d34d4
user11	829	190	1272299862535	0	0	afb2ad2503f89033ae427d3d34d4
user11	835	190	1272299862542	0	0	afb2ad2503f89033ae427d3d34d4
user11	837	190	1272299862550	0	0	afb2ad2503f89033ae427d3d34d4
user11	842	191	1272299862560	0	0	afb2ad2503f89033ae427d3d34d4
user11	845	192	1272299862566	0	0	afb2ad2503f89033ae427d3d34d4
user11	851	195	1272299862574	0	0	afb2ad2503f89033ae427d3d34d4
user11	858	198	1272299862582	0	0	afb2ad2503f89033ae427d3d34d4
user11	860	199	1272299862590	0	0	afb2ad2503f89033ae427d3d34d4
user11	864	201	1272299862598	0	0	afb2ad2503f89033ae427d3d34d4
user11	866	202	1272299862606	0	0	afb2ad2503f89033ae427d3d34d4
user11	869	204	1272299862614	0	0	afb2ad2503f89033ae427d3d34d4
user11	872	205	1272299862630	0	0	afb2ad2503f89033ae427d3d34d4
user11	876	205	1272299862638	0	0	afb2ad2503f89033ae427d3d34d4
user11	877	205	1272299862646	0	0	afb2ad2503f89033ae427d3d34d4
user11	882	205	1272299862654	0	0	afb2ad2503f89033ae427d3d34d4
user11	884	204	1272299862663	0	0	afb2ad2503f89033ae427d3d34d4
user11	889	203	1272299862670	0	0	afb2ad2503f89033ae427d3d34d4
user11	890	203	1272299862678	0	0	afb2ad2503f89033ae427d3d34d4
user11	893	202	1272299862686	0	0	afb2ad2503f89033ae427d3d34d4
user11	893	201	1272299862694	0	0	afb2ad2503f89033ae427d3d34d4
user11	894	201	1272299862703	0	0	afb2ad2503f89033ae427d3d34d4
user11	894	200	1272299862710	0	0	afb2ad2503f89033ae427d3d34d4
user11	894	199	1272299862726	0	0	afb2ad2503f89033ae427d3d34d4
user11	894	198	1272299862743	0	0	afb2ad2503f89033ae427d3d34d4
user11	893	196	1272299862758	0	0	afb2ad2503f89033ae427d3d34d4
user11	892	192	1272299862766	0	0	afb2ad2503f89033ae427d3d34d4
user11	892	190	1272299862774	0	0	afb2ad2503f89033ae427d3d34d4
user11	891	186	1272299862782	0	0	afb2ad2503f89033ae427d3d34d4
user11	891	185	1272299862790	0	0	afb2ad2503f89033ae427d3d34d4
user11	890	182	1272299862798	0	0	afb2ad2503f89033ae427d3d34d4
user11	889	181	1272299862806	0	0	afb2ad2503f89033ae427d3d34d4
user11	888	179	1272299862814	0	0	afb2ad2503f89033ae427d3d34d4
user11	888	178	1272299862822	0	0	afb2ad2503f89033ae427d3d34d4
user11	887	177	1272299862830	0	0	afb2ad2503f89033ae427d3d34d4
user11	887	175	1272299862838	0	0	afb2ad2503f89033ae427d3d34d4
user11	887	174	1272299862854	0	0	afb2ad2503f89033ae427d3d34d4
user11	887	173	1272299862871	0	0	afb2ad2503f89033ae427d3d34d4
user11	887	172	1272299862998	0	0	afb2ad2503f89033ae427d3d34d4
user11	887	172	1272299863176	1272299863046	1272299863176	afb2ad2503f89033ae427d3d34d4
user11	887	172	1272299863177	0	0	afb2ad2503f89033ae427d3d34d4
user11	887	172	1272299864578	0	0	afb2ad2503f89033ae427d3d34d4
user11	888	172	1272299865239	0	0	afb2ad2503f89033ae427d3d34d4
user11	890	174	1272299865254	0	0	afb2ad2503f89033ae427d3d34d4
user11	893	178	1272299865262	0	0	afb2ad2503f89033ae427d3d34d4
user11	894	179	1272299865270	0	0	afb2ad2503f89033ae427d3d34d4
user11	894	182	1272299865278	0	0	afb2ad2503f89033ae427d3d34d4
user11	894	183	1272299865287	0	0	afb2ad2503f89033ae427d3d34d4
user11	894	186	1272299865294	0	0	afb2ad2503f89033ae427d3d34d4
user11	907	203	1272299865327	0	0	afb2ad2503f89033ae427d3d34d4
user11	912	210	1272299865334	0	0	afb2ad2503f89033ae427d3d34d4
user11	914	214	1272299865342	0	0	afb2ad2503f89033ae427d3d34d4
user11	916	219	1272299865350	0	0	afb2ad2503f89033ae427d3d34d4
user11	917	221	1272299865358	0	0	afb2ad2503f89033ae427d3d34d4
user11	917	222	1272299865367	0	0	afb2ad2503f89033ae427d3d34d4
user11	916	222	1272299865407	0	0	afb2ad2503f89033ae427d3d34d4
user11	915	221	1272299865414	0	0	afb2ad2503f89033ae427d3d34d4
user11	914	221	1272299865422	0	0	afb2ad2503f89033ae427d3d34d4
user11	914	220	1272299865430	0	0	afb2ad2503f89033ae427d3d34d4
user11	912	219	1272299865438	0	0	afb2ad2503f89033ae427d3d34d4
user11	911	219	1272299865446	0	0	afb2ad2503f89033ae427d3d34d4
user11	911	217	1272299865455	0	0	afb2ad2503f89033ae427d3d34d4
user11	910	217	1272299865462	0	0	afb2ad2503f89033ae427d3d34d4
user11	909	217	1272299865470	0	0	afb2ad2503f89033ae427d3d34d4
user11	909	216	1272299865478	0	0	afb2ad2503f89033ae427d3d34d4
user11	908	216	1272299865495	0	0	afb2ad2503f89033ae427d3d34d4
user11	907	216	1272299865502	0	0	afb2ad2503f89033ae427d3d34d4
user11	906	216	1272299865518	0	0	afb2ad2503f89033ae427d3d34d4
user11	905	216	1272299865535	0	0	afb2ad2503f89033ae427d3d34d4
user11	904	216	1272299865606	0	0	afb2ad2503f89033ae427d3d34d4
user11	904	216	1272299865793	0	0	afb2ad2503f89033ae427d3d34d4
user11	904	216	1272299865935	1272299865790	1272299865935	afb2ad2503f89033ae427d3d34d4
user11	904	216	1272299865936	0	0	afb2ad2503f89033ae427d3d34d4
user11	903	216	1272299865991	0	0	afb2ad2503f89033ae427d3d34d4
user11	904	215	1272299868734	0	0	afb2ad2503f89033ae427d3d34d4
user11	904	209	1272299868743	0	0	afb2ad2503f89033ae427d3d34d4
user11	906	209	1272299868750	0	0	afb2ad2503f89033ae427d3d34d4
user11	911	210	1272299868758	0	0	afb2ad2503f89033ae427d3d34d4
user11	913	212	1272299868766	0	0	afb2ad2503f89033ae427d3d34d4
user11	919	215	1272299868774	0	0	afb2ad2503f89033ae427d3d34d4
user11	925	222	1272299868783	0	0	afb2ad2503f89033ae427d3d34d4
user11	928	225	1272299868790	0	0	afb2ad2503f89033ae427d3d34d4
user11	936	236	1272299868798	0	0	afb2ad2503f89033ae427d3d34d4
user11	940	241	1272299868806	0	0	afb2ad2503f89033ae427d3d34d4
user11	949	253	1272299868814	0	0	afb2ad2503f89033ae427d3d34d4
user11	952	257	1272299868823	0	0	afb2ad2503f89033ae427d3d34d4
user11	962	271	1272299868830	0	0	afb2ad2503f89033ae427d3d34d4
user11	962	271	1272299868832	0	0	afb2ad2503f89033ae427d3d34d4
user11	966	276	1272299868838	0	0	afb2ad2503f89033ae427d3d34d4
user11	976	287	1272299868846	0	0	afb2ad2503f89033ae427d3d34d4
user11	986	295	1272299868854	0	0	afb2ad2503f89033ae427d3d34d4
user11	990	299	1272299868862	0	0	afb2ad2503f89033ae427d3d34d4
user11	1001	304	1272299868871	0	0	afb2ad2503f89033ae427d3d34d4
user11	1004	306	1272299868878	0	0	afb2ad2503f89033ae427d3d34d4
user11	1013	310	1272299868886	0	0	afb2ad2503f89033ae427d3d34d4
user11	1015	312	1272299868894	0	0	afb2ad2503f89033ae427d3d34d4
user11	1019	313	1272299868902	0	0	afb2ad2503f89033ae427d3d34d4
user11	1021	313	1272299868911	0	0	afb2ad2503f89033ae427d3d34d4
user11	1022	313	1272299868926	0	0	afb2ad2503f89033ae427d3d34d4
user11	1023	313	1272299868934	0	0	afb2ad2503f89033ae427d3d34d4
user11	1023	312	1272299868951	0	0	afb2ad2503f89033ae427d3d34d4
user11	1023	310	1272299868958	0	0	afb2ad2503f89033ae427d3d34d4
user11	1023	309	1272299868966	0	0	afb2ad2503f89033ae427d3d34d4
user11	1023	308	1272299868974	0	0	afb2ad2503f89033ae427d3d34d4
user11	1023	304	1272299868982	0	0	afb2ad2503f89033ae427d3d34d4
user11	1023	303	1272299868991	0	0	afb2ad2503f89033ae427d3d34d4
user11	1023	301	1272299868998	0	0	afb2ad2503f89033ae427d3d34d4
user11	1023	300	1272299869006	0	0	afb2ad2503f89033ae427d3d34d4
user11	1022	300	1272299869119	0	0	afb2ad2503f89033ae427d3d34d4
user11	1021	298	1272299869126	0	0	afb2ad2503f89033ae427d3d34d4
user11	1019	298	1272299869134	0	0	afb2ad2503f89033ae427d3d34d4
user11	1013	293	1272299869142	0	0	afb2ad2503f89033ae427d3d34d4
user11	1010	291	1272299869150	0	0	afb2ad2503f89033ae427d3d34d4
user11	1005	288	1272299869159	0	0	afb2ad2503f89033ae427d3d34d4
user11	999	286	1272299869166	0	0	afb2ad2503f89033ae427d3d34d4
user11	997	285	1272299869174	0	0	afb2ad2503f89033ae427d3d34d4
user11	994	283	1272299869182	0	0	afb2ad2503f89033ae427d3d34d4
user11	993	283	1272299869190	0	0	afb2ad2503f89033ae427d3d34d4
user11	991	282	1272299869199	0	0	afb2ad2503f89033ae427d3d34d4
user11	989	282	1272299869206	0	0	afb2ad2503f89033ae427d3d34d4
user11	986	281	1272299869214	0	0	afb2ad2503f89033ae427d3d34d4
user11	985	281	1272299869222	0	0	afb2ad2503f89033ae427d3d34d4
user11	982	281	1272299869230	0	0	afb2ad2503f89033ae427d3d34d4
user11	979	281	1272299869239	0	0	afb2ad2503f89033ae427d3d34d4
user11	978	280	1272299869247	0	0	afb2ad2503f89033ae427d3d34d4
user11	977	279	1272299869254	0	0	afb2ad2503f89033ae427d3d34d4
user11	976	278	1272299869262	0	0	afb2ad2503f89033ae427d3d34d4
user11	975	275	1272299869270	0	0	afb2ad2503f89033ae427d3d34d4
user11	975	274	1272299869278	0	0	afb2ad2503f89033ae427d3d34d4
user11	975	271	1272299869287	0	0	afb2ad2503f89033ae427d3d34d4
user11	975	270	1272299869294	0	0	afb2ad2503f89033ae427d3d34d4
user11	975	268	1272299869302	0	0	afb2ad2503f89033ae427d3d34d4
user11	975	267	1272299869310	0	0	afb2ad2503f89033ae427d3d34d4
user11	975	268	1272299869484	0	0	afb2ad2503f89033ae427d3d34d4
user11	974	270	1272299869492	0	0	afb2ad2503f89033ae427d3d34d4
user11	974	273	1272299869507	0	0	afb2ad2503f89033ae427d3d34d4
user11	974	275	1272299869524	0	0	afb2ad2503f89033ae427d3d34d4
user11	974	276	1272299869539	0	0	afb2ad2503f89033ae427d3d34d4
user11	974	276	1272299869941	1272299869788	1272299869941	afb2ad2503f89033ae427d3d34d4
user11	827	250	1272299875513	0	0	afb2ad2503f89033ae427d3d34d4
user11	827	244	1272299875526	0	0	afb2ad2503f89033ae427d3d34d4
user11	827	237	1272299875570	0	0	afb2ad2503f89033ae427d3d34d4
user11	827	230	1272299875583	0	0	afb2ad2503f89033ae427d3d34d4
user11	827	223	1272299875604	0	0	afb2ad2503f89033ae427d3d34d4
user11	827	220	1272299875624	0	0	afb2ad2503f89033ae427d3d34d4
user11	827	220	1272299875754	0	0	afb2ad2503f89033ae427d3d34d4
user11	826	220	1272299876100	0	0	afb2ad2503f89033ae427d3d34d4
user11	825	220	1272299876108	0	0	afb2ad2503f89033ae427d3d34d4
user11	824	220	1272299876123	0	0	afb2ad2503f89033ae427d3d34d4
user11	822	220	1272299876131	0	0	afb2ad2503f89033ae427d3d34d4
user11	821	220	1272299876140	0	0	afb2ad2503f89033ae427d3d34d4
user11	818	220	1272299876148	0	0	afb2ad2503f89033ae427d3d34d4
user11	815	220	1272299876157	0	0	afb2ad2503f89033ae427d3d34d4
user11	808	220	1272299876163	0	0	afb2ad2503f89033ae427d3d34d4
user11	804	220	1272299876171	0	0	afb2ad2503f89033ae427d3d34d4
user11	783	222	1272299876180	0	0	afb2ad2503f89033ae427d3d34d4
user11	772	223	1272299876188	0	0	afb2ad2503f89033ae427d3d34d4
user11	738	225	1272299876196	0	0	afb2ad2503f89033ae427d3d34d4
user11	692	225	1272299876204	0	0	afb2ad2503f89033ae427d3d34d4
user11	677	225	1272299876211	0	0	afb2ad2503f89033ae427d3d34d4
user11	677	225	1272299876213	0	0	afb2ad2503f89033ae427d3d34d4
user11	635	225	1272299876220	0	0	afb2ad2503f89033ae427d3d34d4
user11	621	225	1272299876228	0	0	afb2ad2503f89033ae427d3d34d4
user11	584	223	1272299876236	0	0	afb2ad2503f89033ae427d3d34d4
user11	571	222	1272299876244	0	0	afb2ad2503f89033ae427d3d34d4
user11	540	217	1272299876251	0	0	afb2ad2503f89033ae427d3d34d4
user11	529	215	1272299876260	0	0	afb2ad2503f89033ae427d3d34d4
user11	506	211	1272299876268	0	0	afb2ad2503f89033ae427d3d34d4
user11	495	209	1272299876276	0	0	afb2ad2503f89033ae427d3d34d4
user11	492	209	1272299876284	0	0	afb2ad2503f89033ae427d3d34d4
user11	488	208	1272299876291	0	0	afb2ad2503f89033ae427d3d34d4
user11	487	208	1272299876299	0	0	afb2ad2503f89033ae427d3d34d4
user11	486	207	1272299876308	0	0	afb2ad2503f89033ae427d3d34d4
user11	486	208	1272299876348	0	0	afb2ad2503f89033ae427d3d34d4
user11	485	209	1272299876364	0	0	afb2ad2503f89033ae427d3d34d4
user11	484	209	1272299876379	0	0	afb2ad2503f89033ae427d3d34d4
user11	483	209	1272299876396	0	0	afb2ad2503f89033ae427d3d34d4
user11	481	209	1272299876404	0	0	afb2ad2503f89033ae427d3d34d4
user11	480	209	1272299876412	0	0	afb2ad2503f89033ae427d3d34d4
user11	476	209	1272299876419	0	0	afb2ad2503f89033ae427d3d34d4
user11	474	210	1272299876428	0	0	afb2ad2503f89033ae427d3d34d4
user11	466	211	1272299876436	0	0	afb2ad2503f89033ae427d3d34d4
user11	464	212	1272299876444	0	0	afb2ad2503f89033ae427d3d34d4
user11	456	213	1272299876452	0	0	afb2ad2503f89033ae427d3d34d4
user11	449	214	1272299876459	0	0	afb2ad2503f89033ae427d3d34d4
user11	447	214	1272299876468	0	0	afb2ad2503f89033ae427d3d34d4
user11	441	214	1272299876476	0	0	afb2ad2503f89033ae427d3d34d4
user11	439	214	1272299876484	0	0	afb2ad2503f89033ae427d3d34d4
user11	433	214	1272299876492	0	0	afb2ad2503f89033ae427d3d34d4
user11	432	214	1272299876499	0	0	afb2ad2503f89033ae427d3d34d4
user11	427	213	1272299876508	0	0	afb2ad2503f89033ae427d3d34d4
user11	425	212	1272299876516	0	0	afb2ad2503f89033ae427d3d34d4
user11	421	211	1272299876524	0	0	afb2ad2503f89033ae427d3d34d4
user11	416	208	1272299876532	0	0	afb2ad2503f89033ae427d3d34d4
user11	415	208	1272299876539	0	0	afb2ad2503f89033ae427d3d34d4
user11	412	205	1272299876548	0	0	afb2ad2503f89033ae427d3d34d4
user11	410	202	1272299876564	0	0	afb2ad2503f89033ae427d3d34d4
user11	409	201	1272299876572	0	0	afb2ad2503f89033ae427d3d34d4
user11	408	200	1272299876580	0	0	afb2ad2503f89033ae427d3d34d4
user11	407	199	1272299876587	0	0	afb2ad2503f89033ae427d3d34d4
user11	406	198	1272299876596	0	0	afb2ad2503f89033ae427d3d34d4
user11	406	197	1272299876604	0	0	afb2ad2503f89033ae427d3d34d4
user11	406	196	1272299876835	0	0	afb2ad2503f89033ae427d3d34d4
user11	406	195	1272299876868	0	0	afb2ad2503f89033ae427d3d34d4
user11	406	194	1272299876883	0	0	afb2ad2503f89033ae427d3d34d4
user11	406	193	1272299876892	0	0	afb2ad2503f89033ae427d3d34d4
user11	406	192	1272299876908	0	0	afb2ad2503f89033ae427d3d34d4
user11	406	192	1272299877181	1272299877020	1272299877181	afb2ad2503f89033ae427d3d34d4
user11	406	192	1272299877182	0	0	afb2ad2503f89033ae427d3d34d4
user11	407	192	1272299877372	0	0	afb2ad2503f89033ae427d3d34d4
user11	408	192	1272299877388	0	0	afb2ad2503f89033ae427d3d34d4
user11	409	192	1272299877484	0	0	afb2ad2503f89033ae427d3d34d4
user11	410	192	1272299877499	0	0	afb2ad2503f89033ae427d3d34d4
user11	411	192	1272299877507	0	0	afb2ad2503f89033ae427d3d34d4
user11	411	199	1272299942831	0	0	afb2ad2503f89033ae427d3d34d4
user11	411	211	1272299942883	0	0	afb2ad2503f89033ae427d3d34d4
user11	411	220	1272299942914	0	0	afb2ad2503f89033ae427d3d34d4
user11	411	228	1272299943310	0	0	afb2ad2503f89033ae427d3d34d4
user11	413	230	1272299945254	0	0	afb2ad2503f89033ae427d3d34d4
user11	410	229	1272299945262	0	0	afb2ad2503f89033ae427d3d34d4
user11	407	227	1272299945270	0	0	afb2ad2503f89033ae427d3d34d4
user11	401	223	1272299945279	0	0	afb2ad2503f89033ae427d3d34d4
user11	400	222	1272299945287	0	0	afb2ad2503f89033ae427d3d34d4
user11	400	220	1272299945294	0	0	afb2ad2503f89033ae427d3d34d4
user11	401	220	1272299945302	0	0	afb2ad2503f89033ae427d3d34d4
user11	406	218	1272299945310	0	0	afb2ad2503f89033ae427d3d34d4
user11	410	217	1272299945318	0	0	afb2ad2503f89033ae427d3d34d4
user11	424	217	1272299945327	0	0	afb2ad2503f89033ae427d3d34d4
user11	430	217	1272299945334	0	0	afb2ad2503f89033ae427d3d34d4
user11	450	217	1272299945342	0	0	afb2ad2503f89033ae427d3d34d4
user11	471	219	1272299945350	0	0	afb2ad2503f89033ae427d3d34d4
user11	478	221	1272299945358	0	0	afb2ad2503f89033ae427d3d34d4
user11	493	224	1272299945367	0	0	afb2ad2503f89033ae427d3d34d4
user11	499	224	1272299945374	0	0	afb2ad2503f89033ae427d3d34d4
user11	508	228	1272299945382	0	0	afb2ad2503f89033ae427d3d34d4
user11	510	228	1272299945390	0	0	afb2ad2503f89033ae427d3d34d4
user11	516	230	1272299945398	0	0	afb2ad2503f89033ae427d3d34d4
user11	520	230	1272299945407	0	0	afb2ad2503f89033ae427d3d34d4
user11	523	230	1272299945422	0	0	afb2ad2503f89033ae427d3d34d4
user11	524	230	1272299945430	0	0	afb2ad2503f89033ae427d3d34d4
user11	527	229	1272299945438	0	0	afb2ad2503f89033ae427d3d34d4
user11	529	228	1272299945447	0	0	afb2ad2503f89033ae427d3d34d4
user11	537	224	1272299945455	0	0	afb2ad2503f89033ae427d3d34d4
user11	540	224	1272299945462	0	0	afb2ad2503f89033ae427d3d34d4
user11	552	221	1272299945470	0	0	afb2ad2503f89033ae427d3d34d4
user11	563	219	1272299945479	0	0	afb2ad2503f89033ae427d3d34d4
user11	566	219	1272299945487	0	0	afb2ad2503f89033ae427d3d34d4
user11	572	219	1272299945495	0	0	afb2ad2503f89033ae427d3d34d4
user11	573	219	1272299945502	0	0	afb2ad2503f89033ae427d3d34d4
user11	576	219	1272299945510	0	0	afb2ad2503f89033ae427d3d34d4
user11	577	219	1272299945518	0	0	afb2ad2503f89033ae427d3d34d4
user11	578	219	1272299945542	0	0	afb2ad2503f89033ae427d3d34d4
user11	579	219	1272299945550	0	0	afb2ad2503f89033ae427d3d34d4
user11	581	219	1272299945567	0	0	afb2ad2503f89033ae427d3d34d4
user11	583	219	1272299945575	0	0	afb2ad2503f89033ae427d3d34d4
user11	585	219	1272299945582	0	0	afb2ad2503f89033ae427d3d34d4
user11	586	219	1272299945590	0	0	afb2ad2503f89033ae427d3d34d4
user11	590	219	1272299945598	0	0	afb2ad2503f89033ae427d3d34d4
user11	596	218	1272299945606	0	0	afb2ad2503f89033ae427d3d34d4
user11	599	218	1272299945615	0	0	afb2ad2503f89033ae427d3d34d4
user11	605	217	1272299945623	0	0	afb2ad2503f89033ae427d3d34d4
user11	608	216	1272299945630	0	0	afb2ad2503f89033ae427d3d34d4
user11	613	216	1272299945638	0	0	afb2ad2503f89033ae427d3d34d4
user11	616	216	1272299945646	0	0	afb2ad2503f89033ae427d3d34d4
user11	619	216	1272299945655	0	0	afb2ad2503f89033ae427d3d34d4
user11	620	216	1272299945663	0	0	afb2ad2503f89033ae427d3d34d4
user11	621	216	1272299945678	0	0	afb2ad2503f89033ae427d3d34d4
user11	622	215	1272299945686	0	0	afb2ad2503f89033ae427d3d34d4
user11	622	214	1272299945695	0	0	afb2ad2503f89033ae427d3d34d4
user11	621	214	1272299945718	0	0	afb2ad2503f89033ae427d3d34d4
user11	620	214	1272299945726	0	0	afb2ad2503f89033ae427d3d34d4
user11	619	214	1272299945734	0	0	afb2ad2503f89033ae427d3d34d4
user11	618	214	1272299945743	0	0	afb2ad2503f89033ae427d3d34d4
user11	614	215	1272299945750	0	0	afb2ad2503f89033ae427d3d34d4
user11	611	216	1272299945758	0	0	afb2ad2503f89033ae427d3d34d4
user11	605	217	1272299945766	0	0	afb2ad2503f89033ae427d3d34d4
user11	601	217	1272299945774	0	0	afb2ad2503f89033ae427d3d34d4
user11	592	217	1272299945783	0	0	afb2ad2503f89033ae427d3d34d4
user11	581	217	1272299945790	0	0	afb2ad2503f89033ae427d3d34d4
user11	576	217	1272299945798	0	0	afb2ad2503f89033ae427d3d34d4
user11	557	214	1272299945806	0	0	afb2ad2503f89033ae427d3d34d4
user11	549	212	1272299945815	0	0	afb2ad2503f89033ae427d3d34d4
user11	527	208	1272299945823	0	0	afb2ad2503f89033ae427d3d34d4
user11	515	206	1272299945831	0	0	afb2ad2503f89033ae427d3d34d4
user11	488	200	1272299945838	0	0	afb2ad2503f89033ae427d3d34d4
user11	477	198	1272299945846	0	0	afb2ad2503f89033ae427d3d34d4
user11	456	194	1272299945854	0	0	afb2ad2503f89033ae427d3d34d4
user11	441	192	1272299945863	0	0	afb2ad2503f89033ae427d3d34d4
user11	435	191	1272299945871	0	0	afb2ad2503f89033ae427d3d34d4
user11	426	188	1272299945878	0	0	afb2ad2503f89033ae427d3d34d4
user11	421	188	1272299945886	0	0	afb2ad2503f89033ae427d3d34d4
user11	415	187	1272299945894	0	0	afb2ad2503f89033ae427d3d34d4
user11	412	187	1272299945903	0	0	afb2ad2503f89033ae427d3d34d4
user11	409	187	1272299945911	0	0	afb2ad2503f89033ae427d3d34d4
user11	408	188	1272299945918	0	0	afb2ad2503f89033ae427d3d34d4
user11	407	188	1272299945926	0	0	afb2ad2503f89033ae427d3d34d4
user11	407	189	1272299945934	0	0	afb2ad2503f89033ae427d3d34d4
user11	407	190	1272299945943	0	0	afb2ad2503f89033ae427d3d34d4
user11	406	191	1272299946039	0	0	afb2ad2503f89033ae427d3d34d4
user11	405	191	1272299946046	0	0	afb2ad2503f89033ae427d3d34d4
user11	405	192	1272299946062	0	0	afb2ad2503f89033ae427d3d34d4
user11	404	192	1272299946071	0	0	afb2ad2503f89033ae427d3d34d4
user11	404	192	1272299946335	1272299946191	1272299946335	afb2ad2503f89033ae427d3d34d4
user11	404	192	1272299946336	0	0	afb2ad2503f89033ae427d3d34d4
user11	403	192	1272299946399	0	0	afb2ad2503f89033ae427d3d34d4
user11	401	192	1272299952151	0	0	afb2ad2503f89033ae427d3d34d4
user11	399	189	1272299952159	0	0	afb2ad2503f89033ae427d3d34d4
user11	407	189	1272299952166	0	0	afb2ad2503f89033ae427d3d34d4
user11	422	191	1272299952175	0	0	afb2ad2503f89033ae427d3d34d4
user11	433	195	1272299952183	0	0	afb2ad2503f89033ae427d3d34d4
user11	436	198	1272299952191	0	0	afb2ad2503f89033ae427d3d34d4
user11	448	202	1272299952199	0	0	afb2ad2503f89033ae427d3d34d4
user11	453	204	1272299952206	0	0	afb2ad2503f89033ae427d3d34d4
user11	463	208	1272299952215	0	0	afb2ad2503f89033ae427d3d34d4
user11	467	209	1272299952223	0	0	afb2ad2503f89033ae427d3d34d4
user11	478	214	1272299952231	0	0	afb2ad2503f89033ae427d3d34d4
user11	484	215	1272299952239	0	0	afb2ad2503f89033ae427d3d34d4
user11	494	216	1272299952247	0	0	afb2ad2503f89033ae427d3d34d4
user11	501	217	1272299952255	0	0	afb2ad2503f89033ae427d3d34d4
user11	503	217	1272299952263	0	0	afb2ad2503f89033ae427d3d34d4
user11	505	217	1272299952271	0	0	afb2ad2503f89033ae427d3d34d4
user11	505	216	1272299952279	0	0	afb2ad2503f89033ae427d3d34d4
user11	505	215	1272299952295	0	0	afb2ad2503f89033ae427d3d34d4
user11	505	214	1272299952319	0	0	afb2ad2503f89033ae427d3d34d4
user11	505	213	1272299952343	0	0	afb2ad2503f89033ae427d3d34d4
user11	506	212	1272299952359	0	0	afb2ad2503f89033ae427d3d34d4
user11	507	212	1272299952374	0	0	afb2ad2503f89033ae427d3d34d4
user11	510	212	1272299952383	0	0	afb2ad2503f89033ae427d3d34d4
user11	512	212	1272299952391	0	0	afb2ad2503f89033ae427d3d34d4
user11	516	212	1272299952399	0	0	afb2ad2503f89033ae427d3d34d4
user11	518	212	1272299952407	0	0	afb2ad2503f89033ae427d3d34d4
user11	523	212	1272299952414	0	0	afb2ad2503f89033ae427d3d34d4
user11	526	213	1272299952423	0	0	afb2ad2503f89033ae427d3d34d4
user11	534	215	1272299952431	0	0	afb2ad2503f89033ae427d3d34d4
user11	544	218	1272299952439	0	0	afb2ad2503f89033ae427d3d34d4
user11	547	220	1272299952447	0	0	afb2ad2503f89033ae427d3d34d4
user11	556	221	1272299952455	0	0	afb2ad2503f89033ae427d3d34d4
user11	559	222	1272299952463	0	0	afb2ad2503f89033ae427d3d34d4
user11	568	223	1272299952471	0	0	afb2ad2503f89033ae427d3d34d4
user11	571	224	1272299952479	0	0	afb2ad2503f89033ae427d3d34d4
user11	582	225	1272299952487	0	0	afb2ad2503f89033ae427d3d34d4
user11	582	225	1272299952490	0	0	afb2ad2503f89033ae427d3d34d4
user11	586	226	1272299952495	0	0	afb2ad2503f89033ae427d3d34d4
user11	596	228	1272299952503	0	0	afb2ad2503f89033ae427d3d34d4
user11	607	230	1272299952511	0	0	afb2ad2503f89033ae427d3d34d4
user11	610	231	1272299952519	0	0	afb2ad2503f89033ae427d3d34d4
user11	621	232	1272299952527	0	0	afb2ad2503f89033ae427d3d34d4
user11	624	232	1272299952535	0	0	afb2ad2503f89033ae427d3d34d4
user11	632	232	1272299952543	0	0	afb2ad2503f89033ae427d3d34d4
user11	636	232	1272299952551	0	0	afb2ad2503f89033ae427d3d34d4
user11	645	230	1272299952559	0	0	afb2ad2503f89033ae427d3d34d4
user11	656	228	1272299952567	0	0	afb2ad2503f89033ae427d3d34d4
user11	660	227	1272299952575	0	0	afb2ad2503f89033ae427d3d34d4
user11	667	224	1272299952582	0	0	afb2ad2503f89033ae427d3d34d4
user11	669	222	1272299952591	0	0	afb2ad2503f89033ae427d3d34d4
user11	673	218	1272299952599	0	0	afb2ad2503f89033ae427d3d34d4
user11	675	217	1272299952607	0	0	afb2ad2503f89033ae427d3d34d4
user11	678	214	1272299952615	0	0	afb2ad2503f89033ae427d3d34d4
user11	679	214	1272299952623	0	0	afb2ad2503f89033ae427d3d34d4
user11	680	212	1272299952631	0	0	afb2ad2503f89033ae427d3d34d4
user11	682	210	1272299952639	0	0	afb2ad2503f89033ae427d3d34d4
user11	682	209	1272299952655	0	0	afb2ad2503f89033ae427d3d34d4
user11	683	209	1272299952663	0	0	afb2ad2503f89033ae427d3d34d4
user11	681	210	1272299952783	0	0	afb2ad2503f89033ae427d3d34d4
user11	680	210	1272299952799	0	0	afb2ad2503f89033ae427d3d34d4
user11	679	211	1272299952807	0	0	afb2ad2503f89033ae427d3d34d4
user11	679	213	1272299952815	0	0	afb2ad2503f89033ae427d3d34d4
user11	677	215	1272299952823	0	0	afb2ad2503f89033ae427d3d34d4
user11	677	216	1272299952831	0	0	afb2ad2503f89033ae427d3d34d4
user11	676	219	1272299952839	0	0	afb2ad2503f89033ae427d3d34d4
user11	675	220	1272299952847	0	0	afb2ad2503f89033ae427d3d34d4
user11	673	223	1272299952855	0	0	afb2ad2503f89033ae427d3d34d4
user11	673	225	1272299952863	0	0	afb2ad2503f89033ae427d3d34d4
user11	669	228	1272299952871	0	0	afb2ad2503f89033ae427d3d34d4
user11	668	229	1272299952879	0	0	afb2ad2503f89033ae427d3d34d4
user11	665	233	1272299952887	0	0	afb2ad2503f89033ae427d3d34d4
user11	661	235	1272299952895	0	0	afb2ad2503f89033ae427d3d34d4
user11	660	236	1272299952903	0	0	afb2ad2503f89033ae427d3d34d4
user11	658	238	1272299952911	0	0	afb2ad2503f89033ae427d3d34d4
user11	656	238	1272299952927	0	0	afb2ad2503f89033ae427d3d34d4
user11	655	238	1272299952943	0	0	afb2ad2503f89033ae427d3d34d4
user11	655	237	1272299952991	0	0	afb2ad2503f89033ae427d3d34d4
user11	656	236	1272299952998	0	0	afb2ad2503f89033ae427d3d34d4
user11	657	235	1272299953015	0	0	afb2ad2503f89033ae427d3d34d4
user11	657	234	1272299953119	0	0	afb2ad2503f89033ae427d3d34d4
user11	657	233	1272299953135	0	0	afb2ad2503f89033ae427d3d34d4
user11	657	232	1272299953151	0	0	afb2ad2503f89033ae427d3d34d4
user11	657	232	1272299953432	1272299953311	1272299953432	afb2ad2503f89033ae427d3d34d4
user11	859	420	1272299958992	0	0	afb2ad2503f89033ae427d3d34d4
user11	857	420	1272299959151	0	0	afb2ad2503f89033ae427d3d34d4
user11	855	419	1272299959159	0	0	afb2ad2503f89033ae427d3d34d4
user11	851	418	1272299959167	0	0	afb2ad2503f89033ae427d3d34d4
user11	847	417	1272299959175	0	0	afb2ad2503f89033ae427d3d34d4
user11	835	415	1272299959183	0	0	afb2ad2503f89033ae427d3d34d4
user11	829	414	1272299959191	0	0	afb2ad2503f89033ae427d3d34d4
user11	816	412	1272299959199	0	0	afb2ad2503f89033ae427d3d34d4
user11	811	411	1272299959206	0	0	afb2ad2503f89033ae427d3d34d4
user11	799	406	1272299959215	0	0	afb2ad2503f89033ae427d3d34d4
user11	787	401	1272299959223	0	0	afb2ad2503f89033ae427d3d34d4
user11	782	398	1272299959231	0	0	afb2ad2503f89033ae427d3d34d4
user11	771	394	1272299959239	0	0	afb2ad2503f89033ae427d3d34d4
user11	766	391	1272299959247	0	0	afb2ad2503f89033ae427d3d34d4
user11	756	385	1272299959255	0	0	afb2ad2503f89033ae427d3d34d4
user11	752	381	1272299959263	0	0	afb2ad2503f89033ae427d3d34d4
user11	743	374	1272299959271	0	0	afb2ad2503f89033ae427d3d34d4
user11	732	366	1272299959279	0	0	afb2ad2503f89033ae427d3d34d4
user11	728	361	1272299959287	0	0	afb2ad2503f89033ae427d3d34d4
user11	716	350	1272299959295	0	0	afb2ad2503f89033ae427d3d34d4
user11	710	344	1272299959303	0	0	afb2ad2503f89033ae427d3d34d4
user11	693	326	1272299959311	0	0	afb2ad2503f89033ae427d3d34d4
user11	687	321	1272299959319	0	0	afb2ad2503f89033ae427d3d34d4
user11	670	300	1272299959327	0	0	afb2ad2503f89033ae427d3d34d4
user11	663	291	1272299959335	0	0	afb2ad2503f89033ae427d3d34d4
user11	644	269	1272299959343	0	0	afb2ad2503f89033ae427d3d34d4
user11	616	231	1272299959347	0	0	afb2ad2503f89033ae427d3d34d4
user11	575	176	1272299959355	0	0	afb2ad2503f89033ae427d3d34d4
user11	543	127	1272299959363	0	0	afb2ad2503f89033ae427d3d34d4
user11	534	112	1272299959371	0	0	afb2ad2503f89033ae427d3d34d4
user11	509	71	1272299959378	0	0	afb2ad2503f89033ae427d3d34d4
user11	490	29	1272299959386	0	0	afb2ad2503f89033ae427d3d34d4
user11	483	18	1272299959394	0	0	afb2ad2503f89033ae427d3d34d4
user11	496	11	1272299959691	0	0	afb2ad2503f89033ae427d3d34d4
user11	499	15	1272299959699	0	0	afb2ad2503f89033ae427d3d34d4
user11	505	22	1272299959706	0	0	afb2ad2503f89033ae427d3d34d4
user11	508	27	1272299959714	0	0	afb2ad2503f89033ae427d3d34d4
user11	508	28	1272299959722	0	0	afb2ad2503f89033ae427d3d34d4
user11	510	30	1272299959731	0	0	afb2ad2503f89033ae427d3d34d4
user11	510	31	1272299959739	0	0	afb2ad2503f89033ae427d3d34d4
user11	510	32	1272299959827	0	0	afb2ad2503f89033ae427d3d34d4
user11	510	33	1272299959859	0	0	afb2ad2503f89033ae427d3d34d4
user11	510	34	1272299959867	0	0	afb2ad2503f89033ae427d3d34d4
user11	510	37	1272299959874	0	0	afb2ad2503f89033ae427d3d34d4
user11	511	38	1272299959882	0	0	afb2ad2503f89033ae427d3d34d4
user11	511	42	1272299959939	0	0	afb2ad2503f89033ae427d3d34d4
user11	511	54	1272299959941	0	0	afb2ad2503f89033ae427d3d34d4
user11	511	55	1272299959947	0	0	afb2ad2503f89033ae427d3d34d4
user11	511	56	1272299959955	0	0	afb2ad2503f89033ae427d3d34d4
user11	510	56	1272299960027	0	0	afb2ad2503f89033ae427d3d34d4
user11	510	55	1272299960082	0	0	afb2ad2503f89033ae427d3d34d4
user11	510	54	1272299960090	0	0	afb2ad2503f89033ae427d3d34d4
user11	509	53	1272299960107	0	0	afb2ad2503f89033ae427d3d34d4
user11	509	52	1272299960115	0	0	afb2ad2503f89033ae427d3d34d4
user11	509	51	1272299960123	0	0	afb2ad2503f89033ae427d3d34d4
user11	508	49	1272299960130	0	0	afb2ad2503f89033ae427d3d34d4
user11	507	49	1272299960138	0	0	afb2ad2503f89033ae427d3d34d4
user11	507	48	1272299960147	0	0	afb2ad2503f89033ae427d3d34d4
user11	507	48	1272299960492	1272299960315	1272299960492	afb2ad2503f89033ae427d3d34d4
user11	717	279	1272299962733	0	0	afb2ad2503f89033ae427d3d34d4
user11	718	279	1272299962853	0	0	afb2ad2503f89033ae427d3d34d4
user11	738	294	1272299962854	0	0	afb2ad2503f89033ae427d3d34d4
user11	739	294	1272299962859	0	0	afb2ad2503f89033ae427d3d34d4
user11	739	295	1272299962867	0	0	afb2ad2503f89033ae427d3d34d4
user11	740	295	1272299962874	0	0	afb2ad2503f89033ae427d3d34d4
user11	740	296	1272299962890	0	0	afb2ad2503f89033ae427d3d34d4
user11	741	297	1272299962907	0	0	afb2ad2503f89033ae427d3d34d4
user11	741	299	1272299962914	0	0	afb2ad2503f89033ae427d3d34d4
user11	741	300	1272299962930	0	0	afb2ad2503f89033ae427d3d34d4
user11	741	302	1272299962939	0	0	afb2ad2503f89033ae427d3d34d4
user11	742	302	1272299962947	0	0	afb2ad2503f89033ae427d3d34d4
user11	742	304	1272299962955	0	0	afb2ad2503f89033ae427d3d34d4
user11	743	306	1272299962962	0	0	afb2ad2503f89033ae427d3d34d4
user11	743	308	1272299962979	0	0	afb2ad2503f89033ae427d3d34d4
user11	741	448	1272299966210	0	0	afb2ad2503f89033ae427d3d34d4
user11	740	448	1272299966227	0	0	afb2ad2503f89033ae427d3d34d4
user11	739	448	1272299966250	0	0	afb2ad2503f89033ae427d3d34d4
user11	738	448	1272299966258	0	0	afb2ad2503f89033ae427d3d34d4
user11	737	448	1272299966266	0	0	afb2ad2503f89033ae427d3d34d4
user11	736	449	1272299966275	0	0	afb2ad2503f89033ae427d3d34d4
user11	735	450	1272299966283	0	0	afb2ad2503f89033ae427d3d34d4
user11	733	452	1272299966290	0	0	afb2ad2503f89033ae427d3d34d4
user11	730	455	1272299966298	0	0	afb2ad2503f89033ae427d3d34d4
user11	728	455	1272299966306	0	0	afb2ad2503f89033ae427d3d34d4
user11	725	458	1272299966315	0	0	afb2ad2503f89033ae427d3d34d4
user11	724	459	1272299966323	0	0	afb2ad2503f89033ae427d3d34d4
user11	720	462	1272299966331	0	0	afb2ad2503f89033ae427d3d34d4
user11	718	465	1272299966338	0	0	afb2ad2503f89033ae427d3d34d4
user11	714	470	1272299966347	0	0	afb2ad2503f89033ae427d3d34d4
user11	709	475	1272299966355	0	0	afb2ad2503f89033ae427d3d34d4
user11	708	477	1272299966363	0	0	afb2ad2503f89033ae427d3d34d4
user11	704	482	1272299966371	0	0	afb2ad2503f89033ae427d3d34d4
user11	703	484	1272299966378	0	0	afb2ad2503f89033ae427d3d34d4
user11	698	489	1272299966386	0	0	afb2ad2503f89033ae427d3d34d4
user11	697	491	1272299966395	0	0	afb2ad2503f89033ae427d3d34d4
user11	692	497	1272299966403	0	0	afb2ad2503f89033ae427d3d34d4
user11	690	499	1272299966411	0	0	afb2ad2503f89033ae427d3d34d4
user11	684	505	1272299966418	0	0	afb2ad2503f89033ae427d3d34d4
user11	680	512	1272299966426	0	0	afb2ad2503f89033ae427d3d34d4
user11	677	515	1272299966434	0	0	afb2ad2503f89033ae427d3d34d4
user11	672	522	1272299966443	0	0	afb2ad2503f89033ae427d3d34d4
user11	670	524	1272299966451	0	0	afb2ad2503f89033ae427d3d34d4
user11	664	533	1272299966458	0	0	afb2ad2503f89033ae427d3d34d4
user11	663	535	1272299966466	0	0	afb2ad2503f89033ae427d3d34d4
user11	657	543	1272299966474	0	0	afb2ad2503f89033ae427d3d34d4
user11	651	551	1272299966483	0	0	afb2ad2503f89033ae427d3d34d4
user11	648	555	1272299966491	0	0	afb2ad2503f89033ae427d3d34d4
user11	643	564	1272299966498	0	0	afb2ad2503f89033ae427d3d34d4
user11	640	568	1272299966506	0	0	afb2ad2503f89033ae427d3d34d4
user11	632	578	1272299966514	0	0	afb2ad2503f89033ae427d3d34d4
user11	629	583	1272299966523	0	0	afb2ad2503f89033ae427d3d34d4
user11	623	593	1272299966531	0	0	afb2ad2503f89033ae427d3d34d4
user11	620	597	1272299966539	0	0	afb2ad2503f89033ae427d3d34d4
user11	613	609	1272299966546	0	0	afb2ad2503f89033ae427d3d34d4
user11	607	621	1272299966555	0	0	afb2ad2503f89033ae427d3d34d4
user11	606	627	1272299966563	0	0	afb2ad2503f89033ae427d3d34d4
user11	597	640	1272299966571	0	0	afb2ad2503f89033ae427d3d34d4
user11	593	646	1272299966579	0	0	afb2ad2503f89033ae427d3d34d4
user11	585	659	1272299966586	0	0	afb2ad2503f89033ae427d3d34d4
user11	582	663	1272299966594	0	0	afb2ad2503f89033ae427d3d34d4
user11	574	677	1272299966603	0	0	afb2ad2503f89033ae427d3d34d4
user11	566	685	1272299966611	0	0	afb2ad2503f89033ae427d3d34d4
user11	563	690	1272299966619	0	0	afb2ad2503f89033ae427d3d34d4
user11	557	699	1272299966626	0	0	afb2ad2503f89033ae427d3d34d4
user11	555	701	1272299966634	0	0	afb2ad2503f89033ae427d3d34d4
user11	550	710	1272299966642	0	0	afb2ad2503f89033ae427d3d34d4
user11	547	713	1272299966651	0	0	afb2ad2503f89033ae427d3d34d4
user11	542	719	1272299966659	0	0	afb2ad2503f89033ae427d3d34d4
user11	540	722	1272299966666	0	0	afb2ad2503f89033ae427d3d34d4
user11	535	729	1272299966674	0	0	afb2ad2503f89033ae427d3d34d4
user11	532	732	1272299966683	0	0	afb2ad2503f89033ae427d3d34d4
user11	532	732	1272299966685	0	0	afb2ad2503f89033ae427d3d34d4
user11	531	734	1272299966691	0	0	afb2ad2503f89033ae427d3d34d4
user11	529	736	1272299966699	0	0	afb2ad2503f89033ae427d3d34d4
user11	528	736	1272299966706	0	0	afb2ad2503f89033ae427d3d34d4
user11	527	737	1272299966714	0	0	afb2ad2503f89033ae427d3d34d4
user11	526	737	1272299966731	0	0	afb2ad2503f89033ae427d3d34d4
user11	525	737	1272299966747	0	0	afb2ad2503f89033ae427d3d34d4
user11	523	737	1272299966754	0	0	afb2ad2503f89033ae427d3d34d4
user11	522	738	1272299966771	0	0	afb2ad2503f89033ae427d3d34d4
user11	521	738	1272299966867	0	0	afb2ad2503f89033ae427d3d34d4
user11	520	738	1272299966874	0	0	afb2ad2503f89033ae427d3d34d4
user11	518	738	1272299966899	0	0	afb2ad2503f89033ae427d3d34d4
user11	517	738	1272299966962	0	0	afb2ad2503f89033ae427d3d34d4
user11	516	738	1272299966987	0	0	afb2ad2503f89033ae427d3d34d4
user11	516	737	1272299967363	0	0	afb2ad2503f89033ae427d3d34d4
user11	517	737	1272299967371	0	0	afb2ad2503f89033ae427d3d34d4
user11	517	736	1272299967378	0	0	afb2ad2503f89033ae427d3d34d4
user11	518	735	1272299967395	0	0	afb2ad2503f89033ae427d3d34d4
user11	518	734	1272299967403	0	0	afb2ad2503f89033ae427d3d34d4
user11	519	733	1272299967411	0	0	afb2ad2503f89033ae427d3d34d4
user11	522	730	1272299967426	0	0	afb2ad2503f89033ae427d3d34d4
user11	523	728	1272299967435	0	0	afb2ad2503f89033ae427d3d34d4
user11	527	723	1272299967443	0	0	afb2ad2503f89033ae427d3d34d4
user11	530	720	1272299967451	0	0	afb2ad2503f89033ae427d3d34d4
user11	538	713	1272299967458	0	0	afb2ad2503f89033ae427d3d34d4
user11	546	705	1272299967466	0	0	afb2ad2503f89033ae427d3d34d4
user11	551	702	1272299967475	0	0	afb2ad2503f89033ae427d3d34d4
user11	558	695	1272299967483	0	0	afb2ad2503f89033ae427d3d34d4
user11	563	693	1272299967491	0	0	afb2ad2503f89033ae427d3d34d4
user11	573	686	1272299967498	0	0	afb2ad2503f89033ae427d3d34d4
user11	578	683	1272299967506	0	0	afb2ad2503f89033ae427d3d34d4
user11	585	678	1272299967514	0	0	afb2ad2503f89033ae427d3d34d4
user11	591	674	1272299967523	0	0	afb2ad2503f89033ae427d3d34d4
user11	593	673	1272299967531	0	0	afb2ad2503f89033ae427d3d34d4
user11	599	668	1272299967539	0	0	afb2ad2503f89033ae427d3d34d4
user11	601	667	1272299967546	0	0	afb2ad2503f89033ae427d3d34d4
user11	607	663	1272299967555	0	0	afb2ad2503f89033ae427d3d34d4
user11	612	662	1272299967563	0	0	afb2ad2503f89033ae427d3d34d4
user11	621	659	1272299967571	0	0	afb2ad2503f89033ae427d3d34d4
user11	624	658	1272299967579	0	0	afb2ad2503f89033ae427d3d34d4
user11	633	657	1272299967586	0	0	afb2ad2503f89033ae427d3d34d4
user11	637	657	1272299967594	0	0	afb2ad2503f89033ae427d3d34d4
user11	637	517	1272299967794	0	0	afb2ad2503f89033ae427d3d34d4
user11	637	517	1272299967883	0	0	afb2ad2503f89033ae427d3d34d4
user11	637	516	1272299968019	0	0	afb2ad2503f89033ae427d3d34d4
user11	637	515	1272299968035	0	0	afb2ad2503f89033ae427d3d34d4
user11	637	513	1272299968050	0	0	afb2ad2503f89033ae427d3d34d4
user11	637	512	1272299968059	0	0	afb2ad2503f89033ae427d3d34d4
user11	637	510	1272299968067	0	0	afb2ad2503f89033ae427d3d34d4
user11	637	508	1272299968075	0	0	afb2ad2503f89033ae427d3d34d4
user11	637	505	1272299968082	0	0	afb2ad2503f89033ae427d3d34d4
user11	637	503	1272299968090	0	0	afb2ad2503f89033ae427d3d34d4
user11	637	498	1272299968099	0	0	afb2ad2503f89033ae427d3d34d4
user11	637	492	1272299968107	0	0	afb2ad2503f89033ae427d3d34d4
user11	636	489	1272299968115	0	0	afb2ad2503f89033ae427d3d34d4
user11	635	481	1272299968123	0	0	afb2ad2503f89033ae427d3d34d4
user11	634	477	1272299968130	0	0	afb2ad2503f89033ae427d3d34d4
user11	633	465	1272299968139	0	0	afb2ad2503f89033ae427d3d34d4
user11	631	460	1272299968147	0	0	afb2ad2503f89033ae427d3d34d4
user11	629	445	1272299968155	0	0	afb2ad2503f89033ae427d3d34d4
user11	628	438	1272299968163	0	0	afb2ad2503f89033ae427d3d34d4
user11	625	421	1272299968170	0	0	afb2ad2503f89033ae427d3d34d4
user11	621	398	1272299968178	0	0	afb2ad2503f89033ae427d3d34d4
user11	619	391	1272299968187	0	0	afb2ad2503f89033ae427d3d34d4
user11	616	368	1272299968195	0	0	afb2ad2503f89033ae427d3d34d4
user11	615	357	1272299968203	0	0	afb2ad2503f89033ae427d3d34d4
user11	612	334	1272299968210	0	0	afb2ad2503f89033ae427d3d34d4
user11	612	324	1272299968218	0	0	afb2ad2503f89033ae427d3d34d4
user11	612	302	1272299968227	0	0	afb2ad2503f89033ae427d3d34d4
user11	615	271	1272299968235	0	0	afb2ad2503f89033ae427d3d34d4
user11	617	261	1272299968243	0	0	afb2ad2503f89033ae427d3d34d4
user11	620	234	1272299968250	0	0	afb2ad2503f89033ae427d3d34d4
user11	621	226	1272299968258	0	0	afb2ad2503f89033ae427d3d34d4
user11	625	205	1272299968266	0	0	afb2ad2503f89033ae427d3d34d4
user11	626	198	1272299968275	0	0	afb2ad2503f89033ae427d3d34d4
user11	630	179	1272299968283	0	0	afb2ad2503f89033ae427d3d34d4
user11	630	173	1272299968290	0	0	afb2ad2503f89033ae427d3d34d4
user11	633	161	1272299968298	0	0	afb2ad2503f89033ae427d3d34d4
user11	634	152	1272299968306	0	0	afb2ad2503f89033ae427d3d34d4
user11	634	149	1272299968315	0	0	afb2ad2503f89033ae427d3d34d4
user11	635	144	1272299968323	0	0	afb2ad2503f89033ae427d3d34d4
user11	636	143	1272299968331	0	0	afb2ad2503f89033ae427d3d34d4
user11	637	142	1272299968338	0	0	afb2ad2503f89033ae427d3d34d4
user11	637	141	1272299968347	0	0	afb2ad2503f89033ae427d3d34d4
user11	638	141	1272299968363	0	0	afb2ad2503f89033ae427d3d34d4
user11	638	142	1272299968386	0	0	afb2ad2503f89033ae427d3d34d4
user11	639	142	1272299968395	0	0	afb2ad2503f89033ae427d3d34d4
user11	639	143	1272299968403	0	0	afb2ad2503f89033ae427d3d34d4
user11	639	144	1272299968411	0	0	afb2ad2503f89033ae427d3d34d4
user11	639	145	1272299968418	0	0	afb2ad2503f89033ae427d3d34d4
user11	640	148	1272299968426	0	0	afb2ad2503f89033ae427d3d34d4
user11	641	150	1272299968435	0	0	afb2ad2503f89033ae427d3d34d4
user11	641	151	1272299968443	0	0	afb2ad2503f89033ae427d3d34d4
user11	641	153	1272299968451	0	0	afb2ad2503f89033ae427d3d34d4
user11	641	154	1272299968458	0	0	afb2ad2503f89033ae427d3d34d4
user11	641	157	1272299968466	0	0	afb2ad2503f89033ae427d3d34d4
user11	641	159	1272299968475	0	0	afb2ad2503f89033ae427d3d34d4
user11	641	161	1272299968483	0	0	afb2ad2503f89033ae427d3d34d4
user11	641	162	1272299968491	0	0	afb2ad2503f89033ae427d3d34d4
user11	641	163	1272299968498	0	0	afb2ad2503f89033ae427d3d34d4
user11	641	165	1272299968506	0	0	afb2ad2503f89033ae427d3d34d4
user11	641	166	1272299968523	0	0	afb2ad2503f89033ae427d3d34d4
user11	641	167	1272299968539	0	0	afb2ad2503f89033ae427d3d34d4
user11	641	168	1272299968546	0	0	afb2ad2503f89033ae427d3d34d4
user11	640	168	1272299968554	0	0	afb2ad2503f89033ae427d3d34d4
user11	639	169	1272299968563	0	0	afb2ad2503f89033ae427d3d34d4
user11	638	169	1272299968571	0	0	afb2ad2503f89033ae427d3d34d4
user11	634	170	1272299968579	0	0	afb2ad2503f89033ae427d3d34d4
user11	633	171	1272299968586	0	0	afb2ad2503f89033ae427d3d34d4
user11	627	172	1272299968594	0	0	afb2ad2503f89033ae427d3d34d4
user11	625	172	1272299968603	0	0	afb2ad2503f89033ae427d3d34d4
user11	623	172	1272299968611	0	0	afb2ad2503f89033ae427d3d34d4
user11	622	172	1272299968619	0	0	afb2ad2503f89033ae427d3d34d4
user11	621	172	1272299968626	0	0	afb2ad2503f89033ae427d3d34d4
user11	618	170	1272299968634	0	0	afb2ad2503f89033ae427d3d34d4
user11	615	167	1272299968651	0	0	afb2ad2503f89033ae427d3d34d4
user11	614	166	1272299968659	0	0	afb2ad2503f89033ae427d3d34d4
user11	608	162	1272299968666	0	0	afb2ad2503f89033ae427d3d34d4
user11	606	162	1272299968674	0	0	afb2ad2503f89033ae427d3d34d4
user11	597	158	1272299968683	0	0	afb2ad2503f89033ae427d3d34d4
user11	590	154	1272299968691	0	0	afb2ad2503f89033ae427d3d34d4
user11	589	151	1272299968699	0	0	afb2ad2503f89033ae427d3d34d4
user11	589	148	1272299968706	0	0	afb2ad2503f89033ae427d3d34d4
user11	589	146	1272299968714	0	0	afb2ad2503f89033ae427d3d34d4
user11	589	140	1272299968723	0	0	afb2ad2503f89033ae427d3d34d4
user11	589	137	1272299968731	0	0	afb2ad2503f89033ae427d3d34d4
user11	589	131	1272299968739	0	0	afb2ad2503f89033ae427d3d34d4
user11	589	127	1272299968747	0	0	afb2ad2503f89033ae427d3d34d4
user11	590	119	1272299968754	0	0	afb2ad2503f89033ae427d3d34d4
user11	592	107	1272299968762	0	0	afb2ad2503f89033ae427d3d34d4
user11	594	102	1272299968771	0	0	afb2ad2503f89033ae427d3d34d4
user11	598	92	1272299968779	0	0	afb2ad2503f89033ae427d3d34d4
user11	600	89	1272299968787	0	0	afb2ad2503f89033ae427d3d34d4
user11	601	84	1272299968794	0	0	afb2ad2503f89033ae427d3d34d4
user11	602	84	1272299968802	0	0	afb2ad2503f89033ae427d3d34d4
user11	602	83	1272299968811	0	0	afb2ad2503f89033ae427d3d34d4
user11	603	83	1272299968819	0	0	afb2ad2503f89033ae427d3d34d4
user11	604	83	1272299968859	0	0	afb2ad2503f89033ae427d3d34d4
user11	604	82	1272299968867	0	0	afb2ad2503f89033ae427d3d34d4
user11	605	80	1272299968882	0	0	afb2ad2503f89033ae427d3d34d4
user11	605	79	1272299968899	0	0	afb2ad2503f89033ae427d3d34d4
user11	605	78	1272299968962	0	0	afb2ad2503f89033ae427d3d34d4
user11	605	77	1272299968970	0	0	afb2ad2503f89033ae427d3d34d4
user11	604	74	1272299968979	0	0	afb2ad2503f89033ae427d3d34d4
user11	604	73	1272299968987	0	0	afb2ad2503f89033ae427d3d34d4
user11	603	70	1272299968995	0	0	afb2ad2503f89033ae427d3d34d4
user11	602	68	1272299969002	0	0	afb2ad2503f89033ae427d3d34d4
user11	602	68	1272299969006	0	0	afb2ad2503f89033ae427d3d34d4
user11	600	64	1272299969010	0	0	afb2ad2503f89033ae427d3d34d4
user11	598	62	1272299969019	0	0	afb2ad2503f89033ae427d3d34d4
user11	597	60	1272299969027	0	0	afb2ad2503f89033ae427d3d34d4
user11	595	58	1272299969035	0	0	afb2ad2503f89033ae427d3d34d4
user11	595	57	1272299969042	0	0	afb2ad2503f89033ae427d3d34d4
user11	593	55	1272299969050	0	0	afb2ad2503f89033ae427d3d34d4
user11	592	55	1272299969058	0	0	afb2ad2503f89033ae427d3d34d4
user11	591	55	1272299969067	0	0	afb2ad2503f89033ae427d3d34d4
user11	590	55	1272299969099	0	0	afb2ad2503f89033ae427d3d34d4
user11	590	55	1272299969457	1272299969347	1272299969457	afb2ad2503f89033ae427d3d34d4
user11	523	504	1272300007012	0	0	afb2ad2503f89033ae427d3d34d4
user11	919	426	1272300007033	0	0	afb2ad2503f89033ae427d3d34d4
user11	914	424	1272300007041	0	0	afb2ad2503f89033ae427d3d34d4
user11	902	423	1272300007049	0	0	afb2ad2503f89033ae427d3d34d4
user11	891	420	1272300007057	0	0	afb2ad2503f89033ae427d3d34d4
user11	887	420	1272300007065	0	0	afb2ad2503f89033ae427d3d34d4
user11	875	417	1272300007072	0	0	afb2ad2503f89033ae427d3d34d4
user11	869	416	1272300007081	0	0	afb2ad2503f89033ae427d3d34d4
user11	854	414	1272300007089	0	0	afb2ad2503f89033ae427d3d34d4
user11	847	413	1272300007097	0	0	afb2ad2503f89033ae427d3d34d4
user11	825	412	1272300007105	0	0	afb2ad2503f89033ae427d3d34d4
user11	794	410	1272300007112	0	0	afb2ad2503f89033ae427d3d34d4
user11	782	410	1272300007121	0	0	afb2ad2503f89033ae427d3d34d4
user11	750	410	1272300007129	0	0	afb2ad2503f89033ae427d3d34d4
user11	740	407	1272300007137	0	0	afb2ad2503f89033ae427d3d34d4
user11	706	401	1272300007145	0	0	afb2ad2503f89033ae427d3d34d4
user11	696	399	1272300007152	0	0	afb2ad2503f89033ae427d3d34d4
user11	671	395	1272300007161	0	0	afb2ad2503f89033ae427d3d34d4
user11	660	393	1272300007169	0	0	afb2ad2503f89033ae427d3d34d4
user11	638	386	1272300007177	0	0	afb2ad2503f89033ae427d3d34d4
user11	611	378	1272300007185	0	0	afb2ad2503f89033ae427d3d34d4
user11	603	377	1272300007192	0	0	afb2ad2503f89033ae427d3d34d4
user11	583	373	1272300007200	0	0	afb2ad2503f89033ae427d3d34d4
user11	575	372	1272300007209	0	0	afb2ad2503f89033ae427d3d34d4
user11	550	368	1272300007217	0	0	afb2ad2503f89033ae427d3d34d4
user11	541	368	1272300007225	0	0	afb2ad2503f89033ae427d3d34d4
user11	514	366	1272300007233	0	0	afb2ad2503f89033ae427d3d34d4
user11	508	366	1272300007240	0	0	afb2ad2503f89033ae427d3d34d4
user11	487	366	1272300007249	0	0	afb2ad2503f89033ae427d3d34d4
user11	474	366	1272300007257	0	0	afb2ad2503f89033ae427d3d34d4
user11	469	366	1272300007265	0	0	afb2ad2503f89033ae427d3d34d4
user11	461	368	1272300007273	0	0	afb2ad2503f89033ae427d3d34d4
user11	457	368	1272300007280	0	0	afb2ad2503f89033ae427d3d34d4
user11	453	370	1272300007289	0	0	afb2ad2503f89033ae427d3d34d4
user11	452	370	1272300007297	0	0	afb2ad2503f89033ae427d3d34d4
user11	450	370	1272300007305	0	0	afb2ad2503f89033ae427d3d34d4
user11	449	370	1272300007320	0	0	afb2ad2503f89033ae427d3d34d4
user11	448	370	1272300007337	0	0	afb2ad2503f89033ae427d3d34d4
user11	447	370	1272300007345	0	0	afb2ad2503f89033ae427d3d34d4
user11	446	371	1272300007353	0	0	afb2ad2503f89033ae427d3d34d4
user11	445	372	1272300007360	0	0	afb2ad2503f89033ae427d3d34d4
user11	444	373	1272300007377	0	0	afb2ad2503f89033ae427d3d34d4
user11	443	373	1272300007385	0	0	afb2ad2503f89033ae427d3d34d4
user11	443	374	1272300007393	0	0	afb2ad2503f89033ae427d3d34d4
user11	443	375	1272300007433	0	0	afb2ad2503f89033ae427d3d34d4
user11	443	376	1272300007448	0	0	afb2ad2503f89033ae427d3d34d4
user11	443	377	1272300007465	0	0	afb2ad2503f89033ae427d3d34d4
user11	443	378	1272300007473	0	0	afb2ad2503f89033ae427d3d34d4
user11	443	379	1272300007481	0	0	afb2ad2503f89033ae427d3d34d4
user11	443	380	1272300007488	0	0	afb2ad2503f89033ae427d3d34d4
user11	444	381	1272300007496	0	0	afb2ad2503f89033ae427d3d34d4
user11	444	382	1272300007505	0	0	afb2ad2503f89033ae427d3d34d4
user11	446	383	1272300007513	0	0	afb2ad2503f89033ae427d3d34d4
user11	446	384	1272300007609	0	0	afb2ad2503f89033ae427d3d34d4
user11	452	387	1272300007611	0	0	afb2ad2503f89033ae427d3d34d4
user11	452	388	1272300007665	0	0	afb2ad2503f89033ae427d3d34d4
user11	452	389	1272300007681	0	0	afb2ad2503f89033ae427d3d34d4
user11	452	390	1272300007705	0	0	afb2ad2503f89033ae427d3d34d4
user11	451	390	1272300007721	0	0	afb2ad2503f89033ae427d3d34d4
user11	451	391	1272300007817	0	0	afb2ad2503f89033ae427d3d34d4
user11	451	392	1272300007841	0	0	afb2ad2503f89033ae427d3d34d4
user11	451	393	1272300007857	0	0	afb2ad2503f89033ae427d3d34d4
user11	451	394	1272300007864	0	0	afb2ad2503f89033ae427d3d34d4
user11	451	395	1272300007872	0	0	afb2ad2503f89033ae427d3d34d4
user11	451	396	1272300007889	0	0	afb2ad2503f89033ae427d3d34d4
user11	451	397	1272300007897	0	0	afb2ad2503f89033ae427d3d34d4
user11	452	398	1272300007904	0	0	afb2ad2503f89033ae427d3d34d4
user11	452	399	1272300007921	0	0	afb2ad2503f89033ae427d3d34d4
user11	453	400	1272300007929	0	0	afb2ad2503f89033ae427d3d34d4
user11	453	401	1272300007937	0	0	afb2ad2503f89033ae427d3d34d4
user11	453	402	1272300007944	0	0	afb2ad2503f89033ae427d3d34d4
user11	454	402	1272300007952	0	0	afb2ad2503f89033ae427d3d34d4
user11	454	404	1272300007961	0	0	afb2ad2503f89033ae427d3d34d4
user11	455	406	1272300007969	0	0	afb2ad2503f89033ae427d3d34d4
user11	455	408	1272300007984	0	0	afb2ad2503f89033ae427d3d34d4
user11	456	408	1272300007992	0	0	afb2ad2503f89033ae427d3d34d4
user11	457	409	1272300008009	0	0	afb2ad2503f89033ae427d3d34d4
user11	457	410	1272300008025	0	0	afb2ad2503f89033ae427d3d34d4
user11	458	410	1272300008032	0	0	afb2ad2503f89033ae427d3d34d4
user11	458	411	1272300008049	0	0	afb2ad2503f89033ae427d3d34d4
user11	458	412	1272300008169	0	0	afb2ad2503f89033ae427d3d34d4
user11	458	413	1272300008192	0	0	afb2ad2503f89033ae427d3d34d4
user11	457	413	1272300011015	0	0	afb2ad2503f89033ae427d3d34d4
user11	456	413	1272300011024	0	0	afb2ad2503f89033ae427d3d34d4
user11	454	413	1272300011031	0	0	afb2ad2503f89033ae427d3d34d4
user11	452	412	1272300011039	0	0	afb2ad2503f89033ae427d3d34d4
user11	448	410	1272300011047	0	0	afb2ad2503f89033ae427d3d34d4
user11	446	409	1272300011055	0	0	afb2ad2503f89033ae427d3d34d4
user11	443	408	1272300011064	0	0	afb2ad2503f89033ae427d3d34d4
user11	441	408	1272300011071	0	0	afb2ad2503f89033ae427d3d34d4
user11	439	406	1272300011079	0	0	afb2ad2503f89033ae427d3d34d4
user11	439	407	1272300011303	0	0	afb2ad2503f89033ae427d3d34d4
user11	439	408	1272300011343	0	0	afb2ad2503f89033ae427d3d34d4
user11	437	408	1272300015263	0	0	afb2ad2503f89033ae427d3d34d4
user11	435	408	1272300015279	0	0	afb2ad2503f89033ae427d3d34d4
user11	433	408	1272300015287	0	0	afb2ad2503f89033ae427d3d34d4
user11	429	407	1272300015295	0	0	afb2ad2503f89033ae427d3d34d4
user11	428	406	1272300015303	0	0	afb2ad2503f89033ae427d3d34d4
user11	424	404	1272300015311	0	0	afb2ad2503f89033ae427d3d34d4
user11	421	404	1272300015319	0	0	afb2ad2503f89033ae427d3d34d4
user11	420	403	1272300015327	0	0	afb2ad2503f89033ae427d3d34d4
user11	418	402	1272300015335	0	0	afb2ad2503f89033ae427d3d34d4
user11	417	402	1272300015343	0	0	afb2ad2503f89033ae427d3d34d4
user11	416	402	1272300015392	0	0	afb2ad2503f89033ae427d3d34d4
user11	415	402	1272300015431	0	0	afb2ad2503f89033ae427d3d34d4
user11	414	402	1272300015447	0	0	afb2ad2503f89033ae427d3d34d4
user11	413	402	1272300015463	0	0	afb2ad2503f89033ae427d3d34d4
user11	413	401	1272300015487	0	0	afb2ad2503f89033ae427d3d34d4
user11	412	400	1272300015495	0	0	afb2ad2503f89033ae427d3d34d4
user11	411	400	1272300015503	0	0	afb2ad2503f89033ae427d3d34d4
user11	411	399	1272300015511	0	0	afb2ad2503f89033ae427d3d34d4
user11	409	397	1272300015520	0	0	afb2ad2503f89033ae427d3d34d4
user11	408	394	1272300015535	0	0	afb2ad2503f89033ae427d3d34d4
user11	406	392	1272300015543	0	0	afb2ad2503f89033ae427d3d34d4
user11	404	389	1272300015551	0	0	afb2ad2503f89033ae427d3d34d4
user11	402	388	1272300015559	0	0	afb2ad2503f89033ae427d3d34d4
user11	398	382	1272300015567	0	0	afb2ad2503f89033ae427d3d34d4
user11	395	380	1272300015575	0	0	afb2ad2503f89033ae427d3d34d4
user11	385	370	1272300015583	0	0	afb2ad2503f89033ae427d3d34d4
user11	370	358	1272300015591	0	0	afb2ad2503f89033ae427d3d34d4
user11	364	354	1272300015600	0	0	afb2ad2503f89033ae427d3d34d4
user11	349	338	1272300015608	0	0	afb2ad2503f89033ae427d3d34d4
user11	342	331	1272300015615	0	0	afb2ad2503f89033ae427d3d34d4
user11	320	310	1272300015623	0	0	afb2ad2503f89033ae427d3d34d4
user11	312	302	1272300015631	0	0	afb2ad2503f89033ae427d3d34d4
user11	288	279	1272300015639	0	0	afb2ad2503f89033ae427d3d34d4
user11	261	251	1272300015648	0	0	afb2ad2503f89033ae427d3d34d4
user11	253	242	1272300015655	0	0	afb2ad2503f89033ae427d3d34d4
user11	231	220	1272300015663	0	0	afb2ad2503f89033ae427d3d34d4
user11	224	211	1272300015671	0	0	afb2ad2503f89033ae427d3d34d4
user11	207	190	1272300015679	0	0	afb2ad2503f89033ae427d3d34d4
user11	202	181	1272300015688	0	0	afb2ad2503f89033ae427d3d34d4
user11	187	160	1272300015695	0	0	afb2ad2503f89033ae427d3d34d4
user11	183	151	1272300015703	0	0	afb2ad2503f89033ae427d3d34d4
user11	172	129	1272300015711	0	0	afb2ad2503f89033ae427d3d34d4
user11	162	111	1272300015719	0	0	afb2ad2503f89033ae427d3d34d4
user11	160	105	1272300015728	0	0	afb2ad2503f89033ae427d3d34d4
user11	156	94	1272300015735	0	0	afb2ad2503f89033ae427d3d34d4
user11	154	91	1272300015743	0	0	afb2ad2503f89033ae427d3d34d4
user11	150	82	1272300015751	0	0	afb2ad2503f89033ae427d3d34d4
user11	148	80	1272300015759	0	0	afb2ad2503f89033ae427d3d34d4
user11	147	76	1272300015768	0	0	afb2ad2503f89033ae427d3d34d4
user11	145	73	1272300015775	0	0	afb2ad2503f89033ae427d3d34d4
user11	145	72	1272300015791	0	0	afb2ad2503f89033ae427d3d34d4
user11	145	71	1272300015807	0	0	afb2ad2503f89033ae427d3d34d4
user11	146	71	1272300015816	0	0	afb2ad2503f89033ae427d3d34d4
user11	147	71	1272300015823	0	0	afb2ad2503f89033ae427d3d34d4
user11	148	71	1272300015831	0	0	afb2ad2503f89033ae427d3d34d4
user11	150	71	1272300015839	0	0	afb2ad2503f89033ae427d3d34d4
user11	153	73	1272300015847	0	0	afb2ad2503f89033ae427d3d34d4
user11	154	73	1272300015856	0	0	afb2ad2503f89033ae427d3d34d4
user11	157	74	1272300015863	0	0	afb2ad2503f89033ae427d3d34d4
user11	159	75	1272300015871	0	0	afb2ad2503f89033ae427d3d34d4
user11	161	76	1272300015879	0	0	afb2ad2503f89033ae427d3d34d4
user11	162	76	1272300015887	0	0	afb2ad2503f89033ae427d3d34d4
user11	167	76	1272300015896	0	0	afb2ad2503f89033ae427d3d34d4
user11	169	76	1272300015903	0	0	afb2ad2503f89033ae427d3d34d4
user11	180	76	1272300015911	0	0	afb2ad2503f89033ae427d3d34d4
user11	194	76	1272300015919	0	0	afb2ad2503f89033ae427d3d34d4
user11	202	76	1272300015927	0	0	afb2ad2503f89033ae427d3d34d4
user11	227	76	1272300015936	0	0	afb2ad2503f89033ae427d3d34d4
user11	237	76	1272300015943	0	0	afb2ad2503f89033ae427d3d34d4
user11	263	76	1272300015951	0	0	afb2ad2503f89033ae427d3d34d4
user11	273	76	1272300015959	0	0	afb2ad2503f89033ae427d3d34d4
user11	297	76	1272300015967	0	0	afb2ad2503f89033ae427d3d34d4
user11	324	76	1272300015975	0	0	afb2ad2503f89033ae427d3d34d4
user11	333	76	1272300015984	0	0	afb2ad2503f89033ae427d3d34d4
user11	358	76	1272300015991	0	0	afb2ad2503f89033ae427d3d34d4
user11	367	76	1272300015999	0	0	afb2ad2503f89033ae427d3d34d4
user11	391	76	1272300016007	0	0	afb2ad2503f89033ae427d3d34d4
user11	399	74	1272300016015	0	0	afb2ad2503f89033ae427d3d34d4
user11	418	72	1272300016024	0	0	afb2ad2503f89033ae427d3d34d4
user11	425	71	1272300016031	0	0	afb2ad2503f89033ae427d3d34d4
user11	437	69	1272300016039	0	0	afb2ad2503f89033ae427d3d34d4
user11	448	67	1272300016047	0	0	afb2ad2503f89033ae427d3d34d4
user11	448	67	1272300016050	0	0	afb2ad2503f89033ae427d3d34d4
user11	451	66	1272300016055	0	0	afb2ad2503f89033ae427d3d34d4
user11	458	65	1272300016064	0	0	afb2ad2503f89033ae427d3d34d4
user11	460	65	1272300016071	0	0	afb2ad2503f89033ae427d3d34d4
user11	464	64	1272300016079	0	0	afb2ad2503f89033ae427d3d34d4
user11	465	64	1272300016087	0	0	afb2ad2503f89033ae427d3d34d4
user11	468	63	1272300016095	0	0	afb2ad2503f89033ae427d3d34d4
user11	471	62	1272300016104	0	0	afb2ad2503f89033ae427d3d34d4
user11	471	61	1272300016111	0	0	afb2ad2503f89033ae427d3d34d4
user11	472	61	1272300016119	0	0	afb2ad2503f89033ae427d3d34d4
user11	473	61	1272300016127	0	0	afb2ad2503f89033ae427d3d34d4
user11	473	60	1272300016135	0	0	afb2ad2503f89033ae427d3d34d4
user11	473	59	1272300016151	0	0	afb2ad2503f89033ae427d3d34d4
user11	473	58	1272300016159	0	0	afb2ad2503f89033ae427d3d34d4
user11	474	56	1272300016175	0	0	afb2ad2503f89033ae427d3d34d4
user11	475	55	1272300016192	0	0	afb2ad2503f89033ae427d3d34d4
user11	475	54	1272300016199	0	0	afb2ad2503f89033ae427d3d34d4
user11	477	54	1272300016207	0	0	afb2ad2503f89033ae427d3d34d4
user11	478	53	1272300016215	0	0	afb2ad2503f89033ae427d3d34d4
user11	481	53	1272300016223	0	0	afb2ad2503f89033ae427d3d34d4
user11	483	53	1272300016232	0	0	afb2ad2503f89033ae427d3d34d4
user11	484	52	1272300016239	0	0	afb2ad2503f89033ae427d3d34d4
user11	486	52	1272300016247	0	0	afb2ad2503f89033ae427d3d34d4
user11	487	52	1272300016255	0	0	afb2ad2503f89033ae427d3d34d4
user11	493	52	1272300016263	0	0	afb2ad2503f89033ae427d3d34d4
user11	495	52	1272300016272	0	0	afb2ad2503f89033ae427d3d34d4
user11	506	52	1272300016279	0	0	afb2ad2503f89033ae427d3d34d4
user11	513	52	1272300016287	0	0	afb2ad2503f89033ae427d3d34d4
user11	529	52	1272300016295	0	0	afb2ad2503f89033ae427d3d34d4
user11	545	52	1272300016303	0	0	afb2ad2503f89033ae427d3d34d4
user11	552	52	1272300016312	0	0	afb2ad2503f89033ae427d3d34d4
user11	566	55	1272300016319	0	0	afb2ad2503f89033ae427d3d34d4
user11	568	56	1272300016327	0	0	afb2ad2503f89033ae427d3d34d4
user11	574	58	1272300016335	0	0	afb2ad2503f89033ae427d3d34d4
user11	575	59	1272300016343	0	0	afb2ad2503f89033ae427d3d34d4
user11	576	60	1272300016351	0	0	afb2ad2503f89033ae427d3d34d4
user11	577	60	1272300016359	0	0	afb2ad2503f89033ae427d3d34d4
user11	578	60	1272300016391	0	0	afb2ad2503f89033ae427d3d34d4
user11	578	59	1272300016400	0	0	afb2ad2503f89033ae427d3d34d4
user11	578	58	1272300016407	0	0	afb2ad2503f89033ae427d3d34d4
user11	578	57	1272300016415	0	0	afb2ad2503f89033ae427d3d34d4
user11	578	56	1272300016423	0	0	afb2ad2503f89033ae427d3d34d4
user11	577	55	1272300016431	0	0	afb2ad2503f89033ae427d3d34d4
user11	576	55	1272300016440	0	0	afb2ad2503f89033ae427d3d34d4
user11	576	54	1272300016447	0	0	afb2ad2503f89033ae427d3d34d4
user11	575	54	1272300016455	0	0	afb2ad2503f89033ae427d3d34d4
user11	574	53	1272300016471	0	0	afb2ad2503f89033ae427d3d34d4
user11	573	52	1272300016487	0	0	afb2ad2503f89033ae427d3d34d4
user11	572	52	1272300016495	0	0	afb2ad2503f89033ae427d3d34d4
user11	573	52	1272300016640	0	0	afb2ad2503f89033ae427d3d34d4
user11	574	52	1272300016655	0	0	afb2ad2503f89033ae427d3d34d4
user11	575	52	1272300016671	0	0	afb2ad2503f89033ae427d3d34d4
user11	574	52	1272300016999	0	0	afb2ad2503f89033ae427d3d34d4
user11	573	52	1272300017007	0	0	afb2ad2503f89033ae427d3d34d4
user11	572	52	1272300017015	0	0	afb2ad2503f89033ae427d3d34d4
user11	571	52	1272300017024	0	0	afb2ad2503f89033ae427d3d34d4
user11	569	52	1272300017031	0	0	afb2ad2503f89033ae427d3d34d4
user11	568	52	1272300017039	0	0	afb2ad2503f89033ae427d3d34d4
user11	565	52	1272300017047	0	0	afb2ad2503f89033ae427d3d34d4
user11	563	51	1272300017055	0	0	afb2ad2503f89033ae427d3d34d4
user11	561	51	1272300017064	0	0	afb2ad2503f89033ae427d3d34d4
user11	560	51	1272300017071	0	0	afb2ad2503f89033ae427d3d34d4
user11	557	51	1272300017079	0	0	afb2ad2503f89033ae427d3d34d4
user11	553	51	1272300017087	0	0	afb2ad2503f89033ae427d3d34d4
user11	551	51	1272300017095	0	0	afb2ad2503f89033ae427d3d34d4
user11	543	52	1272300017104	0	0	afb2ad2503f89033ae427d3d34d4
user11	540	52	1272300017111	0	0	afb2ad2503f89033ae427d3d34d4
user11	533	53	1272300017119	0	0	afb2ad2503f89033ae427d3d34d4
user11	529	53	1272300017127	0	0	afb2ad2503f89033ae427d3d34d4
user11	521	54	1272300017135	0	0	afb2ad2503f89033ae427d3d34d4
user11	518	54	1272300017144	0	0	afb2ad2503f89033ae427d3d34d4
user11	513	54	1272300017151	0	0	afb2ad2503f89033ae427d3d34d4
user11	511	54	1272300017159	0	0	afb2ad2503f89033ae427d3d34d4
user11	510	54	1272300017167	0	0	afb2ad2503f89033ae427d3d34d4
user11	508	53	1272300017175	0	0	afb2ad2503f89033ae427d3d34d4
user11	507	53	1272300017183	0	0	afb2ad2503f89033ae427d3d34d4
user11	506	53	1272300017192	0	0	afb2ad2503f89033ae427d3d34d4
user11	505	53	1272300017199	0	0	afb2ad2503f89033ae427d3d34d4
user11	505	52	1272300017239	0	0	afb2ad2503f89033ae427d3d34d4
user11	505	52	1272300018258	0	0	afb2ad2503f89033ae427d3d34d4
user11	505	52	1272300018261	0	0	afb2ad2503f89033ae427d3d34d4
user11	505	52	1272300018264	0	0	afb2ad2503f89033ae427d3d34d4
user11	505	51	1272300018951	0	0	afb2ad2503f89033ae427d3d34d4
user11	506	51	1272300018976	0	0	afb2ad2503f89033ae427d3d34d4
user11	506	49	1272300018991	0	0	afb2ad2503f89033ae427d3d34d4
user11	508	48	1272300018999	0	0	afb2ad2503f89033ae427d3d34d4
user11	512	48	1272300019007	0	0	afb2ad2503f89033ae427d3d34d4
user11	524	45	1272300019015	0	0	afb2ad2503f89033ae427d3d34d4
user11	528	45	1272300019024	0	0	afb2ad2503f89033ae427d3d34d4
user11	542	45	1272300019031	0	0	afb2ad2503f89033ae427d3d34d4
user11	553	45	1272300019039	0	0	afb2ad2503f89033ae427d3d34d4
user11	559	46	1272300019047	0	0	afb2ad2503f89033ae427d3d34d4
user11	568	49	1272300019055	0	0	afb2ad2503f89033ae427d3d34d4
user11	572	50	1272300019064	0	0	afb2ad2503f89033ae427d3d34d4
user11	576	52	1272300019071	0	0	afb2ad2503f89033ae427d3d34d4
user11	578	53	1272300019079	0	0	afb2ad2503f89033ae427d3d34d4
user11	579	54	1272300019095	0	0	afb2ad2503f89033ae427d3d34d4
user11	579	53	1272300019167	0	0	afb2ad2503f89033ae427d3d34d4
user11	579	53	1272300019501	1272300019357	1272300019501	afb2ad2503f89033ae427d3d34d4
user11	584	210	1272300039113	0	0	afb2ad2503f89033ae427d3d34d4
user11	590	208	1272300039140	0	0	afb2ad2503f89033ae427d3d34d4
user11	595	207	1272300039145	0	0	afb2ad2503f89033ae427d3d34d4
user11	598	206	1272300039150	0	0	afb2ad2503f89033ae427d3d34d4
user11	602	205	1272300039158	0	0	afb2ad2503f89033ae427d3d34d4
user11	607	204	1272300039166	0	0	afb2ad2503f89033ae427d3d34d4
user11	610	204	1272300039174	0	0	afb2ad2503f89033ae427d3d34d4
user11	620	204	1272300039183	0	0	afb2ad2503f89033ae427d3d34d4
user11	624	204	1272300039191	0	0	afb2ad2503f89033ae427d3d34d4
user11	636	204	1272300039198	0	0	afb2ad2503f89033ae427d3d34d4
user11	641	204	1272300039206	0	0	afb2ad2503f89033ae427d3d34d4
user11	652	204	1272300039214	0	0	afb2ad2503f89033ae427d3d34d4
user11	660	206	1272300039223	0	0	afb2ad2503f89033ae427d3d34d4
user11	663	206	1272300039231	0	0	afb2ad2503f89033ae427d3d34d4
user11	668	206	1272300039238	0	0	afb2ad2503f89033ae427d3d34d4
user11	670	207	1272300039246	0	0	afb2ad2503f89033ae427d3d34d4
user11	673	208	1272300039254	0	0	afb2ad2503f89033ae427d3d34d4
user11	676	208	1272300039263	0	0	afb2ad2503f89033ae427d3d34d4
user11	678	208	1272300039271	0	0	afb2ad2503f89033ae427d3d34d4
user11	679	208	1272300039278	0	0	afb2ad2503f89033ae427d3d34d4
user11	681	208	1272300039286	0	0	afb2ad2503f89033ae427d3d34d4
user11	683	210	1272300039294	0	0	afb2ad2503f89033ae427d3d34d4
user11	684	210	1272300039302	0	0	afb2ad2503f89033ae427d3d34d4
user11	685	211	1272300039311	0	0	afb2ad2503f89033ae427d3d34d4
user11	686	211	1272300039318	0	0	afb2ad2503f89033ae427d3d34d4
user11	687	211	1272300039326	0	0	afb2ad2503f89033ae427d3d34d4
user11	687	212	1272300039334	0	0	afb2ad2503f89033ae427d3d34d4
user11	688	214	1272300039343	0	0	afb2ad2503f89033ae427d3d34d4
user11	690	215	1272300039344	0	0	afb2ad2503f89033ae427d3d34d4
user11	692	218	1272300039346	0	0	afb2ad2503f89033ae427d3d34d4
user11	694	220	1272300039354	0	0	afb2ad2503f89033ae427d3d34d4
user11	698	226	1272300039361	0	0	afb2ad2503f89033ae427d3d34d4
user11	701	231	1272300039370	0	0	afb2ad2503f89033ae427d3d34d4
user11	710	242	1272300039378	0	0	afb2ad2503f89033ae427d3d34d4
user11	714	248	1272300039386	0	0	afb2ad2503f89033ae427d3d34d4
user11	728	266	1272300039394	0	0	afb2ad2503f89033ae427d3d34d4
user11	742	283	1272300039401	0	0	afb2ad2503f89033ae427d3d34d4
user11	748	289	1272300039410	0	0	afb2ad2503f89033ae427d3d34d4
user11	763	305	1272300039418	0	0	afb2ad2503f89033ae427d3d34d4
user11	769	310	1272300039426	0	0	afb2ad2503f89033ae427d3d34d4
user11	783	324	1272300039434	0	0	afb2ad2503f89033ae427d3d34d4
user11	788	331	1272300039442	0	0	afb2ad2503f89033ae427d3d34d4
user11	798	340	1272300039450	0	0	afb2ad2503f89033ae427d3d34d4
user11	806	347	1272300039458	0	0	afb2ad2503f89033ae427d3d34d4
user11	807	348	1272300039466	0	0	afb2ad2503f89033ae427d3d34d4
user11	809	350	1272300039474	0	0	afb2ad2503f89033ae427d3d34d4
user11	808	350	1272300039498	0	0	afb2ad2503f89033ae427d3d34d4
user11	807	349	1272300039506	0	0	afb2ad2503f89033ae427d3d34d4
user11	807	348	1272300039514	0	0	afb2ad2503f89033ae427d3d34d4
user11	806	348	1272300039522	0	0	afb2ad2503f89033ae427d3d34d4
user11	804	346	1272300039529	0	0	afb2ad2503f89033ae427d3d34d4
user11	801	345	1272300039546	0	0	afb2ad2503f89033ae427d3d34d4
user11	800	345	1272300039554	0	0	afb2ad2503f89033ae427d3d34d4
user11	800	345	1272300039562	0	0	afb2ad2503f89033ae427d3d34d4
user11	798	345	1272300039564	0	0	afb2ad2503f89033ae427d3d34d4
user11	796	345	1272300039569	0	0	afb2ad2503f89033ae427d3d34d4
user11	794	345	1272300039578	0	0	afb2ad2503f89033ae427d3d34d4
user11	792	345	1272300039586	0	0	afb2ad2503f89033ae427d3d34d4
user11	791	345	1272300039594	0	0	afb2ad2503f89033ae427d3d34d4
user11	790	345	1272300039602	0	0	afb2ad2503f89033ae427d3d34d4
user11	788	346	1272300039618	0	0	afb2ad2503f89033ae427d3d34d4
user11	786	346	1272300039676	0	0	afb2ad2503f89033ae427d3d34d4
user11	768	354	1272300039678	0	0	afb2ad2503f89033ae427d3d34d4
user11	766	355	1272300039682	0	0	afb2ad2503f89033ae427d3d34d4
user11	762	355	1272300039690	0	0	afb2ad2503f89033ae427d3d34d4
user11	760	355	1272300039697	0	0	afb2ad2503f89033ae427d3d34d4
user11	756	356	1272300039706	0	0	afb2ad2503f89033ae427d3d34d4
user11	752	356	1272300039714	0	0	afb2ad2503f89033ae427d3d34d4
user11	745	356	1272300039722	0	0	afb2ad2503f89033ae427d3d34d4
user11	736	356	1272300039730	0	0	afb2ad2503f89033ae427d3d34d4
user11	731	356	1272300039737	0	0	afb2ad2503f89033ae427d3d34d4
user11	723	356	1272300039746	0	0	afb2ad2503f89033ae427d3d34d4
user11	720	356	1272300039754	0	0	afb2ad2503f89033ae427d3d34d4
user11	713	354	1272300039762	0	0	afb2ad2503f89033ae427d3d34d4
user11	711	354	1272300039770	0	0	afb2ad2503f89033ae427d3d34d4
user11	706	352	1272300039777	0	0	afb2ad2503f89033ae427d3d34d4
user11	703	350	1272300039786	0	0	afb2ad2503f89033ae427d3d34d4
user11	702	349	1272300039802	0	0	afb2ad2503f89033ae427d3d34d4
user11	701	349	1272300040682	0	0	afb2ad2503f89033ae427d3d34d4
user11	701	348	1272300040706	0	0	afb2ad2503f89033ae427d3d34d4
user11	701	347	1272300041058	0	0	afb2ad2503f89033ae427d3d34d4
user11	700	347	1272300041258	0	0	afb2ad2503f89033ae427d3d34d4
user11	699	346	1272300041274	0	0	afb2ad2503f89033ae427d3d34d4
user11	698	346	1272300041306	0	0	afb2ad2503f89033ae427d3d34d4
user11	698	345	1272300041314	0	0	afb2ad2503f89033ae427d3d34d4
user11	697	345	1272300041321	0	0	afb2ad2503f89033ae427d3d34d4
user11	696	345	1272300041330	0	0	afb2ad2503f89033ae427d3d34d4
user11	696	344	1272300041338	0	0	afb2ad2503f89033ae427d3d34d4
user11	695	344	1272300041346	0	0	afb2ad2503f89033ae427d3d34d4
user11	693	343	1272300041354	0	0	afb2ad2503f89033ae427d3d34d4
user11	691	341	1272300041370	0	0	afb2ad2503f89033ae427d3d34d4
user11	690	341	1272300041378	0	0	afb2ad2503f89033ae427d3d34d4
user11	686	339	1272300041386	0	0	afb2ad2503f89033ae427d3d34d4
user11	685	338	1272300041394	0	0	afb2ad2503f89033ae427d3d34d4
user11	682	337	1272300041401	0	0	afb2ad2503f89033ae427d3d34d4
user11	680	336	1272300041410	0	0	afb2ad2503f89033ae427d3d34d4
user11	675	333	1272300041418	0	0	afb2ad2503f89033ae427d3d34d4
user11	669	330	1272300041426	0	0	afb2ad2503f89033ae427d3d34d4
user11	667	328	1272300041434	0	0	afb2ad2503f89033ae427d3d34d4
user11	660	324	1272300041442	0	0	afb2ad2503f89033ae427d3d34d4
user11	658	322	1272300041450	0	0	afb2ad2503f89033ae427d3d34d4
user11	650	316	1272300041458	0	0	afb2ad2503f89033ae427d3d34d4
user11	647	314	1272300041466	0	0	afb2ad2503f89033ae427d3d34d4
user11	639	307	1272300041474	0	0	afb2ad2503f89033ae427d3d34d4
user11	631	301	1272300041482	0	0	afb2ad2503f89033ae427d3d34d4
user11	627	299	1272300041489	0	0	afb2ad2503f89033ae427d3d34d4
user11	621	293	1272300041498	0	0	afb2ad2503f89033ae427d3d34d4
user11	618	290	1272300041506	0	0	afb2ad2503f89033ae427d3d34d4
user11	612	285	1272300041514	0	0	afb2ad2503f89033ae427d3d34d4
user11	609	283	1272300041522	0	0	afb2ad2503f89033ae427d3d34d4
user11	604	276	1272300041529	0	0	afb2ad2503f89033ae427d3d34d4
user11	604	276	1272300041532	0	0	afb2ad2503f89033ae427d3d34d4
user11	601	272	1272300041538	0	0	afb2ad2503f89033ae427d3d34d4
user11	595	264	1272300041546	0	0	afb2ad2503f89033ae427d3d34d4
user11	587	254	1272300041554	0	0	afb2ad2503f89033ae427d3d34d4
user11	584	248	1272300041562	0	0	afb2ad2503f89033ae427d3d34d4
user11	578	238	1272300041569	0	0	afb2ad2503f89033ae427d3d34d4
user11	576	233	1272300041578	0	0	afb2ad2503f89033ae427d3d34d4
user11	569	222	1272300041586	0	0	afb2ad2503f89033ae427d3d34d4
user11	566	217	1272300041594	0	0	afb2ad2503f89033ae427d3d34d4
user11	562	205	1272300041602	0	0	afb2ad2503f89033ae427d3d34d4
user11	556	194	1272300041609	0	0	afb2ad2503f89033ae427d3d34d4
user11	554	188	1272300041618	0	0	afb2ad2503f89033ae427d3d34d4
user11	552	177	1272300041626	0	0	afb2ad2503f89033ae427d3d34d4
user11	551	173	1272300041634	0	0	afb2ad2503f89033ae427d3d34d4
user11	551	162	1272300041642	0	0	afb2ad2503f89033ae427d3d34d4
user11	551	158	1272300041650	0	0	afb2ad2503f89033ae427d3d34d4
user11	553	149	1272300041657	0	0	afb2ad2503f89033ae427d3d34d4
user11	554	145	1272300041666	0	0	afb2ad2503f89033ae427d3d34d4
user11	557	138	1272300041674	0	0	afb2ad2503f89033ae427d3d34d4
user11	560	131	1272300041682	0	0	afb2ad2503f89033ae427d3d34d4
user11	562	130	1272300041690	0	0	afb2ad2503f89033ae427d3d34d4
user11	564	126	1272300041697	0	0	afb2ad2503f89033ae427d3d34d4
user11	565	126	1272300041706	0	0	afb2ad2503f89033ae427d3d34d4
user11	566	125	1272300041714	0	0	afb2ad2503f89033ae427d3d34d4
user11	567	125	1272300041722	0	0	afb2ad2503f89033ae427d3d34d4
user11	568	124	1272300041730	0	0	afb2ad2503f89033ae427d3d34d4
user11	569	123	1272300041737	0	0	afb2ad2503f89033ae427d3d34d4
user11	570	122	1272300041754	0	0	afb2ad2503f89033ae427d3d34d4
user11	570	121	1272300041770	0	0	afb2ad2503f89033ae427d3d34d4
user11	570	120	1272300041777	0	0	afb2ad2503f89033ae427d3d34d4
user11	570	119	1272300041794	0	0	afb2ad2503f89033ae427d3d34d4
user11	569	116	1272300041802	0	0	afb2ad2503f89033ae427d3d34d4
user11	566	114	1272300041810	0	0	afb2ad2503f89033ae427d3d34d4
user11	565	113	1272300041817	0	0	afb2ad2503f89033ae427d3d34d4
user11	561	109	1272300041826	0	0	afb2ad2503f89033ae427d3d34d4
user11	558	109	1272300041834	0	0	afb2ad2503f89033ae427d3d34d4
user11	554	105	1272300041842	0	0	afb2ad2503f89033ae427d3d34d4
user11	551	102	1272300041850	0	0	afb2ad2503f89033ae427d3d34d4
user11	543	97	1272300041858	0	0	afb2ad2503f89033ae427d3d34d4
user11	536	91	1272300041865	0	0	afb2ad2503f89033ae427d3d34d4
user11	533	89	1272300041874	0	0	afb2ad2503f89033ae427d3d34d4
user11	525	83	1272300041882	0	0	afb2ad2503f89033ae427d3d34d4
user11	522	80	1272300041890	0	0	afb2ad2503f89033ae427d3d34d4
user11	514	75	1272300041898	0	0	afb2ad2503f89033ae427d3d34d4
user11	512	73	1272300041905	0	0	afb2ad2503f89033ae427d3d34d4
user11	505	69	1272300041914	0	0	afb2ad2503f89033ae427d3d34d4
user11	502	66	1272300041922	0	0	afb2ad2503f89033ae427d3d34d4
user11	496	61	1272300041930	0	0	afb2ad2503f89033ae427d3d34d4
user11	490	56	1272300041938	0	0	afb2ad2503f89033ae427d3d34d4
user11	488	54	1272300041945	0	0	afb2ad2503f89033ae427d3d34d4
user11	485	48	1272300041954	0	0	afb2ad2503f89033ae427d3d34d4
user11	484	47	1272300041962	0	0	afb2ad2503f89033ae427d3d34d4
user11	481	43	1272300041970	0	0	afb2ad2503f89033ae427d3d34d4
user11	481	40	1272300041978	0	0	afb2ad2503f89033ae427d3d34d4
user11	480	37	1272300041985	0	0	afb2ad2503f89033ae427d3d34d4
user11	479	33	1272300041994	0	0	afb2ad2503f89033ae427d3d34d4
user11	479	32	1272300042002	0	0	afb2ad2503f89033ae427d3d34d4
user11	479	29	1272300042010	0	0	afb2ad2503f89033ae427d3d34d4
user11	478	28	1272300042018	0	0	afb2ad2503f89033ae427d3d34d4
user11	478	26	1272300042025	0	0	afb2ad2503f89033ae427d3d34d4
user11	479	26	1272300042090	0	0	afb2ad2503f89033ae427d3d34d4
user11	481	26	1272300042098	0	0	afb2ad2503f89033ae427d3d34d4
user11	482	27	1272300042106	0	0	afb2ad2503f89033ae427d3d34d4
user11	483	28	1272300042113	0	0	afb2ad2503f89033ae427d3d34d4
user11	485	28	1272300042122	0	0	afb2ad2503f89033ae427d3d34d4
user11	486	29	1272300042130	0	0	afb2ad2503f89033ae427d3d34d4
user11	488	30	1272300042138	0	0	afb2ad2503f89033ae427d3d34d4
user11	489	31	1272300042146	0	0	afb2ad2503f89033ae427d3d34d4
user11	491	32	1272300042154	0	0	afb2ad2503f89033ae427d3d34d4
user11	492	33	1272300042162	0	0	afb2ad2503f89033ae427d3d34d4
user11	494	34	1272300042170	0	0	afb2ad2503f89033ae427d3d34d4
user11	495	35	1272300042178	0	0	afb2ad2503f89033ae427d3d34d4
user11	497	37	1272300042186	0	0	afb2ad2503f89033ae427d3d34d4
user11	499	38	1272300042193	0	0	afb2ad2503f89033ae427d3d34d4
user11	500	39	1272300042202	0	0	afb2ad2503f89033ae427d3d34d4
user11	501	41	1272300042210	0	0	afb2ad2503f89033ae427d3d34d4
user11	502	43	1272300042226	0	0	afb2ad2503f89033ae427d3d34d4
user11	502	44	1272300042234	0	0	afb2ad2503f89033ae427d3d34d4
user11	502	45	1272300042242	0	0	afb2ad2503f89033ae427d3d34d4
user11	502	46	1272300042250	0	0	afb2ad2503f89033ae427d3d34d4
user11	502	47	1272300042258	0	0	afb2ad2503f89033ae427d3d34d4
user11	502	48	1272300042266	0	0	afb2ad2503f89033ae427d3d34d4
user11	502	49	1272300042362	0	0	afb2ad2503f89033ae427d3d34d4
user11	502	50	1272300042394	0	0	afb2ad2503f89033ae427d3d34d4
user11	501	50	1272300042410	0	0	afb2ad2503f89033ae427d3d34d4
user11	501	50	1272300043643	1272300043475	1272300043643	afb2ad2503f89033ae427d3d34d4
