User	X	Y	MouseTimeStamp	MouseDownTimeStamp	MouseUpTimeStamp	SessionID
user13	1005	74	1271993368220	0	0	8b659dc1ac5fd9536df434b4ee0a
user13	1005	75	1271993368227	0	0	8b659dc1ac5fd9536df434b4ee0a
user13	1005	77	1271993368235	0	0	8b659dc1ac5fd9536df434b4ee0a
user13	1004	78	1271993368243	0	0	8b659dc1ac5fd9536df434b4ee0a
user13	1004	79	1271993368251	0	0	8b659dc1ac5fd9536df434b4ee0a
user13	1003	83	1271993368259	0	0	8b659dc1ac5fd9536df434b4ee0a
user13	1002	88	1271993368267	0	0	8b659dc1ac5fd9536df434b4ee0a
user13	1002	91	1271993368275	0	0	8b659dc1ac5fd9536df434b4ee0a
user13	1002	97	1271993368283	0	0	8b659dc1ac5fd9536df434b4ee0a
user13	1002	105	1271993368291	0	0	8b659dc1ac5fd9536df434b4ee0a
user13	1001	109	1271993368299	0	0	8b659dc1ac5fd9536df434b4ee0a
user13	1001	117	1271993368307	0	0	8b659dc1ac5fd9536df434b4ee0a
user13	1001	124	1271993368315	0	0	8b659dc1ac5fd9536df434b4ee0a
user13	1001	134	1271993368323	0	0	8b659dc1ac5fd9536df434b4ee0a
user13	1003	143	1271993368331	0	0	8b659dc1ac5fd9536df434b4ee0a
user13	1004	154	1271993368339	0	0	8b659dc1ac5fd9536df434b4ee0a
user13	1002	166	1271993368347	0	0	8b659dc1ac5fd9536df434b4ee0a
user13	1002	178	1271993368355	0	0	8b659dc1ac5fd9536df434b4ee0a
user13	1003	192	1271993368363	0	0	8b659dc1ac5fd9536df434b4ee0a
user13	1004	207	1271993368371	0	0	8b659dc1ac5fd9536df434b4ee0a
user13	1005	215	1271993368379	0	0	8b659dc1ac5fd9536df434b4ee0a
user13	1006	225	1271993368387	0	0	8b659dc1ac5fd9536df434b4ee0a
user13	1007	227	1271993368395	0	0	8b659dc1ac5fd9536df434b4ee0a
user13	1007	232	1271993368403	0	0	8b659dc1ac5fd9536df434b4ee0a
user13	1009	239	1271993368411	0	0	8b659dc1ac5fd9536df434b4ee0a
user13	1009	242	1271993368419	0	0	8b659dc1ac5fd9536df434b4ee0a
user13	1010	244	1271993368427	0	0	8b659dc1ac5fd9536df434b4ee0a
user13	1012	246	1271993368435	0	0	8b659dc1ac5fd9536df434b4ee0a
user13	1012	249	1271993368443	0	0	8b659dc1ac5fd9536df434b4ee0a
user13	1012	250	1271993368451	0	0	8b659dc1ac5fd9536df434b4ee0a
user13	1012	251	1271993368467	0	0	8b659dc1ac5fd9536df434b4ee0a
user13	1012	252	1271993368499	0	0	8b659dc1ac5fd9536df434b4ee0a
user13	1010	252	1271993368507	0	0	8b659dc1ac5fd9536df434b4ee0a
user13	1009	251	1271993368523	0	0	8b659dc1ac5fd9536df434b4ee0a
user13	1009	250	1271993368532	0	0	8b659dc1ac5fd9536df434b4ee0a
user13	1008	250	1271993368539	0	0	8b659dc1ac5fd9536df434b4ee0a
user13	1007	249	1271993368547	0	0	8b659dc1ac5fd9536df434b4ee0a
user13	1006	248	1271993368555	0	0	8b659dc1ac5fd9536df434b4ee0a
user13	1003	244	1271993368563	0	0	8b659dc1ac5fd9536df434b4ee0a
user13	1002	240	1271993368571	0	0	8b659dc1ac5fd9536df434b4ee0a
user13	998	234	1271993368579	0	0	8b659dc1ac5fd9536df434b4ee0a
user13	994	227	1271993368587	0	0	8b659dc1ac5fd9536df434b4ee0a
user13	990	221	1271993368595	0	0	8b659dc1ac5fd9536df434b4ee0a
user13	986	214	1271993368603	0	0	8b659dc1ac5fd9536df434b4ee0a
user13	985	210	1271993368611	0	0	8b659dc1ac5fd9536df434b4ee0a
user13	983	206	1271993368619	0	0	8b659dc1ac5fd9536df434b4ee0a
user13	982	203	1271993368627	0	0	8b659dc1ac5fd9536df434b4ee0a
user13	981	200	1271993368635	0	0	8b659dc1ac5fd9536df434b4ee0a
user13	981	197	1271993368643	0	0	8b659dc1ac5fd9536df434b4ee0a
user13	981	193	1271993368651	0	0	8b659dc1ac5fd9536df434b4ee0a
user13	981	190	1271993368659	0	0	8b659dc1ac5fd9536df434b4ee0a
user13	981	186	1271993368667	0	0	8b659dc1ac5fd9536df434b4ee0a
user13	981	184	1271993368675	0	0	8b659dc1ac5fd9536df434b4ee0a
user13	982	183	1271993368683	0	0	8b659dc1ac5fd9536df434b4ee0a
user13	984	179	1271993368691	0	0	8b659dc1ac5fd9536df434b4ee0a
user13	984	177	1271993368699	0	0	8b659dc1ac5fd9536df434b4ee0a
user13	985	176	1271993368707	0	0	8b659dc1ac5fd9536df434b4ee0a
user13	986	175	1271993368715	0	0	8b659dc1ac5fd9536df434b4ee0a
user13	986	173	1271993368731	0	0	8b659dc1ac5fd9536df434b4ee0a
user13	986	172	1271993368755	0	0	8b659dc1ac5fd9536df434b4ee0a
user13	986	171	1271993368771	0	0	8b659dc1ac5fd9536df434b4ee0a
user13	987	171	1271993368779	0	0	8b659dc1ac5fd9536df434b4ee0a
user13	987	169	1271993368787	0	0	8b659dc1ac5fd9536df434b4ee0a
user13	987	168	1271993368811	0	0	8b659dc1ac5fd9536df434b4ee0a
user13	987	167	1271993368859	0	0	8b659dc1ac5fd9536df434b4ee0a
user13	987	166	1271993368875	0	0	8b659dc1ac5fd9536df434b4ee0a
user13	987	166	1271993369059	1271993368940	1271993369059	8b659dc1ac5fd9536df434b4ee0a
user13	988	166	1271993371899	0	0	8b659dc1ac5fd9536df434b4ee0a
user13	995	161	1271993371907	0	0	8b659dc1ac5fd9536df434b4ee0a
user13	1008	152	1271993371915	0	0	8b659dc1ac5fd9536df434b4ee0a
user13	1021	147	1271993371923	0	0	8b659dc1ac5fd9536df434b4ee0a
user13	1033	143	1271993371932	0	0	8b659dc1ac5fd9536df434b4ee0a
user13	1047	140	1271993371940	0	0	8b659dc1ac5fd9536df434b4ee0a
user13	1060	137	1271993371948	0	0	8b659dc1ac5fd9536df434b4ee0a
user13	1069	137	1271993371956	0	0	8b659dc1ac5fd9536df434b4ee0a
user13	1072	144	1271993371964	0	0	8b659dc1ac5fd9536df434b4ee0a
user13	1069	152	1271993371972	0	0	8b659dc1ac5fd9536df434b4ee0a
user13	1064	163	1271993371980	0	0	8b659dc1ac5fd9536df434b4ee0a
user13	1056	174	1271993371988	0	0	8b659dc1ac5fd9536df434b4ee0a
user13	1047	183	1271993371996	0	0	8b659dc1ac5fd9536df434b4ee0a
user13	1040	192	1271993372004	0	0	8b659dc1ac5fd9536df434b4ee0a
user13	1033	199	1271993372011	0	0	8b659dc1ac5fd9536df434b4ee0a
user13	1027	209	1271993372020	0	0	8b659dc1ac5fd9536df434b4ee0a
user13	1021	217	1271993372028	0	0	8b659dc1ac5fd9536df434b4ee0a
user13	1014	227	1271993372036	0	0	8b659dc1ac5fd9536df434b4ee0a
user13	1007	236	1271993372044	0	0	8b659dc1ac5fd9536df434b4ee0a
user13	999	244	1271993372051	0	0	8b659dc1ac5fd9536df434b4ee0a
user13	991	250	1271993372059	0	0	8b659dc1ac5fd9536df434b4ee0a
user13	983	256	1271993372067	0	0	8b659dc1ac5fd9536df434b4ee0a
user13	978	261	1271993372076	0	0	8b659dc1ac5fd9536df434b4ee0a
user13	971	266	1271993372084	0	0	8b659dc1ac5fd9536df434b4ee0a
user13	965	271	1271993372092	0	0	8b659dc1ac5fd9536df434b4ee0a
user13	960	275	1271993372100	0	0	8b659dc1ac5fd9536df434b4ee0a
user13	955	280	1271993372108	0	0	8b659dc1ac5fd9536df434b4ee0a
user13	954	281	1271993372116	0	0	8b659dc1ac5fd9536df434b4ee0a
user13	952	283	1271993372123	0	0	8b659dc1ac5fd9536df434b4ee0a
user13	951	283	1271993372139	0	0	8b659dc1ac5fd9536df434b4ee0a
user13	951	283	1271993372459	1271993372355	1271993372459	8b659dc1ac5fd9536df434b4ee0a
user13	678	18	1271993383684	0	0	8b659dc1ac5fd9536df434b4ee0a
user13	670	54	1271993383701	0	0	8b659dc1ac5fd9536df434b4ee0a
user13	666	70	1271993383707	0	0	8b659dc1ac5fd9536df434b4ee0a
user13	661	87	1271993383715	0	0	8b659dc1ac5fd9536df434b4ee0a
user13	655	109	1271993383723	0	0	8b659dc1ac5fd9536df434b4ee0a
user13	652	121	1271993383731	0	0	8b659dc1ac5fd9536df434b4ee0a
user13	649	129	1271993383739	0	0	8b659dc1ac5fd9536df434b4ee0a
user13	646	136	1271993383747	0	0	8b659dc1ac5fd9536df434b4ee0a
user13	643	144	1271993383755	0	0	8b659dc1ac5fd9536df434b4ee0a
user13	641	145	1271993383763	0	0	8b659dc1ac5fd9536df434b4ee0a
user13	638	147	1271993383771	0	0	8b659dc1ac5fd9536df434b4ee0a
user13	637	149	1271993383779	0	0	8b659dc1ac5fd9536df434b4ee0a
user13	636	149	1271993383811	0	0	8b659dc1ac5fd9536df434b4ee0a
user13	635	149	1271993383915	0	0	8b659dc1ac5fd9536df434b4ee0a
user13	632	152	1271993383923	0	0	8b659dc1ac5fd9536df434b4ee0a
user13	630	153	1271993383931	0	0	8b659dc1ac5fd9536df434b4ee0a
user13	627	156	1271993383939	0	0	8b659dc1ac5fd9536df434b4ee0a
user13	625	158	1271993383947	0	0	8b659dc1ac5fd9536df434b4ee0a
user13	623	162	1271993383955	0	0	8b659dc1ac5fd9536df434b4ee0a
user13	621	164	1271993383963	0	0	8b659dc1ac5fd9536df434b4ee0a
user13	620	166	1271993383971	0	0	8b659dc1ac5fd9536df434b4ee0a
user13	618	167	1271993383979	0	0	8b659dc1ac5fd9536df434b4ee0a
user13	616	169	1271993383987	0	0	8b659dc1ac5fd9536df434b4ee0a
user13	613	172	1271993383995	0	0	8b659dc1ac5fd9536df434b4ee0a
user13	608	175	1271993384003	0	0	8b659dc1ac5fd9536df434b4ee0a
user13	604	178	1271993384011	0	0	8b659dc1ac5fd9536df434b4ee0a
user13	600	180	1271993384019	0	0	8b659dc1ac5fd9536df434b4ee0a
user13	595	185	1271993384027	0	0	8b659dc1ac5fd9536df434b4ee0a
user13	592	187	1271993384035	0	0	8b659dc1ac5fd9536df434b4ee0a
user13	589	188	1271993384043	0	0	8b659dc1ac5fd9536df434b4ee0a
user13	588	189	1271993384051	0	0	8b659dc1ac5fd9536df434b4ee0a
user13	586	191	1271993384059	0	0	8b659dc1ac5fd9536df434b4ee0a
user13	584	191	1271993384067	0	0	8b659dc1ac5fd9536df434b4ee0a
user13	583	192	1271993384075	0	0	8b659dc1ac5fd9536df434b4ee0a
user13	582	193	1271993384083	0	0	8b659dc1ac5fd9536df434b4ee0a
user13	581	193	1271993384091	0	0	8b659dc1ac5fd9536df434b4ee0a
user13	580	193	1271993384155	0	0	8b659dc1ac5fd9536df434b4ee0a
user13	580	191	1271993384163	0	0	8b659dc1ac5fd9536df434b4ee0a
user13	580	191	1271993384316	1271993384211	1271993384316	8b659dc1ac5fd9536df434b4ee0a
user13	580	190	1271993384331	0	0	8b659dc1ac5fd9536df434b4ee0a
user13	580	189	1271993384339	0	0	8b659dc1ac5fd9536df434b4ee0a
user13	580	188	1271993384347	0	0	8b659dc1ac5fd9536df434b4ee0a
user13	580	187	1271993384355	0	0	8b659dc1ac5fd9536df434b4ee0a
user13	580	186	1271993384363	0	0	8b659dc1ac5fd9536df434b4ee0a
user13	581	186	1271993390787	0	0	8b659dc1ac5fd9536df434b4ee0a
user13	582	187	1271993390795	0	0	8b659dc1ac5fd9536df434b4ee0a
user13	584	188	1271993390803	0	0	8b659dc1ac5fd9536df434b4ee0a
user13	585	187	1271993390979	0	0	8b659dc1ac5fd9536df434b4ee0a
user13	585	186	1271993390987	0	0	8b659dc1ac5fd9536df434b4ee0a
user13	589	182	1271993390995	0	0	8b659dc1ac5fd9536df434b4ee0a
user13	591	182	1271993391003	0	0	8b659dc1ac5fd9536df434b4ee0a
user13	595	181	1271993391011	0	0	8b659dc1ac5fd9536df434b4ee0a
user13	600	181	1271993391019	0	0	8b659dc1ac5fd9536df434b4ee0a
user13	607	181	1271993391027	0	0	8b659dc1ac5fd9536df434b4ee0a
user13	612	181	1271993391035	0	0	8b659dc1ac5fd9536df434b4ee0a
user13	620	187	1271993391043	0	0	8b659dc1ac5fd9536df434b4ee0a
user13	625	194	1271993391051	0	0	8b659dc1ac5fd9536df434b4ee0a
user13	629	200	1271993391059	0	0	8b659dc1ac5fd9536df434b4ee0a
user13	634	210	1271993391067	0	0	8b659dc1ac5fd9536df434b4ee0a
user13	636	214	1271993391075	0	0	8b659dc1ac5fd9536df434b4ee0a
user13	637	221	1271993391083	0	0	8b659dc1ac5fd9536df434b4ee0a
user13	637	224	1271993391091	0	0	8b659dc1ac5fd9536df434b4ee0a
user13	637	231	1271993391099	0	0	8b659dc1ac5fd9536df434b4ee0a
user13	638	234	1271993391107	0	0	8b659dc1ac5fd9536df434b4ee0a
user13	637	240	1271993391116	0	0	8b659dc1ac5fd9536df434b4ee0a
user13	636	243	1271993391123	0	0	8b659dc1ac5fd9536df434b4ee0a
user13	635	245	1271993391131	0	0	8b659dc1ac5fd9536df434b4ee0a
user13	634	246	1271993391139	0	0	8b659dc1ac5fd9536df434b4ee0a
user13	633	248	1271993391147	0	0	8b659dc1ac5fd9536df434b4ee0a
user13	633	249	1271993391283	0	0	8b659dc1ac5fd9536df434b4ee0a
user13	633	249	1271993391539	1271993391436	1271993391539	8b659dc1ac5fd9536df434b4ee0a
