User	X	Y	MouseTimeStamp	MouseDownTimeStamp	MouseUpTimeStamp	SessionID
user10	167	90	1273709759472	0	0	f047dec16b4dba38dc31a6168f13
user10	180	103	1273709759490	0	0	f047dec16b4dba38dc31a6168f13
user10	254	142	1273709759532	0	0	f047dec16b4dba38dc31a6168f13
user10	279	155	1273709759536	0	0	f047dec16b4dba38dc31a6168f13
user10	303	165	1273709759545	0	0	f047dec16b4dba38dc31a6168f13
user10	326	176	1273709759551	0	0	f047dec16b4dba38dc31a6168f13
user10	348	187	1273709759560	0	0	f047dec16b4dba38dc31a6168f13
user10	378	201	1273709759571	0	0	f047dec16b4dba38dc31a6168f13
user10	406	215	1273709759578	0	0	f047dec16b4dba38dc31a6168f13
user10	434	228	1273709759585	0	0	f047dec16b4dba38dc31a6168f13
user10	456	237	1273709759597	0	0	f047dec16b4dba38dc31a6168f13
user10	469	243	1273709759599	0	0	f047dec16b4dba38dc31a6168f13
user10	483	245	1273709759607	0	0	f047dec16b4dba38dc31a6168f13
user10	494	245	1273709759615	0	0	f047dec16b4dba38dc31a6168f13
user10	499	245	1273709759628	0	0	f047dec16b4dba38dc31a6168f13
user10	505	249	1273709759895	0	0	f047dec16b4dba38dc31a6168f13
user10	513	251	1273709759903	0	0	f047dec16b4dba38dc31a6168f13
user10	522	252	1273709759912	0	0	f047dec16b4dba38dc31a6168f13
user10	531	255	1273709759919	0	0	f047dec16b4dba38dc31a6168f13
user10	547	256	1273709759930	0	0	f047dec16b4dba38dc31a6168f13
user10	593	260	1273709759947	0	0	f047dec16b4dba38dc31a6168f13
user10	617	260	1273709759954	0	0	f047dec16b4dba38dc31a6168f13
user10	643	260	1273709759964	0	0	f047dec16b4dba38dc31a6168f13
user10	702	262	1273709759977	0	0	f047dec16b4dba38dc31a6168f13
user10	725	262	1273709759985	0	0	f047dec16b4dba38dc31a6168f13
user10	749	262	1273709759992	0	0	f047dec16b4dba38dc31a6168f13
user10	770	262	1273709760002	0	0	f047dec16b4dba38dc31a6168f13
user10	792	259	1273709760010	0	0	f047dec16b4dba38dc31a6168f13
user10	807	255	1273709760015	0	0	f047dec16b4dba38dc31a6168f13
user10	821	254	1273709760026	0	0	f047dec16b4dba38dc31a6168f13
user10	834	253	1273709760031	0	0	f047dec16b4dba38dc31a6168f13
user10	849	251	1273709760039	0	0	f047dec16b4dba38dc31a6168f13
user10	858	249	1273709760047	0	0	f047dec16b4dba38dc31a6168f13
user10	869	247	1273709760055	0	0	f047dec16b4dba38dc31a6168f13
user10	877	245	1273709760064	0	0	f047dec16b4dba38dc31a6168f13
user10	886	243	1273709760071	0	0	f047dec16b4dba38dc31a6168f13
user10	893	240	1273709760079	0	0	f047dec16b4dba38dc31a6168f13
user10	899	237	1273709760088	0	0	f047dec16b4dba38dc31a6168f13
user10	902	235	1273709760098	0	0	f047dec16b4dba38dc31a6168f13
user10	905	232	1273709760106	0	0	f047dec16b4dba38dc31a6168f13
user10	909	228	1273709760112	0	0	f047dec16b4dba38dc31a6168f13
user10	911	225	1273709760121	0	0	f047dec16b4dba38dc31a6168f13
user10	912	223	1273709760128	0	0	f047dec16b4dba38dc31a6168f13
user10	912	222	1273709760135	0	0	f047dec16b4dba38dc31a6168f13
user10	912	221	1273709760143	0	0	f047dec16b4dba38dc31a6168f13
user10	913	220	1273709760151	0	0	f047dec16b4dba38dc31a6168f13
user10	913	219	1273709760159	0	0	f047dec16b4dba38dc31a6168f13
user10	913	217	1273709760167	0	0	f047dec16b4dba38dc31a6168f13
user10	913	215	1273709760176	0	0	f047dec16b4dba38dc31a6168f13
user10	913	212	1273709760184	0	0	f047dec16b4dba38dc31a6168f13
user10	913	210	1273709760191	0	0	f047dec16b4dba38dc31a6168f13
user10	913	208	1273709760199	0	0	f047dec16b4dba38dc31a6168f13
user10	913	206	1273709760207	0	0	f047dec16b4dba38dc31a6168f13
user10	913	205	1273709760216	0	0	f047dec16b4dba38dc31a6168f13
user10	913	204	1273709760223	0	0	f047dec16b4dba38dc31a6168f13
user10	912	204	1273709760231	0	0	f047dec16b4dba38dc31a6168f13
user10	912	203	1273709760239	0	0	f047dec16b4dba38dc31a6168f13
user10	912	202	1273709760247	0	0	f047dec16b4dba38dc31a6168f13
user10	911	202	1273709760255	0	0	f047dec16b4dba38dc31a6168f13
user10	911	201	1273709760263	0	0	f047dec16b4dba38dc31a6168f13
user10	911	200	1273709760279	0	0	f047dec16b4dba38dc31a6168f13
user10	911	199	1273709760319	0	0	f047dec16b4dba38dc31a6168f13
user10	911	198	1273709760327	0	0	f047dec16b4dba38dc31a6168f13
user10	911	196	1273709760343	0	0	f047dec16b4dba38dc31a6168f13
user10	911	194	1273709760351	0	0	f047dec16b4dba38dc31a6168f13
user10	910	192	1273709760361	0	0	f047dec16b4dba38dc31a6168f13
user10	910	190	1273709760368	0	0	f047dec16b4dba38dc31a6168f13
user10	910	187	1273709760375	0	0	f047dec16b4dba38dc31a6168f13
user10	910	185	1273709760383	0	0	f047dec16b4dba38dc31a6168f13
user10	910	183	1273709760392	0	0	f047dec16b4dba38dc31a6168f13
user10	909	181	1273709760399	0	0	f047dec16b4dba38dc31a6168f13
user10	909	180	1273709760415	0	0	f047dec16b4dba38dc31a6168f13
user10	909	179	1273709760423	0	0	f047dec16b4dba38dc31a6168f13
user10	909	178	1273709760431	0	0	f047dec16b4dba38dc31a6168f13
user10	909	177	1273709760439	0	0	f047dec16b4dba38dc31a6168f13
user10	909	177	1273709760577	1273709760471	1273709760577	f047dec16b4dba38dc31a6168f13
user10	909	175	1273709760623	0	0	f047dec16b4dba38dc31a6168f13
user10	910	174	1273709760639	0	0	f047dec16b4dba38dc31a6168f13
user10	910	173	1273709760647	0	0	f047dec16b4dba38dc31a6168f13
user10	912	173	1273709766311	0	0	f047dec16b4dba38dc31a6168f13
user10	915	175	1273709766320	0	0	f047dec16b4dba38dc31a6168f13
user10	918	178	1273709766333	0	0	f047dec16b4dba38dc31a6168f13
user10	923	180	1273709766336	0	0	f047dec16b4dba38dc31a6168f13
user10	927	185	1273709766348	0	0	f047dec16b4dba38dc31a6168f13
user10	934	191	1273709766351	0	0	f047dec16b4dba38dc31a6168f13
user10	942	198	1273709766365	0	0	f047dec16b4dba38dc31a6168f13
user10	948	204	1273709766369	0	0	f047dec16b4dba38dc31a6168f13
user10	955	211	1273709766378	0	0	f047dec16b4dba38dc31a6168f13
user10	961	217	1273709766392	0	0	f047dec16b4dba38dc31a6168f13
user10	966	223	1273709766398	0	0	f047dec16b4dba38dc31a6168f13
user10	970	228	1273709766402	0	0	f047dec16b4dba38dc31a6168f13
user10	972	233	1273709766411	0	0	f047dec16b4dba38dc31a6168f13
user10	973	236	1273709766417	0	0	f047dec16b4dba38dc31a6168f13
user10	974	239	1273709766426	0	0	f047dec16b4dba38dc31a6168f13
user10	974	241	1273709766435	0	0	f047dec16b4dba38dc31a6168f13
user10	974	243	1273709766444	0	0	f047dec16b4dba38dc31a6168f13
user10	973	245	1273709766448	0	0	f047dec16b4dba38dc31a6168f13
user10	972	247	1273709766457	0	0	f047dec16b4dba38dc31a6168f13
user10	971	248	1273709766471	0	0	f047dec16b4dba38dc31a6168f13
user10	970	249	1273709766485	0	0	f047dec16b4dba38dc31a6168f13
user10	969	250	1273709766488	0	0	f047dec16b4dba38dc31a6168f13
user10	968	251	1273709766495	0	0	f047dec16b4dba38dc31a6168f13
user10	966	255	1273709766512	0	0	f047dec16b4dba38dc31a6168f13
user10	965	259	1273709766519	0	0	f047dec16b4dba38dc31a6168f13
user10	964	262	1273709766532	0	0	f047dec16b4dba38dc31a6168f13
user10	963	267	1273709766541	0	0	f047dec16b4dba38dc31a6168f13
user10	963	271	1273709766544	0	0	f047dec16b4dba38dc31a6168f13
user10	963	273	1273709766553	0	0	f047dec16b4dba38dc31a6168f13
user10	965	278	1273709766575	0	0	f047dec16b4dba38dc31a6168f13
user10	967	280	1273709766587	0	0	f047dec16b4dba38dc31a6168f13
user10	968	283	1273709766594	0	0	f047dec16b4dba38dc31a6168f13
user10	969	286	1273709766599	0	0	f047dec16b4dba38dc31a6168f13
user10	971	289	1273709766607	0	0	f047dec16b4dba38dc31a6168f13
user10	972	291	1273709766616	0	0	f047dec16b4dba38dc31a6168f13
user10	973	291	1273709766623	0	0	f047dec16b4dba38dc31a6168f13
user10	974	293	1273709766632	0	0	f047dec16b4dba38dc31a6168f13
user10	975	294	1273709766640	0	0	f047dec16b4dba38dc31a6168f13
user10	976	294	1273709766647	0	0	f047dec16b4dba38dc31a6168f13
user10	977	293	1273709766720	0	0	f047dec16b4dba38dc31a6168f13
user10	977	292	1273709766727	0	0	f047dec16b4dba38dc31a6168f13
user10	977	290	1273709766744	0	0	f047dec16b4dba38dc31a6168f13
user10	977	289	1273709766752	0	0	f047dec16b4dba38dc31a6168f13
user10	977	286	1273709766759	0	0	f047dec16b4dba38dc31a6168f13
user10	978	285	1273709766767	0	0	f047dec16b4dba38dc31a6168f13
user10	978	283	1273709766783	0	0	f047dec16b4dba38dc31a6168f13
user10	978	282	1273709766807	0	0	f047dec16b4dba38dc31a6168f13
user10	978	282	1273709766951	1273709766863	1273709766951	f047dec16b4dba38dc31a6168f13
user10	701	341	1273709771537	0	0	f047dec16b4dba38dc31a6168f13
user10	752	305	1273709771581	0	0	f047dec16b4dba38dc31a6168f13
user10	757	304	1273709771586	0	0	f047dec16b4dba38dc31a6168f13
user10	762	304	1273709771613	0	0	f047dec16b4dba38dc31a6168f13
user10	762	305	1273709771776	0	0	f047dec16b4dba38dc31a6168f13
user10	767	307	1273709771798	0	0	f047dec16b4dba38dc31a6168f13
user10	772	309	1273709771800	0	0	f047dec16b4dba38dc31a6168f13
user10	775	309	1273709771807	0	0	f047dec16b4dba38dc31a6168f13
user10	796	309	1273709771838	0	0	f047dec16b4dba38dc31a6168f13
user10	809	309	1273709771840	0	0	f047dec16b4dba38dc31a6168f13
user10	837	313	1273709771860	0	0	f047dec16b4dba38dc31a6168f13
user10	917	322	1273709771909	0	0	f047dec16b4dba38dc31a6168f13
user10	924	322	1273709771911	0	0	f047dec16b4dba38dc31a6168f13
user10	938	322	1273709771939	0	0	f047dec16b4dba38dc31a6168f13
user10	940	316	1273709771970	0	0	f047dec16b4dba38dc31a6168f13
user10	942	316	1273709772230	0	0	f047dec16b4dba38dc31a6168f13
user10	947	316	1273709772260	0	0	f047dec16b4dba38dc31a6168f13
user10	946	316	1273709772295	0	0	f047dec16b4dba38dc31a6168f13
user10	944	317	1273709772327	0	0	f047dec16b4dba38dc31a6168f13
user10	943	317	1273709772361	0	0	f047dec16b4dba38dc31a6168f13
user10	942	317	1273709772406	0	0	f047dec16b4dba38dc31a6168f13
user10	942	317	1273709773048	0	0	f047dec16b4dba38dc31a6168f13
user10	942	317	1273709773095	1273709773039	1273709773095	f047dec16b4dba38dc31a6168f13
user10	940	317	1273709773182	0	0	f047dec16b4dba38dc31a6168f13
user10	929	314	1273709773210	0	0	f047dec16b4dba38dc31a6168f13
user10	923	312	1273709773215	0	0	f047dec16b4dba38dc31a6168f13
user10	882	309	1273709773249	0	0	f047dec16b4dba38dc31a6168f13
user10	826	302	1273709773284	0	0	f047dec16b4dba38dc31a6168f13
user10	779	296	1273709773311	0	0	f047dec16b4dba38dc31a6168f13
user10	751	294	1273709773336	0	0	f047dec16b4dba38dc31a6168f13
user10	739	294	1273709773357	0	0	f047dec16b4dba38dc31a6168f13
user10	732	294	1273709773359	0	0	f047dec16b4dba38dc31a6168f13
user10	720	294	1273709773387	0	0	f047dec16b4dba38dc31a6168f13
user10	711	293	1273709773413	0	0	f047dec16b4dba38dc31a6168f13
user10	708	293	1273709773415	0	0	f047dec16b4dba38dc31a6168f13
user10	704	293	1273709773435	0	0	f047dec16b4dba38dc31a6168f13
user10	694	295	1273709773468	0	0	f047dec16b4dba38dc31a6168f13
user10	693	295	1273709773472	0	0	f047dec16b4dba38dc31a6168f13
user10	688	296	1273709773499	0	0	f047dec16b4dba38dc31a6168f13
user10	687	297	1273709773504	0	0	f047dec16b4dba38dc31a6168f13
user10	686	297	1273709773511	0	0	f047dec16b4dba38dc31a6168f13
user10	685	297	1273709773544	0	0	f047dec16b4dba38dc31a6168f13
user10	684	297	1273709774366	0	0	f047dec16b4dba38dc31a6168f13
user10	671	288	1273709774391	0	0	f047dec16b4dba38dc31a6168f13
user10	648	268	1273709774425	0	0	f047dec16b4dba38dc31a6168f13
user10	615	229	1273709774467	0	0	f047dec16b4dba38dc31a6168f13
user10	612	221	1273709774472	0	0	f047dec16b4dba38dc31a6168f13
user10	601	185	1273709774507	0	0	f047dec16b4dba38dc31a6168f13
user10	600	177	1273709774514	0	0	f047dec16b4dba38dc31a6168f13
user10	595	140	1273709774556	0	0	f047dec16b4dba38dc31a6168f13
user10	594	115	1273709774602	0	0	f047dec16b4dba38dc31a6168f13
user10	594	111	1273709774604	0	0	f047dec16b4dba38dc31a6168f13
user10	594	108	1273709774607	0	0	f047dec16b4dba38dc31a6168f13
user10	593	102	1273709774628	0	0	f047dec16b4dba38dc31a6168f13
user10	593	100	1273709774634	0	0	f047dec16b4dba38dc31a6168f13
user10	592	95	1273709774654	0	0	f047dec16b4dba38dc31a6168f13
user10	592	92	1273709774675	0	0	f047dec16b4dba38dc31a6168f13
user10	595	75	1273709774716	0	0	f047dec16b4dba38dc31a6168f13
user10	595	71	1273709774718	0	0	f047dec16b4dba38dc31a6168f13
user10	596	64	1273709774744	0	0	f047dec16b4dba38dc31a6168f13
user10	596	61	1273709774751	0	0	f047dec16b4dba38dc31a6168f13
user10	594	56	1273709774793	0	0	f047dec16b4dba38dc31a6168f13
user10	593	54	1273709774836	0	0	f047dec16b4dba38dc31a6168f13
user10	593	53	1273709774879	0	0	f047dec16b4dba38dc31a6168f13
user10	593	53	1273709775031	1273709774918	1273709775031	f047dec16b4dba38dc31a6168f13
user10	579	398	1273709780689	0	0	f047dec16b4dba38dc31a6168f13
user10	577	389	1273709780694	0	0	f047dec16b4dba38dc31a6168f13
user10	570	370	1273709780718	0	0	f047dec16b4dba38dc31a6168f13
user10	570	366	1273709780721	0	0	f047dec16b4dba38dc31a6168f13
user10	567	333	1273709780744	0	0	f047dec16b4dba38dc31a6168f13
user10	567	314	1273709780767	0	0	f047dec16b4dba38dc31a6168f13
user10	564	296	1273709780776	0	0	f047dec16b4dba38dc31a6168f13
user10	562	282	1273709780793	0	0	f047dec16b4dba38dc31a6168f13
user10	560	273	1273709780811	0	0	f047dec16b4dba38dc31a6168f13
user10	559	263	1273709780831	0	0	f047dec16b4dba38dc31a6168f13
user10	559	261	1273709780841	0	0	f047dec16b4dba38dc31a6168f13
user10	559	256	1273709780857	0	0	f047dec16b4dba38dc31a6168f13
user10	558	253	1273709780875	0	0	f047dec16b4dba38dc31a6168f13
user10	553	252	1273709780897	0	0	f047dec16b4dba38dc31a6168f13
user10	553	251	1273709780920	0	0	f047dec16b4dba38dc31a6168f13
user10	553	251	1273709781147	0	0	f047dec16b4dba38dc31a6168f13
user10	556	240	1273709781177	0	0	f047dec16b4dba38dc31a6168f13
user10	557	224	1273709781206	0	0	f047dec16b4dba38dc31a6168f13
user10	557	216	1273709781208	0	0	f047dec16b4dba38dc31a6168f13
user10	557	194	1273709781235	0	0	f047dec16b4dba38dc31a6168f13
user10	558	169	1273709781260	0	0	f047dec16b4dba38dc31a6168f13
user10	558	159	1273709781263	0	0	f047dec16b4dba38dc31a6168f13
user10	558	125	1273709781294	0	0	f047dec16b4dba38dc31a6168f13
user10	553	101	1273709781319	0	0	f047dec16b4dba38dc31a6168f13
user10	548	88	1273709781344	0	0	f047dec16b4dba38dc31a6168f13
user10	542	81	1273709781365	0	0	f047dec16b4dba38dc31a6168f13
user10	540	78	1273709781367	0	0	f047dec16b4dba38dc31a6168f13
user10	538	73	1273709781387	0	0	f047dec16b4dba38dc31a6168f13
user10	536	68	1273709781404	0	0	f047dec16b4dba38dc31a6168f13
user10	535	67	1273709781410	0	0	f047dec16b4dba38dc31a6168f13
user10	533	62	1273709781433	0	0	f047dec16b4dba38dc31a6168f13
user10	530	60	1273709781457	0	0	f047dec16b4dba38dc31a6168f13
user10	527	60	1273709781480	0	0	f047dec16b4dba38dc31a6168f13
user10	524	60	1273709781501	0	0	f047dec16b4dba38dc31a6168f13
user10	523	60	1273709781503	0	0	f047dec16b4dba38dc31a6168f13
user10	520	58	1273709781528	0	0	f047dec16b4dba38dc31a6168f13
user10	516	55	1273709781551	0	0	f047dec16b4dba38dc31a6168f13
user10	516	54	1273709781580	0	0	f047dec16b4dba38dc31a6168f13
user10	515	54	1273709781584	0	0	f047dec16b4dba38dc31a6168f13
user10	515	54	1273709781694	1273709781614	1273709781694	f047dec16b4dba38dc31a6168f13
user10	593	50	1273709782781	0	0	f047dec16b4dba38dc31a6168f13
user10	593	50	1273709782811	0	0	f047dec16b4dba38dc31a6168f13
user10	592	51	1273709783102	0	0	f047dec16b4dba38dc31a6168f13
user10	590	54	1273709783124	0	0	f047dec16b4dba38dc31a6168f13
user10	590	57	1273709783126	0	0	f047dec16b4dba38dc31a6168f13
user10	589	64	1273709783154	0	0	f047dec16b4dba38dc31a6168f13
user10	590	106	1273709783193	0	0	f047dec16b4dba38dc31a6168f13
user10	599	145	1273709783224	0	0	f047dec16b4dba38dc31a6168f13
user10	605	165	1273709783262	0	0	f047dec16b4dba38dc31a6168f13
user10	605	167	1273709783291	0	0	f047dec16b4dba38dc31a6168f13
user10	605	168	1273709783314	0	0	f047dec16b4dba38dc31a6168f13
user10	606	170	1273709783336	0	0	f047dec16b4dba38dc31a6168f13
user10	607	172	1273709783360	0	0	f047dec16b4dba38dc31a6168f13
user10	609	176	1273709783385	0	0	f047dec16b4dba38dc31a6168f13
user10	613	180	1273709783418	0	0	f047dec16b4dba38dc31a6168f13
user10	621	189	1273709783447	0	0	f047dec16b4dba38dc31a6168f13
user10	622	189	1273709783466	0	0	f047dec16b4dba38dc31a6168f13
user10	623	187	1273709783491	0	0	f047dec16b4dba38dc31a6168f13
user10	623	185	1273709783494	0	0	f047dec16b4dba38dc31a6168f13
user10	626	178	1273709783523	0	0	f047dec16b4dba38dc31a6168f13
user10	626	171	1273709783542	0	0	f047dec16b4dba38dc31a6168f13
user10	626	167	1273709783566	0	0	f047dec16b4dba38dc31a6168f13
user10	626	164	1273709783598	0	0	f047dec16b4dba38dc31a6168f13
user10	626	164	1273709783734	1273709783630	1273709783734	f047dec16b4dba38dc31a6168f13
user10	595	54	1273709784675	0	0	f047dec16b4dba38dc31a6168f13
user10	595	54	1273709784934	1273709784838	1273709784934	f047dec16b4dba38dc31a6168f13
user10	315	464	1273709787535	0	0	f047dec16b4dba38dc31a6168f13
user10	316	466	1273709787685	0	0	f047dec16b4dba38dc31a6168f13
user10	320	469	1273709787706	0	0	f047dec16b4dba38dc31a6168f13
user10	323	493	1273709787732	0	0	f047dec16b4dba38dc31a6168f13
user10	323	503	1273709787735	0	0	f047dec16b4dba38dc31a6168f13
user10	326	543	1273709787763	0	0	f047dec16b4dba38dc31a6168f13
user10	678	466	1273709793390	0	0	f047dec16b4dba38dc31a6168f13
user10	713	438	1273709793439	0	0	f047dec16b4dba38dc31a6168f13
user10	720	429	1273709793474	0	0	f047dec16b4dba38dc31a6168f13
user10	724	422	1273709793506	0	0	f047dec16b4dba38dc31a6168f13
user10	726	420	1273709793542	0	0	f047dec16b4dba38dc31a6168f13
user10	727	418	1273709793569	0	0	f047dec16b4dba38dc31a6168f13
user10	729	413	1273709793605	0	0	f047dec16b4dba38dc31a6168f13
user10	729	411	1273709793637	0	0	f047dec16b4dba38dc31a6168f13
user10	729	409	1273709793668	0	0	f047dec16b4dba38dc31a6168f13
user10	730	409	1273709793670	0	0	f047dec16b4dba38dc31a6168f13
user10	731	403	1273709793712	0	0	f047dec16b4dba38dc31a6168f13
user10	733	396	1273709793760	0	0	f047dec16b4dba38dc31a6168f13
user10	735	392	1273709793794	0	0	f047dec16b4dba38dc31a6168f13
user10	736	391	1273709793805	0	0	f047dec16b4dba38dc31a6168f13
user10	736	390	1273709793836	0	0	f047dec16b4dba38dc31a6168f13
user10	736	389	1273709793839	0	0	f047dec16b4dba38dc31a6168f13
user10	737	388	1273709793873	0	0	f047dec16b4dba38dc31a6168f13
user10	737	386	1273709793903	0	0	f047dec16b4dba38dc31a6168f13
user10	737	385	1273709793930	0	0	f047dec16b4dba38dc31a6168f13
user10	737	384	1273709793969	0	0	f047dec16b4dba38dc31a6168f13
user10	737	383	1273709794003	0	0	f047dec16b4dba38dc31a6168f13
user10	738	383	1273709794040	0	0	f047dec16b4dba38dc31a6168f13
user10	738	382	1273709794070	0	0	f047dec16b4dba38dc31a6168f13
user10	739	382	1273709796861	0	0	f047dec16b4dba38dc31a6168f13
user10	741	382	1273709796902	0	0	f047dec16b4dba38dc31a6168f13
user10	745	382	1273709796945	0	0	f047dec16b4dba38dc31a6168f13
user10	748	382	1273709796979	0	0	f047dec16b4dba38dc31a6168f13
user10	751	382	1273709797009	0	0	f047dec16b4dba38dc31a6168f13
user10	752	382	1273709797042	0	0	f047dec16b4dba38dc31a6168f13
user10	754	382	1273709797070	0	0	f047dec16b4dba38dc31a6168f13
user10	756	382	1273709797100	0	0	f047dec16b4dba38dc31a6168f13
user10	757	382	1273709797136	0	0	f047dec16b4dba38dc31a6168f13
user10	760	382	1273709797175	0	0	f047dec16b4dba38dc31a6168f13
user10	764	382	1273709797213	0	0	f047dec16b4dba38dc31a6168f13
user10	767	382	1273709797243	0	0	f047dec16b4dba38dc31a6168f13
user10	768	382	1273709797272	0	0	f047dec16b4dba38dc31a6168f13
user10	771	382	1273709797307	0	0	f047dec16b4dba38dc31a6168f13
user10	772	382	1273709797336	0	0	f047dec16b4dba38dc31a6168f13
user10	773	382	1273709797339	0	0	f047dec16b4dba38dc31a6168f13
user10	774	381	1273709797372	0	0	f047dec16b4dba38dc31a6168f13
user10	775	381	1273709797374	0	0	f047dec16b4dba38dc31a6168f13
user10	776	381	1273709797405	0	0	f047dec16b4dba38dc31a6168f13
user10	777	381	1273709797437	0	0	f047dec16b4dba38dc31a6168f13
user10	778	381	1273709797440	0	0	f047dec16b4dba38dc31a6168f13
user10	779	381	1273709797474	0	0	f047dec16b4dba38dc31a6168f13
user10	780	381	1273709797501	0	0	f047dec16b4dba38dc31a6168f13
user10	782	380	1273709797536	0	0	f047dec16b4dba38dc31a6168f13
user10	783	380	1273709797572	0	0	f047dec16b4dba38dc31a6168f13
user10	784	379	1273709797602	0	0	f047dec16b4dba38dc31a6168f13
user10	785	379	1273709797661	0	0	f047dec16b4dba38dc31a6168f13
user10	785	377	1273709802309	0	0	f047dec16b4dba38dc31a6168f13
user10	781	371	1273709802341	0	0	f047dec16b4dba38dc31a6168f13
user10	779	369	1273709802344	0	0	f047dec16b4dba38dc31a6168f13
user10	773	361	1273709802389	0	0	f047dec16b4dba38dc31a6168f13
user10	772	360	1273709802405	0	0	f047dec16b4dba38dc31a6168f13
user10	772	359	1273709802452	0	0	f047dec16b4dba38dc31a6168f13
user10	771	356	1273709802517	0	0	f047dec16b4dba38dc31a6168f13
user10	770	356	1273709802521	0	0	f047dec16b4dba38dc31a6168f13
user10	770	355	1273709802559	0	0	f047dec16b4dba38dc31a6168f13
user10	770	355	1273709804104	0	0	f047dec16b4dba38dc31a6168f13
user10	770	355	1273709804213	1273709804099	1273709804213	f047dec16b4dba38dc31a6168f13
user10	769	355	1273709804580	0	0	f047dec16b4dba38dc31a6168f13
user10	768	354	1273709804614	0	0	f047dec16b4dba38dc31a6168f13
user10	765	346	1273709804659	0	0	f047dec16b4dba38dc31a6168f13
user10	763	344	1273709804668	0	0	f047dec16b4dba38dc31a6168f13
user10	762	342	1273709804671	0	0	f047dec16b4dba38dc31a6168f13
user10	756	334	1273709804706	0	0	f047dec16b4dba38dc31a6168f13
user10	748	325	1273709804738	0	0	f047dec16b4dba38dc31a6168f13
user10	730	306	1273709804777	0	0	f047dec16b4dba38dc31a6168f13
user10	724	300	1273709804808	0	0	f047dec16b4dba38dc31a6168f13
user10	725	300	1273709806132	0	0	f047dec16b4dba38dc31a6168f13
user10	726	300	1273709806236	0	0	f047dec16b4dba38dc31a6168f13
user10	726	300	1273709806275	0	0	f047dec16b4dba38dc31a6168f13
user10	727	300	1273709806279	0	0	f047dec16b4dba38dc31a6168f13
user10	727	299	1273709806325	0	0	f047dec16b4dba38dc31a6168f13
user10	728	298	1273709806357	0	0	f047dec16b4dba38dc31a6168f13
user10	729	297	1273709806389	0	0	f047dec16b4dba38dc31a6168f13
user10	729	295	1273709806420	0	0	f047dec16b4dba38dc31a6168f13
user10	729	294	1273709806452	0	0	f047dec16b4dba38dc31a6168f13
user10	728	293	1273709806455	0	0	f047dec16b4dba38dc31a6168f13
user10	727	291	1273709806490	0	0	f047dec16b4dba38dc31a6168f13
user10	726	290	1273709806522	0	0	f047dec16b4dba38dc31a6168f13
user10	725	288	1273709806547	0	0	f047dec16b4dba38dc31a6168f13
user10	725	287	1273709806549	0	0	f047dec16b4dba38dc31a6168f13
user10	723	286	1273709806579	0	0	f047dec16b4dba38dc31a6168f13
user10	723	284	1273709806581	0	0	f047dec16b4dba38dc31a6168f13
user10	723	283	1273709806612	0	0	f047dec16b4dba38dc31a6168f13
user10	723	282	1273709806632	0	0	f047dec16b4dba38dc31a6168f13
user10	723	281	1273709806666	0	0	f047dec16b4dba38dc31a6168f13
user10	722	281	1273709806689	0	0	f047dec16b4dba38dc31a6168f13
user10	722	280	1273709806715	0	0	f047dec16b4dba38dc31a6168f13
user10	722	279	1273709806745	0	0	f047dec16b4dba38dc31a6168f13
user10	722	277	1273709806775	0	0	f047dec16b4dba38dc31a6168f13
user10	722	276	1273709806802	0	0	f047dec16b4dba38dc31a6168f13
user10	721	276	1273709806828	0	0	f047dec16b4dba38dc31a6168f13
user10	721	274	1273709806855	0	0	f047dec16b4dba38dc31a6168f13
user10	721	273	1273709806880	0	0	f047dec16b4dba38dc31a6168f13
user10	721	271	1273709806916	0	0	f047dec16b4dba38dc31a6168f13
user10	721	270	1273709806918	0	0	f047dec16b4dba38dc31a6168f13
user10	721	269	1273709806948	0	0	f047dec16b4dba38dc31a6168f13
user10	720	269	1273709806980	0	0	f047dec16b4dba38dc31a6168f13
user10	720	268	1273709807023	0	0	f047dec16b4dba38dc31a6168f13
user10	720	267	1273709807050	0	0	f047dec16b4dba38dc31a6168f13
user10	720	266	1273709807094	0	0	f047dec16b4dba38dc31a6168f13
user10	720	265	1273709807124	0	0	f047dec16b4dba38dc31a6168f13
user10	720	264	1273709807164	0	0	f047dec16b4dba38dc31a6168f13
user10	720	263	1273709807188	0	0	f047dec16b4dba38dc31a6168f13
user10	720	262	1273709807213	0	0	f047dec16b4dba38dc31a6168f13
user10	720	260	1273709807248	0	0	f047dec16b4dba38dc31a6168f13
user10	714	257	1273709807276	0	0	f047dec16b4dba38dc31a6168f13
user10	700	250	1273709807303	0	0	f047dec16b4dba38dc31a6168f13
user10	676	245	1273709807327	0	0	f047dec16b4dba38dc31a6168f13
user10	643	239	1273709807351	0	0	f047dec16b4dba38dc31a6168f13
user10	600	238	1273709807374	0	0	f047dec16b4dba38dc31a6168f13
user10	570	238	1273709807404	0	0	f047dec16b4dba38dc31a6168f13
user10	564	238	1273709807406	0	0	f047dec16b4dba38dc31a6168f13
user10	550	239	1273709807434	0	0	f047dec16b4dba38dc31a6168f13
user10	548	240	1273709807437	0	0	f047dec16b4dba38dc31a6168f13
user10	546	240	1273709807457	0	0	f047dec16b4dba38dc31a6168f13
user10	544	240	1273709807487	0	0	f047dec16b4dba38dc31a6168f13
user10	542	240	1273709807516	0	0	f047dec16b4dba38dc31a6168f13
user10	541	240	1273709807519	0	0	f047dec16b4dba38dc31a6168f13
user10	538	240	1273709807546	0	0	f047dec16b4dba38dc31a6168f13
user10	530	240	1273709807573	0	0	f047dec16b4dba38dc31a6168f13
user10	526	240	1273709807594	0	0	f047dec16b4dba38dc31a6168f13
user10	522	238	1273709807619	0	0	f047dec16b4dba38dc31a6168f13
user10	521	237	1273709807621	0	0	f047dec16b4dba38dc31a6168f13
user10	520	237	1273709807651	0	0	f047dec16b4dba38dc31a6168f13
user10	519	237	1273709807653	0	0	f047dec16b4dba38dc31a6168f13
user10	518	237	1273709807679	0	0	f047dec16b4dba38dc31a6168f13
user10	518	237	1273709807790	1273709807706	1273709807790	f047dec16b4dba38dc31a6168f13
user10	519	237	1273709807836	0	0	f047dec16b4dba38dc31a6168f13
user10	523	236	1273709807857	0	0	f047dec16b4dba38dc31a6168f13
user10	535	236	1273709807880	0	0	f047dec16b4dba38dc31a6168f13
user10	551	235	1273709807908	0	0	f047dec16b4dba38dc31a6168f13
user10	555	235	1273709807910	0	0	f047dec16b4dba38dc31a6168f13
user10	561	235	1273709807933	0	0	f047dec16b4dba38dc31a6168f13
user10	562	235	1273709807939	0	0	f047dec16b4dba38dc31a6168f13
user10	564	235	1273709807941	0	0	f047dec16b4dba38dc31a6168f13
user10	564	235	1273709807969	0	0	f047dec16b4dba38dc31a6168f13
user10	565	235	1273709808020	0	0	f047dec16b4dba38dc31a6168f13
user10	566	235	1273709808044	0	0	f047dec16b4dba38dc31a6168f13
user10	567	235	1273709808070	0	0	f047dec16b4dba38dc31a6168f13
user10	568	234	1273709808140	0	0	f047dec16b4dba38dc31a6168f13
user10	568	233	1273709808164	0	0	f047dec16b4dba38dc31a6168f13
user10	569	233	1273709808188	0	0	f047dec16b4dba38dc31a6168f13
user10	571	232	1273709808220	0	0	f047dec16b4dba38dc31a6168f13
user10	573	231	1273709808244	0	0	f047dec16b4dba38dc31a6168f13
user10	574	230	1273709808266	0	0	f047dec16b4dba38dc31a6168f13
user10	575	230	1273709808269	0	0	f047dec16b4dba38dc31a6168f13
user10	578	229	1273709808294	0	0	f047dec16b4dba38dc31a6168f13
user10	580	228	1273709808323	0	0	f047dec16b4dba38dc31a6168f13
user10	581	228	1273709808325	0	0	f047dec16b4dba38dc31a6168f13
user10	583	228	1273709808350	0	0	f047dec16b4dba38dc31a6168f13
user10	584	227	1273709808377	0	0	f047dec16b4dba38dc31a6168f13
user10	585	227	1273709808436	0	0	f047dec16b4dba38dc31a6168f13
user10	585	226	1273709808456	0	0	f047dec16b4dba38dc31a6168f13
user10	586	226	1273709808516	0	0	f047dec16b4dba38dc31a6168f13
user10	587	226	1273709808788	0	0	f047dec16b4dba38dc31a6168f13
user10	588	226	1273709808814	0	0	f047dec16b4dba38dc31a6168f13
user10	590	226	1273709808845	0	0	f047dec16b4dba38dc31a6168f13
user10	597	226	1273709808876	0	0	f047dec16b4dba38dc31a6168f13
user10	605	225	1273709808906	0	0	f047dec16b4dba38dc31a6168f13
user10	608	225	1273709808909	0	0	f047dec16b4dba38dc31a6168f13
user10	616	223	1273709808934	0	0	f047dec16b4dba38dc31a6168f13
user10	625	223	1273709808965	0	0	f047dec16b4dba38dc31a6168f13
user10	627	223	1273709808967	0	0	f047dec16b4dba38dc31a6168f13
user10	636	222	1273709808997	0	0	f047dec16b4dba38dc31a6168f13
user10	643	217	1273709809028	0	0	f047dec16b4dba38dc31a6168f13
user10	662	210	1273709809085	0	0	f047dec16b4dba38dc31a6168f13
user10	668	207	1273709809111	0	0	f047dec16b4dba38dc31a6168f13
user10	676	205	1273709809146	0	0	f047dec16b4dba38dc31a6168f13
user10	679	204	1273709809149	0	0	f047dec16b4dba38dc31a6168f13
user10	690	198	1273709809183	0	0	f047dec16b4dba38dc31a6168f13
user10	703	191	1273709809211	0	0	f047dec16b4dba38dc31a6168f13
user10	708	189	1273709809213	0	0	f047dec16b4dba38dc31a6168f13
user10	717	185	1273709809237	0	0	f047dec16b4dba38dc31a6168f13
user10	726	183	1273709809263	0	0	f047dec16b4dba38dc31a6168f13
user10	730	180	1273709809285	0	0	f047dec16b4dba38dc31a6168f13
user10	733	180	1273709809319	0	0	f047dec16b4dba38dc31a6168f13
user10	735	179	1273709809345	0	0	f047dec16b4dba38dc31a6168f13
user10	736	179	1273709809369	0	0	f047dec16b4dba38dc31a6168f13
user10	737	179	1273709809377	0	0	f047dec16b4dba38dc31a6168f13
user10	738	179	1273709809399	0	0	f047dec16b4dba38dc31a6168f13
user10	739	179	1273709809436	0	0	f047dec16b4dba38dc31a6168f13
user10	740	179	1273709809484	0	0	f047dec16b4dba38dc31a6168f13
user10	741	179	1273709809524	0	0	f047dec16b4dba38dc31a6168f13
user10	742	179	1273709809548	0	0	f047dec16b4dba38dc31a6168f13
user10	741	178	1273709812780	0	0	f047dec16b4dba38dc31a6168f13
user10	740	178	1273709812817	0	0	f047dec16b4dba38dc31a6168f13
user10	736	187	1273709812854	0	0	f047dec16b4dba38dc31a6168f13
user10	712	221	1273709812891	0	0	f047dec16b4dba38dc31a6168f13
user10	705	228	1273709812895	0	0	f047dec16b4dba38dc31a6168f13
user10	681	249	1273709812921	0	0	f047dec16b4dba38dc31a6168f13
user10	675	253	1273709812925	0	0	f047dec16b4dba38dc31a6168f13
user10	664	267	1273709812964	0	0	f047dec16b4dba38dc31a6168f13
user10	664	270	1273709812969	0	0	f047dec16b4dba38dc31a6168f13
user10	663	270	1273709812972	0	0	f047dec16b4dba38dc31a6168f13
user10	661	271	1273709813004	0	0	f047dec16b4dba38dc31a6168f13
user10	661	270	1273709813052	0	0	f047dec16b4dba38dc31a6168f13
user10	660	267	1273709813077	0	0	f047dec16b4dba38dc31a6168f13
user10	659	266	1273709813100	0	0	f047dec16b4dba38dc31a6168f13
user10	658	265	1273709813138	0	0	f047dec16b4dba38dc31a6168f13
user10	658	265	1273709813301	1273709813197	1273709813301	f047dec16b4dba38dc31a6168f13
user10	499	58	1273709818419	0	0	f047dec16b4dba38dc31a6168f13
user10	511	63	1273709818441	0	0	f047dec16b4dba38dc31a6168f13
user10	512	65	1273709818444	0	0	f047dec16b4dba38dc31a6168f13
user10	525	74	1273709818486	0	0	f047dec16b4dba38dc31a6168f13
user10	528	78	1273709818490	0	0	f047dec16b4dba38dc31a6168f13
user10	532	82	1273709818492	0	0	f047dec16b4dba38dc31a6168f13
user10	539	96	1273709818524	0	0	f047dec16b4dba38dc31a6168f13
user10	539	108	1273709818553	0	0	f047dec16b4dba38dc31a6168f13
user10	530	123	1273709818579	0	0	f047dec16b4dba38dc31a6168f13
user10	507	149	1273709818609	0	0	f047dec16b4dba38dc31a6168f13
user10	487	177	1273709818636	0	0	f047dec16b4dba38dc31a6168f13
user10	479	194	1273709818662	0	0	f047dec16b4dba38dc31a6168f13
user10	490	211	1273709818699	0	0	f047dec16b4dba38dc31a6168f13
user10	496	216	1273709818701	0	0	f047dec16b4dba38dc31a6168f13
user10	528	228	1273709818728	0	0	f047dec16b4dba38dc31a6168f13
user10	563	229	1273709818755	0	0	f047dec16b4dba38dc31a6168f13
user10	571	229	1273709818757	0	0	f047dec16b4dba38dc31a6168f13
user10	589	228	1273709818791	0	0	f047dec16b4dba38dc31a6168f13
user10	592	223	1273709818811	0	0	f047dec16b4dba38dc31a6168f13
user10	592	222	1273709819283	0	0	f047dec16b4dba38dc31a6168f13
user10	592	221	1273709819303	0	0	f047dec16b4dba38dc31a6168f13
user10	593	220	1273709819326	0	0	f047dec16b4dba38dc31a6168f13
user10	593	218	1273709819352	0	0	f047dec16b4dba38dc31a6168f13
user10	593	214	1273709819377	0	0	f047dec16b4dba38dc31a6168f13
user10	592	208	1273709819402	0	0	f047dec16b4dba38dc31a6168f13
user10	590	203	1273709819427	0	0	f047dec16b4dba38dc31a6168f13
user10	589	201	1273709819432	0	0	f047dec16b4dba38dc31a6168f13
user10	588	198	1273709819458	0	0	f047dec16b4dba38dc31a6168f13
user10	588	196	1273709819465	0	0	f047dec16b4dba38dc31a6168f13
user10	588	193	1273709819492	0	0	f047dec16b4dba38dc31a6168f13
user10	587	193	1273709819522	0	0	f047dec16b4dba38dc31a6168f13
user10	587	192	1273709819820	0	0	f047dec16b4dba38dc31a6168f13
user10	587	191	1273709819847	0	0	f047dec16b4dba38dc31a6168f13
user10	586	191	1273709819853	0	0	f047dec16b4dba38dc31a6168f13
user10	586	190	1273709819879	0	0	f047dec16b4dba38dc31a6168f13
user10	585	189	1273709819910	0	0	f047dec16b4dba38dc31a6168f13
user10	583	187	1273709819943	0	0	f047dec16b4dba38dc31a6168f13
user10	583	185	1273709819969	0	0	f047dec16b4dba38dc31a6168f13
user10	582	184	1273709820002	0	0	f047dec16b4dba38dc31a6168f13
user10	581	184	1273709820004	0	0	f047dec16b4dba38dc31a6168f13
user10	581	183	1273709820030	0	0	f047dec16b4dba38dc31a6168f13
user10	580	183	1273709820052	0	0	f047dec16b4dba38dc31a6168f13
user10	579	182	1273709820077	0	0	f047dec16b4dba38dc31a6168f13
user10	578	182	1273709820106	0	0	f047dec16b4dba38dc31a6168f13
user10	577	182	1273709820132	0	0	f047dec16b4dba38dc31a6168f13
user10	576	182	1273709820159	0	0	f047dec16b4dba38dc31a6168f13
user10	575	182	1273709820204	0	0	f047dec16b4dba38dc31a6168f13
user10	574	181	1273709820276	0	0	f047dec16b4dba38dc31a6168f13
user10	572	180	1273709820296	0	0	f047dec16b4dba38dc31a6168f13
user10	566	176	1273709820319	0	0	f047dec16b4dba38dc31a6168f13
user10	547	158	1273709820361	0	0	f047dec16b4dba38dc31a6168f13
user10	542	154	1273709820364	0	0	f047dec16b4dba38dc31a6168f13
user10	527	141	1273709820392	0	0	f047dec16b4dba38dc31a6168f13
user10	514	125	1273709820430	0	0	f047dec16b4dba38dc31a6168f13
user10	511	121	1273709820433	0	0	f047dec16b4dba38dc31a6168f13
user10	508	116	1273709820437	0	0	f047dec16b4dba38dc31a6168f13
user10	503	103	1273709820463	0	0	f047dec16b4dba38dc31a6168f13
user10	499	91	1273709820518	0	0	f047dec16b4dba38dc31a6168f13
user10	499	86	1273709820542	0	0	f047dec16b4dba38dc31a6168f13
user10	499	82	1273709820567	0	0	f047dec16b4dba38dc31a6168f13
user10	499	77	1273709820598	0	0	f047dec16b4dba38dc31a6168f13
user10	499	74	1273709820628	0	0	f047dec16b4dba38dc31a6168f13
user10	499	73	1273709820630	0	0	f047dec16b4dba38dc31a6168f13
user10	499	71	1273709820656	0	0	f047dec16b4dba38dc31a6168f13
user10	499	67	1273709820691	0	0	f047dec16b4dba38dc31a6168f13
user10	499	66	1273709820697	0	0	f047dec16b4dba38dc31a6168f13
user10	499	65	1273709820699	0	0	f047dec16b4dba38dc31a6168f13
user10	500	62	1273709820732	0	0	f047dec16b4dba38dc31a6168f13
user10	502	58	1273709820764	0	0	f047dec16b4dba38dc31a6168f13
user10	502	56	1273709820787	0	0	f047dec16b4dba38dc31a6168f13
user10	502	55	1273709820789	0	0	f047dec16b4dba38dc31a6168f13
user10	502	54	1273709820817	0	0	f047dec16b4dba38dc31a6168f13
user10	502	54	1273709820900	1273709820819	1273709820900	f047dec16b4dba38dc31a6168f13
user10	643	247	1273709822773	0	0	f047dec16b4dba38dc31a6168f13
user10	643	246	1273709822798	0	0	f047dec16b4dba38dc31a6168f13
user10	645	245	1273709822829	0	0	f047dec16b4dba38dc31a6168f13
user10	646	244	1273709822857	0	0	f047dec16b4dba38dc31a6168f13
user10	647	242	1273709822882	0	0	f047dec16b4dba38dc31a6168f13
user10	647	241	1273709822885	0	0	f047dec16b4dba38dc31a6168f13
user10	648	240	1273709822903	0	0	f047dec16b4dba38dc31a6168f13
user10	650	237	1273709822939	0	0	f047dec16b4dba38dc31a6168f13
user10	651	236	1273709822942	0	0	f047dec16b4dba38dc31a6168f13
user10	652	234	1273709822967	0	0	f047dec16b4dba38dc31a6168f13
user10	652	233	1273709822995	0	0	f047dec16b4dba38dc31a6168f13
user10	652	231	1273709822997	0	0	f047dec16b4dba38dc31a6168f13
user10	655	230	1273709823018	0	0	f047dec16b4dba38dc31a6168f13
user10	657	229	1273709823040	0	0	f047dec16b4dba38dc31a6168f13
user10	658	229	1273709823063	0	0	f047dec16b4dba38dc31a6168f13
user10	656	229	1273709823212	0	0	f047dec16b4dba38dc31a6168f13
user10	654	228	1273709823233	0	0	f047dec16b4dba38dc31a6168f13
user10	654	226	1273709823236	0	0	f047dec16b4dba38dc31a6168f13
user10	652	209	1273709823268	0	0	f047dec16b4dba38dc31a6168f13
user10	652	202	1273709823289	0	0	f047dec16b4dba38dc31a6168f13
user10	652	196	1273709823310	0	0	f047dec16b4dba38dc31a6168f13
user10	652	193	1273709823312	0	0	f047dec16b4dba38dc31a6168f13
user10	652	186	1273709823337	0	0	f047dec16b4dba38dc31a6168f13
user10	652	184	1273709823340	0	0	f047dec16b4dba38dc31a6168f13
user10	652	181	1273709823364	0	0	f047dec16b4dba38dc31a6168f13
user10	652	180	1273709823388	0	0	f047dec16b4dba38dc31a6168f13
user10	652	179	1273709823407	0	0	f047dec16b4dba38dc31a6168f13
user10	652	177	1273709823432	0	0	f047dec16b4dba38dc31a6168f13
user10	652	174	1273709823457	0	0	f047dec16b4dba38dc31a6168f13
user10	652	173	1273709823481	0	0	f047dec16b4dba38dc31a6168f13
user10	652	171	1273709823506	0	0	f047dec16b4dba38dc31a6168f13
user10	652	171	1273709823536	0	0	f047dec16b4dba38dc31a6168f13
user10	652	170	1273709823564	0	0	f047dec16b4dba38dc31a6168f13
user10	652	170	1273709823612	1273709823514	1273709823612	f047dec16b4dba38dc31a6168f13
user10	652	170	1273709824612	0	0	f047dec16b4dba38dc31a6168f13
user10	652	170	1273709825094	0	0	f047dec16b4dba38dc31a6168f13
user10	651	170	1273709825283	0	0	f047dec16b4dba38dc31a6168f13
user10	650	170	1273709825302	0	0	f047dec16b4dba38dc31a6168f13
user10	648	170	1273709825327	0	0	f047dec16b4dba38dc31a6168f13
user10	647	170	1273709825352	0	0	f047dec16b4dba38dc31a6168f13
user10	646	172	1273709825383	0	0	f047dec16b4dba38dc31a6168f13
user10	645	173	1273709825406	0	0	f047dec16b4dba38dc31a6168f13
user10	644	173	1273709825433	0	0	f047dec16b4dba38dc31a6168f13
user10	643	173	1273709825464	0	0	f047dec16b4dba38dc31a6168f13
user10	642	174	1273709825531	0	0	f047dec16b4dba38dc31a6168f13
user10	641	174	1273709825563	0	0	f047dec16b4dba38dc31a6168f13
user10	640	174	1273709825627	0	0	f047dec16b4dba38dc31a6168f13
user10	640	175	1273709825652	0	0	f047dec16b4dba38dc31a6168f13
user10	640	175	1273709825812	1273709825707	1273709825812	f047dec16b4dba38dc31a6168f13
user10	597	138	1273709826338	0	0	f047dec16b4dba38dc31a6168f13
user10	597	136	1273709826563	0	0	f047dec16b4dba38dc31a6168f13
user10	599	126	1273709826590	0	0	f047dec16b4dba38dc31a6168f13
user10	602	111	1273709826621	0	0	f047dec16b4dba38dc31a6168f13
user10	602	98	1273709826655	0	0	f047dec16b4dba38dc31a6168f13
user10	601	82	1273709826692	0	0	f047dec16b4dba38dc31a6168f13
user10	599	72	1273709826738	0	0	f047dec16b4dba38dc31a6168f13
user10	598	71	1273709826740	0	0	f047dec16b4dba38dc31a6168f13
user10	597	68	1273709826769	0	0	f047dec16b4dba38dc31a6168f13
user10	597	67	1273709826777	0	0	f047dec16b4dba38dc31a6168f13
user10	596	67	1273709826784	0	0	f047dec16b4dba38dc31a6168f13
user10	596	65	1273709826809	0	0	f047dec16b4dba38dc31a6168f13
user10	596	64	1273709826844	0	0	f047dec16b4dba38dc31a6168f13
user10	596	63	1273709826872	0	0	f047dec16b4dba38dc31a6168f13
user10	596	60	1273709826906	0	0	f047dec16b4dba38dc31a6168f13
user10	596	60	1273709826908	0	0	f047dec16b4dba38dc31a6168f13
user10	596	56	1273709826939	0	0	f047dec16b4dba38dc31a6168f13
user10	596	55	1273709826941	0	0	f047dec16b4dba38dc31a6168f13
user10	596	52	1273709826972	0	0	f047dec16b4dba38dc31a6168f13
user10	596	50	1273709827006	0	0	f047dec16b4dba38dc31a6168f13
user10	597	49	1273709827034	0	0	f047dec16b4dba38dc31a6168f13
user10	597	49	1273709827096	0	0	f047dec16b4dba38dc31a6168f13
user10	597	49	1273709827140	1273709827082	1273709827140	f047dec16b4dba38dc31a6168f13
user10	600	187	1273709831890	0	0	f047dec16b4dba38dc31a6168f13
user10	599	186	1273709831898	0	0	f047dec16b4dba38dc31a6168f13
user10	599	185	1273709831920	0	0	f047dec16b4dba38dc31a6168f13
user10	599	184	1273709831925	0	0	f047dec16b4dba38dc31a6168f13
user10	599	183	1273709831955	0	0	f047dec16b4dba38dc31a6168f13
user10	599	182	1273709831979	0	0	f047dec16b4dba38dc31a6168f13
user10	599	180	1273709832004	0	0	f047dec16b4dba38dc31a6168f13
user10	599	179	1273709832032	0	0	f047dec16b4dba38dc31a6168f13
user10	598	177	1273709832060	0	0	f047dec16b4dba38dc31a6168f13
user10	598	176	1273709832084	0	0	f047dec16b4dba38dc31a6168f13
user10	597	173	1273709832111	0	0	f047dec16b4dba38dc31a6168f13
user10	597	170	1273709832141	0	0	f047dec16b4dba38dc31a6168f13
user10	596	169	1273709832169	0	0	f047dec16b4dba38dc31a6168f13
user10	596	168	1273709832193	0	0	f047dec16b4dba38dc31a6168f13
user10	596	167	1273709832225	0	0	f047dec16b4dba38dc31a6168f13
user10	596	166	1273709832228	0	0	f047dec16b4dba38dc31a6168f13
user10	596	165	1273709832275	0	0	f047dec16b4dba38dc31a6168f13
user10	595	165	1273709832307	0	0	f047dec16b4dba38dc31a6168f13
user10	595	165	1273709832342	0	0	f047dec16b4dba38dc31a6168f13
user10	595	164	1273709832395	0	0	f047dec16b4dba38dc31a6168f13
user10	595	163	1273709832422	0	0	f047dec16b4dba38dc31a6168f13
user10	592	162	1273709832448	0	0	f047dec16b4dba38dc31a6168f13
user10	588	158	1273709832475	0	0	f047dec16b4dba38dc31a6168f13
user10	584	157	1273709832502	0	0	f047dec16b4dba38dc31a6168f13
user10	579	157	1273709832528	0	0	f047dec16b4dba38dc31a6168f13
user10	561	165	1273709832558	0	0	f047dec16b4dba38dc31a6168f13
user10	539	184	1273709832584	0	0	f047dec16b4dba38dc31a6168f13
user10	527	196	1273709832588	0	0	f047dec16b4dba38dc31a6168f13
user10	500	220	1273709832616	0	0	f047dec16b4dba38dc31a6168f13
user10	492	224	1273709832619	0	0	f047dec16b4dba38dc31a6168f13
user10	475	233	1273709832651	0	0	f047dec16b4dba38dc31a6168f13
user10	472	235	1273709832653	0	0	f047dec16b4dba38dc31a6168f13
user10	467	238	1273709832677	0	0	f047dec16b4dba38dc31a6168f13
user10	463	238	1273709832710	0	0	f047dec16b4dba38dc31a6168f13
user10	452	234	1273709832751	0	0	f047dec16b4dba38dc31a6168f13
user10	445	231	1273709832776	0	0	f047dec16b4dba38dc31a6168f13
user10	437	228	1273709832810	0	0	f047dec16b4dba38dc31a6168f13
user10	435	228	1273709832812	0	0	f047dec16b4dba38dc31a6168f13
user10	432	227	1273709832838	0	0	f047dec16b4dba38dc31a6168f13
user10	431	227	1273709832863	0	0	f047dec16b4dba38dc31a6168f13
user10	430	227	1273709832903	0	0	f047dec16b4dba38dc31a6168f13
user10	430	227	1273709832971	1273709832898	1273709832971	f047dec16b4dba38dc31a6168f13
user10	432	227	1273709833019	0	0	f047dec16b4dba38dc31a6168f13
user10	442	227	1273709833044	0	0	f047dec16b4dba38dc31a6168f13
user10	447	223	1273709833073	0	0	f047dec16b4dba38dc31a6168f13
user10	449	222	1273709833075	0	0	f047dec16b4dba38dc31a6168f13
user10	451	222	1273709833099	0	0	f047dec16b4dba38dc31a6168f13
user10	452	222	1273709833124	0	0	f047dec16b4dba38dc31a6168f13
user10	453	222	1273709843115	0	0	f047dec16b4dba38dc31a6168f13
user10	460	222	1273709843144	0	0	f047dec16b4dba38dc31a6168f13
user10	464	221	1273709843152	0	0	f047dec16b4dba38dc31a6168f13
user10	468	220	1273709843156	0	0	f047dec16b4dba38dc31a6168f13
user10	497	223	1273709843191	0	0	f047dec16b4dba38dc31a6168f13
user10	538	243	1273709843224	0	0	f047dec16b4dba38dc31a6168f13
user10	552	256	1273709843228	0	0	f047dec16b4dba38dc31a6168f13
user10	615	316	1273709843261	0	0	f047dec16b4dba38dc31a6168f13
user10	625	324	1273709843269	0	0	f047dec16b4dba38dc31a6168f13
user10	636	333	1273709843299	0	0	f047dec16b4dba38dc31a6168f13
user10	637	335	1273709843302	0	0	f047dec16b4dba38dc31a6168f13
user10	637	336	1273709843321	0	0	f047dec16b4dba38dc31a6168f13
user10	637	334	1273709843350	0	0	f047dec16b4dba38dc31a6168f13
user10	637	332	1273709843375	0	0	f047dec16b4dba38dc31a6168f13
user10	637	331	1273709843426	0	0	f047dec16b4dba38dc31a6168f13
user10	637	328	1273709843448	0	0	f047dec16b4dba38dc31a6168f13
user10	637	326	1273709843451	0	0	f047dec16b4dba38dc31a6168f13
user10	637	316	1273709843476	0	0	f047dec16b4dba38dc31a6168f13
user10	636	302	1273709843505	0	0	f047dec16b4dba38dc31a6168f13
user10	636	299	1273709843508	0	0	f047dec16b4dba38dc31a6168f13
user10	634	289	1273709843533	0	0	f047dec16b4dba38dc31a6168f13
user10	633	286	1273709843536	0	0	f047dec16b4dba38dc31a6168f13
user10	632	280	1273709843557	0	0	f047dec16b4dba38dc31a6168f13
user10	632	277	1273709843585	0	0	f047dec16b4dba38dc31a6168f13
user10	632	276	1273709843588	0	0	f047dec16b4dba38dc31a6168f13
user10	631	270	1273709843625	0	0	f047dec16b4dba38dc31a6168f13
user10	631	269	1273709843628	0	0	f047dec16b4dba38dc31a6168f13
user10	630	267	1273709843650	0	0	f047dec16b4dba38dc31a6168f13
user10	630	266	1273709843681	0	0	f047dec16b4dba38dc31a6168f13
user10	630	265	1273709843684	0	0	f047dec16b4dba38dc31a6168f13
user10	629	263	1273709843710	0	0	f047dec16b4dba38dc31a6168f13
user10	629	262	1273709843730	0	0	f047dec16b4dba38dc31a6168f13
user10	629	262	1273709843915	1273709843802	1273709843915	f047dec16b4dba38dc31a6168f13
user10	629	262	1273709846681	0	0	f047dec16b4dba38dc31a6168f13
user10	628	262	1273709847148	0	0	f047dec16b4dba38dc31a6168f13
user10	627	259	1273709847180	0	0	f047dec16b4dba38dc31a6168f13
user10	621	253	1273709847216	0	0	f047dec16b4dba38dc31a6168f13
user10	619	251	1273709847220	0	0	f047dec16b4dba38dc31a6168f13
user10	603	236	1273709847260	0	0	f047dec16b4dba38dc31a6168f13
user10	590	228	1273709847289	0	0	f047dec16b4dba38dc31a6168f13
user10	587	224	1273709847293	0	0	f047dec16b4dba38dc31a6168f13
user10	576	213	1273709847318	0	0	f047dec16b4dba38dc31a6168f13
user10	563	204	1273709847347	0	0	f047dec16b4dba38dc31a6168f13
user10	557	196	1273709847372	0	0	f047dec16b4dba38dc31a6168f13
user10	550	185	1273709847395	0	0	f047dec16b4dba38dc31a6168f13
user10	542	175	1273709847426	0	0	f047dec16b4dba38dc31a6168f13
user10	539	170	1273709847428	0	0	f047dec16b4dba38dc31a6168f13
user10	529	159	1273709847454	0	0	f047dec16b4dba38dc31a6168f13
user10	516	147	1273709847483	0	0	f047dec16b4dba38dc31a6168f13
user10	513	140	1273709847514	0	0	f047dec16b4dba38dc31a6168f13
user10	511	138	1273709847516	0	0	f047dec16b4dba38dc31a6168f13
user10	509	134	1273709847544	0	0	f047dec16b4dba38dc31a6168f13
user10	509	133	1273709847546	0	0	f047dec16b4dba38dc31a6168f13
user10	509	132	1273709847577	0	0	f047dec16b4dba38dc31a6168f13
user10	508	132	1273709847778	0	0	f047dec16b4dba38dc31a6168f13
user10	506	132	1273709847800	0	0	f047dec16b4dba38dc31a6168f13
user10	504	132	1273709847827	0	0	f047dec16b4dba38dc31a6168f13
user10	501	130	1273709847854	0	0	f047dec16b4dba38dc31a6168f13
user10	495	127	1273709847879	0	0	f047dec16b4dba38dc31a6168f13
user10	486	120	1273709847905	0	0	f047dec16b4dba38dc31a6168f13
user10	484	118	1273709847907	0	0	f047dec16b4dba38dc31a6168f13
user10	475	112	1273709847931	0	0	f047dec16b4dba38dc31a6168f13
user10	472	110	1273709847954	0	0	f047dec16b4dba38dc31a6168f13
user10	469	110	1273709847956	0	0	f047dec16b4dba38dc31a6168f13
user10	464	109	1273709847990	0	0	f047dec16b4dba38dc31a6168f13
user10	460	108	1273709848016	0	0	f047dec16b4dba38dc31a6168f13
user10	459	108	1273709848019	0	0	f047dec16b4dba38dc31a6168f13
user10	457	108	1273709848046	0	0	f047dec16b4dba38dc31a6168f13
user10	456	108	1273709848088	0	0	f047dec16b4dba38dc31a6168f13
user10	456	107	1273709848116	0	0	f047dec16b4dba38dc31a6168f13
user10	454	105	1273709848141	0	0	f047dec16b4dba38dc31a6168f13
user10	454	103	1273709848167	0	0	f047dec16b4dba38dc31a6168f13
user10	454	101	1273709848194	0	0	f047dec16b4dba38dc31a6168f13
user10	454	100	1273709848196	0	0	f047dec16b4dba38dc31a6168f13
user10	455	97	1273709848227	0	0	f047dec16b4dba38dc31a6168f13
user10	455	96	1273709848229	0	0	f047dec16b4dba38dc31a6168f13
user10	457	90	1273709848261	0	0	f047dec16b4dba38dc31a6168f13
user10	459	86	1273709848287	0	0	f047dec16b4dba38dc31a6168f13
user10	459	81	1273709848320	0	0	f047dec16b4dba38dc31a6168f13
user10	459	77	1273709848349	0	0	f047dec16b4dba38dc31a6168f13
user10	460	76	1273709848374	0	0	f047dec16b4dba38dc31a6168f13
user10	460	74	1273709848397	0	0	f047dec16b4dba38dc31a6168f13
user10	460	72	1273709848424	0	0	f047dec16b4dba38dc31a6168f13
user10	460	69	1273709848450	0	0	f047dec16b4dba38dc31a6168f13
user10	461	68	1273709848484	0	0	f047dec16b4dba38dc31a6168f13
user10	462	66	1273709848489	0	0	f047dec16b4dba38dc31a6168f13
user10	465	63	1273709848510	0	0	f047dec16b4dba38dc31a6168f13
user10	468	61	1273709848537	0	0	f047dec16b4dba38dc31a6168f13
user10	470	60	1273709848539	0	0	f047dec16b4dba38dc31a6168f13
user10	482	55	1273709848586	0	0	f047dec16b4dba38dc31a6168f13
user10	486	53	1273709848617	0	0	f047dec16b4dba38dc31a6168f13
user10	487	53	1273709848619	0	0	f047dec16b4dba38dc31a6168f13
user10	490	52	1273709848653	0	0	f047dec16b4dba38dc31a6168f13
user10	491	50	1273709848673	0	0	f047dec16b4dba38dc31a6168f13
user10	491	49	1273709848675	0	0	f047dec16b4dba38dc31a6168f13
user10	492	48	1273709848700	0	0	f047dec16b4dba38dc31a6168f13
user10	493	46	1273709848727	0	0	f047dec16b4dba38dc31a6168f13
user10	493	45	1273709848755	0	0	f047dec16b4dba38dc31a6168f13
user10	493	45	1273709853651	1273709852714	1273709853651	f047dec16b4dba38dc31a6168f13
user10	510	75	1273709855596	0	0	f047dec16b4dba38dc31a6168f13
user10	529	99	1273709855627	0	0	f047dec16b4dba38dc31a6168f13
user10	548	119	1273709855660	0	0	f047dec16b4dba38dc31a6168f13
user10	564	135	1273709855689	0	0	f047dec16b4dba38dc31a6168f13
user10	583	149	1273709855718	0	0	f047dec16b4dba38dc31a6168f13
user10	595	156	1273709855739	0	0	f047dec16b4dba38dc31a6168f13
user10	612	164	1273709855763	0	0	f047dec16b4dba38dc31a6168f13
user10	636	171	1273709855796	0	0	f047dec16b4dba38dc31a6168f13
user10	653	180	1273709855822	0	0	f047dec16b4dba38dc31a6168f13
user10	665	191	1273709855842	0	0	f047dec16b4dba38dc31a6168f13
user10	673	198	1273709855844	0	0	f047dec16b4dba38dc31a6168f13
user10	691	217	1273709855865	0	0	f047dec16b4dba38dc31a6168f13
user10	701	228	1273709855869	0	0	f047dec16b4dba38dc31a6168f13
user10	734	265	1273709855900	0	0	f047dec16b4dba38dc31a6168f13
user10	746	276	1273709855926	0	0	f047dec16b4dba38dc31a6168f13
user10	748	277	1273709855954	0	0	f047dec16b4dba38dc31a6168f13
user10	746	278	1273709855972	0	0	f047dec16b4dba38dc31a6168f13
user10	734	278	1273709855995	0	0	f047dec16b4dba38dc31a6168f13
user10	715	278	1273709856019	0	0	f047dec16b4dba38dc31a6168f13
user10	669	279	1273709856054	0	0	f047dec16b4dba38dc31a6168f13
user10	625	279	1273709856081	0	0	f047dec16b4dba38dc31a6168f13
user10	612	279	1273709856083	0	0	f047dec16b4dba38dc31a6168f13
user10	585	280	1273709856102	0	0	f047dec16b4dba38dc31a6168f13
user10	552	292	1273709856134	0	0	f047dec16b4dba38dc31a6168f13
user10	542	293	1273709856158	0	0	f047dec16b4dba38dc31a6168f13
user10	540	292	1273709856177	0	0	f047dec16b4dba38dc31a6168f13
user10	540	291	1273709856183	0	0	f047dec16b4dba38dc31a6168f13
user10	538	285	1273709856203	0	0	f047dec16b4dba38dc31a6168f13
user10	536	277	1273709856230	0	0	f047dec16b4dba38dc31a6168f13
user10	535	265	1273709856257	0	0	f047dec16b4dba38dc31a6168f13
user10	540	244	1273709856284	0	0	f047dec16b4dba38dc31a6168f13
user10	551	231	1273709856304	0	0	f047dec16b4dba38dc31a6168f13
user10	558	223	1273709856307	0	0	f047dec16b4dba38dc31a6168f13
user10	585	201	1273709856330	0	0	f047dec16b4dba38dc31a6168f13
user10	601	189	1273709856350	0	0	f047dec16b4dba38dc31a6168f13
user10	616	180	1273709856387	0	0	f047dec16b4dba38dc31a6168f13
user10	618	175	1273709856391	0	0	f047dec16b4dba38dc31a6168f13
user10	619	175	1273709856394	0	0	f047dec16b4dba38dc31a6168f13
user10	619	172	1273709856416	0	0	f047dec16b4dba38dc31a6168f13
user10	618	171	1273709856419	0	0	f047dec16b4dba38dc31a6168f13
user10	617	169	1273709856454	0	0	f047dec16b4dba38dc31a6168f13
user10	617	169	1273709856484	0	0	f047dec16b4dba38dc31a6168f13
user10	617	169	1273709856674	1273709856586	1273709856674	f047dec16b4dba38dc31a6168f13
user10	618	168	1273709857831	0	0	f047dec16b4dba38dc31a6168f13
user10	618	168	1273709858347	0	0	f047dec16b4dba38dc31a6168f13
user10	618	168	1273709858642	1273709858530	1273709858642	f047dec16b4dba38dc31a6168f13
user10	618	168	1273709859043	0	0	f047dec16b4dba38dc31a6168f13
user10	618	168	1273709859488	0	0	f047dec16b4dba38dc31a6168f13
user10	618	168	1273709860202	1273709860090	1273709860202	f047dec16b4dba38dc31a6168f13
user10	618	168	1273709860537	0	0	f047dec16b4dba38dc31a6168f13
user10	618	168	1273709861016	0	0	f047dec16b4dba38dc31a6168f13
user10	619	170	1273709861145	0	0	f047dec16b4dba38dc31a6168f13
user10	636	204	1273709861186	0	0	f047dec16b4dba38dc31a6168f13
user10	667	257	1273709861236	0	0	f047dec16b4dba38dc31a6168f13
user10	681	282	1273709861287	0	0	f047dec16b4dba38dc31a6168f13
user10	686	293	1273709861326	0	0	f047dec16b4dba38dc31a6168f13
user10	692	297	1273709861372	0	0	f047dec16b4dba38dc31a6168f13
user10	693	297	1273709861405	0	0	f047dec16b4dba38dc31a6168f13
user10	696	299	1273709861497	0	0	f047dec16b4dba38dc31a6168f13
user10	697	299	1273709861563	0	0	f047dec16b4dba38dc31a6168f13
user10	700	292	1273709862621	0	0	f047dec16b4dba38dc31a6168f13
user10	700	285	1273709862662	0	0	f047dec16b4dba38dc31a6168f13
user10	700	281	1273709862668	0	0	f047dec16b4dba38dc31a6168f13
user10	693	233	1273709862710	0	0	f047dec16b4dba38dc31a6168f13
user10	668	168	1273709862763	0	0	f047dec16b4dba38dc31a6168f13
user10	651	139	1273709862806	0	0	f047dec16b4dba38dc31a6168f13
user10	634	120	1273709862850	0	0	f047dec16b4dba38dc31a6168f13
user10	632	118	1273709862860	0	0	f047dec16b4dba38dc31a6168f13
user10	629	116	1273709862863	0	0	f047dec16b4dba38dc31a6168f13
user10	619	108	1273709862903	0	0	f047dec16b4dba38dc31a6168f13
user10	606	85	1273709862954	0	0	f047dec16b4dba38dc31a6168f13
user10	596	70	1273709862992	0	0	f047dec16b4dba38dc31a6168f13
user10	593	66	1273709862995	0	0	f047dec16b4dba38dc31a6168f13
user10	584	52	1273709863046	0	0	f047dec16b4dba38dc31a6168f13
user10	578	43	1273709863097	0	0	f047dec16b4dba38dc31a6168f13
user10	577	41	1273709863142	0	0	f047dec16b4dba38dc31a6168f13
user10	577	41	1273709863298	1273709863190	1273709863298	f047dec16b4dba38dc31a6168f13
user10	595	235	1273709869490	0	0	f047dec16b4dba38dc31a6168f13
user10	595	235	1273709869969	0	0	f047dec16b4dba38dc31a6168f13
user10	594	235	1273709870265	0	0	f047dec16b4dba38dc31a6168f13
user10	588	235	1273709870292	0	0	f047dec16b4dba38dc31a6168f13
user10	578	235	1273709870331	0	0	f047dec16b4dba38dc31a6168f13
user10	574	235	1273709870336	0	0	f047dec16b4dba38dc31a6168f13
user10	568	235	1273709870339	0	0	f047dec16b4dba38dc31a6168f13
user10	543	236	1273709870377	0	0	f047dec16b4dba38dc31a6168f13
user10	516	236	1273709870414	0	0	f047dec16b4dba38dc31a6168f13
user10	505	237	1273709870444	0	0	f047dec16b4dba38dc31a6168f13
user10	499	238	1273709870476	0	0	f047dec16b4dba38dc31a6168f13
user10	496	238	1273709870504	0	0	f047dec16b4dba38dc31a6168f13
user10	496	238	1273709870657	1273709870545	1273709870657	f047dec16b4dba38dc31a6168f13
user10	497	238	1273709870745	0	0	f047dec16b4dba38dc31a6168f13
user10	498	238	1273709870767	0	0	f047dec16b4dba38dc31a6168f13
user10	504	238	1273709870791	0	0	f047dec16b4dba38dc31a6168f13
user10	511	238	1273709870803	0	0	f047dec16b4dba38dc31a6168f13
user10	522	234	1273709870836	0	0	f047dec16b4dba38dc31a6168f13
user10	539	223	1273709870867	0	0	f047dec16b4dba38dc31a6168f13
user10	544	218	1273709870872	0	0	f047dec16b4dba38dc31a6168f13
user10	567	194	1273709870905	0	0	f047dec16b4dba38dc31a6168f13
user10	571	188	1273709870907	0	0	f047dec16b4dba38dc31a6168f13
user10	579	174	1273709870932	0	0	f047dec16b4dba38dc31a6168f13
user10	581	159	1273709870957	0	0	f047dec16b4dba38dc31a6168f13
user10	581	136	1273709870987	0	0	f047dec16b4dba38dc31a6168f13
user10	576	121	1273709871011	0	0	f047dec16b4dba38dc31a6168f13
user10	566	106	1273709871038	0	0	f047dec16b4dba38dc31a6168f13
user10	545	88	1273709871075	0	0	f047dec16b4dba38dc31a6168f13
user10	536	84	1273709871100	0	0	f047dec16b4dba38dc31a6168f13
user10	525	83	1273709871121	0	0	f047dec16b4dba38dc31a6168f13
user10	512	81	1273709871167	0	0	f047dec16b4dba38dc31a6168f13
user10	511	81	1273709871169	0	0	f047dec16b4dba38dc31a6168f13
user10	508	81	1273709871194	0	0	f047dec16b4dba38dc31a6168f13
user10	506	79	1273709871219	0	0	f047dec16b4dba38dc31a6168f13
user10	502	76	1273709871246	0	0	f047dec16b4dba38dc31a6168f13
user10	498	70	1273709871271	0	0	f047dec16b4dba38dc31a6168f13
user10	496	67	1273709871274	0	0	f047dec16b4dba38dc31a6168f13
user10	494	62	1273709871309	0	0	f047dec16b4dba38dc31a6168f13
user10	494	60	1273709871343	0	0	f047dec16b4dba38dc31a6168f13
user10	494	60	1273709871345	0	0	f047dec16b4dba38dc31a6168f13
user10	494	58	1273709871369	0	0	f047dec16b4dba38dc31a6168f13
user10	494	56	1273709871372	0	0	f047dec16b4dba38dc31a6168f13
user10	494	52	1273709871403	0	0	f047dec16b4dba38dc31a6168f13
user10	494	51	1273709871405	0	0	f047dec16b4dba38dc31a6168f13
user10	494	49	1273709871427	0	0	f047dec16b4dba38dc31a6168f13
user10	494	49	1273709871561	1273709871429	1273709871561	f047dec16b4dba38dc31a6168f13
user10	712	179	1273709872724	0	0	f047dec16b4dba38dc31a6168f13
user10	708	192	1273709872763	0	0	f047dec16b4dba38dc31a6168f13
user10	688	215	1273709872795	0	0	f047dec16b4dba38dc31a6168f13
user10	682	226	1273709872817	0	0	f047dec16b4dba38dc31a6168f13
user10	681	232	1273709872846	0	0	f047dec16b4dba38dc31a6168f13
user10	684	234	1273709872870	0	0	f047dec16b4dba38dc31a6168f13
user10	700	234	1273709872897	0	0	f047dec16b4dba38dc31a6168f13
user10	718	234	1273709872922	0	0	f047dec16b4dba38dc31a6168f13
user10	736	234	1273709872946	0	0	f047dec16b4dba38dc31a6168f13
user10	745	233	1273709872967	0	0	f047dec16b4dba38dc31a6168f13
user10	748	232	1273709872969	0	0	f047dec16b4dba38dc31a6168f13
user10	751	231	1273709873002	0	0	f047dec16b4dba38dc31a6168f13
user10	751	230	1273709873033	0	0	f047dec16b4dba38dc31a6168f13
user10	751	228	1273709873136	0	0	f047dec16b4dba38dc31a6168f13
user10	750	227	1273709873156	0	0	f047dec16b4dba38dc31a6168f13
user10	745	224	1273709873175	0	0	f047dec16b4dba38dc31a6168f13
user10	742	222	1273709873178	0	0	f047dec16b4dba38dc31a6168f13
user10	732	213	1273709873200	0	0	f047dec16b4dba38dc31a6168f13
user10	727	209	1273709873207	0	0	f047dec16b4dba38dc31a6168f13
user10	721	204	1273709873210	0	0	f047dec16b4dba38dc31a6168f13
user10	704	193	1273709873237	0	0	f047dec16b4dba38dc31a6168f13
user10	689	185	1273709873270	0	0	f047dec16b4dba38dc31a6168f13
user10	687	185	1273709873273	0	0	f047dec16b4dba38dc31a6168f13
user10	682	184	1273709873299	0	0	f047dec16b4dba38dc31a6168f13
user10	674	182	1273709873326	0	0	f047dec16b4dba38dc31a6168f13
user10	672	182	1273709873330	0	0	f047dec16b4dba38dc31a6168f13
user10	667	182	1273709873350	0	0	f047dec16b4dba38dc31a6168f13
user10	662	181	1273709873373	0	0	f047dec16b4dba38dc31a6168f13
user10	654	181	1273709873404	0	0	f047dec16b4dba38dc31a6168f13
user10	649	180	1273709873423	0	0	f047dec16b4dba38dc31a6168f13
user10	647	180	1273709873425	0	0	f047dec16b4dba38dc31a6168f13
user10	644	180	1273709873451	0	0	f047dec16b4dba38dc31a6168f13
user10	643	179	1273709873482	0	0	f047dec16b4dba38dc31a6168f13
user10	642	178	1273709873508	0	0	f047dec16b4dba38dc31a6168f13
user10	639	176	1273709873531	0	0	f047dec16b4dba38dc31a6168f13
user10	636	173	1273709873563	0	0	f047dec16b4dba38dc31a6168f13
user10	636	172	1273709873589	0	0	f047dec16b4dba38dc31a6168f13
user10	636	171	1273709873609	0	0	f047dec16b4dba38dc31a6168f13
user10	636	170	1273709873633	0	0	f047dec16b4dba38dc31a6168f13
user10	636	169	1273709873660	0	0	f047dec16b4dba38dc31a6168f13
user10	635	169	1273709873689	0	0	f047dec16b4dba38dc31a6168f13
user10	635	169	1273709876018	1273709874521	1273709876018	f047dec16b4dba38dc31a6168f13
user10	426	527	1273709877264	0	0	f047dec16b4dba38dc31a6168f13
user10	425	530	1273709877400	0	0	f047dec16b4dba38dc31a6168f13
user10	414	552	1273709877437	0	0	f047dec16b4dba38dc31a6168f13
user10	433	561	1273709878449	0	0	f047dec16b4dba38dc31a6168f13
user10	652	479	1273709878491	0	0	f047dec16b4dba38dc31a6168f13
user10	834	448	1273709878539	0	0	f047dec16b4dba38dc31a6168f13
user10	867	430	1273709878583	0	0	f047dec16b4dba38dc31a6168f13
user10	869	427	1273709878585	0	0	f047dec16b4dba38dc31a6168f13
user10	878	417	1273709878631	0	0	f047dec16b4dba38dc31a6168f13
user10	880	416	1273709878633	0	0	f047dec16b4dba38dc31a6168f13
user10	883	415	1273709878671	0	0	f047dec16b4dba38dc31a6168f13
user10	884	415	1273709878719	0	0	f047dec16b4dba38dc31a6168f13
user10	884	415	1273709878769	1273709878679	1273709878769	f047dec16b4dba38dc31a6168f13
user10	885	416	1273709878912	0	0	f047dec16b4dba38dc31a6168f13
user10	886	416	1273709878960	0	0	f047dec16b4dba38dc31a6168f13
user10	887	416	1273709879003	0	0	f047dec16b4dba38dc31a6168f13
user10	860	389	1273709879209	0	0	f047dec16b4dba38dc31a6168f13
user10	852	382	1273709879211	0	0	f047dec16b4dba38dc31a6168f13
user10	795	347	1273709879246	0	0	f047dec16b4dba38dc31a6168f13
user10	720	308	1273709879278	0	0	f047dec16b4dba38dc31a6168f13
user10	708	301	1273709879284	0	0	f047dec16b4dba38dc31a6168f13
user10	677	278	1273709879317	0	0	f047dec16b4dba38dc31a6168f13
user10	666	248	1273709879353	0	0	f047dec16b4dba38dc31a6168f13
user10	664	242	1273709879387	0	0	f047dec16b4dba38dc31a6168f13
user10	663	242	1273709879424	0	0	f047dec16b4dba38dc31a6168f13
user10	660	245	1273709879461	0	0	f047dec16b4dba38dc31a6168f13
user10	657	260	1273709879493	0	0	f047dec16b4dba38dc31a6168f13
user10	648	300	1273709879530	0	0	f047dec16b4dba38dc31a6168f13
user10	645	332	1273709879564	0	0	f047dec16b4dba38dc31a6168f13
user10	641	351	1273709879598	0	0	f047dec16b4dba38dc31a6168f13
user10	641	355	1273709879637	0	0	f047dec16b4dba38dc31a6168f13
user10	641	356	1273709879664	0	0	f047dec16b4dba38dc31a6168f13
user10	640	345	1273709879834	0	0	f047dec16b4dba38dc31a6168f13
user10	635	337	1273709879892	0	0	f047dec16b4dba38dc31a6168f13
user10	635	336	1273709879894	0	0	f047dec16b4dba38dc31a6168f13
user10	633	334	1273709879902	0	0	f047dec16b4dba38dc31a6168f13
user10	631	329	1273709879946	0	0	f047dec16b4dba38dc31a6168f13
user10	639	312	1273709879991	0	0	f047dec16b4dba38dc31a6168f13
user10	641	305	1273709879993	0	0	f047dec16b4dba38dc31a6168f13
user10	648	236	1273709880043	0	0	f047dec16b4dba38dc31a6168f13
user10	647	177	1273709880090	0	0	f047dec16b4dba38dc31a6168f13
user10	646	173	1273709880100	0	0	f047dec16b4dba38dc31a6168f13
user10	645	166	1273709880145	0	0	f047dec16b4dba38dc31a6168f13
user10	645	164	1273709880200	0	0	f047dec16b4dba38dc31a6168f13
user10	648	141	1273709880242	0	0	f047dec16b4dba38dc31a6168f13
user10	646	132	1273709880278	0	0	f047dec16b4dba38dc31a6168f13
user10	645	131	1273709880281	0	0	f047dec16b4dba38dc31a6168f13
user10	644	122	1273709880319	0	0	f047dec16b4dba38dc31a6168f13
user10	642	118	1273709880322	0	0	f047dec16b4dba38dc31a6168f13
user10	630	101	1273709880362	0	0	f047dec16b4dba38dc31a6168f13
user10	623	96	1273709880400	0	0	f047dec16b4dba38dc31a6168f13
user10	623	95	1273709880402	0	0	f047dec16b4dba38dc31a6168f13
user10	617	87	1273709880449	0	0	f047dec16b4dba38dc31a6168f13
user10	614	84	1273709880487	0	0	f047dec16b4dba38dc31a6168f13
user10	614	84	1273709880489	0	0	f047dec16b4dba38dc31a6168f13
user10	613	81	1273709880537	0	0	f047dec16b4dba38dc31a6168f13
user10	613	80	1273709880575	0	0	f047dec16b4dba38dc31a6168f13
user10	614	80	1273709880578	0	0	f047dec16b4dba38dc31a6168f13
user10	633	83	1273709880623	0	0	f047dec16b4dba38dc31a6168f13
user10	644	88	1273709880625	0	0	f047dec16b4dba38dc31a6168f13
user10	782	149	1273709880665	0	0	f047dec16b4dba38dc31a6168f13
user10	809	160	1273709880676	0	0	f047dec16b4dba38dc31a6168f13
user10	879	186	1273709880719	0	0	f047dec16b4dba38dc31a6168f13
user10	885	189	1273709880721	0	0	f047dec16b4dba38dc31a6168f13
user10	896	192	1273709880768	0	0	f047dec16b4dba38dc31a6168f13
user10	897	192	1273709880770	0	0	f047dec16b4dba38dc31a6168f13
user10	902	190	1273709880809	0	0	f047dec16b4dba38dc31a6168f13
user10	904	189	1273709880811	0	0	f047dec16b4dba38dc31a6168f13
user10	915	183	1273709880858	0	0	f047dec16b4dba38dc31a6168f13
user10	919	173	1273709880899	0	0	f047dec16b4dba38dc31a6168f13
user10	915	156	1273709880950	0	0	f047dec16b4dba38dc31a6168f13
user10	915	152	1273709880952	0	0	f047dec16b4dba38dc31a6168f13
user10	910	138	1273709880991	0	0	f047dec16b4dba38dc31a6168f13
user10	892	108	1273709881047	0	0	f047dec16b4dba38dc31a6168f13
user10	890	106	1273709881049	0	0	f047dec16b4dba38dc31a6168f13
user10	887	100	1273709881101	0	0	f047dec16b4dba38dc31a6168f13
user10	880	96	1273709881148	0	0	f047dec16b4dba38dc31a6168f13
user10	825	81	1273709881194	0	0	f047dec16b4dba38dc31a6168f13
user10	813	79	1273709881205	0	0	f047dec16b4dba38dc31a6168f13
user10	741	74	1273709881245	0	0	f047dec16b4dba38dc31a6168f13
user10	701	76	1273709881284	0	0	f047dec16b4dba38dc31a6168f13
user10	688	78	1273709881320	0	0	f047dec16b4dba38dc31a6168f13
user10	678	78	1273709881366	0	0	f047dec16b4dba38dc31a6168f13
user10	667	75	1273709881405	0	0	f047dec16b4dba38dc31a6168f13
user10	652	70	1273709881450	0	0	f047dec16b4dba38dc31a6168f13
user10	636	60	1273709881488	0	0	f047dec16b4dba38dc31a6168f13
user10	633	59	1273709881491	0	0	f047dec16b4dba38dc31a6168f13
user10	611	53	1273709881537	0	0	f047dec16b4dba38dc31a6168f13
user10	607	53	1273709881545	0	0	f047dec16b4dba38dc31a6168f13
user10	603	53	1273709881589	0	0	f047dec16b4dba38dc31a6168f13
user10	602	53	1273709881632	0	0	f047dec16b4dba38dc31a6168f13
user10	602	53	1273709881817	1273709881699	1273709881817	f047dec16b4dba38dc31a6168f13
user10	432	210	1273709889274	0	0	f047dec16b4dba38dc31a6168f13
user10	464	214	1273709889306	0	0	f047dec16b4dba38dc31a6168f13
user10	467	214	1273709889338	0	0	f047dec16b4dba38dc31a6168f13
user10	468	215	1273709889664	0	0	f047dec16b4dba38dc31a6168f13
user10	472	217	1273709889689	0	0	f047dec16b4dba38dc31a6168f13
user10	474	217	1273709889712	0	0	f047dec16b4dba38dc31a6168f13
user10	477	217	1273709889744	0	0	f047dec16b4dba38dc31a6168f13
user10	478	216	1273709889746	0	0	f047dec16b4dba38dc31a6168f13
user10	477	214	1273709889779	0	0	f047dec16b4dba38dc31a6168f13
user10	472	212	1273709889805	0	0	f047dec16b4dba38dc31a6168f13
user10	463	206	1273709889832	0	0	f047dec16b4dba38dc31a6168f13
user10	459	206	1273709889835	0	0	f047dec16b4dba38dc31a6168f13
user10	451	200	1273709889859	0	0	f047dec16b4dba38dc31a6168f13
user10	445	196	1273709889888	0	0	f047dec16b4dba38dc31a6168f13
user10	444	195	1273709889913	0	0	f047dec16b4dba38dc31a6168f13
user10	443	195	1273709889941	0	0	f047dec16b4dba38dc31a6168f13
user10	442	194	1273709889974	0	0	f047dec16b4dba38dc31a6168f13
user10	441	194	1273709889976	0	0	f047dec16b4dba38dc31a6168f13
user10	440	192	1273709890008	0	0	f047dec16b4dba38dc31a6168f13
user10	440	192	1273709890040	0	0	f047dec16b4dba38dc31a6168f13
user10	440	192	1273709890120	1273709890010	1273709890120	f047dec16b4dba38dc31a6168f13
user10	441	192	1273709890144	0	0	f047dec16b4dba38dc31a6168f13
user10	448	192	1273709890172	0	0	f047dec16b4dba38dc31a6168f13
user10	468	192	1273709890196	0	0	f047dec16b4dba38dc31a6168f13
user10	492	191	1273709890223	0	0	f047dec16b4dba38dc31a6168f13
user10	500	189	1273709890225	0	0	f047dec16b4dba38dc31a6168f13
user10	518	178	1273709890252	0	0	f047dec16b4dba38dc31a6168f13
user10	533	166	1273709890278	0	0	f047dec16b4dba38dc31a6168f13
user10	540	158	1273709890301	0	0	f047dec16b4dba38dc31a6168f13
user10	541	156	1273709890304	0	0	f047dec16b4dba38dc31a6168f13
user10	543	156	1273709890327	0	0	f047dec16b4dba38dc31a6168f13
user10	548	156	1273709909407	0	0	f047dec16b4dba38dc31a6168f13
user10	582	172	1273709909439	0	0	f047dec16b4dba38dc31a6168f13
user10	633	206	1273709909490	0	0	f047dec16b4dba38dc31a6168f13
user10	649	215	1273709909523	0	0	f047dec16b4dba38dc31a6168f13
user10	651	216	1273709909556	0	0	f047dec16b4dba38dc31a6168f13
user10	650	216	1273709909623	0	0	f047dec16b4dba38dc31a6168f13
user10	649	217	1273709909645	0	0	f047dec16b4dba38dc31a6168f13
user10	649	218	1273709909647	0	0	f047dec16b4dba38dc31a6168f13
user10	648	222	1273709909676	0	0	f047dec16b4dba38dc31a6168f13
user10	648	223	1273709909696	0	0	f047dec16b4dba38dc31a6168f13
user10	648	223	1273709909879	1273709909783	1273709909879	f047dec16b4dba38dc31a6168f13
user10	759	218	1273709913115	0	0	f047dec16b4dba38dc31a6168f13
user10	759	219	1273709913366	0	0	f047dec16b4dba38dc31a6168f13
user10	759	220	1273709913534	0	0	f047dec16b4dba38dc31a6168f13
user10	758	220	1273709913566	0	0	f047dec16b4dba38dc31a6168f13
user10	757	220	1273709913590	0	0	f047dec16b4dba38dc31a6168f13
user10	757	220	1273709913626	0	0	f047dec16b4dba38dc31a6168f13
user10	756	220	1273709913702	0	0	f047dec16b4dba38dc31a6168f13
user10	756	220	1273709913730	0	0	f047dec16b4dba38dc31a6168f13
user10	754	220	1273709913758	0	0	f047dec16b4dba38dc31a6168f13
user10	751	220	1273709913786	0	0	f047dec16b4dba38dc31a6168f13
user10	750	220	1273709913816	0	0	f047dec16b4dba38dc31a6168f13
user10	749	220	1273709913838	0	0	f047dec16b4dba38dc31a6168f13
user10	748	220	1273709913840	0	0	f047dec16b4dba38dc31a6168f13
user10	747	220	1273709913886	0	0	f047dec16b4dba38dc31a6168f13
user10	747	220	1273709914079	1273709913998	1273709914079	f047dec16b4dba38dc31a6168f13
user10	749	219	1273709914150	0	0	f047dec16b4dba38dc31a6168f13
user10	757	213	1273709914176	0	0	f047dec16b4dba38dc31a6168f13
user10	780	203	1273709914200	0	0	f047dec16b4dba38dc31a6168f13
user10	814	183	1273709914228	0	0	f047dec16b4dba38dc31a6168f13
user10	851	159	1273709914253	0	0	f047dec16b4dba38dc31a6168f13
user10	859	154	1273709914255	0	0	f047dec16b4dba38dc31a6168f13
user10	874	134	1273709914281	0	0	f047dec16b4dba38dc31a6168f13
user10	876	126	1273709914305	0	0	f047dec16b4dba38dc31a6168f13
user10	874	118	1273709914330	0	0	f047dec16b4dba38dc31a6168f13
user10	871	108	1273709914354	0	0	f047dec16b4dba38dc31a6168f13
user10	867	102	1273709914376	0	0	f047dec16b4dba38dc31a6168f13
user10	865	100	1273709914382	0	0	f047dec16b4dba38dc31a6168f13
user10	854	93	1273709914408	0	0	f047dec16b4dba38dc31a6168f13
user10	831	88	1273709914435	0	0	f047dec16b4dba38dc31a6168f13
user10	779	87	1273709914465	0	0	f047dec16b4dba38dc31a6168f13
user10	695	89	1273709914494	0	0	f047dec16b4dba38dc31a6168f13
user10	647	92	1273709914520	0	0	f047dec16b4dba38dc31a6168f13
user10	614	92	1273709914551	0	0	f047dec16b4dba38dc31a6168f13
user10	608	89	1273709914575	0	0	f047dec16b4dba38dc31a6168f13
user10	604	85	1273709914605	0	0	f047dec16b4dba38dc31a6168f13
user10	603	84	1273709914607	0	0	f047dec16b4dba38dc31a6168f13
user10	599	76	1273709914653	0	0	f047dec16b4dba38dc31a6168f13
user10	598	73	1273709914654	0	0	f047dec16b4dba38dc31a6168f13
user10	593	64	1273709914683	0	0	f047dec16b4dba38dc31a6168f13
user10	592	62	1273709914689	0	0	f047dec16b4dba38dc31a6168f13
user10	588	58	1273709914723	0	0	f047dec16b4dba38dc31a6168f13
user10	588	56	1273709914749	0	0	f047dec16b4dba38dc31a6168f13
user10	588	55	1273709914751	0	0	f047dec16b4dba38dc31a6168f13
user10	588	52	1273709914776	0	0	f047dec16b4dba38dc31a6168f13
user10	588	50	1273709914798	0	0	f047dec16b4dba38dc31a6168f13
user10	588	49	1273709914826	0	0	f047dec16b4dba38dc31a6168f13
user10	588	49	1273709914935	1273709914853	1273709914935	f047dec16b4dba38dc31a6168f13
