User	X	Y	MouseTimeStamp	MouseDownTimeStamp	MouseUpTimeStamp	SessionID
user13	1023	81	1271993452388	0	0	8b79f0b1aeb7e852b89072dc4cc6
user13	1021	92	1271993452395	0	0	8b79f0b1aeb7e852b89072dc4cc6
user13	1017	105	1271993452403	0	0	8b79f0b1aeb7e852b89072dc4cc6
user13	1014	116	1271993452411	0	0	8b79f0b1aeb7e852b89072dc4cc6
user13	1009	136	1271993452419	0	0	8b79f0b1aeb7e852b89072dc4cc6
user13	1003	160	1271993452427	0	0	8b79f0b1aeb7e852b89072dc4cc6
user13	997	181	1271993452435	0	0	8b79f0b1aeb7e852b89072dc4cc6
user13	994	197	1271993452443	0	0	8b79f0b1aeb7e852b89072dc4cc6
user13	989	216	1271993452451	0	0	8b79f0b1aeb7e852b89072dc4cc6
user13	986	229	1271993452459	0	0	8b79f0b1aeb7e852b89072dc4cc6
user13	980	239	1271993452467	0	0	8b79f0b1aeb7e852b89072dc4cc6
user13	976	248	1271993452475	0	0	8b79f0b1aeb7e852b89072dc4cc6
user13	973	255	1271993452483	0	0	8b79f0b1aeb7e852b89072dc4cc6
user13	971	258	1271993452491	0	0	8b79f0b1aeb7e852b89072dc4cc6
user13	970	260	1271993452499	0	0	8b79f0b1aeb7e852b89072dc4cc6
user13	968	262	1271993452507	0	0	8b79f0b1aeb7e852b89072dc4cc6
user13	968	263	1271993452515	0	0	8b79f0b1aeb7e852b89072dc4cc6
user13	967	265	1271993452524	0	0	8b79f0b1aeb7e852b89072dc4cc6
user13	967	267	1271993452531	0	0	8b79f0b1aeb7e852b89072dc4cc6
user13	967	268	1271993452539	0	0	8b79f0b1aeb7e852b89072dc4cc6
user13	965	269	1271993452547	0	0	8b79f0b1aeb7e852b89072dc4cc6
user13	965	271	1271993452555	0	0	8b79f0b1aeb7e852b89072dc4cc6
user13	965	272	1271993452563	0	0	8b79f0b1aeb7e852b89072dc4cc6
user13	965	273	1271993452571	0	0	8b79f0b1aeb7e852b89072dc4cc6
user13	964	274	1271993452579	0	0	8b79f0b1aeb7e852b89072dc4cc6
user13	964	275	1271993452595	0	0	8b79f0b1aeb7e852b89072dc4cc6
user13	964	276	1271993452603	0	0	8b79f0b1aeb7e852b89072dc4cc6
user13	963	276	1271993452611	0	0	8b79f0b1aeb7e852b89072dc4cc6
user13	962	276	1271993452803	0	0	8b79f0b1aeb7e852b89072dc4cc6
user13	962	274	1271993452827	0	0	8b79f0b1aeb7e852b89072dc4cc6
user13	962	273	1271993452835	0	0	8b79f0b1aeb7e852b89072dc4cc6
user13	962	272	1271993452843	0	0	8b79f0b1aeb7e852b89072dc4cc6
user13	962	269	1271993452852	0	0	8b79f0b1aeb7e852b89072dc4cc6
user13	962	267	1271993452859	0	0	8b79f0b1aeb7e852b89072dc4cc6
user13	962	265	1271993452867	0	0	8b79f0b1aeb7e852b89072dc4cc6
user13	961	264	1271993452875	0	0	8b79f0b1aeb7e852b89072dc4cc6
user13	961	263	1271993452884	0	0	8b79f0b1aeb7e852b89072dc4cc6
user13	960	260	1271993452891	0	0	8b79f0b1aeb7e852b89072dc4cc6
user13	959	259	1271993452899	0	0	8b79f0b1aeb7e852b89072dc4cc6
user13	958	257	1271993452907	0	0	8b79f0b1aeb7e852b89072dc4cc6
user13	957	255	1271993452915	0	0	8b79f0b1aeb7e852b89072dc4cc6
user13	955	252	1271993452923	0	0	8b79f0b1aeb7e852b89072dc4cc6
user13	952	250	1271993452931	0	0	8b79f0b1aeb7e852b89072dc4cc6
user13	950	248	1271993452939	0	0	8b79f0b1aeb7e852b89072dc4cc6
user13	949	248	1271993452947	0	0	8b79f0b1aeb7e852b89072dc4cc6
user13	947	246	1271993452955	0	0	8b79f0b1aeb7e852b89072dc4cc6
user13	946	246	1271993452963	0	0	8b79f0b1aeb7e852b89072dc4cc6
user13	945	245	1271993452971	0	0	8b79f0b1aeb7e852b89072dc4cc6
user13	944	244	1271993452979	0	0	8b79f0b1aeb7e852b89072dc4cc6
user13	943	243	1271993452987	0	0	8b79f0b1aeb7e852b89072dc4cc6
user13	942	243	1271993452995	0	0	8b79f0b1aeb7e852b89072dc4cc6
user13	941	241	1271993453003	0	0	8b79f0b1aeb7e852b89072dc4cc6
user13	940	241	1271993453011	0	0	8b79f0b1aeb7e852b89072dc4cc6
user13	939	241	1271993453035	0	0	8b79f0b1aeb7e852b89072dc4cc6
user13	939	239	1271993453051	0	0	8b79f0b1aeb7e852b89072dc4cc6
user13	939	238	1271993453083	0	0	8b79f0b1aeb7e852b89072dc4cc6
user13	939	237	1271993453107	0	0	8b79f0b1aeb7e852b89072dc4cc6
user13	939	236	1271993453115	0	0	8b79f0b1aeb7e852b89072dc4cc6
user13	939	235	1271993453131	0	0	8b79f0b1aeb7e852b89072dc4cc6
user13	939	234	1271993453139	0	0	8b79f0b1aeb7e852b89072dc4cc6
user13	939	233	1271993453155	0	0	8b79f0b1aeb7e852b89072dc4cc6
user13	939	232	1271993453163	0	0	8b79f0b1aeb7e852b89072dc4cc6
user13	939	231	1271993453171	0	0	8b79f0b1aeb7e852b89072dc4cc6
user13	939	230	1271993453187	0	0	8b79f0b1aeb7e852b89072dc4cc6
user13	939	229	1271993453195	0	0	8b79f0b1aeb7e852b89072dc4cc6
user13	940	228	1271993453211	0	0	8b79f0b1aeb7e852b89072dc4cc6
user13	940	226	1271993453219	0	0	8b79f0b1aeb7e852b89072dc4cc6
user13	941	224	1271993453228	0	0	8b79f0b1aeb7e852b89072dc4cc6
user13	943	223	1271993453235	0	0	8b79f0b1aeb7e852b89072dc4cc6
user13	943	221	1271993453244	0	0	8b79f0b1aeb7e852b89072dc4cc6
user13	943	219	1271993453251	0	0	8b79f0b1aeb7e852b89072dc4cc6
user13	944	218	1271993453259	0	0	8b79f0b1aeb7e852b89072dc4cc6
user13	945	216	1271993453267	0	0	8b79f0b1aeb7e852b89072dc4cc6
user13	945	214	1271993453275	0	0	8b79f0b1aeb7e852b89072dc4cc6
user13	945	213	1271993453291	0	0	8b79f0b1aeb7e852b89072dc4cc6
user13	945	212	1271993453307	0	0	8b79f0b1aeb7e852b89072dc4cc6
user13	946	211	1271993453315	0	0	8b79f0b1aeb7e852b89072dc4cc6
user13	946	210	1271993453323	0	0	8b79f0b1aeb7e852b89072dc4cc6
user13	947	208	1271993453331	0	0	8b79f0b1aeb7e852b89072dc4cc6
user13	947	207	1271993453339	0	0	8b79f0b1aeb7e852b89072dc4cc6
user13	947	205	1271993453363	0	0	8b79f0b1aeb7e852b89072dc4cc6
user13	947	204	1271993453395	0	0	8b79f0b1aeb7e852b89072dc4cc6
user13	947	202	1271993453411	0	0	8b79f0b1aeb7e852b89072dc4cc6
user13	947	201	1271993453419	0	0	8b79f0b1aeb7e852b89072dc4cc6
user13	948	200	1271993453451	0	0	8b79f0b1aeb7e852b89072dc4cc6
user13	948	198	1271993453459	0	0	8b79f0b1aeb7e852b89072dc4cc6
user13	948	197	1271993453467	0	0	8b79f0b1aeb7e852b89072dc4cc6
user13	948	196	1271993453475	0	0	8b79f0b1aeb7e852b89072dc4cc6
user13	948	195	1271993453483	0	0	8b79f0b1aeb7e852b89072dc4cc6
user13	948	194	1271993453491	0	0	8b79f0b1aeb7e852b89072dc4cc6
user13	948	193	1271993453499	0	0	8b79f0b1aeb7e852b89072dc4cc6
user13	948	192	1271993453507	0	0	8b79f0b1aeb7e852b89072dc4cc6
user13	948	191	1271993453515	0	0	8b79f0b1aeb7e852b89072dc4cc6
user13	949	190	1271993453523	0	0	8b79f0b1aeb7e852b89072dc4cc6
user13	949	189	1271993453531	0	0	8b79f0b1aeb7e852b89072dc4cc6
user13	949	187	1271993453539	0	0	8b79f0b1aeb7e852b89072dc4cc6
user13	949	185	1271993453548	0	0	8b79f0b1aeb7e852b89072dc4cc6
user13	949	184	1271993453555	0	0	8b79f0b1aeb7e852b89072dc4cc6
user13	949	182	1271993453571	0	0	8b79f0b1aeb7e852b89072dc4cc6
user13	949	181	1271993453579	0	0	8b79f0b1aeb7e852b89072dc4cc6
user13	949	180	1271993453587	0	0	8b79f0b1aeb7e852b89072dc4cc6
user13	949	179	1271993453595	0	0	8b79f0b1aeb7e852b89072dc4cc6
user13	949	178	1271993453603	0	0	8b79f0b1aeb7e852b89072dc4cc6
user13	949	177	1271993453611	0	0	8b79f0b1aeb7e852b89072dc4cc6
user13	949	177	1271993453803	1271993453707	1271993453803	8b79f0b1aeb7e852b89072dc4cc6
user13	947	176	1271993453843	0	0	8b79f0b1aeb7e852b89072dc4cc6
user13	945	176	1271993456188	0	0	8b79f0b1aeb7e852b89072dc4cc6
user13	945	177	1271993456196	0	0	8b79f0b1aeb7e852b89072dc4cc6
user13	945	178	1271993456380	0	0	8b79f0b1aeb7e852b89072dc4cc6
user13	945	181	1271993456388	0	0	8b79f0b1aeb7e852b89072dc4cc6
user13	945	187	1271993456396	0	0	8b79f0b1aeb7e852b89072dc4cc6
user13	946	194	1271993456404	0	0	8b79f0b1aeb7e852b89072dc4cc6
user13	949	205	1271993456411	0	0	8b79f0b1aeb7e852b89072dc4cc6
user13	952	216	1271993456420	0	0	8b79f0b1aeb7e852b89072dc4cc6
user13	956	226	1271993456427	0	0	8b79f0b1aeb7e852b89072dc4cc6
user13	960	234	1271993456435	0	0	8b79f0b1aeb7e852b89072dc4cc6
user13	964	242	1271993456444	0	0	8b79f0b1aeb7e852b89072dc4cc6
user13	967	250	1271993456451	0	0	8b79f0b1aeb7e852b89072dc4cc6
user13	968	254	1271993456459	0	0	8b79f0b1aeb7e852b89072dc4cc6
user13	970	260	1271993456467	0	0	8b79f0b1aeb7e852b89072dc4cc6
user13	971	264	1271993456475	0	0	8b79f0b1aeb7e852b89072dc4cc6
user13	972	267	1271993456483	0	0	8b79f0b1aeb7e852b89072dc4cc6
user13	972	268	1271993456491	0	0	8b79f0b1aeb7e852b89072dc4cc6
user13	973	271	1271993456499	0	0	8b79f0b1aeb7e852b89072dc4cc6
user13	973	272	1271993456507	0	0	8b79f0b1aeb7e852b89072dc4cc6
user13	973	274	1271993456523	0	0	8b79f0b1aeb7e852b89072dc4cc6
user13	971	274	1271993456795	0	0	8b79f0b1aeb7e852b89072dc4cc6
user13	971	274	1271993456811	1271993456699	1271993456811	8b79f0b1aeb7e852b89072dc4cc6
user13	624	9	1271993461172	0	0	8b79f0b1aeb7e852b89072dc4cc6
user13	617	29	1271993461184	0	0	8b79f0b1aeb7e852b89072dc4cc6
user13	612	41	1271993461188	0	0	8b79f0b1aeb7e852b89072dc4cc6
user13	608	50	1271993461195	0	0	8b79f0b1aeb7e852b89072dc4cc6
user13	601	62	1271993461203	0	0	8b79f0b1aeb7e852b89072dc4cc6
user13	594	72	1271993461211	0	0	8b79f0b1aeb7e852b89072dc4cc6
user13	588	78	1271993461219	0	0	8b79f0b1aeb7e852b89072dc4cc6
user13	580	85	1271993461227	0	0	8b79f0b1aeb7e852b89072dc4cc6
user13	574	89	1271993461235	0	0	8b79f0b1aeb7e852b89072dc4cc6
user13	566	93	1271993461243	0	0	8b79f0b1aeb7e852b89072dc4cc6
user13	559	96	1271993461251	0	0	8b79f0b1aeb7e852b89072dc4cc6
user13	551	96	1271993461259	0	0	8b79f0b1aeb7e852b89072dc4cc6
user13	544	97	1271993461267	0	0	8b79f0b1aeb7e852b89072dc4cc6
user13	533	98	1271993461275	0	0	8b79f0b1aeb7e852b89072dc4cc6
user13	521	99	1271993461283	0	0	8b79f0b1aeb7e852b89072dc4cc6
user13	512	100	1271993461291	0	0	8b79f0b1aeb7e852b89072dc4cc6
user13	499	102	1271993461299	0	0	8b79f0b1aeb7e852b89072dc4cc6
user13	491	105	1271993461307	0	0	8b79f0b1aeb7e852b89072dc4cc6
user13	486	105	1271993461315	0	0	8b79f0b1aeb7e852b89072dc4cc6
user13	479	107	1271993461323	0	0	8b79f0b1aeb7e852b89072dc4cc6
user13	473	108	1271993461331	0	0	8b79f0b1aeb7e852b89072dc4cc6
user13	472	108	1271993461339	0	0	8b79f0b1aeb7e852b89072dc4cc6
user13	469	109	1271993461347	0	0	8b79f0b1aeb7e852b89072dc4cc6
user13	468	109	1271993461355	0	0	8b79f0b1aeb7e852b89072dc4cc6
user13	468	111	1271993461396	0	0	8b79f0b1aeb7e852b89072dc4cc6
user13	468	112	1271993461403	0	0	8b79f0b1aeb7e852b89072dc4cc6
user13	468	114	1271993461411	0	0	8b79f0b1aeb7e852b89072dc4cc6
user13	468	117	1271993461419	0	0	8b79f0b1aeb7e852b89072dc4cc6
user13	469	123	1271993461427	0	0	8b79f0b1aeb7e852b89072dc4cc6
user13	469	130	1271993461435	0	0	8b79f0b1aeb7e852b89072dc4cc6
user13	469	138	1271993461443	0	0	8b79f0b1aeb7e852b89072dc4cc6
user13	467	146	1271993461451	0	0	8b79f0b1aeb7e852b89072dc4cc6
user13	467	149	1271993461459	0	0	8b79f0b1aeb7e852b89072dc4cc6
user13	466	157	1271993461467	0	0	8b79f0b1aeb7e852b89072dc4cc6
user13	464	161	1271993461475	0	0	8b79f0b1aeb7e852b89072dc4cc6
user13	458	171	1271993461483	0	0	8b79f0b1aeb7e852b89072dc4cc6
user13	457	174	1271993461491	0	0	8b79f0b1aeb7e852b89072dc4cc6
user13	454	180	1271993461499	0	0	8b79f0b1aeb7e852b89072dc4cc6
user13	450	185	1271993461507	0	0	8b79f0b1aeb7e852b89072dc4cc6
user13	447	188	1271993461515	0	0	8b79f0b1aeb7e852b89072dc4cc6
user13	445	193	1271993461523	0	0	8b79f0b1aeb7e852b89072dc4cc6
user13	441	198	1271993461531	0	0	8b79f0b1aeb7e852b89072dc4cc6
user13	439	199	1271993461539	0	0	8b79f0b1aeb7e852b89072dc4cc6
user13	439	201	1271993461547	0	0	8b79f0b1aeb7e852b89072dc4cc6
user13	437	202	1271993461555	0	0	8b79f0b1aeb7e852b89072dc4cc6
user13	437	202	1271993461867	1271993461739	1271993461867	8b79f0b1aeb7e852b89072dc4cc6
user13	442	200	1271993470659	0	0	8b79f0b1aeb7e852b89072dc4cc6
user13	449	198	1271993470667	0	0	8b79f0b1aeb7e852b89072dc4cc6
user13	456	197	1271993470675	0	0	8b79f0b1aeb7e852b89072dc4cc6
user13	465	196	1271993470683	0	0	8b79f0b1aeb7e852b89072dc4cc6
user13	473	197	1271993470691	0	0	8b79f0b1aeb7e852b89072dc4cc6
user13	483	198	1271993470699	0	0	8b79f0b1aeb7e852b89072dc4cc6
user13	495	202	1271993470707	0	0	8b79f0b1aeb7e852b89072dc4cc6
user13	506	208	1271993470715	0	0	8b79f0b1aeb7e852b89072dc4cc6
user13	518	211	1271993470723	0	0	8b79f0b1aeb7e852b89072dc4cc6
user13	531	215	1271993470731	0	0	8b79f0b1aeb7e852b89072dc4cc6
user13	543	219	1271993470739	0	0	8b79f0b1aeb7e852b89072dc4cc6
user13	555	224	1271993470747	0	0	8b79f0b1aeb7e852b89072dc4cc6
user13	569	228	1271993470755	0	0	8b79f0b1aeb7e852b89072dc4cc6
user13	578	231	1271993470763	0	0	8b79f0b1aeb7e852b89072dc4cc6
user13	586	232	1271993470771	0	0	8b79f0b1aeb7e852b89072dc4cc6
user13	594	235	1271993470779	0	0	8b79f0b1aeb7e852b89072dc4cc6
user13	600	236	1271993470787	0	0	8b79f0b1aeb7e852b89072dc4cc6
user13	604	238	1271993470795	0	0	8b79f0b1aeb7e852b89072dc4cc6
user13	609	238	1271993470803	0	0	8b79f0b1aeb7e852b89072dc4cc6
user13	611	238	1271993470811	0	0	8b79f0b1aeb7e852b89072dc4cc6
user13	613	238	1271993470819	0	0	8b79f0b1aeb7e852b89072dc4cc6
user13	615	238	1271993470827	0	0	8b79f0b1aeb7e852b89072dc4cc6
user13	616	238	1271993470835	0	0	8b79f0b1aeb7e852b89072dc4cc6
user13	617	237	1271993470851	0	0	8b79f0b1aeb7e852b89072dc4cc6
user13	618	237	1271993470920	0	0	8b79f0b1aeb7e852b89072dc4cc6
user13	619	238	1271993470924	0	0	8b79f0b1aeb7e852b89072dc4cc6
user13	620	239	1271993470931	0	0	8b79f0b1aeb7e852b89072dc4cc6
user13	620	240	1271993470939	0	0	8b79f0b1aeb7e852b89072dc4cc6
user13	622	240	1271993470947	0	0	8b79f0b1aeb7e852b89072dc4cc6
user13	622	242	1271993470955	0	0	8b79f0b1aeb7e852b89072dc4cc6
user13	624	242	1271993470963	0	0	8b79f0b1aeb7e852b89072dc4cc6
user13	624	243	1271993470971	0	0	8b79f0b1aeb7e852b89072dc4cc6
user13	624	241	1271993471051	0	0	8b79f0b1aeb7e852b89072dc4cc6
user13	624	241	1271993471187	1271993471091	1271993471187	8b79f0b1aeb7e852b89072dc4cc6
