User	X	Y	MouseTimeStamp	MouseDownTimeStamp	MouseUpTimeStamp	SessionID
user9	32	364	1272575481343	0	0	b68a5ff29ce620912197715e4fd9
user9	287	269	1272575481406	0	0	b68a5ff29ce620912197715e4fd9
user9	322	266	1272575481421	0	0	b68a5ff29ce620912197715e4fd9
user9	358	263	1272575481421	0	0	b68a5ff29ce620912197715e4fd9
user9	383	259	1272575481437	0	0	b68a5ff29ce620912197715e4fd9
user9	383	259	1272575481609	0	0	b68a5ff29ce620912197715e4fd9
user9	383	259	1272575481609	0	0	b68a5ff29ce620912197715e4fd9
user9	385	254	1272575481687	0	0	b68a5ff29ce620912197715e4fd9
user9	390	243	1272575481687	0	0	b68a5ff29ce620912197715e4fd9
user9	410	221	1272575481703	0	0	b68a5ff29ce620912197715e4fd9
user9	441	198	1272575481718	0	0	b68a5ff29ce620912197715e4fd9
user9	477	179	1272575481734	0	0	b68a5ff29ce620912197715e4fd9
user9	520	166	1272575481750	0	0	b68a5ff29ce620912197715e4fd9
user9	558	160	1272575481750	0	0	b68a5ff29ce620912197715e4fd9
user9	594	160	1272575481765	0	0	b68a5ff29ce620912197715e4fd9
user9	626	164	1272575481781	0	0	b68a5ff29ce620912197715e4fd9
user9	658	171	1272575481796	0	0	b68a5ff29ce620912197715e4fd9
user9	684	178	1272575481796	0	0	b68a5ff29ce620912197715e4fd9
user9	704	184	1272575481812	0	0	b68a5ff29ce620912197715e4fd9
user9	717	187	1272575481828	0	0	b68a5ff29ce620912197715e4fd9
user9	725	190	1272575481843	0	0	b68a5ff29ce620912197715e4fd9
user9	728	190	1272575481859	0	0	b68a5ff29ce620912197715e4fd9
user9	726	190	1272575482031	0	0	b68a5ff29ce620912197715e4fd9
user9	726	189	1272575482046	0	0	b68a5ff29ce620912197715e4fd9
user9	728	187	1272575482062	0	0	b68a5ff29ce620912197715e4fd9
user9	734	182	1272575482078	0	0	b68a5ff29ce620912197715e4fd9
user9	746	174	1272575482078	0	0	b68a5ff29ce620912197715e4fd9
user9	760	166	1272575482093	0	0	b68a5ff29ce620912197715e4fd9
user9	774	162	1272575482109	0	0	b68a5ff29ce620912197715e4fd9
user9	784	160	1272575482125	0	0	b68a5ff29ce620912197715e4fd9
user9	794	160	1272575482140	0	0	b68a5ff29ce620912197715e4fd9
user9	800	160	1272575482140	0	0	b68a5ff29ce620912197715e4fd9
user9	806	160	1272575482156	0	0	b68a5ff29ce620912197715e4fd9
user9	808	160	1272575482171	0	0	b68a5ff29ce620912197715e4fd9
user9	809	160	1272575482187	0	0	b68a5ff29ce620912197715e4fd9
user9	810	160	1272575482187	0	0	b68a5ff29ce620912197715e4fd9
user9	810	161	1272575482296	0	0	b68a5ff29ce620912197715e4fd9
user9	810	162	1272575482296	0	0	b68a5ff29ce620912197715e4fd9
user9	810	162	1272575482312	0	0	b68a5ff29ce620912197715e4fd9
user9	810	164	1272575482328	0	0	b68a5ff29ce620912197715e4fd9
user9	809	164	1272575482343	0	0	b68a5ff29ce620912197715e4fd9
user9	808	165	1272575482359	0	0	b68a5ff29ce620912197715e4fd9
user9	807	166	1272575482359	0	0	b68a5ff29ce620912197715e4fd9
user9	807	166	1272575482375	0	0	b68a5ff29ce620912197715e4fd9
user9	806	167	1272575482390	0	0	b68a5ff29ce620912197715e4fd9
user9	806	167	1272575482421	0	0	b68a5ff29ce620912197715e4fd9
user9	805	168	1272575482609	0	0	b68a5ff29ce620912197715e4fd9
user9	804	170	1272575482625	0	0	b68a5ff29ce620912197715e4fd9
user9	802	173	1272575482640	0	0	b68a5ff29ce620912197715e4fd9
user9	802	176	1272575482640	0	0	b68a5ff29ce620912197715e4fd9
user9	801	178	1272575482656	0	0	b68a5ff29ce620912197715e4fd9
user9	800	179	1272575482671	0	0	b68a5ff29ce620912197715e4fd9
user9	799	179	1272575482687	0	0	b68a5ff29ce620912197715e4fd9
user9	799	179	1272575483125	1272575483000	1272575483125	b68a5ff29ce620912197715e4fd9
user9	799	179	1272575483968	0	0	b68a5ff29ce620912197715e4fd9
user9	805	179	1272575491890	0	0	b68a5ff29ce620912197715e4fd9
user9	812	179	1272575491906	0	0	b68a5ff29ce620912197715e4fd9
user9	822	182	1272575491921	0	0	b68a5ff29ce620912197715e4fd9
user9	835	190	1272575491921	0	0	b68a5ff29ce620912197715e4fd9
user9	851	203	1272575491937	0	0	b68a5ff29ce620912197715e4fd9
user9	864	217	1272575491953	0	0	b68a5ff29ce620912197715e4fd9
user9	874	230	1272575491968	0	0	b68a5ff29ce620912197715e4fd9
user9	881	243	1272575491984	0	0	b68a5ff29ce620912197715e4fd9
user9	884	253	1272575491984	0	0	b68a5ff29ce620912197715e4fd9
user9	886	262	1272575492000	0	0	b68a5ff29ce620912197715e4fd9
user9	887	271	1272575492015	0	0	b68a5ff29ce620912197715e4fd9
user9	889	281	1272575492031	0	0	b68a5ff29ce620912197715e4fd9
user9	889	289	1272575492031	0	0	b68a5ff29ce620912197715e4fd9
user9	889	295	1272575492046	0	0	b68a5ff29ce620912197715e4fd9
user9	889	300	1272575492062	0	0	b68a5ff29ce620912197715e4fd9
user9	890	301	1272575492078	0	0	b68a5ff29ce620912197715e4fd9
user9	890	302	1272575492093	0	0	b68a5ff29ce620912197715e4fd9
user9	893	300	1272575492093	0	0	b68a5ff29ce620912197715e4fd9
user9	898	298	1272575492109	0	0	b68a5ff29ce620912197715e4fd9
user9	905	295	1272575492125	0	0	b68a5ff29ce620912197715e4fd9
user9	909	295	1272575492140	0	0	b68a5ff29ce620912197715e4fd9
user9	910	295	1272575492140	0	0	b68a5ff29ce620912197715e4fd9
user9	911	295	1272575492156	0	0	b68a5ff29ce620912197715e4fd9
user9	910	296	1272575492187	0	0	b68a5ff29ce620912197715e4fd9
user9	906	297	1272575492203	0	0	b68a5ff29ce620912197715e4fd9
user9	902	297	1272575492203	0	0	b68a5ff29ce620912197715e4fd9
user9	895	297	1272575492218	0	0	b68a5ff29ce620912197715e4fd9
user9	888	297	1272575492234	0	0	b68a5ff29ce620912197715e4fd9
user9	880	297	1272575492250	0	0	b68a5ff29ce620912197715e4fd9
user9	873	297	1272575492250	0	0	b68a5ff29ce620912197715e4fd9
user9	866	297	1272575492265	0	0	b68a5ff29ce620912197715e4fd9
user9	861	297	1272575492281	0	0	b68a5ff29ce620912197715e4fd9
user9	857	296	1272575492296	0	0	b68a5ff29ce620912197715e4fd9
user9	854	295	1272575492312	0	0	b68a5ff29ce620912197715e4fd9
user9	853	295	1272575492312	0	0	b68a5ff29ce620912197715e4fd9
user9	853	294	1272575492328	0	0	b68a5ff29ce620912197715e4fd9
user9	852	294	1272575492359	0	0	b68a5ff29ce620912197715e4fd9
user9	852	291	1272575492375	0	0	b68a5ff29ce620912197715e4fd9
user9	851	287	1272575492375	0	0	b68a5ff29ce620912197715e4fd9
user9	851	280	1272575492390	0	0	b68a5ff29ce620912197715e4fd9
user9	850	276	1272575492406	0	0	b68a5ff29ce620912197715e4fd9
user9	849	274	1272575492421	0	0	b68a5ff29ce620912197715e4fd9
user9	848	272	1272575492421	0	0	b68a5ff29ce620912197715e4fd9
user9	848	271	1272575492453	0	0	b68a5ff29ce620912197715e4fd9
user9	848	270	1272575492515	0	0	b68a5ff29ce620912197715e4fd9
user9	848	270	1272575492531	0	0	b68a5ff29ce620912197715e4fd9
user9	848	269	1272575492546	0	0	b68a5ff29ce620912197715e4fd9
user9	848	268	1272575492562	0	0	b68a5ff29ce620912197715e4fd9
user9	848	268	1272575492937	1272575492812	1272575492937	b68a5ff29ce620912197715e4fd9
user9	848	268	1272575495640	0	0	b68a5ff29ce620912197715e4fd9
user9	845	268	1272575496796	0	0	b68a5ff29ce620912197715e4fd9
user9	759	258	1272575496859	0	0	b68a5ff29ce620912197715e4fd9
user9	684	239	1272575496890	0	0	b68a5ff29ce620912197715e4fd9
user9	642	226	1272575496921	0	0	b68a5ff29ce620912197715e4fd9
user9	620	214	1272575496953	0	0	b68a5ff29ce620912197715e4fd9
user9	619	213	1272575496984	0	0	b68a5ff29ce620912197715e4fd9
user9	614	213	1272575522734	0	0	b68a5ff29ce620912197715e4fd9
user9	574	214	1272575522812	0	0	b68a5ff29ce620912197715e4fd9
user9	567	216	1272575522843	0	0	b68a5ff29ce620912197715e4fd9
user9	565	218	1272575522843	0	0	b68a5ff29ce620912197715e4fd9
user9	562	218	1272575522875	0	0	b68a5ff29ce620912197715e4fd9
user9	557	222	1272575522906	0	0	b68a5ff29ce620912197715e4fd9
user9	550	225	1272575522937	0	0	b68a5ff29ce620912197715e4fd9
user9	541	226	1272575522953	0	0	b68a5ff29ce620912197715e4fd9
user9	527	226	1272575522984	0	0	b68a5ff29ce620912197715e4fd9
user9	518	226	1272575523000	0	0	b68a5ff29ce620912197715e4fd9
user9	509	226	1272575523000	0	0	b68a5ff29ce620912197715e4fd9
user9	488	226	1272575523031	0	0	b68a5ff29ce620912197715e4fd9
user9	467	223	1272575523046	0	0	b68a5ff29ce620912197715e4fd9
user9	458	220	1272575523062	0	0	b68a5ff29ce620912197715e4fd9
user9	447	213	1272575523093	0	0	b68a5ff29ce620912197715e4fd9
user9	442	212	1272575523109	0	0	b68a5ff29ce620912197715e4fd9
user9	439	211	1272575523296	0	0	b68a5ff29ce620912197715e4fd9
user9	430	208	1272575523328	0	0	b68a5ff29ce620912197715e4fd9
user9	413	200	1272575523359	0	0	b68a5ff29ce620912197715e4fd9
user9	406	196	1272575523390	0	0	b68a5ff29ce620912197715e4fd9
user9	402	195	1272575523421	0	0	b68a5ff29ce620912197715e4fd9
user9	402	194	1272575523453	0	0	b68a5ff29ce620912197715e4fd9
user9	402	194	1272575523937	1272575523812	1272575523937	b68a5ff29ce620912197715e4fd9
user9	402	194	1272575526484	0	0	b68a5ff29ce620912197715e4fd9
user9	402	194	1272575557031	0	0	b68a5ff29ce620912197715e4fd9
user9	402	194	1272575616812	0	0	b68a5ff29ce620912197715e4fd9
user9	402	194	1272575616828	0	0	b68a5ff29ce620912197715e4fd9
user9	402	194	1272575617312	0	0	b68a5ff29ce620912197715e4fd9
user9	401	194	1272575628781	0	0	b68a5ff29ce620912197715e4fd9
user9	397	198	1272575628843	0	0	b68a5ff29ce620912197715e4fd9
user9	391	202	1272575628875	0	0	b68a5ff29ce620912197715e4fd9
user9	388	203	1272575628906	0	0	b68a5ff29ce620912197715e4fd9
user9	385	203	1272575628953	0	0	b68a5ff29ce620912197715e4fd9
user9	385	201	1272575628984	0	0	b68a5ff29ce620912197715e4fd9
user9	386	198	1272575629015	0	0	b68a5ff29ce620912197715e4fd9
user9	388	194	1272575629015	0	0	b68a5ff29ce620912197715e4fd9
user9	390	190	1272575629031	0	0	b68a5ff29ce620912197715e4fd9
user9	392	188	1272575629031	0	0	b68a5ff29ce620912197715e4fd9
user9	394	186	1272575629062	0	0	b68a5ff29ce620912197715e4fd9
user9	397	186	1272575629078	0	0	b68a5ff29ce620912197715e4fd9
user9	398	186	1272575629093	0	0	b68a5ff29ce620912197715e4fd9
user9	398	187	1272575629140	0	0	b68a5ff29ce620912197715e4fd9
user9	396	190	1272575629156	0	0	b68a5ff29ce620912197715e4fd9
user9	390	194	1272575629171	0	0	b68a5ff29ce620912197715e4fd9
user9	386	198	1272575629203	0	0	b68a5ff29ce620912197715e4fd9
user9	383	198	1272575629218	0	0	b68a5ff29ce620912197715e4fd9
user9	382	198	1272575629234	0	0	b68a5ff29ce620912197715e4fd9
user9	381	197	1272575629265	0	0	b68a5ff29ce620912197715e4fd9
user9	381	192	1272575629281	0	0	b68a5ff29ce620912197715e4fd9
user9	381	191	1272575629296	0	0	b68a5ff29ce620912197715e4fd9
user9	381	190	1272575629328	0	0	b68a5ff29ce620912197715e4fd9
user9	379	191	1272575629390	0	0	b68a5ff29ce620912197715e4fd9
user9	378	194	1272575629406	0	0	b68a5ff29ce620912197715e4fd9
user9	374	199	1272575629437	0	0	b68a5ff29ce620912197715e4fd9
user9	369	205	1272575629453	0	0	b68a5ff29ce620912197715e4fd9
user9	365	207	1272575629468	0	0	b68a5ff29ce620912197715e4fd9
user9	363	207	1272575629500	0	0	b68a5ff29ce620912197715e4fd9
user9	361	209	1272575629515	0	0	b68a5ff29ce620912197715e4fd9
user9	359	210	1272575629531	0	0	b68a5ff29ce620912197715e4fd9
user9	358	211	1272575629562	0	0	b68a5ff29ce620912197715e4fd9
user9	358	211	1272575629578	0	0	b68a5ff29ce620912197715e4fd9
user9	358	210	1272575629640	0	0	b68a5ff29ce620912197715e4fd9
user9	357	208	1272575629656	0	0	b68a5ff29ce620912197715e4fd9
user9	356	208	1272575629890	0	0	b68a5ff29ce620912197715e4fd9
user9	354	206	1272575629953	0	0	b68a5ff29ce620912197715e4fd9
user9	352	198	1272575630031	0	0	b68a5ff29ce620912197715e4fd9
user9	352	196	1272575630062	0	0	b68a5ff29ce620912197715e4fd9
user9	352	195	1272575630078	0	0	b68a5ff29ce620912197715e4fd9
user9	352	195	1272575630500	1272575630375	1272575630500	b68a5ff29ce620912197715e4fd9
user9	352	195	1272575679328	0	0	b68a5ff29ce620912197715e4fd9
user9	352	195	1272575689500	1272575689390	1272575689500	b68a5ff29ce620912197715e4fd9
user9	351	195	1272575690000	0	0	b68a5ff29ce620912197715e4fd9
user9	348	182	1272575690078	0	0	b68a5ff29ce620912197715e4fd9
user9	342	162	1272575690109	0	0	b68a5ff29ce620912197715e4fd9
user9	319	122	1272575690140	0	0	b68a5ff29ce620912197715e4fd9
user9	293	105	1272575690171	0	0	b68a5ff29ce620912197715e4fd9
user9	274	99	1272575690203	0	0	b68a5ff29ce620912197715e4fd9
user9	261	92	1272575690218	0	0	b68a5ff29ce620912197715e4fd9
user9	254	81	1272575690250	0	0	b68a5ff29ce620912197715e4fd9
user9	252	71	1272575690265	0	0	b68a5ff29ce620912197715e4fd9
user9	252	70	1272575690281	0	0	b68a5ff29ce620912197715e4fd9
user9	255	66	1272575690281	0	0	b68a5ff29ce620912197715e4fd9
user9	274	63	1272575690312	0	0	b68a5ff29ce620912197715e4fd9
user9	294	63	1272575690328	0	0	b68a5ff29ce620912197715e4fd9
user9	349	74	1272575690359	0	0	b68a5ff29ce620912197715e4fd9
user9	401	81	1272575690375	0	0	b68a5ff29ce620912197715e4fd9
user9	427	81	1272575690406	0	0	b68a5ff29ce620912197715e4fd9
user9	435	81	1272575690421	0	0	b68a5ff29ce620912197715e4fd9
user9	436	81	1272575690437	0	0	b68a5ff29ce620912197715e4fd9
user9	437	82	1272575690468	0	0	b68a5ff29ce620912197715e4fd9
user9	435	87	1272575690484	0	0	b68a5ff29ce620912197715e4fd9
user9	430	92	1272575690500	0	0	b68a5ff29ce620912197715e4fd9
user9	428	93	1272575690531	0	0	b68a5ff29ce620912197715e4fd9
user9	421	95	1272575690546	0	0	b68a5ff29ce620912197715e4fd9
user9	403	96	1272575690578	0	0	b68a5ff29ce620912197715e4fd9
user9	380	96	1272575690593	0	0	b68a5ff29ce620912197715e4fd9
user9	365	94	1272575690609	0	0	b68a5ff29ce620912197715e4fd9
user9	342	91	1272575690640	0	0	b68a5ff29ce620912197715e4fd9
user9	333	90	1272575690656	0	0	b68a5ff29ce620912197715e4fd9
user9	326	90	1272575690656	0	0	b68a5ff29ce620912197715e4fd9
user9	322	90	1272575690671	0	0	b68a5ff29ce620912197715e4fd9
user9	321	90	1272575690671	0	0	b68a5ff29ce620912197715e4fd9
user9	319	90	1272575690703	0	0	b68a5ff29ce620912197715e4fd9
user9	319	90	1272575690718	0	0	b68a5ff29ce620912197715e4fd9
user9	318	89	1272575690734	0	0	b68a5ff29ce620912197715e4fd9
user9	318	90	1272575690859	0	0	b68a5ff29ce620912197715e4fd9
user9	320	93	1272575690890	0	0	b68a5ff29ce620912197715e4fd9
user9	322	98	1272575690921	0	0	b68a5ff29ce620912197715e4fd9
user9	323	100	1272575690921	0	0	b68a5ff29ce620912197715e4fd9
user9	324	109	1272575690953	0	0	b68a5ff29ce620912197715e4fd9
user9	323	124	1272575690984	0	0	b68a5ff29ce620912197715e4fd9
user9	317	134	1272575691031	0	0	b68a5ff29ce620912197715e4fd9
user9	314	134	1272575691046	0	0	b68a5ff29ce620912197715e4fd9
user9	310	133	1272575691062	0	0	b68a5ff29ce620912197715e4fd9
user9	309	132	1272575691093	0	0	b68a5ff29ce620912197715e4fd9
user9	306	130	1272575691109	0	0	b68a5ff29ce620912197715e4fd9
user9	306	130	1272575691125	0	0	b68a5ff29ce620912197715e4fd9
user9	306	129	1272575691156	0	0	b68a5ff29ce620912197715e4fd9
user9	306	128	1272575691171	0	0	b68a5ff29ce620912197715e4fd9
user9	307	127	1272575691203	0	0	b68a5ff29ce620912197715e4fd9
user9	309	126	1272575691218	0	0	b68a5ff29ce620912197715e4fd9
user9	310	126	1272575691250	0	0	b68a5ff29ce620912197715e4fd9
user9	313	126	1272575691265	0	0	b68a5ff29ce620912197715e4fd9
user9	314	126	1272575691281	0	0	b68a5ff29ce620912197715e4fd9
user9	314	126	1272575692656	0	0	b68a5ff29ce620912197715e4fd9
user9	316	125	1272575692734	0	0	b68a5ff29ce620912197715e4fd9
user9	321	120	1272575692765	0	0	b68a5ff29ce620912197715e4fd9
user9	324	118	1272575692796	0	0	b68a5ff29ce620912197715e4fd9
user9	326	116	1272575692828	0	0	b68a5ff29ce620912197715e4fd9
user9	326	114	1272575692859	0	0	b68a5ff29ce620912197715e4fd9
user9	323	105	1272575692890	0	0	b68a5ff29ce620912197715e4fd9
user9	322	101	1272575692906	0	0	b68a5ff29ce620912197715e4fd9
user9	319	91	1272575692921	0	0	b68a5ff29ce620912197715e4fd9
user9	318	89	1272575692953	0	0	b68a5ff29ce620912197715e4fd9
user9	318	88	1272575692968	0	0	b68a5ff29ce620912197715e4fd9
user9	319	88	1272575692984	0	0	b68a5ff29ce620912197715e4fd9
user9	322	87	1272575693015	0	0	b68a5ff29ce620912197715e4fd9
user9	329	86	1272575693031	0	0	b68a5ff29ce620912197715e4fd9
user9	334	86	1272575693046	0	0	b68a5ff29ce620912197715e4fd9
user9	341	85	1272575693062	0	0	b68a5ff29ce620912197715e4fd9
user9	350	82	1272575693078	0	0	b68a5ff29ce620912197715e4fd9
user9	359	82	1272575693078	0	0	b68a5ff29ce620912197715e4fd9
user9	369	81	1272575693093	0	0	b68a5ff29ce620912197715e4fd9
user9	391	78	1272575693125	0	0	b68a5ff29ce620912197715e4fd9
user9	416	74	1272575693140	0	0	b68a5ff29ce620912197715e4fd9
user9	426	72	1272575693156	0	0	b68a5ff29ce620912197715e4fd9
user9	442	70	1272575693187	0	0	b68a5ff29ce620912197715e4fd9
user9	451	70	1272575693203	0	0	b68a5ff29ce620912197715e4fd9
user9	454	69	1272575693218	0	0	b68a5ff29ce620912197715e4fd9
user9	454	68	1272575693265	0	0	b68a5ff29ce620912197715e4fd9
user9	454	67	1272575693281	0	0	b68a5ff29ce620912197715e4fd9
user9	453	66	1272575693281	0	0	b68a5ff29ce620912197715e4fd9
user9	450	64	1272575693312	0	0	b68a5ff29ce620912197715e4fd9
user9	445	58	1272575693328	0	0	b68a5ff29ce620912197715e4fd9
user9	440	53	1272575693343	0	0	b68a5ff29ce620912197715e4fd9
user9	438	50	1272575693375	0	0	b68a5ff29ce620912197715e4fd9
user9	437	50	1272575693390	0	0	b68a5ff29ce620912197715e4fd9
user9	437	50	1272575693875	1272575693765	1272575693875	b68a5ff29ce620912197715e4fd9
user9	546	365	1272575703718	0	0	b68a5ff29ce620912197715e4fd9
user9	546	365	1272575703734	0	0	b68a5ff29ce620912197715e4fd9
user9	546	365	1272575704218	0	0	b68a5ff29ce620912197715e4fd9
user9	546	363	1272575724906	0	0	b68a5ff29ce620912197715e4fd9
user9	534	342	1272575724968	0	0	b68a5ff29ce620912197715e4fd9
user9	499	293	1272575725000	0	0	b68a5ff29ce620912197715e4fd9
user9	483	267	1272575725031	0	0	b68a5ff29ce620912197715e4fd9
user9	468	243	1272575725031	0	0	b68a5ff29ce620912197715e4fd9
user9	433	176	1272575725062	0	0	b68a5ff29ce620912197715e4fd9
user9	422	158	1272575725093	0	0	b68a5ff29ce620912197715e4fd9
user9	422	154	1272575725125	0	0	b68a5ff29ce620912197715e4fd9
user9	421	154	1272575725312	0	0	b68a5ff29ce620912197715e4fd9
user9	414	154	1272575725343	0	0	b68a5ff29ce620912197715e4fd9
user9	390	147	1272575725375	0	0	b68a5ff29ce620912197715e4fd9
user9	322	126	1272575725406	0	0	b68a5ff29ce620912197715e4fd9
user9	282	110	1272575725406	0	0	b68a5ff29ce620912197715e4fd9
user9	214	74	1272575725437	0	0	b68a5ff29ce620912197715e4fd9
user9	174	39	1272575725468	0	0	b68a5ff29ce620912197715e4fd9
user9	167	33	1272575725484	0	0	b68a5ff29ce620912197715e4fd9
user9	166	33	1272575725671	0	0	b68a5ff29ce620912197715e4fd9
user9	160	32	1272575725703	0	0	b68a5ff29ce620912197715e4fd9
user9	137	26	1272575725734	0	0	b68a5ff29ce620912197715e4fd9
user9	72	10	1272575725765	0	0	b68a5ff29ce620912197715e4fd9
user9	40	1	1272575725765	0	0	b68a5ff29ce620912197715e4fd9
user9	14	5	1272575726843	0	0	b68a5ff29ce620912197715e4fd9
user9	106	92	1272575726906	0	0	b68a5ff29ce620912197715e4fd9
user9	117	108	1272575726937	0	0	b68a5ff29ce620912197715e4fd9
user9	118	114	1272575726968	0	0	b68a5ff29ce620912197715e4fd9
user9	120	114	1272575727328	0	0	b68a5ff29ce620912197715e4fd9
user9	152	124	1272575727390	0	0	b68a5ff29ce620912197715e4fd9
user9	171	141	1272575727421	0	0	b68a5ff29ce620912197715e4fd9
user9	182	151	1272575727453	0	0	b68a5ff29ce620912197715e4fd9
user9	187	159	1272575727484	0	0	b68a5ff29ce620912197715e4fd9
user9	187	160	1272575727500	0	0	b68a5ff29ce620912197715e4fd9
user9	186	160	1272575729078	0	0	b68a5ff29ce620912197715e4fd9
user9	159	153	1272575729140	0	0	b68a5ff29ce620912197715e4fd9
user9	138	148	1272575729171	0	0	b68a5ff29ce620912197715e4fd9
user9	114	143	1272575729203	0	0	b68a5ff29ce620912197715e4fd9
user9	108	142	1272575729234	0	0	b68a5ff29ce620912197715e4fd9
user9	106	141	1272575729265	0	0	b68a5ff29ce620912197715e4fd9
user9	106	140	1272575729296	0	0	b68a5ff29ce620912197715e4fd9
user9	107	138	1272575729296	0	0	b68a5ff29ce620912197715e4fd9
user9	108	138	1272575729312	0	0	b68a5ff29ce620912197715e4fd9
user9	114	134	1272575729328	0	0	b68a5ff29ce620912197715e4fd9
user9	116	133	1272575729343	0	0	b68a5ff29ce620912197715e4fd9
user9	118	132	1272575729359	0	0	b68a5ff29ce620912197715e4fd9
user9	121	132	1272575729375	0	0	b68a5ff29ce620912197715e4fd9
user9	126	132	1272575729390	0	0	b68a5ff29ce620912197715e4fd9
user9	128	132	1272575729406	0	0	b68a5ff29ce620912197715e4fd9
user9	132	132	1272575729437	0	0	b68a5ff29ce620912197715e4fd9
user9	138	133	1272575729453	0	0	b68a5ff29ce620912197715e4fd9
user9	140	136	1272575729468	0	0	b68a5ff29ce620912197715e4fd9
user9	147	146	1272575729484	0	0	b68a5ff29ce620912197715e4fd9
user9	150	151	1272575729515	0	0	b68a5ff29ce620912197715e4fd9
user9	154	164	1272575729531	0	0	b68a5ff29ce620912197715e4fd9
user9	156	172	1272575729546	0	0	b68a5ff29ce620912197715e4fd9
user9	157	184	1272575729546	0	0	b68a5ff29ce620912197715e4fd9
user9	157	196	1272575729562	0	0	b68a5ff29ce620912197715e4fd9
user9	154	229	1272575729593	0	0	b68a5ff29ce620912197715e4fd9
user9	148	254	1272575729609	0	0	b68a5ff29ce620912197715e4fd9
user9	146	261	1272575729625	0	0	b68a5ff29ce620912197715e4fd9
user9	142	263	1272575729656	0	0	b68a5ff29ce620912197715e4fd9
user9	141	262	1272575729906	0	0	b68a5ff29ce620912197715e4fd9
user9	154	246	1272575729984	0	0	b68a5ff29ce620912197715e4fd9
user9	263	191	1272575730046	0	0	b68a5ff29ce620912197715e4fd9
user9	312	174	1272575730062	0	0	b68a5ff29ce620912197715e4fd9
user9	332	166	1272575730078	0	0	b68a5ff29ce620912197715e4fd9
user9	363	150	1272575730093	0	0	b68a5ff29ce620912197715e4fd9
user9	378	135	1272575730125	0	0	b68a5ff29ce620912197715e4fd9
user9	386	133	1272575730156	0	0	b68a5ff29ce620912197715e4fd9
user9	387	133	1272575730187	0	0	b68a5ff29ce620912197715e4fd9
user9	388	133	1272575730203	0	0	b68a5ff29ce620912197715e4fd9
user9	393	133	1272575730218	0	0	b68a5ff29ce620912197715e4fd9
user9	396	133	1272575730234	0	0	b68a5ff29ce620912197715e4fd9
user9	405	133	1272575730265	0	0	b68a5ff29ce620912197715e4fd9
user9	402	131	1272575730468	0	0	b68a5ff29ce620912197715e4fd9
user9	402	126	1272575730484	0	0	b68a5ff29ce620912197715e4fd9
user9	404	114	1272575730515	0	0	b68a5ff29ce620912197715e4fd9
user9	411	102	1272575730546	0	0	b68a5ff29ce620912197715e4fd9
user9	415	98	1272575730546	0	0	b68a5ff29ce620912197715e4fd9
user9	423	90	1272575730578	0	0	b68a5ff29ce620912197715e4fd9
user9	429	86	1272575730609	0	0	b68a5ff29ce620912197715e4fd9
user9	430	86	1272575730625	0	0	b68a5ff29ce620912197715e4fd9
user9	431	85	1272575730640	0	0	b68a5ff29ce620912197715e4fd9
user9	433	82	1272575730656	0	0	b68a5ff29ce620912197715e4fd9
user9	434	80	1272575730687	0	0	b68a5ff29ce620912197715e4fd9
user9	434	78	1272575730687	0	0	b68a5ff29ce620912197715e4fd9
user9	436	78	1272575730703	0	0	b68a5ff29ce620912197715e4fd9
user9	439	72	1272575730718	0	0	b68a5ff29ce620912197715e4fd9
user9	440	70	1272575730734	0	0	b68a5ff29ce620912197715e4fd9
user9	442	69	1272575730734	0	0	b68a5ff29ce620912197715e4fd9
user9	442	67	1272575730765	0	0	b68a5ff29ce620912197715e4fd9
user9	444	66	1272575730765	0	0	b68a5ff29ce620912197715e4fd9
user9	445	65	1272575730781	0	0	b68a5ff29ce620912197715e4fd9
user9	446	62	1272575730796	0	0	b68a5ff29ce620912197715e4fd9
user9	447	61	1272575730828	0	0	b68a5ff29ce620912197715e4fd9
user9	450	58	1272575730843	0	0	b68a5ff29ce620912197715e4fd9
user9	453	54	1272575730859	0	0	b68a5ff29ce620912197715e4fd9
user9	454	52	1272575730890	0	0	b68a5ff29ce620912197715e4fd9
user9	456	51	1272575730906	0	0	b68a5ff29ce620912197715e4fd9
user9	457	51	1272575730921	0	0	b68a5ff29ce620912197715e4fd9
user9	457	51	1272575731203	1272575731015	1272575731203	b68a5ff29ce620912197715e4fd9
user9	309	433	1272575739984	0	0	b68a5ff29ce620912197715e4fd9
user9	309	433	1272575740468	0	0	b68a5ff29ce620912197715e4fd9
user9	307	434	1272575740671	0	0	b68a5ff29ce620912197715e4fd9
user9	334	410	1272575740750	0	0	b68a5ff29ce620912197715e4fd9
user9	578	258	1272575740812	0	0	b68a5ff29ce620912197715e4fd9
user9	678	246	1272575740859	0	0	b68a5ff29ce620912197715e4fd9
user9	727	258	1272575740890	0	0	b68a5ff29ce620912197715e4fd9
user9	736	269	1272575740921	0	0	b68a5ff29ce620912197715e4fd9
user9	734	269	1272575741093	0	0	b68a5ff29ce620912197715e4fd9
user9	733	267	1272575741125	0	0	b68a5ff29ce620912197715e4fd9
user9	734	264	1272575741125	0	0	b68a5ff29ce620912197715e4fd9
user9	782	226	1272575741171	0	0	b68a5ff29ce620912197715e4fd9
user9	882	174	1272575741203	0	0	b68a5ff29ce620912197715e4fd9
user9	937	156	1272575741234	0	0	b68a5ff29ce620912197715e4fd9
user9	955	154	1272575741234	0	0	b68a5ff29ce620912197715e4fd9
user9	978	154	1272575741265	0	0	b68a5ff29ce620912197715e4fd9
user9	990	154	1272575741296	0	0	b68a5ff29ce620912197715e4fd9
user9	991	154	1272575741312	0	0	b68a5ff29ce620912197715e4fd9
user9	990	154	1272575742296	0	0	b68a5ff29ce620912197715e4fd9
user9	998	130	1272575742375	0	0	b68a5ff29ce620912197715e4fd9
user9	1013	106	1272575742406	0	0	b68a5ff29ce620912197715e4fd9
user9	1014	99	1272575742546	0	0	b68a5ff29ce620912197715e4fd9
user9	1014	101	1272575742578	0	0	b68a5ff29ce620912197715e4fd9
user9	1013	102	1272575742578	0	0	b68a5ff29ce620912197715e4fd9
user9	1010	104	1272575742609	0	0	b68a5ff29ce620912197715e4fd9
user9	1007	106	1272575742656	0	0	b68a5ff29ce620912197715e4fd9
user9	1006	106	1272575742656	0	0	b68a5ff29ce620912197715e4fd9
user9	1006	106	1272575742687	0	0	b68a5ff29ce620912197715e4fd9
user9	973	316	1272575746218	0	0	b68a5ff29ce620912197715e4fd9
user9	973	316	1272575771218	0	0	b68a5ff29ce620912197715e4fd9
user9	973	316	1272575771218	0	0	b68a5ff29ce620912197715e4fd9
user9	972	317	1272575771812	0	0	b68a5ff29ce620912197715e4fd9
user9	948	314	1272575771875	0	0	b68a5ff29ce620912197715e4fd9
user9	919	298	1272575771906	0	0	b68a5ff29ce620912197715e4fd9
user9	862	248	1272575771937	0	0	b68a5ff29ce620912197715e4fd9
user9	840	219	1272575771968	0	0	b68a5ff29ce620912197715e4fd9
user9	834	211	1272575771968	0	0	b68a5ff29ce620912197715e4fd9
user9	830	201	1272575772000	0	0	b68a5ff29ce620912197715e4fd9
user9	830	196	1272575772031	0	0	b68a5ff29ce620912197715e4fd9
user9	828	197	1272575772203	0	0	b68a5ff29ce620912197715e4fd9
user9	806	192	1272575772234	0	0	b68a5ff29ce620912197715e4fd9
user9	690	151	1272575772265	0	0	b68a5ff29ce620912197715e4fd9
user9	622	118	1272575772296	0	0	b68a5ff29ce620912197715e4fd9
user9	569	65	1272575772328	0	0	b68a5ff29ce620912197715e4fd9
user9	565	54	1272575772359	0	0	b68a5ff29ce620912197715e4fd9
user9	564	54	1272575772531	0	0	b68a5ff29ce620912197715e4fd9
user9	550	52	1272575772546	0	0	b68a5ff29ce620912197715e4fd9
user9	426	20	1272575772578	0	0	b68a5ff29ce620912197715e4fd9
user9	52	1	1272575772968	0	0	b68a5ff29ce620912197715e4fd9
user9	26	14	1272575773031	0	0	b68a5ff29ce620912197715e4fd9
user9	33	16	1272575773078	0	0	b68a5ff29ce620912197715e4fd9
user9	39	17	1272575773078	0	0	b68a5ff29ce620912197715e4fd9
user9	54	21	1272575773109	0	0	b68a5ff29ce620912197715e4fd9
user9	70	24	1272575773140	0	0	b68a5ff29ce620912197715e4fd9
user9	74	25	1272575773156	0	0	b68a5ff29ce620912197715e4fd9
user9	75	26	1272575773187	0	0	b68a5ff29ce620912197715e4fd9
user9	76	26	1272575773218	0	0	b68a5ff29ce620912197715e4fd9
user9	76	26	1272575773234	0	0	b68a5ff29ce620912197715e4fd9
user9	77	26	1272575773265	0	0	b68a5ff29ce620912197715e4fd9
user9	78	27	1272575773281	0	0	b68a5ff29ce620912197715e4fd9
user9	81	28	1272575773296	0	0	b68a5ff29ce620912197715e4fd9
user9	94	38	1272575773312	0	0	b68a5ff29ce620912197715e4fd9
user9	102	46	1272575773328	0	0	b68a5ff29ce620912197715e4fd9
user9	118	62	1272575773359	0	0	b68a5ff29ce620912197715e4fd9
user9	132	81	1272575773375	0	0	b68a5ff29ce620912197715e4fd9
user9	139	91	1272575773390	0	0	b68a5ff29ce620912197715e4fd9
user9	150	109	1272575773406	0	0	b68a5ff29ce620912197715e4fd9
user9	154	114	1272575773437	0	0	b68a5ff29ce620912197715e4fd9
user9	155	114	1272575773453	0	0	b68a5ff29ce620912197715e4fd9
user9	155	114	1272575773750	0	0	b68a5ff29ce620912197715e4fd9
user9	171	110	1272575773812	0	0	b68a5ff29ce620912197715e4fd9
user9	193	106	1272575773859	0	0	b68a5ff29ce620912197715e4fd9
user9	202	104	1272575773890	0	0	b68a5ff29ce620912197715e4fd9
user9	209	103	1272575773921	0	0	b68a5ff29ce620912197715e4fd9
user9	210	103	1272575773953	0	0	b68a5ff29ce620912197715e4fd9
user9	212	103	1272575773968	0	0	b68a5ff29ce620912197715e4fd9
user9	213	103	1272575774031	0	0	b68a5ff29ce620912197715e4fd9
user9	214	103	1272575774046	0	0	b68a5ff29ce620912197715e4fd9
user9	215	103	1272575774078	0	0	b68a5ff29ce620912197715e4fd9
user9	216	103	1272575774078	0	0	b68a5ff29ce620912197715e4fd9
user9	217	103	1272575774093	0	0	b68a5ff29ce620912197715e4fd9
user9	222	103	1272575774109	0	0	b68a5ff29ce620912197715e4fd9
user9	225	101	1272575774578	0	0	b68a5ff29ce620912197715e4fd9
user9	252	93	1272575774640	0	0	b68a5ff29ce620912197715e4fd9
user9	262	93	1272575774671	0	0	b68a5ff29ce620912197715e4fd9
user9	265	93	1272575774687	0	0	b68a5ff29ce620912197715e4fd9
user9	270	93	1272575774703	0	0	b68a5ff29ce620912197715e4fd9
user9	274	93	1272575774734	0	0	b68a5ff29ce620912197715e4fd9
user9	278	94	1272575774765	0	0	b68a5ff29ce620912197715e4fd9
user9	281	96	1272575774796	0	0	b68a5ff29ce620912197715e4fd9
user9	282	97	1272575774796	0	0	b68a5ff29ce620912197715e4fd9
user9	285	98	1272575774828	0	0	b68a5ff29ce620912197715e4fd9
user9	289	99	1272575774843	0	0	b68a5ff29ce620912197715e4fd9
user9	290	101	1272575774859	0	0	b68a5ff29ce620912197715e4fd9
user9	292	101	1272575774875	0	0	b68a5ff29ce620912197715e4fd9
user9	294	99	1272575780156	0	0	b68a5ff29ce620912197715e4fd9
user9	332	83	1272575780234	0	0	b68a5ff29ce620912197715e4fd9
user9	352	83	1272575780265	0	0	b68a5ff29ce620912197715e4fd9
user9	362	83	1272575780265	0	0	b68a5ff29ce620912197715e4fd9
user9	386	99	1272575780296	0	0	b68a5ff29ce620912197715e4fd9
user9	423	136	1272575780328	0	0	b68a5ff29ce620912197715e4fd9
user9	444	162	1272575780359	0	0	b68a5ff29ce620912197715e4fd9
user9	458	194	1272575780375	0	0	b68a5ff29ce620912197715e4fd9
user9	465	214	1272575780390	0	0	b68a5ff29ce620912197715e4fd9
user9	466	227	1272575780421	0	0	b68a5ff29ce620912197715e4fd9
user9	462	230	1272575780437	0	0	b68a5ff29ce620912197715e4fd9
user9	462	230	1272575780609	0	0	b68a5ff29ce620912197715e4fd9
user9	461	230	1272575780640	0	0	b68a5ff29ce620912197715e4fd9
user9	466	225	1272575780671	0	0	b68a5ff29ce620912197715e4fd9
user9	486	214	1272575780703	0	0	b68a5ff29ce620912197715e4fd9
user9	546	194	1272575780734	0	0	b68a5ff29ce620912197715e4fd9
user9	601	199	1272575780765	0	0	b68a5ff29ce620912197715e4fd9
user9	661	228	1272575780781	0	0	b68a5ff29ce620912197715e4fd9
user9	689	246	1272575780796	0	0	b68a5ff29ce620912197715e4fd9
user9	734	280	1272575780828	0	0	b68a5ff29ce620912197715e4fd9
user9	748	293	1272575780843	0	0	b68a5ff29ce620912197715e4fd9
user9	774	325	1272575780859	0	0	b68a5ff29ce620912197715e4fd9
user9	792	362	1272575780875	0	0	b68a5ff29ce620912197715e4fd9
user9	795	375	1272575780906	0	0	b68a5ff29ce620912197715e4fd9
user9	797	374	1272575781203	0	0	b68a5ff29ce620912197715e4fd9
user9	827	385	1272575781265	0	0	b68a5ff29ce620912197715e4fd9
user9	869	415	1272575781296	0	0	b68a5ff29ce620912197715e4fd9
user9	910	467	1272575781328	0	0	b68a5ff29ce620912197715e4fd9
user9	927	500	1272575781359	0	0	b68a5ff29ce620912197715e4fd9
user9	934	517	1272575781390	0	0	b68a5ff29ce620912197715e4fd9
user9	931	519	1272575781421	0	0	b68a5ff29ce620912197715e4fd9
user9	931	521	1272575781765	0	0	b68a5ff29ce620912197715e4fd9
user9	932	531	1272575781828	0	0	b68a5ff29ce620912197715e4fd9
user9	932	548	1272575781890	0	0	b68a5ff29ce620912197715e4fd9
user9	932	556	1272575781921	0	0	b68a5ff29ce620912197715e4fd9
user9	932	562	1272575781953	0	0	b68a5ff29ce620912197715e4fd9
user9	932	572	1272575781984	0	0	b68a5ff29ce620912197715e4fd9
user9	932	576	1272575782015	0	0	b68a5ff29ce620912197715e4fd9
user9	932	577	1272575782031	0	0	b68a5ff29ce620912197715e4fd9
user9	933	578	1272575782078	0	0	b68a5ff29ce620912197715e4fd9
user9	934	579	1272575782093	0	0	b68a5ff29ce620912197715e4fd9
user9	938	581	1272575782109	0	0	b68a5ff29ce620912197715e4fd9
user9	940	581	1272575782125	0	0	b68a5ff29ce620912197715e4fd9
user9	946	575	1272575783375	0	0	b68a5ff29ce620912197715e4fd9
user9	843	438	1272575783437	0	0	b68a5ff29ce620912197715e4fd9
user9	809	393	1272575783484	0	0	b68a5ff29ce620912197715e4fd9
user9	804	388	1272575783500	0	0	b68a5ff29ce620912197715e4fd9
user9	804	388	1272575783750	0	0	b68a5ff29ce620912197715e4fd9
user9	804	388	1272575783750	0	0	b68a5ff29ce620912197715e4fd9
user9	804	388	1272575792671	0	0	b68a5ff29ce620912197715e4fd9
user9	804	388	1272575792671	0	0	b68a5ff29ce620912197715e4fd9
user9	804	389	1272575797984	0	0	b68a5ff29ce620912197715e4fd9
user9	804	390	1272575798062	0	0	b68a5ff29ce620912197715e4fd9
user9	804	390	1272575799843	0	0	b68a5ff29ce620912197715e4fd9
user9	804	390	1272575799843	0	0	b68a5ff29ce620912197715e4fd9
user9	804	390	1272575803562	0	0	b68a5ff29ce620912197715e4fd9
user9	804	390	1272575804078	0	0	b68a5ff29ce620912197715e4fd9
user9	802	390	1272575805171	0	0	b68a5ff29ce620912197715e4fd9
user9	750	389	1272575805250	0	0	b68a5ff29ce620912197715e4fd9
user9	709	380	1272575805281	0	0	b68a5ff29ce620912197715e4fd9
user9	696	374	1272575805312	0	0	b68a5ff29ce620912197715e4fd9
user9	691	370	1272575805343	0	0	b68a5ff29ce620912197715e4fd9
user9	690	370	1272575805578	0	0	b68a5ff29ce620912197715e4fd9
user9	689	370	1272575805609	0	0	b68a5ff29ce620912197715e4fd9
user9	683	370	1272575805640	0	0	b68a5ff29ce620912197715e4fd9
user9	678	370	1272575805671	0	0	b68a5ff29ce620912197715e4fd9
user9	650	348	1272575805703	0	0	b68a5ff29ce620912197715e4fd9
user9	623	313	1272575805734	0	0	b68a5ff29ce620912197715e4fd9
user9	603	267	1272575805750	0	0	b68a5ff29ce620912197715e4fd9
user9	598	242	1272575805765	0	0	b68a5ff29ce620912197715e4fd9
user9	595	199	1272575805796	0	0	b68a5ff29ce620912197715e4fd9
user9	598	179	1272575805812	0	0	b68a5ff29ce620912197715e4fd9
user9	608	164	1272575805828	0	0	b68a5ff29ce620912197715e4fd9
user9	615	159	1272575805859	0	0	b68a5ff29ce620912197715e4fd9
user9	613	158	1272575806031	0	0	b68a5ff29ce620912197715e4fd9
user9	580	126	1272575806078	0	0	b68a5ff29ce620912197715e4fd9
user9	517	56	1272575806109	0	0	b68a5ff29ce620912197715e4fd9
user9	490	24	1272575806140	0	0	b68a5ff29ce620912197715e4fd9
user9	472	8	1272575806171	0	0	b68a5ff29ce620912197715e4fd9
user9	468	6	1272575806187	0	0	b68a5ff29ce620912197715e4fd9
user9	466	5	1272575806218	0	0	b68a5ff29ce620912197715e4fd9
user9	466	6	1272575806312	0	0	b68a5ff29ce620912197715e4fd9
user9	466	8	1272575806328	0	0	b68a5ff29ce620912197715e4fd9
user9	466	10	1272575806328	0	0	b68a5ff29ce620912197715e4fd9
user9	466	17	1272575806359	0	0	b68a5ff29ce620912197715e4fd9
user9	466	25	1272575806390	0	0	b68a5ff29ce620912197715e4fd9
user9	464	29	1272575806421	0	0	b68a5ff29ce620912197715e4fd9
user9	462	34	1272575806453	0	0	b68a5ff29ce620912197715e4fd9
user9	460	37	1272575806484	0	0	b68a5ff29ce620912197715e4fd9
user9	459	38	1272575806500	0	0	b68a5ff29ce620912197715e4fd9
user9	458	39	1272575806531	0	0	b68a5ff29ce620912197715e4fd9
user9	457	40	1272575806546	0	0	b68a5ff29ce620912197715e4fd9
user9	456	41	1272575806578	0	0	b68a5ff29ce620912197715e4fd9
user9	455	42	1272575806593	0	0	b68a5ff29ce620912197715e4fd9
user9	454	42	1272575806609	0	0	b68a5ff29ce620912197715e4fd9
user9	454	43	1272575806640	0	0	b68a5ff29ce620912197715e4fd9
user9	454	44	1272575806656	0	0	b68a5ff29ce620912197715e4fd9
user9	454	44	1272575808984	0	0	b68a5ff29ce620912197715e4fd9
user9	454	44	1272575808984	0	0	b68a5ff29ce620912197715e4fd9
user9	454	44	1272575814718	1272575814390	1272575814718	b68a5ff29ce620912197715e4fd9
user9	166	443	1272575825625	0	0	b68a5ff29ce620912197715e4fd9
user9	166	443	1272575826109	0	0	b68a5ff29ce620912197715e4fd9
user9	165	443	1272575826359	0	0	b68a5ff29ce620912197715e4fd9
user9	214	400	1272575826421	0	0	b68a5ff29ce620912197715e4fd9
user9	347	298	1272575826468	0	0	b68a5ff29ce620912197715e4fd9
user9	470	239	1272575826500	0	0	b68a5ff29ce620912197715e4fd9
user9	542	227	1272575826531	0	0	b68a5ff29ce620912197715e4fd9
user9	559	230	1272575826578	0	0	b68a5ff29ce620912197715e4fd9
user9	560	241	1272575826593	0	0	b68a5ff29ce620912197715e4fd9
user9	554	246	1272575826625	0	0	b68a5ff29ce620912197715e4fd9
user9	554	246	1272575826765	0	0	b68a5ff29ce620912197715e4fd9
user9	554	244	1272575826796	0	0	b68a5ff29ce620912197715e4fd9
user9	598	208	1272575826828	0	0	b68a5ff29ce620912197715e4fd9
user9	733	137	1272575826859	0	0	b68a5ff29ce620912197715e4fd9
user9	820	121	1272575826906	0	0	b68a5ff29ce620912197715e4fd9
user9	888	126	1272575826921	0	0	b68a5ff29ce620912197715e4fd9
user9	914	133	1272575826921	0	0	b68a5ff29ce620912197715e4fd9
user9	927	136	1272575826953	0	0	b68a5ff29ce620912197715e4fd9
user9	937	137	1272575826968	0	0	b68a5ff29ce620912197715e4fd9
user9	936	137	1272575827140	0	0	b68a5ff29ce620912197715e4fd9
user9	935	137	1272575827171	0	0	b68a5ff29ce620912197715e4fd9
user9	938	132	1272575827203	0	0	b68a5ff29ce620912197715e4fd9
user9	949	124	1272575827234	0	0	b68a5ff29ce620912197715e4fd9
user9	955	121	1272575827265	0	0	b68a5ff29ce620912197715e4fd9
user9	960	118	1272575827296	0	0	b68a5ff29ce620912197715e4fd9
user9	964	118	1272575827312	0	0	b68a5ff29ce620912197715e4fd9
user9	969	116	1272575827343	0	0	b68a5ff29ce620912197715e4fd9
user9	975	115	1272575827359	0	0	b68a5ff29ce620912197715e4fd9
user9	982	115	1272575827375	0	0	b68a5ff29ce620912197715e4fd9
user9	989	115	1272575827406	0	0	b68a5ff29ce620912197715e4fd9
user9	992	115	1272575827421	0	0	b68a5ff29ce620912197715e4fd9
user9	995	115	1272575827421	0	0	b68a5ff29ce620912197715e4fd9
user9	997	115	1272575827453	0	0	b68a5ff29ce620912197715e4fd9
user9	998	115	1272575827453	0	0	b68a5ff29ce620912197715e4fd9
user9	999	115	1272575827468	0	0	b68a5ff29ce620912197715e4fd9
user9	1001	115	1272575827625	0	0	b68a5ff29ce620912197715e4fd9
user9	1006	116	1272575827656	0	0	b68a5ff29ce620912197715e4fd9
user9	1015	122	1272575827906	0	0	b68a5ff29ce620912197715e4fd9
user9	1014	122	1272575827984	0	0	b68a5ff29ce620912197715e4fd9
user9	1014	51	1272575879203	0	0	b68a5ff29ce620912197715e4fd9
user9	937	94	1272575879265	0	0	b68a5ff29ce620912197715e4fd9
user9	831	144	1272575879296	0	0	b68a5ff29ce620912197715e4fd9
user9	762	158	1272575879328	0	0	b68a5ff29ce620912197715e4fd9
user9	747	131	1272575879375	0	0	b68a5ff29ce620912197715e4fd9
user9	762	78	1272575879406	0	0	b68a5ff29ce620912197715e4fd9
user9	800	12	1272575879421	0	0	b68a5ff29ce620912197715e4fd9
user9	434	70	1272575880109	0	0	b68a5ff29ce620912197715e4fd9
user9	433	69	1272575880312	0	0	b68a5ff29ce620912197715e4fd9
user9	428	59	1272575880375	0	0	b68a5ff29ce620912197715e4fd9
user9	431	56	1272575880437	0	0	b68a5ff29ce620912197715e4fd9
user9	433	55	1272575880468	0	0	b68a5ff29ce620912197715e4fd9
user9	434	55	1272575880500	0	0	b68a5ff29ce620912197715e4fd9
user9	434	55	1272575880531	0	0	b68a5ff29ce620912197715e4fd9
user9	435	55	1272575880562	0	0	b68a5ff29ce620912197715e4fd9
user9	435	55	1272575880953	1272575880765	1272575880953	b68a5ff29ce620912197715e4fd9
user9	315	367	1272575884796	0	0	b68a5ff29ce620912197715e4fd9
user9	315	367	1272575885296	0	0	b68a5ff29ce620912197715e4fd9
user9	315	362	1272575898140	0	0	b68a5ff29ce620912197715e4fd9
user9	309	288	1272575898218	0	0	b68a5ff29ce620912197715e4fd9
user9	308	246	1272575898250	0	0	b68a5ff29ce620912197715e4fd9
user9	312	222	1272575898281	0	0	b68a5ff29ce620912197715e4fd9
user9	307	222	1272575898578	0	0	b68a5ff29ce620912197715e4fd9
user9	299	188	1272575898640	0	0	b68a5ff29ce620912197715e4fd9
user9	311	121	1272575898671	0	0	b68a5ff29ce620912197715e4fd9
user9	315	105	1272575898703	0	0	b68a5ff29ce620912197715e4fd9
user9	316	102	1272575898734	0	0	b68a5ff29ce620912197715e4fd9
user9	317	102	1272575900187	0	0	b68a5ff29ce620912197715e4fd9
user9	335	86	1272575900265	0	0	b68a5ff29ce620912197715e4fd9
user9	345	79	1272575900265	0	0	b68a5ff29ce620912197715e4fd9
user9	364	65	1272575900296	0	0	b68a5ff29ce620912197715e4fd9
user9	377	55	1272575900328	0	0	b68a5ff29ce620912197715e4fd9
user9	378	54	1272575900359	0	0	b68a5ff29ce620912197715e4fd9
user9	374	54	1272575900406	0	0	b68a5ff29ce620912197715e4fd9
user9	366	54	1272575900421	0	0	b68a5ff29ce620912197715e4fd9
user9	364	54	1272575900453	0	0	b68a5ff29ce620912197715e4fd9
user9	362	54	1272575900468	0	0	b68a5ff29ce620912197715e4fd9
user9	361	54	1272575900484	0	0	b68a5ff29ce620912197715e4fd9
user9	361	54	1272575900984	1272575900750	1272575900984	b68a5ff29ce620912197715e4fd9
user9	361	54	1272575902156	0	0	b68a5ff29ce620912197715e4fd9
user9	361	54	1272575908734	0	0	b68a5ff29ce620912197715e4fd9
user9	361	54	1272575908734	0	0	b68a5ff29ce620912197715e4fd9
user9	361	53	1272575910250	0	0	b68a5ff29ce620912197715e4fd9
user9	369	48	1272575910312	0	0	b68a5ff29ce620912197715e4fd9
user9	374	47	1272575910343	0	0	b68a5ff29ce620912197715e4fd9
user9	383	46	1272575910375	0	0	b68a5ff29ce620912197715e4fd9
user9	386	46	1272575910406	0	0	b68a5ff29ce620912197715e4fd9
user9	389	47	1272575910437	0	0	b68a5ff29ce620912197715e4fd9
user9	391	49	1272575910468	0	0	b68a5ff29ce620912197715e4fd9
user9	391	50	1272575910484	0	0	b68a5ff29ce620912197715e4fd9
user9	393	51	1272575910500	0	0	b68a5ff29ce620912197715e4fd9
user9	393	53	1272575910515	0	0	b68a5ff29ce620912197715e4fd9
user9	393	54	1272575910546	0	0	b68a5ff29ce620912197715e4fd9
user9	393	54	1272575910578	0	0	b68a5ff29ce620912197715e4fd9
user9	393	55	1272575910593	0	0	b68a5ff29ce620912197715e4fd9
user9	394	55	1272575910671	0	0	b68a5ff29ce620912197715e4fd9
user9	394	55	1272575910703	0	0	b68a5ff29ce620912197715e4fd9
user9	397	55	1272575910718	0	0	b68a5ff29ce620912197715e4fd9
user9	399	55	1272575910750	0	0	b68a5ff29ce620912197715e4fd9
user9	401	55	1272575910750	0	0	b68a5ff29ce620912197715e4fd9
user9	402	55	1272575910781	0	0	b68a5ff29ce620912197715e4fd9
user9	403	55	1272575910812	0	0	b68a5ff29ce620912197715e4fd9
user9	406	55	1272575910828	0	0	b68a5ff29ce620912197715e4fd9
user9	407	55	1272575910859	0	0	b68a5ff29ce620912197715e4fd9
user9	408	55	1272575910875	0	0	b68a5ff29ce620912197715e4fd9
user9	409	55	1272575910906	0	0	b68a5ff29ce620912197715e4fd9
user9	410	55	1272575910921	0	0	b68a5ff29ce620912197715e4fd9
user9	410	55	1272575910953	0	0	b68a5ff29ce620912197715e4fd9
user9	412	55	1272575910968	0	0	b68a5ff29ce620912197715e4fd9
user9	413	55	1272575911000	0	0	b68a5ff29ce620912197715e4fd9
user9	414	55	1272575911015	0	0	b68a5ff29ce620912197715e4fd9
user9	416	55	1272575911031	0	0	b68a5ff29ce620912197715e4fd9
user9	418	55	1272575911062	0	0	b68a5ff29ce620912197715e4fd9
user9	421	55	1272575911078	0	0	b68a5ff29ce620912197715e4fd9
user9	424	55	1272575911109	0	0	b68a5ff29ce620912197715e4fd9
user9	425	55	1272575911125	0	0	b68a5ff29ce620912197715e4fd9
user9	426	55	1272575911140	0	0	b68a5ff29ce620912197715e4fd9
user9	426	56	1272575911171	0	0	b68a5ff29ce620912197715e4fd9
user9	426	56	1272575913125	1272575912953	1272575913125	b68a5ff29ce620912197715e4fd9
