User	X	Y	MouseTimeStamp	MouseDownTimeStamp	MouseUpTimeStamp	SessionID
user10	818	14	1271649772405	0	0	43b52fdb3ad0c07e2209f4be3785
user10	818	44	1271649772421	0	0	43b52fdb3ad0c07e2209f4be3785
user10	818	58	1271649772428	0	0	43b52fdb3ad0c07e2209f4be3785
user10	818	72	1271649772436	0	0	43b52fdb3ad0c07e2209f4be3785
user10	818	86	1271649772444	0	0	43b52fdb3ad0c07e2209f4be3785
user10	818	99	1271649772451	0	0	43b52fdb3ad0c07e2209f4be3785
user10	818	112	1271649772460	0	0	43b52fdb3ad0c07e2209f4be3785
user10	818	126	1271649772468	0	0	43b52fdb3ad0c07e2209f4be3785
user10	818	136	1271649772477	0	0	43b52fdb3ad0c07e2209f4be3785
user10	818	148	1271649772484	0	0	43b52fdb3ad0c07e2209f4be3785
user10	818	156	1271649772492	0	0	43b52fdb3ad0c07e2209f4be3785
user10	819	164	1271649772499	0	0	43b52fdb3ad0c07e2209f4be3785
user10	819	170	1271649772508	0	0	43b52fdb3ad0c07e2209f4be3785
user10	820	176	1271649772516	0	0	43b52fdb3ad0c07e2209f4be3785
user10	822	179	1271649772524	0	0	43b52fdb3ad0c07e2209f4be3785
user10	823	180	1271649772532	0	0	43b52fdb3ad0c07e2209f4be3785
user10	826	180	1271649772540	0	0	43b52fdb3ad0c07e2209f4be3785
user10	828	181	1271649772548	0	0	43b52fdb3ad0c07e2209f4be3785
user10	831	181	1271649772556	0	0	43b52fdb3ad0c07e2209f4be3785
user10	834	181	1271649772564	0	0	43b52fdb3ad0c07e2209f4be3785
user10	837	181	1271649772572	0	0	43b52fdb3ad0c07e2209f4be3785
user10	842	181	1271649772579	0	0	43b52fdb3ad0c07e2209f4be3785
user10	847	181	1271649772587	0	0	43b52fdb3ad0c07e2209f4be3785
user10	853	180	1271649772595	0	0	43b52fdb3ad0c07e2209f4be3785
user10	861	179	1271649772604	0	0	43b52fdb3ad0c07e2209f4be3785
user10	869	179	1271649772611	0	0	43b52fdb3ad0c07e2209f4be3785
user10	877	178	1271649772619	0	0	43b52fdb3ad0c07e2209f4be3785
user10	883	178	1271649772627	0	0	43b52fdb3ad0c07e2209f4be3785
user10	889	178	1271649772635	0	0	43b52fdb3ad0c07e2209f4be3785
user10	894	178	1271649772644	0	0	43b52fdb3ad0c07e2209f4be3785
user10	899	178	1271649772651	0	0	43b52fdb3ad0c07e2209f4be3785
user10	903	178	1271649772660	0	0	43b52fdb3ad0c07e2209f4be3785
user10	906	178	1271649772668	0	0	43b52fdb3ad0c07e2209f4be3785
user10	909	178	1271649772677	0	0	43b52fdb3ad0c07e2209f4be3785
user10	911	178	1271649772684	0	0	43b52fdb3ad0c07e2209f4be3785
user10	913	178	1271649772692	0	0	43b52fdb3ad0c07e2209f4be3785
user10	913	179	1271649772700	0	0	43b52fdb3ad0c07e2209f4be3785
user10	915	179	1271649772708	0	0	43b52fdb3ad0c07e2209f4be3785
user10	916	179	1271649772716	0	0	43b52fdb3ad0c07e2209f4be3785
user10	917	180	1271649772732	0	0	43b52fdb3ad0c07e2209f4be3785
user10	917	179	1271649772852	0	0	43b52fdb3ad0c07e2209f4be3785
user10	918	179	1271649772860	0	0	43b52fdb3ad0c07e2209f4be3785
user10	918	178	1271649772876	0	0	43b52fdb3ad0c07e2209f4be3785
user10	919	178	1271649772900	0	0	43b52fdb3ad0c07e2209f4be3785
user10	919	178	1271649773012	1271649772948	1271649773012	43b52fdb3ad0c07e2209f4be3785
user10	920	178	1271649773028	0	0	43b52fdb3ad0c07e2209f4be3785
user10	921	178	1271649773036	0	0	43b52fdb3ad0c07e2209f4be3785
user10	922	178	1271649773044	0	0	43b52fdb3ad0c07e2209f4be3785
user10	923	177	1271649773100	0	0	43b52fdb3ad0c07e2209f4be3785
user10	924	175	1271649773116	0	0	43b52fdb3ad0c07e2209f4be3785
user10	924	174	1271649773139	0	0	43b52fdb3ad0c07e2209f4be3785
user10	925	174	1271649773148	0	0	43b52fdb3ad0c07e2209f4be3785
user10	926	174	1271649778812	0	0	43b52fdb3ad0c07e2209f4be3785
user10	932	174	1271649778819	0	0	43b52fdb3ad0c07e2209f4be3785
user10	942	174	1271649778827	0	0	43b52fdb3ad0c07e2209f4be3785
user10	954	175	1271649778836	0	0	43b52fdb3ad0c07e2209f4be3785
user10	970	175	1271649778843	0	0	43b52fdb3ad0c07e2209f4be3785
user10	987	176	1271649778852	0	0	43b52fdb3ad0c07e2209f4be3785
user10	1002	178	1271649778861	0	0	43b52fdb3ad0c07e2209f4be3785
user10	1021	182	1271649778869	0	0	43b52fdb3ad0c07e2209f4be3785
user10	1034	189	1271649778877	0	0	43b52fdb3ad0c07e2209f4be3785
user10	1045	197	1271649778885	0	0	43b52fdb3ad0c07e2209f4be3785
user10	1054	204	1271649778893	0	0	43b52fdb3ad0c07e2209f4be3785
user10	1061	211	1271649778901	0	0	43b52fdb3ad0c07e2209f4be3785
user10	1068	217	1271649778910	0	0	43b52fdb3ad0c07e2209f4be3785
user10	1073	223	1271649778917	0	0	43b52fdb3ad0c07e2209f4be3785
user10	1079	232	1271649778925	0	0	43b52fdb3ad0c07e2209f4be3785
user10	1083	238	1271649778934	0	0	43b52fdb3ad0c07e2209f4be3785
user10	1089	245	1271649778942	0	0	43b52fdb3ad0c07e2209f4be3785
user10	1095	253	1271649778949	0	0	43b52fdb3ad0c07e2209f4be3785
user10	1099	261	1271649778958	0	0	43b52fdb3ad0c07e2209f4be3785
user10	1102	269	1271649778966	0	0	43b52fdb3ad0c07e2209f4be3785
user10	1105	274	1271649778972	0	0	43b52fdb3ad0c07e2209f4be3785
user10	1106	281	1271649778979	0	0	43b52fdb3ad0c07e2209f4be3785
user10	1108	286	1271649778988	0	0	43b52fdb3ad0c07e2209f4be3785
user10	1108	289	1271649778995	0	0	43b52fdb3ad0c07e2209f4be3785
user10	1108	291	1271649779003	0	0	43b52fdb3ad0c07e2209f4be3785
user10	1108	292	1271649779011	0	0	43b52fdb3ad0c07e2209f4be3785
user10	1107	292	1271649779019	0	0	43b52fdb3ad0c07e2209f4be3785
user10	1106	292	1271649779027	0	0	43b52fdb3ad0c07e2209f4be3785
user10	1105	292	1271649779035	0	0	43b52fdb3ad0c07e2209f4be3785
user10	1104	292	1271649779043	0	0	43b52fdb3ad0c07e2209f4be3785
user10	1103	292	1271649779051	0	0	43b52fdb3ad0c07e2209f4be3785
user10	1101	292	1271649779059	0	0	43b52fdb3ad0c07e2209f4be3785
user10	1100	293	1271649779067	0	0	43b52fdb3ad0c07e2209f4be3785
user10	1099	293	1271649779075	0	0	43b52fdb3ad0c07e2209f4be3785
user10	1097	293	1271649779083	0	0	43b52fdb3ad0c07e2209f4be3785
user10	1094	292	1271649779091	0	0	43b52fdb3ad0c07e2209f4be3785
user10	1087	290	1271649779100	0	0	43b52fdb3ad0c07e2209f4be3785
user10	1079	288	1271649779107	0	0	43b52fdb3ad0c07e2209f4be3785
user10	1073	288	1271649779115	0	0	43b52fdb3ad0c07e2209f4be3785
user10	1065	287	1271649779123	0	0	43b52fdb3ad0c07e2209f4be3785
user10	1058	287	1271649779131	0	0	43b52fdb3ad0c07e2209f4be3785
user10	1050	288	1271649779139	0	0	43b52fdb3ad0c07e2209f4be3785
user10	1043	288	1271649779148	0	0	43b52fdb3ad0c07e2209f4be3785
user10	1038	288	1271649779157	0	0	43b52fdb3ad0c07e2209f4be3785
user10	1032	288	1271649779163	0	0	43b52fdb3ad0c07e2209f4be3785
user10	1025	288	1271649779171	0	0	43b52fdb3ad0c07e2209f4be3785
user10	1019	288	1271649779179	0	0	43b52fdb3ad0c07e2209f4be3785
user10	1014	288	1271649779188	0	0	43b52fdb3ad0c07e2209f4be3785
user10	1011	288	1271649779195	0	0	43b52fdb3ad0c07e2209f4be3785
user10	1008	288	1271649779203	0	0	43b52fdb3ad0c07e2209f4be3785
user10	1006	288	1271649779211	0	0	43b52fdb3ad0c07e2209f4be3785
user10	1005	288	1271649779219	0	0	43b52fdb3ad0c07e2209f4be3785
user10	1004	288	1271649779227	0	0	43b52fdb3ad0c07e2209f4be3785
user10	1003	288	1271649779243	0	0	43b52fdb3ad0c07e2209f4be3785
user10	1003	287	1271649779259	0	0	43b52fdb3ad0c07e2209f4be3785
user10	1003	286	1271649779267	0	0	43b52fdb3ad0c07e2209f4be3785
user10	1003	285	1271649779291	0	0	43b52fdb3ad0c07e2209f4be3785
user10	1002	285	1271649779315	0	0	43b52fdb3ad0c07e2209f4be3785
user10	1002	284	1271649779323	0	0	43b52fdb3ad0c07e2209f4be3785
user10	1002	284	1271649779492	1271649779395	1271649779492	43b52fdb3ad0c07e2209f4be3785
user10	494	125	1271649782851	0	0	43b52fdb3ad0c07e2209f4be3785
user10	494	125	1271649783346	0	0	43b52fdb3ad0c07e2209f4be3785
user10	494	124	1271649785339	0	0	43b52fdb3ad0c07e2209f4be3785
user10	494	123	1271649787147	0	0	43b52fdb3ad0c07e2209f4be3785
user10	496	121	1271649787168	0	0	43b52fdb3ad0c07e2209f4be3785
user10	496	120	1271649787171	0	0	43b52fdb3ad0c07e2209f4be3785
user10	497	119	1271649787188	0	0	43b52fdb3ad0c07e2209f4be3785
user10	498	114	1271649787206	0	0	43b52fdb3ad0c07e2209f4be3785
user10	498	110	1271649787228	0	0	43b52fdb3ad0c07e2209f4be3785
user10	497	106	1271649787245	0	0	43b52fdb3ad0c07e2209f4be3785
user10	496	103	1271649787262	0	0	43b52fdb3ad0c07e2209f4be3785
user10	496	100	1271649787268	0	0	43b52fdb3ad0c07e2209f4be3785
user10	496	98	1271649787280	0	0	43b52fdb3ad0c07e2209f4be3785
user10	497	95	1271649787297	0	0	43b52fdb3ad0c07e2209f4be3785
user10	498	90	1271649787311	0	0	43b52fdb3ad0c07e2209f4be3785
user10	499	87	1271649787329	0	0	43b52fdb3ad0c07e2209f4be3785
user10	502	82	1271649787343	0	0	43b52fdb3ad0c07e2209f4be3785
user10	504	78	1271649787358	0	0	43b52fdb3ad0c07e2209f4be3785
user10	506	74	1271649787373	0	0	43b52fdb3ad0c07e2209f4be3785
user10	507	73	1271649787385	0	0	43b52fdb3ad0c07e2209f4be3785
user10	508	71	1271649787388	0	0	43b52fdb3ad0c07e2209f4be3785
user10	509	69	1271649787400	0	0	43b52fdb3ad0c07e2209f4be3785
user10	510	68	1271649787413	0	0	43b52fdb3ad0c07e2209f4be3785
user10	512	66	1271649787435	0	0	43b52fdb3ad0c07e2209f4be3785
user10	513	63	1271649787437	0	0	43b52fdb3ad0c07e2209f4be3785
user10	516	61	1271649787454	0	0	43b52fdb3ad0c07e2209f4be3785
user10	517	59	1271649787466	0	0	43b52fdb3ad0c07e2209f4be3785
user10	521	56	1271649787478	0	0	43b52fdb3ad0c07e2209f4be3785
user10	523	55	1271649787495	0	0	43b52fdb3ad0c07e2209f4be3785
user10	524	55	1271649787587	0	0	43b52fdb3ad0c07e2209f4be3785
user10	524	54	1271649787601	0	0	43b52fdb3ad0c07e2209f4be3785
user10	524	53	1271649787603	0	0	43b52fdb3ad0c07e2209f4be3785
user10	525	53	1271649787615	0	0	43b52fdb3ad0c07e2209f4be3785
user10	525	53	1271649787837	0	0	43b52fdb3ad0c07e2209f4be3785
user10	525	53	1271649787859	0	0	43b52fdb3ad0c07e2209f4be3785
user10	525	53	1271649787907	1271649787795	1271649787907	43b52fdb3ad0c07e2209f4be3785
user10	637	131	1271649789043	0	0	43b52fdb3ad0c07e2209f4be3785
user10	637	132	1271649789403	0	0	43b52fdb3ad0c07e2209f4be3785
user10	638	132	1271649789417	0	0	43b52fdb3ad0c07e2209f4be3785
user10	639	133	1271649789430	0	0	43b52fdb3ad0c07e2209f4be3785
user10	640	136	1271649789448	0	0	43b52fdb3ad0c07e2209f4be3785
user10	640	139	1271649789451	0	0	43b52fdb3ad0c07e2209f4be3785
user10	642	142	1271649789466	0	0	43b52fdb3ad0c07e2209f4be3785
user10	644	145	1271649789469	0	0	43b52fdb3ad0c07e2209f4be3785
user10	644	148	1271649789482	0	0	43b52fdb3ad0c07e2209f4be3785
user10	646	150	1271649789485	0	0	43b52fdb3ad0c07e2209f4be3785
user10	648	155	1271649789505	0	0	43b52fdb3ad0c07e2209f4be3785
user10	649	156	1271649789507	0	0	43b52fdb3ad0c07e2209f4be3785
user10	649	158	1271649789522	0	0	43b52fdb3ad0c07e2209f4be3785
user10	649	159	1271649789524	0	0	43b52fdb3ad0c07e2209f4be3785
user10	650	162	1271649789541	0	0	43b52fdb3ad0c07e2209f4be3785
user10	651	166	1271649789556	0	0	43b52fdb3ad0c07e2209f4be3785
user10	651	168	1271649789572	0	0	43b52fdb3ad0c07e2209f4be3785
user10	651	170	1271649789586	0	0	43b52fdb3ad0c07e2209f4be3785
user10	650	171	1271649789599	0	0	43b52fdb3ad0c07e2209f4be3785
user10	650	172	1271649789612	0	0	43b52fdb3ad0c07e2209f4be3785
user10	650	173	1271649789627	0	0	43b52fdb3ad0c07e2209f4be3785
user10	650	173	1271649789642	0	0	43b52fdb3ad0c07e2209f4be3785
user10	649	174	1271649789644	0	0	43b52fdb3ad0c07e2209f4be3785
user10	649	175	1271649789660	0	0	43b52fdb3ad0c07e2209f4be3785
user10	649	176	1271649789673	0	0	43b52fdb3ad0c07e2209f4be3785
user10	648	176	1271649789686	0	0	43b52fdb3ad0c07e2209f4be3785
user10	648	175	1271649789731	0	0	43b52fdb3ad0c07e2209f4be3785
user10	648	174	1271649789742	0	0	43b52fdb3ad0c07e2209f4be3785
user10	648	174	1271649789883	1271649789771	1271649789883	43b52fdb3ad0c07e2209f4be3785
user10	631	69	1271649790680	0	0	43b52fdb3ad0c07e2209f4be3785
user10	630	67	1271649790711	0	0	43b52fdb3ad0c07e2209f4be3785
user10	629	64	1271649790718	0	0	43b52fdb3ad0c07e2209f4be3785
user10	628	61	1271649790739	0	0	43b52fdb3ad0c07e2209f4be3785
user10	628	60	1271649790753	0	0	43b52fdb3ad0c07e2209f4be3785
user10	628	59	1271649790768	0	0	43b52fdb3ad0c07e2209f4be3785
user10	628	57	1271649790780	0	0	43b52fdb3ad0c07e2209f4be3785
user10	628	55	1271649790795	0	0	43b52fdb3ad0c07e2209f4be3785
user10	628	54	1271649790808	0	0	43b52fdb3ad0c07e2209f4be3785
user10	628	54	1271649791193	0	0	43b52fdb3ad0c07e2209f4be3785
user10	628	55	1271649791282	0	0	43b52fdb3ad0c07e2209f4be3785
user10	628	57	1271649791298	0	0	43b52fdb3ad0c07e2209f4be3785
user10	628	60	1271649791300	0	0	43b52fdb3ad0c07e2209f4be3785
user10	628	64	1271649791313	0	0	43b52fdb3ad0c07e2209f4be3785
user10	628	68	1271649791315	0	0	43b52fdb3ad0c07e2209f4be3785
user10	628	71	1271649791329	0	0	43b52fdb3ad0c07e2209f4be3785
user10	628	76	1271649791334	0	0	43b52fdb3ad0c07e2209f4be3785
user10	631	93	1271649791348	0	0	43b52fdb3ad0c07e2209f4be3785
user10	633	101	1271649791360	0	0	43b52fdb3ad0c07e2209f4be3785
user10	636	108	1271649791363	0	0	43b52fdb3ad0c07e2209f4be3785
user10	641	117	1271649791376	0	0	43b52fdb3ad0c07e2209f4be3785
user10	646	124	1271649791381	0	0	43b52fdb3ad0c07e2209f4be3785
user10	651	133	1271649791394	0	0	43b52fdb3ad0c07e2209f4be3785
user10	657	140	1271649791397	0	0	43b52fdb3ad0c07e2209f4be3785
user10	662	146	1271649791410	0	0	43b52fdb3ad0c07e2209f4be3785
user10	668	154	1271649791413	0	0	43b52fdb3ad0c07e2209f4be3785
user10	674	159	1271649791425	0	0	43b52fdb3ad0c07e2209f4be3785
user10	677	163	1271649791431	0	0	43b52fdb3ad0c07e2209f4be3785
user10	678	169	1271649791444	0	0	43b52fdb3ad0c07e2209f4be3785
user10	679	172	1271649791446	0	0	43b52fdb3ad0c07e2209f4be3785
user10	679	176	1271649791458	0	0	43b52fdb3ad0c07e2209f4be3785
user10	680	181	1271649791474	0	0	43b52fdb3ad0c07e2209f4be3785
user10	682	185	1271649791485	0	0	43b52fdb3ad0c07e2209f4be3785
user10	682	187	1271649791503	0	0	43b52fdb3ad0c07e2209f4be3785
user10	682	185	1271649791883	0	0	43b52fdb3ad0c07e2209f4be3785
user10	683	184	1271649792521	0	0	43b52fdb3ad0c07e2209f4be3785
user10	683	183	1271649792538	0	0	43b52fdb3ad0c07e2209f4be3785
user10	683	182	1271649792555	0	0	43b52fdb3ad0c07e2209f4be3785
user10	683	181	1271649792568	0	0	43b52fdb3ad0c07e2209f4be3785
user10	682	178	1271649792582	0	0	43b52fdb3ad0c07e2209f4be3785
user10	681	173	1271649792596	0	0	43b52fdb3ad0c07e2209f4be3785
user10	679	164	1271649792614	0	0	43b52fdb3ad0c07e2209f4be3785
user10	678	154	1271649792629	0	0	43b52fdb3ad0c07e2209f4be3785
user10	676	144	1271649792645	0	0	43b52fdb3ad0c07e2209f4be3785
user10	675	140	1271649792657	0	0	43b52fdb3ad0c07e2209f4be3785
user10	673	134	1271649792660	0	0	43b52fdb3ad0c07e2209f4be3785
user10	671	128	1271649792673	0	0	43b52fdb3ad0c07e2209f4be3785
user10	669	123	1271649792675	0	0	43b52fdb3ad0c07e2209f4be3785
user10	666	117	1271649792687	0	0	43b52fdb3ad0c07e2209f4be3785
user10	661	105	1271649792706	0	0	43b52fdb3ad0c07e2209f4be3785
user10	658	100	1271649792708	0	0	43b52fdb3ad0c07e2209f4be3785
user10	656	96	1271649792719	0	0	43b52fdb3ad0c07e2209f4be3785
user10	654	92	1271649792724	0	0	43b52fdb3ad0c07e2209f4be3785
user10	652	90	1271649792735	0	0	43b52fdb3ad0c07e2209f4be3785
user10	652	88	1271649792746	0	0	43b52fdb3ad0c07e2209f4be3785
user10	650	87	1271649792748	0	0	43b52fdb3ad0c07e2209f4be3785
user10	649	84	1271649792762	0	0	43b52fdb3ad0c07e2209f4be3785
user10	647	83	1271649792774	0	0	43b52fdb3ad0c07e2209f4be3785
user10	646	83	1271649792786	0	0	43b52fdb3ad0c07e2209f4be3785
user10	645	82	1271649792802	0	0	43b52fdb3ad0c07e2209f4be3785
user10	644	81	1271649792814	0	0	43b52fdb3ad0c07e2209f4be3785
user10	643	80	1271649792826	0	0	43b52fdb3ad0c07e2209f4be3785
user10	642	79	1271649792828	0	0	43b52fdb3ad0c07e2209f4be3785
user10	641	77	1271649792841	0	0	43b52fdb3ad0c07e2209f4be3785
user10	640	75	1271649792843	0	0	43b52fdb3ad0c07e2209f4be3785
user10	639	73	1271649792855	0	0	43b52fdb3ad0c07e2209f4be3785
user10	637	70	1271649792869	0	0	43b52fdb3ad0c07e2209f4be3785
user10	636	68	1271649792872	0	0	43b52fdb3ad0c07e2209f4be3785
user10	633	66	1271649792877	0	0	43b52fdb3ad0c07e2209f4be3785
user10	631	62	1271649792891	0	0	43b52fdb3ad0c07e2209f4be3785
user10	628	58	1271649792907	0	0	43b52fdb3ad0c07e2209f4be3785
user10	627	57	1271649792918	0	0	43b52fdb3ad0c07e2209f4be3785
user10	625	55	1271649792929	0	0	43b52fdb3ad0c07e2209f4be3785
user10	625	53	1271649792931	0	0	43b52fdb3ad0c07e2209f4be3785
user10	623	52	1271649792944	0	0	43b52fdb3ad0c07e2209f4be3785
user10	623	51	1271649792946	0	0	43b52fdb3ad0c07e2209f4be3785
user10	623	50	1271649792960	0	0	43b52fdb3ad0c07e2209f4be3785
user10	622	49	1271649792975	0	0	43b52fdb3ad0c07e2209f4be3785
user10	622	48	1271649792994	0	0	43b52fdb3ad0c07e2209f4be3785
user10	621	48	1271649793007	0	0	43b52fdb3ad0c07e2209f4be3785
user10	621	48	1271649793131	1271649793042	1271649793131	43b52fdb3ad0c07e2209f4be3785
user10	359	488	1271649796699	0	0	43b52fdb3ad0c07e2209f4be3785
user10	364	487	1271649796733	0	0	43b52fdb3ad0c07e2209f4be3785
user10	371	486	1271649796752	0	0	43b52fdb3ad0c07e2209f4be3785
user10	375	486	1271649796754	0	0	43b52fdb3ad0c07e2209f4be3785
user10	385	483	1271649796772	0	0	43b52fdb3ad0c07e2209f4be3785
user10	391	481	1271649796786	0	0	43b52fdb3ad0c07e2209f4be3785
user10	398	479	1271649796787	0	0	43b52fdb3ad0c07e2209f4be3785
user10	406	476	1271649796801	0	0	43b52fdb3ad0c07e2209f4be3785
user10	413	472	1271649796803	0	0	43b52fdb3ad0c07e2209f4be3785
user10	433	464	1271649796819	0	0	43b52fdb3ad0c07e2209f4be3785
user10	454	452	1271649796838	0	0	43b52fdb3ad0c07e2209f4be3785
user10	475	440	1271649796854	0	0	43b52fdb3ad0c07e2209f4be3785
user10	492	427	1271649796875	0	0	43b52fdb3ad0c07e2209f4be3785
user10	501	420	1271649796877	0	0	43b52fdb3ad0c07e2209f4be3785
user10	507	414	1271649796890	0	0	43b52fdb3ad0c07e2209f4be3785
user10	519	400	1271649796905	0	0	43b52fdb3ad0c07e2209f4be3785
user10	526	393	1271649796908	0	0	43b52fdb3ad0c07e2209f4be3785
user10	532	387	1271649796919	0	0	43b52fdb3ad0c07e2209f4be3785
user10	545	372	1271649796936	0	0	43b52fdb3ad0c07e2209f4be3785
user10	556	355	1271649796948	0	0	43b52fdb3ad0c07e2209f4be3785
user10	562	347	1271649796959	0	0	43b52fdb3ad0c07e2209f4be3785
user10	570	333	1271649796973	0	0	43b52fdb3ad0c07e2209f4be3785
user10	572	328	1271649796985	0	0	43b52fdb3ad0c07e2209f4be3785
user10	576	323	1271649796987	0	0	43b52fdb3ad0c07e2209f4be3785
user10	577	320	1271649797002	0	0	43b52fdb3ad0c07e2209f4be3785
user10	580	316	1271649797004	0	0	43b52fdb3ad0c07e2209f4be3785
user10	583	312	1271649797017	0	0	43b52fdb3ad0c07e2209f4be3785
user10	585	307	1271649797019	0	0	43b52fdb3ad0c07e2209f4be3785
user10	588	298	1271649797035	0	0	43b52fdb3ad0c07e2209f4be3785
user10	591	295	1271649797047	0	0	43b52fdb3ad0c07e2209f4be3785
user10	592	291	1271649797059	0	0	43b52fdb3ad0c07e2209f4be3785
user10	593	288	1271649797065	0	0	43b52fdb3ad0c07e2209f4be3785
user10	595	286	1271649797067	0	0	43b52fdb3ad0c07e2209f4be3785
user10	595	284	1271649797078	0	0	43b52fdb3ad0c07e2209f4be3785
user10	595	282	1271649797089	0	0	43b52fdb3ad0c07e2209f4be3785
user10	595	280	1271649797091	0	0	43b52fdb3ad0c07e2209f4be3785
user10	596	279	1271649797102	0	0	43b52fdb3ad0c07e2209f4be3785
user10	597	278	1271649797114	0	0	43b52fdb3ad0c07e2209f4be3785
user10	597	277	1271649797127	0	0	43b52fdb3ad0c07e2209f4be3785
user10	598	275	1271649797141	0	0	43b52fdb3ad0c07e2209f4be3785
user10	599	272	1271649797153	0	0	43b52fdb3ad0c07e2209f4be3785
user10	601	267	1271649797155	0	0	43b52fdb3ad0c07e2209f4be3785
user10	604	258	1271649797172	0	0	43b52fdb3ad0c07e2209f4be3785
user10	606	251	1271649797188	0	0	43b52fdb3ad0c07e2209f4be3785
user10	608	242	1271649797207	0	0	43b52fdb3ad0c07e2209f4be3785
user10	609	238	1271649797221	0	0	43b52fdb3ad0c07e2209f4be3785
user10	610	236	1271649797238	0	0	43b52fdb3ad0c07e2209f4be3785
user10	611	234	1271649797253	0	0	43b52fdb3ad0c07e2209f4be3785
user10	613	231	1271649797270	0	0	43b52fdb3ad0c07e2209f4be3785
user10	613	231	1271649797288	0	0	43b52fdb3ad0c07e2209f4be3785
user10	613	232	1271649797842	0	0	43b52fdb3ad0c07e2209f4be3785
user10	613	233	1271649797858	0	0	43b52fdb3ad0c07e2209f4be3785
user10	615	235	1271649797875	0	0	43b52fdb3ad0c07e2209f4be3785
user10	617	237	1271649797892	0	0	43b52fdb3ad0c07e2209f4be3785
user10	618	242	1271649797910	0	0	43b52fdb3ad0c07e2209f4be3785
user10	616	245	1271649797925	0	0	43b52fdb3ad0c07e2209f4be3785
user10	614	251	1271649797942	0	0	43b52fdb3ad0c07e2209f4be3785
user10	611	257	1271649797963	0	0	43b52fdb3ad0c07e2209f4be3785
user10	611	260	1271649797967	0	0	43b52fdb3ad0c07e2209f4be3785
user10	610	262	1271649797971	0	0	43b52fdb3ad0c07e2209f4be3785
user10	609	264	1271649797985	0	0	43b52fdb3ad0c07e2209f4be3785
user10	608	267	1271649797987	0	0	43b52fdb3ad0c07e2209f4be3785
user10	606	269	1271649798000	0	0	43b52fdb3ad0c07e2209f4be3785
user10	605	271	1271649798007	0	0	43b52fdb3ad0c07e2209f4be3785
user10	601	275	1271649798020	0	0	43b52fdb3ad0c07e2209f4be3785
user10	600	276	1271649798037	0	0	43b52fdb3ad0c07e2209f4be3785
user10	599	276	1271649798050	0	0	43b52fdb3ad0c07e2209f4be3785
user10	598	276	1271649798053	0	0	43b52fdb3ad0c07e2209f4be3785
user10	597	276	1271649798066	0	0	43b52fdb3ad0c07e2209f4be3785
user10	596	276	1271649798069	0	0	43b52fdb3ad0c07e2209f4be3785
user10	595	276	1271649798082	0	0	43b52fdb3ad0c07e2209f4be3785
user10	594	276	1271649798093	0	0	43b52fdb3ad0c07e2209f4be3785
user10	592	276	1271649798109	0	0	43b52fdb3ad0c07e2209f4be3785
user10	591	276	1271649798121	0	0	43b52fdb3ad0c07e2209f4be3785
user10	590	276	1271649798132	0	0	43b52fdb3ad0c07e2209f4be3785
user10	589	276	1271649798146	0	0	43b52fdb3ad0c07e2209f4be3785
user10	588	276	1271649798162	0	0	43b52fdb3ad0c07e2209f4be3785
user10	587	276	1271649798178	0	0	43b52fdb3ad0c07e2209f4be3785
user10	586	276	1271649798226	0	0	43b52fdb3ad0c07e2209f4be3785
user10	586	277	1271649798239	0	0	43b52fdb3ad0c07e2209f4be3785
user10	586	277	1271649798403	1271649798322	1271649798403	43b52fdb3ad0c07e2209f4be3785
user10	587	277	1271649798450	0	0	43b52fdb3ad0c07e2209f4be3785
user10	588	276	1271649798466	0	0	43b52fdb3ad0c07e2209f4be3785
user10	588	275	1271649798479	0	0	43b52fdb3ad0c07e2209f4be3785
user10	590	275	1271649798492	0	0	43b52fdb3ad0c07e2209f4be3785
user10	591	274	1271649798507	0	0	43b52fdb3ad0c07e2209f4be3785
user10	595	274	1271649798529	0	0	43b52fdb3ad0c07e2209f4be3785
user10	597	274	1271649798531	0	0	43b52fdb3ad0c07e2209f4be3785
user10	602	273	1271649798547	0	0	43b52fdb3ad0c07e2209f4be3785
user10	607	272	1271649798564	0	0	43b52fdb3ad0c07e2209f4be3785
user10	609	271	1271649798571	0	0	43b52fdb3ad0c07e2209f4be3785
user10	610	271	1271649798594	0	0	43b52fdb3ad0c07e2209f4be3785
user10	610	270	1271649798618	0	0	43b52fdb3ad0c07e2209f4be3785
user10	611	270	1271649798629	0	0	43b52fdb3ad0c07e2209f4be3785
user10	612	268	1271649798643	0	0	43b52fdb3ad0c07e2209f4be3785
user10	613	268	1271649798656	0	0	43b52fdb3ad0c07e2209f4be3785
user10	616	265	1271649798668	0	0	43b52fdb3ad0c07e2209f4be3785
user10	617	264	1271649798682	0	0	43b52fdb3ad0c07e2209f4be3785
user10	618	264	1271649798694	0	0	43b52fdb3ad0c07e2209f4be3785
user10	619	262	1271649798709	0	0	43b52fdb3ad0c07e2209f4be3785
user10	620	262	1271649798722	0	0	43b52fdb3ad0c07e2209f4be3785
user10	620	261	1271649798738	0	0	43b52fdb3ad0c07e2209f4be3785
user10	621	261	1271649815954	0	0	43b52fdb3ad0c07e2209f4be3785
user10	625	261	1271649815973	0	0	43b52fdb3ad0c07e2209f4be3785
user10	628	265	1271649815991	0	0	43b52fdb3ad0c07e2209f4be3785
user10	628	266	1271649815995	0	0	43b52fdb3ad0c07e2209f4be3785
user10	631	269	1271649816011	0	0	43b52fdb3ad0c07e2209f4be3785
user10	634	275	1271649816028	0	0	43b52fdb3ad0c07e2209f4be3785
user10	643	286	1271649816045	0	0	43b52fdb3ad0c07e2209f4be3785
user10	648	290	1271649816060	0	0	43b52fdb3ad0c07e2209f4be3785
user10	652	296	1271649816067	0	0	43b52fdb3ad0c07e2209f4be3785
user10	664	312	1271649816083	0	0	43b52fdb3ad0c07e2209f4be3785
user10	666	315	1271649816101	0	0	43b52fdb3ad0c07e2209f4be3785
user10	670	318	1271649816115	0	0	43b52fdb3ad0c07e2209f4be3785
user10	671	318	1271649816133	0	0	43b52fdb3ad0c07e2209f4be3785
user10	671	319	1271649816147	0	0	43b52fdb3ad0c07e2209f4be3785
user10	671	318	1271649816185	0	0	43b52fdb3ad0c07e2209f4be3785
user10	671	317	1271649816197	0	0	43b52fdb3ad0c07e2209f4be3785
user10	671	316	1271649816211	0	0	43b52fdb3ad0c07e2209f4be3785
user10	671	315	1271649816297	0	0	43b52fdb3ad0c07e2209f4be3785
user10	671	314	1271649816310	0	0	43b52fdb3ad0c07e2209f4be3785
user10	671	313	1271649816314	0	0	43b52fdb3ad0c07e2209f4be3785
user10	671	312	1271649816328	0	0	43b52fdb3ad0c07e2209f4be3785
user10	671	311	1271649816332	0	0	43b52fdb3ad0c07e2209f4be3785
user10	670	310	1271649816346	0	0	43b52fdb3ad0c07e2209f4be3785
user10	670	309	1271649816360	0	0	43b52fdb3ad0c07e2209f4be3785
user10	670	308	1271649816375	0	0	43b52fdb3ad0c07e2209f4be3785
user10	670	307	1271649816390	0	0	43b52fdb3ad0c07e2209f4be3785
user10	670	307	1271649816770	1271649816587	1271649816770	43b52fdb3ad0c07e2209f4be3785
user10	654	288	1271649820371	0	0	43b52fdb3ad0c07e2209f4be3785
user10	654	288	1271649820846	0	0	43b52fdb3ad0c07e2209f4be3785
user10	653	288	1271649821033	0	0	43b52fdb3ad0c07e2209f4be3785
user10	652	288	1271649821047	0	0	43b52fdb3ad0c07e2209f4be3785
user10	652	287	1271649821050	0	0	43b52fdb3ad0c07e2209f4be3785
user10	651	286	1271649821058	0	0	43b52fdb3ad0c07e2209f4be3785
user10	647	283	1271649821073	0	0	43b52fdb3ad0c07e2209f4be3785
user10	645	279	1271649821076	0	0	43b52fdb3ad0c07e2209f4be3785
user10	634	262	1271649821092	0	0	43b52fdb3ad0c07e2209f4be3785
user10	616	241	1271649821111	0	0	43b52fdb3ad0c07e2209f4be3785
user10	604	230	1271649821114	0	0	43b52fdb3ad0c07e2209f4be3785
user10	589	216	1271649821132	0	0	43b52fdb3ad0c07e2209f4be3785
user10	578	205	1271649821150	0	0	43b52fdb3ad0c07e2209f4be3785
user10	573	199	1271649821155	0	0	43b52fdb3ad0c07e2209f4be3785
user10	572	198	1271649821174	0	0	43b52fdb3ad0c07e2209f4be3785
user10	571	198	1271649821801	0	0	43b52fdb3ad0c07e2209f4be3785
user10	570	197	1271649822225	0	0	43b52fdb3ad0c07e2209f4be3785
user10	570	196	1271649822241	0	0	43b52fdb3ad0c07e2209f4be3785
user10	569	196	1271649822260	0	0	43b52fdb3ad0c07e2209f4be3785
user10	567	194	1271649822266	0	0	43b52fdb3ad0c07e2209f4be3785
user10	566	193	1271649822288	0	0	43b52fdb3ad0c07e2209f4be3785
user10	565	193	1271649822291	0	0	43b52fdb3ad0c07e2209f4be3785
user10	563	190	1271649822311	0	0	43b52fdb3ad0c07e2209f4be3785
user10	562	188	1271649822317	0	0	43b52fdb3ad0c07e2209f4be3785
user10	561	186	1271649822327	0	0	43b52fdb3ad0c07e2209f4be3785
user10	559	184	1271649822331	0	0	43b52fdb3ad0c07e2209f4be3785
user10	558	183	1271649822347	0	0	43b52fdb3ad0c07e2209f4be3785
user10	557	180	1271649822350	0	0	43b52fdb3ad0c07e2209f4be3785
user10	553	173	1271649822370	0	0	43b52fdb3ad0c07e2209f4be3785
user10	551	167	1271649822384	0	0	43b52fdb3ad0c07e2209f4be3785
user10	547	164	1271649822386	0	0	43b52fdb3ad0c07e2209f4be3785
user10	546	160	1271649822393	0	0	43b52fdb3ad0c07e2209f4be3785
user10	543	157	1271649822406	0	0	43b52fdb3ad0c07e2209f4be3785
user10	540	151	1271649822420	0	0	43b52fdb3ad0c07e2209f4be3785
user10	538	144	1271649822437	0	0	43b52fdb3ad0c07e2209f4be3785
user10	536	141	1271649822450	0	0	43b52fdb3ad0c07e2209f4be3785
user10	535	136	1271649822467	0	0	43b52fdb3ad0c07e2209f4be3785
user10	535	134	1271649822478	0	0	43b52fdb3ad0c07e2209f4be3785
user10	534	124	1271649822500	0	0	43b52fdb3ad0c07e2209f4be3785
user10	534	120	1271649822511	0	0	43b52fdb3ad0c07e2209f4be3785
user10	534	113	1271649822526	0	0	43b52fdb3ad0c07e2209f4be3785
user10	530	107	1271649822539	0	0	43b52fdb3ad0c07e2209f4be3785
user10	528	106	1271649822552	0	0	43b52fdb3ad0c07e2209f4be3785
user10	527	105	1271649822554	0	0	43b52fdb3ad0c07e2209f4be3785
user10	526	104	1271649822565	0	0	43b52fdb3ad0c07e2209f4be3785
user10	524	103	1271649822571	0	0	43b52fdb3ad0c07e2209f4be3785
user10	523	102	1271649822581	0	0	43b52fdb3ad0c07e2209f4be3785
user10	523	101	1271649822593	0	0	43b52fdb3ad0c07e2209f4be3785
user10	522	100	1271649822594	0	0	43b52fdb3ad0c07e2209f4be3785
user10	522	99	1271649822603	0	0	43b52fdb3ad0c07e2209f4be3785
user10	522	97	1271649822617	0	0	43b52fdb3ad0c07e2209f4be3785
user10	522	96	1271649822633	0	0	43b52fdb3ad0c07e2209f4be3785
user10	522	95	1271649822657	0	0	43b52fdb3ad0c07e2209f4be3785
user10	522	94	1271649822669	0	0	43b52fdb3ad0c07e2209f4be3785
user10	522	93	1271649822679	0	0	43b52fdb3ad0c07e2209f4be3785
user10	522	88	1271649822693	0	0	43b52fdb3ad0c07e2209f4be3785
user10	522	85	1271649822706	0	0	43b52fdb3ad0c07e2209f4be3785
user10	522	83	1271649822717	0	0	43b52fdb3ad0c07e2209f4be3785
user10	522	79	1271649822730	0	0	43b52fdb3ad0c07e2209f4be3785
user10	522	78	1271649822743	0	0	43b52fdb3ad0c07e2209f4be3785
user10	522	75	1271649822745	0	0	43b52fdb3ad0c07e2209f4be3785
user10	522	72	1271649822760	0	0	43b52fdb3ad0c07e2209f4be3785
user10	522	70	1271649822762	0	0	43b52fdb3ad0c07e2209f4be3785
user10	522	67	1271649822775	0	0	43b52fdb3ad0c07e2209f4be3785
user10	523	63	1271649822780	0	0	43b52fdb3ad0c07e2209f4be3785
user10	523	60	1271649822792	0	0	43b52fdb3ad0c07e2209f4be3785
user10	524	57	1271649822795	0	0	43b52fdb3ad0c07e2209f4be3785
user10	525	53	1271649822811	0	0	43b52fdb3ad0c07e2209f4be3785
user10	527	51	1271649822826	0	0	43b52fdb3ad0c07e2209f4be3785
user10	527	49	1271649822841	0	0	43b52fdb3ad0c07e2209f4be3785
user10	527	48	1271649822863	0	0	43b52fdb3ad0c07e2209f4be3785
user10	527	48	1271649822993	1271649822890	1271649822993	43b52fdb3ad0c07e2209f4be3785
user10	771	206	1271649825076	0	0	43b52fdb3ad0c07e2209f4be3785
user10	770	206	1271649825095	0	0	43b52fdb3ad0c07e2209f4be3785
user10	767	206	1271649825127	0	0	43b52fdb3ad0c07e2209f4be3785
user10	766	206	1271649825149	0	0	43b52fdb3ad0c07e2209f4be3785
user10	766	206	1271649825557	0	0	43b52fdb3ad0c07e2209f4be3785
user10	766	207	1271649825793	0	0	43b52fdb3ad0c07e2209f4be3785
user10	766	208	1271649825807	0	0	43b52fdb3ad0c07e2209f4be3785
user10	766	209	1271649825810	0	0	43b52fdb3ad0c07e2209f4be3785
user10	766	211	1271649825829	0	0	43b52fdb3ad0c07e2209f4be3785
user10	766	218	1271649825852	0	0	43b52fdb3ad0c07e2209f4be3785
user10	767	224	1271649825872	0	0	43b52fdb3ad0c07e2209f4be3785
user10	767	227	1271649825876	0	0	43b52fdb3ad0c07e2209f4be3785
user10	768	233	1271649825892	0	0	43b52fdb3ad0c07e2209f4be3785
user10	769	240	1271649825910	0	0	43b52fdb3ad0c07e2209f4be3785
user10	769	242	1271649825914	0	0	43b52fdb3ad0c07e2209f4be3785
user10	770	245	1271649825932	0	0	43b52fdb3ad0c07e2209f4be3785
user10	771	247	1271649825948	0	0	43b52fdb3ad0c07e2209f4be3785
user10	771	249	1271649825963	0	0	43b52fdb3ad0c07e2209f4be3785
user10	771	250	1271649825982	0	0	43b52fdb3ad0c07e2209f4be3785
user10	771	251	1271649826001	0	0	43b52fdb3ad0c07e2209f4be3785
user10	771	252	1271649826041	0	0	43b52fdb3ad0c07e2209f4be3785
user10	771	252	1271649827017	1271649826881	1271649827017	43b52fdb3ad0c07e2209f4be3785
user10	770	252	1271649829968	0	0	43b52fdb3ad0c07e2209f4be3785
user10	769	252	1271649829983	0	0	43b52fdb3ad0c07e2209f4be3785
user10	766	253	1271649829986	0	0	43b52fdb3ad0c07e2209f4be3785
user10	759	257	1271649830002	0	0	43b52fdb3ad0c07e2209f4be3785
user10	742	265	1271649830022	0	0	43b52fdb3ad0c07e2209f4be3785
user10	732	269	1271649830025	0	0	43b52fdb3ad0c07e2209f4be3785
user10	704	278	1271649830043	0	0	43b52fdb3ad0c07e2209f4be3785
user10	667	292	1271649830064	0	0	43b52fdb3ad0c07e2209f4be3785
user10	650	299	1271649830070	0	0	43b52fdb3ad0c07e2209f4be3785
user10	629	303	1271649830074	0	0	43b52fdb3ad0c07e2209f4be3785
user10	589	311	1271649830089	0	0	43b52fdb3ad0c07e2209f4be3785
user10	554	320	1271649830112	0	0	43b52fdb3ad0c07e2209f4be3785
user10	542	323	1271649830115	0	0	43b52fdb3ad0c07e2209f4be3785
user10	528	328	1271649830128	0	0	43b52fdb3ad0c07e2209f4be3785
user10	517	331	1271649830131	0	0	43b52fdb3ad0c07e2209f4be3785
user10	499	338	1271649830146	0	0	43b52fdb3ad0c07e2209f4be3785
user10	491	340	1271649830161	0	0	43b52fdb3ad0c07e2209f4be3785
user10	484	342	1271649830165	0	0	43b52fdb3ad0c07e2209f4be3785
user10	478	344	1271649830169	0	0	43b52fdb3ad0c07e2209f4be3785
user10	473	345	1271649830182	0	0	43b52fdb3ad0c07e2209f4be3785
user10	468	347	1271649830187	0	0	43b52fdb3ad0c07e2209f4be3785
user10	459	355	1271649830200	0	0	43b52fdb3ad0c07e2209f4be3785
user10	455	358	1271649830218	0	0	43b52fdb3ad0c07e2209f4be3785
user10	451	359	1271649830236	0	0	43b52fdb3ad0c07e2209f4be3785
user10	449	360	1271649830250	0	0	43b52fdb3ad0c07e2209f4be3785
user10	448	360	1271649830268	0	0	43b52fdb3ad0c07e2209f4be3785
user10	447	360	1271649830279	0	0	43b52fdb3ad0c07e2209f4be3785
user10	446	360	1271649830282	0	0	43b52fdb3ad0c07e2209f4be3785
user10	445	360	1271649830304	0	0	43b52fdb3ad0c07e2209f4be3785
user10	445	360	1271649830457	1271649830376	1271649830457	43b52fdb3ad0c07e2209f4be3785
user10	446	359	1271649830472	0	0	43b52fdb3ad0c07e2209f4be3785
user10	447	359	1271649830485	0	0	43b52fdb3ad0c07e2209f4be3785
user10	448	359	1271649830497	0	0	43b52fdb3ad0c07e2209f4be3785
user10	451	359	1271649830499	0	0	43b52fdb3ad0c07e2209f4be3785
user10	452	358	1271649830511	0	0	43b52fdb3ad0c07e2209f4be3785
user10	460	357	1271649830528	0	0	43b52fdb3ad0c07e2209f4be3785
user10	475	357	1271649830539	0	0	43b52fdb3ad0c07e2209f4be3785
user10	483	357	1271649830552	0	0	43b52fdb3ad0c07e2209f4be3785
user10	491	356	1271649830554	0	0	43b52fdb3ad0c07e2209f4be3785
user10	498	355	1271649830568	0	0	43b52fdb3ad0c07e2209f4be3785
user10	506	354	1271649830570	0	0	43b52fdb3ad0c07e2209f4be3785
user10	515	353	1271649830583	0	0	43b52fdb3ad0c07e2209f4be3785
user10	523	352	1271649830585	0	0	43b52fdb3ad0c07e2209f4be3785
user10	532	350	1271649830597	0	0	43b52fdb3ad0c07e2209f4be3785
user10	542	345	1271649830613	0	0	43b52fdb3ad0c07e2209f4be3785
user10	544	344	1271649830625	0	0	43b52fdb3ad0c07e2209f4be3785
user10	550	342	1271649839024	0	0	43b52fdb3ad0c07e2209f4be3785
user10	567	330	1271649839041	0	0	43b52fdb3ad0c07e2209f4be3785
user10	584	323	1271649839060	0	0	43b52fdb3ad0c07e2209f4be3785
user10	593	318	1271649839078	0	0	43b52fdb3ad0c07e2209f4be3785
user10	598	314	1271649839094	0	0	43b52fdb3ad0c07e2209f4be3785
user10	599	313	1271649839098	0	0	43b52fdb3ad0c07e2209f4be3785
user10	600	313	1271649839118	0	0	43b52fdb3ad0c07e2209f4be3785
user10	602	313	1271649839121	0	0	43b52fdb3ad0c07e2209f4be3785
user10	608	320	1271649839138	0	0	43b52fdb3ad0c07e2209f4be3785
user10	618	334	1271649839159	0	0	43b52fdb3ad0c07e2209f4be3785
user10	623	344	1271649839162	0	0	43b52fdb3ad0c07e2209f4be3785
user10	632	364	1271649839178	0	0	43b52fdb3ad0c07e2209f4be3785
user10	638	384	1271649839195	0	0	43b52fdb3ad0c07e2209f4be3785
user10	639	401	1271649839213	0	0	43b52fdb3ad0c07e2209f4be3785
user10	641	408	1271649839221	0	0	43b52fdb3ad0c07e2209f4be3785
user10	642	416	1271649839236	0	0	43b52fdb3ad0c07e2209f4be3785
user10	643	418	1271649839242	0	0	43b52fdb3ad0c07e2209f4be3785
user10	642	421	1271649839259	0	0	43b52fdb3ad0c07e2209f4be3785
user10	641	422	1271649839276	0	0	43b52fdb3ad0c07e2209f4be3785
user10	641	424	1271649839289	0	0	43b52fdb3ad0c07e2209f4be3785
user10	640	424	1271649839309	0	0	43b52fdb3ad0c07e2209f4be3785
user10	639	424	1271649839322	0	0	43b52fdb3ad0c07e2209f4be3785
user10	639	423	1271649839384	0	0	43b52fdb3ad0c07e2209f4be3785
user10	639	422	1271649839416	0	0	43b52fdb3ad0c07e2209f4be3785
user10	639	421	1271649839426	0	0	43b52fdb3ad0c07e2209f4be3785
user10	641	417	1271649839441	0	0	43b52fdb3ad0c07e2209f4be3785
user10	641	415	1271649839455	0	0	43b52fdb3ad0c07e2209f4be3785
user10	642	412	1271649839457	0	0	43b52fdb3ad0c07e2209f4be3785
user10	643	410	1271649839472	0	0	43b52fdb3ad0c07e2209f4be3785
user10	643	409	1271649839486	0	0	43b52fdb3ad0c07e2209f4be3785
user10	643	407	1271649839497	0	0	43b52fdb3ad0c07e2209f4be3785
user10	643	406	1271649839512	0	0	43b52fdb3ad0c07e2209f4be3785
user10	643	405	1271649839528	0	0	43b52fdb3ad0c07e2209f4be3785
user10	643	404	1271649839552	0	0	43b52fdb3ad0c07e2209f4be3785
user10	643	403	1271649839565	0	0	43b52fdb3ad0c07e2209f4be3785
user10	644	402	1271649839573	0	0	43b52fdb3ad0c07e2209f4be3785
user10	644	401	1271649839600	0	0	43b52fdb3ad0c07e2209f4be3785
user10	644	400	1271649839680	0	0	43b52fdb3ad0c07e2209f4be3785
user10	644	399	1271649839704	0	0	43b52fdb3ad0c07e2209f4be3785
user10	644	399	1271649839961	1271649839848	1271649839961	43b52fdb3ad0c07e2209f4be3785
user10	673	214	1271649842702	0	0	43b52fdb3ad0c07e2209f4be3785
user10	673	214	1271649843217	0	0	43b52fdb3ad0c07e2209f4be3785
user10	672	214	1271649843720	0	0	43b52fdb3ad0c07e2209f4be3785
user10	671	214	1271649843736	0	0	43b52fdb3ad0c07e2209f4be3785
user10	670	214	1271649843792	0	0	43b52fdb3ad0c07e2209f4be3785
user10	669	214	1271649843808	0	0	43b52fdb3ad0c07e2209f4be3785
user10	668	214	1271649843823	0	0	43b52fdb3ad0c07e2209f4be3785
user10	667	214	1271649843826	0	0	43b52fdb3ad0c07e2209f4be3785
user10	666	214	1271649843840	0	0	43b52fdb3ad0c07e2209f4be3785
user10	664	214	1271649843856	0	0	43b52fdb3ad0c07e2209f4be3785
user10	663	214	1271649843871	0	0	43b52fdb3ad0c07e2209f4be3785
user10	661	215	1271649843891	0	0	43b52fdb3ad0c07e2209f4be3785
user10	660	215	1271649843908	0	0	43b52fdb3ad0c07e2209f4be3785
user10	659	216	1271649843926	0	0	43b52fdb3ad0c07e2209f4be3785
user10	658	216	1271649843930	0	0	43b52fdb3ad0c07e2209f4be3785
user10	657	217	1271649843948	0	0	43b52fdb3ad0c07e2209f4be3785
user10	657	218	1271649843965	0	0	43b52fdb3ad0c07e2209f4be3785
user10	656	218	1271649843979	0	0	43b52fdb3ad0c07e2209f4be3785
user10	656	219	1271649844000	0	0	43b52fdb3ad0c07e2209f4be3785
user10	656	220	1271649844016	0	0	43b52fdb3ad0c07e2209f4be3785
user10	655	220	1271649844032	0	0	43b52fdb3ad0c07e2209f4be3785
user10	654	222	1271649844047	0	0	43b52fdb3ad0c07e2209f4be3785
user10	654	223	1271649844061	0	0	43b52fdb3ad0c07e2209f4be3785
user10	653	224	1271649844064	0	0	43b52fdb3ad0c07e2209f4be3785
user10	653	225	1271649844075	0	0	43b52fdb3ad0c07e2209f4be3785
user10	653	226	1271649844091	0	0	43b52fdb3ad0c07e2209f4be3785
user10	653	227	1271649844104	0	0	43b52fdb3ad0c07e2209f4be3785
user10	654	228	1271649844120	0	0	43b52fdb3ad0c07e2209f4be3785
user10	654	229	1271649844136	0	0	43b52fdb3ad0c07e2209f4be3785
user10	655	230	1271649844150	0	0	43b52fdb3ad0c07e2209f4be3785
user10	655	231	1271649844792	0	0	43b52fdb3ad0c07e2209f4be3785
user10	654	232	1271649844832	0	0	43b52fdb3ad0c07e2209f4be3785
user10	655	233	1271649846232	0	0	43b52fdb3ad0c07e2209f4be3785
user10	657	233	1271649846249	0	0	43b52fdb3ad0c07e2209f4be3785
user10	659	233	1271649846268	0	0	43b52fdb3ad0c07e2209f4be3785
user10	659	234	1271649846288	0	0	43b52fdb3ad0c07e2209f4be3785
user10	660	234	1271649846291	0	0	43b52fdb3ad0c07e2209f4be3785
user10	661	235	1271649846560	0	0	43b52fdb3ad0c07e2209f4be3785
user10	660	235	1271649846632	0	0	43b52fdb3ad0c07e2209f4be3785
user10	659	235	1271649846648	0	0	43b52fdb3ad0c07e2209f4be3785
user10	658	235	1271649846672	0	0	43b52fdb3ad0c07e2209f4be3785
user10	657	235	1271649846690	0	0	43b52fdb3ad0c07e2209f4be3785
user10	656	235	1271649846708	0	0	43b52fdb3ad0c07e2209f4be3785
user10	655	235	1271649846714	0	0	43b52fdb3ad0c07e2209f4be3785
user10	655	236	1271649846730	0	0	43b52fdb3ad0c07e2209f4be3785
user10	654	236	1271649846752	0	0	43b52fdb3ad0c07e2209f4be3785
user10	653	236	1271649846768	0	0	43b52fdb3ad0c07e2209f4be3785
user10	652	236	1271649846784	0	0	43b52fdb3ad0c07e2209f4be3785
user10	651	236	1271649846800	0	0	43b52fdb3ad0c07e2209f4be3785
user10	650	236	1271649846818	0	0	43b52fdb3ad0c07e2209f4be3785
user10	648	236	1271649846832	0	0	43b52fdb3ad0c07e2209f4be3785
user10	647	236	1271649846845	0	0	43b52fdb3ad0c07e2209f4be3785
user10	647	237	1271649846849	0	0	43b52fdb3ad0c07e2209f4be3785
user10	643	237	1271649846865	0	0	43b52fdb3ad0c07e2209f4be3785
user10	642	237	1271649846876	0	0	43b52fdb3ad0c07e2209f4be3785
user10	638	236	1271649846891	0	0	43b52fdb3ad0c07e2209f4be3785
user10	633	235	1271649846904	0	0	43b52fdb3ad0c07e2209f4be3785
user10	631	235	1271649846918	0	0	43b52fdb3ad0c07e2209f4be3785
user10	629	234	1271649846922	0	0	43b52fdb3ad0c07e2209f4be3785
user10	626	234	1271649846934	0	0	43b52fdb3ad0c07e2209f4be3785
user10	620	232	1271649846937	0	0	43b52fdb3ad0c07e2209f4be3785
user10	613	228	1271649846953	0	0	43b52fdb3ad0c07e2209f4be3785
user10	609	226	1271649846966	0	0	43b52fdb3ad0c07e2209f4be3785
user10	606	223	1271649846968	0	0	43b52fdb3ad0c07e2209f4be3785
user10	596	215	1271649846985	0	0	43b52fdb3ad0c07e2209f4be3785
user10	591	213	1271649846999	0	0	43b52fdb3ad0c07e2209f4be3785
user10	587	209	1271649847001	0	0	43b52fdb3ad0c07e2209f4be3785
user10	579	200	1271649847018	0	0	43b52fdb3ad0c07e2209f4be3785
user10	573	195	1271649847032	0	0	43b52fdb3ad0c07e2209f4be3785
user10	569	189	1271649847034	0	0	43b52fdb3ad0c07e2209f4be3785
user10	558	177	1271649847050	0	0	43b52fdb3ad0c07e2209f4be3785
user10	552	170	1271649847064	0	0	43b52fdb3ad0c07e2209f4be3785
user10	546	163	1271649847067	0	0	43b52fdb3ad0c07e2209f4be3785
user10	540	156	1271649847079	0	0	43b52fdb3ad0c07e2209f4be3785
user10	535	151	1271649847086	0	0	43b52fdb3ad0c07e2209f4be3785
user10	529	146	1271649847088	0	0	43b52fdb3ad0c07e2209f4be3785
user10	520	138	1271649847104	0	0	43b52fdb3ad0c07e2209f4be3785
user10	515	132	1271649847120	0	0	43b52fdb3ad0c07e2209f4be3785
user10	512	129	1271649847132	0	0	43b52fdb3ad0c07e2209f4be3785
user10	506	121	1271649847144	0	0	43b52fdb3ad0c07e2209f4be3785
user10	504	116	1271649847159	0	0	43b52fdb3ad0c07e2209f4be3785
user10	501	113	1271649847161	0	0	43b52fdb3ad0c07e2209f4be3785
user10	498	109	1271649847174	0	0	43b52fdb3ad0c07e2209f4be3785
user10	494	106	1271649847175	0	0	43b52fdb3ad0c07e2209f4be3785
user10	490	102	1271649847190	0	0	43b52fdb3ad0c07e2209f4be3785
user10	487	98	1271649847192	0	0	43b52fdb3ad0c07e2209f4be3785
user10	484	96	1271649847205	0	0	43b52fdb3ad0c07e2209f4be3785
user10	481	93	1271649847210	0	0	43b52fdb3ad0c07e2209f4be3785
user10	479	91	1271649847222	0	0	43b52fdb3ad0c07e2209f4be3785
user10	478	90	1271649847224	0	0	43b52fdb3ad0c07e2209f4be3785
user10	477	88	1271649847237	0	0	43b52fdb3ad0c07e2209f4be3785
user10	477	86	1271649847241	0	0	43b52fdb3ad0c07e2209f4be3785
user10	476	85	1271649847253	0	0	43b52fdb3ad0c07e2209f4be3785
user10	476	83	1271649847255	0	0	43b52fdb3ad0c07e2209f4be3785
user10	476	81	1271649847268	0	0	43b52fdb3ad0c07e2209f4be3785
user10	476	77	1271649847283	0	0	43b52fdb3ad0c07e2209f4be3785
user10	476	76	1271649847294	0	0	43b52fdb3ad0c07e2209f4be3785
user10	476	75	1271649847296	0	0	43b52fdb3ad0c07e2209f4be3785
user10	476	73	1271649847308	0	0	43b52fdb3ad0c07e2209f4be3785
user10	476	71	1271649847324	0	0	43b52fdb3ad0c07e2209f4be3785
user10	475	68	1271649847339	0	0	43b52fdb3ad0c07e2209f4be3785
user10	475	67	1271649847344	0	0	43b52fdb3ad0c07e2209f4be3785
user10	473	65	1271649847360	0	0	43b52fdb3ad0c07e2209f4be3785
user10	473	64	1271649847375	0	0	43b52fdb3ad0c07e2209f4be3785
user10	471	63	1271649847390	0	0	43b52fdb3ad0c07e2209f4be3785
user10	471	62	1271649847392	0	0	43b52fdb3ad0c07e2209f4be3785
user10	471	61	1271649847405	0	0	43b52fdb3ad0c07e2209f4be3785
user10	471	59	1271649847422	0	0	43b52fdb3ad0c07e2209f4be3785
user10	471	58	1271649847424	0	0	43b52fdb3ad0c07e2209f4be3785
user10	470	57	1271649847437	0	0	43b52fdb3ad0c07e2209f4be3785
user10	468	54	1271649847452	0	0	43b52fdb3ad0c07e2209f4be3785
user10	468	52	1271649847464	0	0	43b52fdb3ad0c07e2209f4be3785
user10	467	52	1271649847479	0	0	43b52fdb3ad0c07e2209f4be3785
user10	467	51	1271649847503	0	0	43b52fdb3ad0c07e2209f4be3785
user10	467	50	1271649847519	0	0	43b52fdb3ad0c07e2209f4be3785
user10	467	50	1271649847656	1271649847567	1271649847656	43b52fdb3ad0c07e2209f4be3785
user10	536	59	1271649850127	0	0	43b52fdb3ad0c07e2209f4be3785
user10	535	59	1271649850415	0	0	43b52fdb3ad0c07e2209f4be3785
user10	534	59	1271649850431	0	0	43b52fdb3ad0c07e2209f4be3785
user10	533	59	1271649850444	0	0	43b52fdb3ad0c07e2209f4be3785
user10	532	60	1271649850461	0	0	43b52fdb3ad0c07e2209f4be3785
user10	530	60	1271649850474	0	0	43b52fdb3ad0c07e2209f4be3785
user10	529	60	1271649850503	0	0	43b52fdb3ad0c07e2209f4be3785
user10	529	60	1271649850611	0	0	43b52fdb3ad0c07e2209f4be3785
user10	529	59	1271649850624	0	0	43b52fdb3ad0c07e2209f4be3785
user10	529	58	1271649850639	0	0	43b52fdb3ad0c07e2209f4be3785
user10	529	57	1271649850655	0	0	43b52fdb3ad0c07e2209f4be3785
user10	529	56	1271649850679	0	0	43b52fdb3ad0c07e2209f4be3785
user10	529	54	1271649850696	0	0	43b52fdb3ad0c07e2209f4be3785
user10	529	53	1271649850735	0	0	43b52fdb3ad0c07e2209f4be3785
user10	529	53	1271649850920	1271649850799	1271649850920	43b52fdb3ad0c07e2209f4be3785
user10	529	53	1271649851434	0	0	43b52fdb3ad0c07e2209f4be3785
user10	532	53	1271649851703	0	0	43b52fdb3ad0c07e2209f4be3785
user10	534	53	1271649851717	0	0	43b52fdb3ad0c07e2209f4be3785
user10	538	52	1271649851719	0	0	43b52fdb3ad0c07e2209f4be3785
user10	543	52	1271649851734	0	0	43b52fdb3ad0c07e2209f4be3785
user10	550	52	1271649851736	0	0	43b52fdb3ad0c07e2209f4be3785
user10	565	53	1271649851752	0	0	43b52fdb3ad0c07e2209f4be3785
user10	573	55	1271649851766	0	0	43b52fdb3ad0c07e2209f4be3785
user10	583	57	1271649851768	0	0	43b52fdb3ad0c07e2209f4be3785
user10	601	62	1271649851790	0	0	43b52fdb3ad0c07e2209f4be3785
user10	616	68	1271649851805	0	0	43b52fdb3ad0c07e2209f4be3785
user10	626	75	1271649851824	0	0	43b52fdb3ad0c07e2209f4be3785
user10	631	80	1271649851828	0	0	43b52fdb3ad0c07e2209f4be3785
user10	638	88	1271649851840	0	0	43b52fdb3ad0c07e2209f4be3785
user10	644	98	1271649851856	0	0	43b52fdb3ad0c07e2209f4be3785
user10	646	105	1271649851870	0	0	43b52fdb3ad0c07e2209f4be3785
user10	648	112	1271649851872	0	0	43b52fdb3ad0c07e2209f4be3785
user10	650	122	1271649851888	0	0	43b52fdb3ad0c07e2209f4be3785
user10	651	126	1271649851901	0	0	43b52fdb3ad0c07e2209f4be3785
user10	651	134	1271649851913	0	0	43b52fdb3ad0c07e2209f4be3785
user10	651	139	1271649851928	0	0	43b52fdb3ad0c07e2209f4be3785
user10	651	142	1271649851939	0	0	43b52fdb3ad0c07e2209f4be3785
user10	651	145	1271649851952	0	0	43b52fdb3ad0c07e2209f4be3785
user10	651	146	1271649851966	0	0	43b52fdb3ad0c07e2209f4be3785
user10	651	148	1271649851968	0	0	43b52fdb3ad0c07e2209f4be3785
user10	652	149	1271649851986	0	0	43b52fdb3ad0c07e2209f4be3785
user10	652	150	1271649852002	0	0	43b52fdb3ad0c07e2209f4be3785
user10	652	150	1271649852021	0	0	43b52fdb3ad0c07e2209f4be3785
user10	652	151	1271649852055	0	0	43b52fdb3ad0c07e2209f4be3785
user10	652	152	1271649852071	0	0	43b52fdb3ad0c07e2209f4be3785
user10	652	153	1271649852087	0	0	43b52fdb3ad0c07e2209f4be3785
user10	652	154	1271649852103	0	0	43b52fdb3ad0c07e2209f4be3785
user10	652	155	1271649852115	0	0	43b52fdb3ad0c07e2209f4be3785
user10	652	157	1271649852131	0	0	43b52fdb3ad0c07e2209f4be3785
user10	652	158	1271649852143	0	0	43b52fdb3ad0c07e2209f4be3785
user10	653	161	1271649852156	0	0	43b52fdb3ad0c07e2209f4be3785
user10	653	164	1271649852169	0	0	43b52fdb3ad0c07e2209f4be3785
user10	653	166	1271649852182	0	0	43b52fdb3ad0c07e2209f4be3785
user10	653	167	1271649852196	0	0	43b52fdb3ad0c07e2209f4be3785
user10	653	168	1271649852239	0	0	43b52fdb3ad0c07e2209f4be3785
user10	653	168	1271649852344	1271649852271	1271649852344	43b52fdb3ad0c07e2209f4be3785
user10	678	163	1271649853251	0	0	43b52fdb3ad0c07e2209f4be3785
user10	678	163	1271649853738	0	0	43b52fdb3ad0c07e2209f4be3785
user10	677	163	1271649855839	0	0	43b52fdb3ad0c07e2209f4be3785
user10	676	163	1271649855855	0	0	43b52fdb3ad0c07e2209f4be3785
user10	676	164	1271649855858	0	0	43b52fdb3ad0c07e2209f4be3785
user10	674	166	1271649855876	0	0	43b52fdb3ad0c07e2209f4be3785
user10	672	167	1271649855879	0	0	43b52fdb3ad0c07e2209f4be3785
user10	671	169	1271649855897	0	0	43b52fdb3ad0c07e2209f4be3785
user10	670	170	1271649855913	0	0	43b52fdb3ad0c07e2209f4be3785
user10	669	171	1271649855929	0	0	43b52fdb3ad0c07e2209f4be3785
user10	668	172	1271649855948	0	0	43b52fdb3ad0c07e2209f4be3785
user10	666	175	1271649855966	0	0	43b52fdb3ad0c07e2209f4be3785
user10	665	177	1271649855969	0	0	43b52fdb3ad0c07e2209f4be3785
user10	664	179	1271649855980	0	0	43b52fdb3ad0c07e2209f4be3785
user10	661	184	1271649855994	0	0	43b52fdb3ad0c07e2209f4be3785
user10	658	189	1271649856013	0	0	43b52fdb3ad0c07e2209f4be3785
user10	656	191	1271649856015	0	0	43b52fdb3ad0c07e2209f4be3785
user10	654	195	1271649856029	0	0	43b52fdb3ad0c07e2209f4be3785
user10	653	197	1271649856031	0	0	43b52fdb3ad0c07e2209f4be3785
user10	652	199	1271649856045	0	0	43b52fdb3ad0c07e2209f4be3785
user10	652	200	1271649856047	0	0	43b52fdb3ad0c07e2209f4be3785
user10	649	207	1271649856063	0	0	43b52fdb3ad0c07e2209f4be3785
user10	648	210	1271649856077	0	0	43b52fdb3ad0c07e2209f4be3785
user10	647	213	1271649856080	0	0	43b52fdb3ad0c07e2209f4be3785
user10	645	220	1271649856096	0	0	43b52fdb3ad0c07e2209f4be3785
user10	645	223	1271649856109	0	0	43b52fdb3ad0c07e2209f4be3785
user10	645	225	1271649856113	0	0	43b52fdb3ad0c07e2209f4be3785
user10	644	229	1271649856130	0	0	43b52fdb3ad0c07e2209f4be3785
user10	644	232	1271649856144	0	0	43b52fdb3ad0c07e2209f4be3785
user10	644	233	1271649856160	0	0	43b52fdb3ad0c07e2209f4be3785
user10	644	232	1271649858471	0	0	43b52fdb3ad0c07e2209f4be3785
user10	644	231	1271649858488	0	0	43b52fdb3ad0c07e2209f4be3785
user10	644	229	1271649858521	0	0	43b52fdb3ad0c07e2209f4be3785
user10	645	229	1271649858540	0	0	43b52fdb3ad0c07e2209f4be3785
user10	645	227	1271649858543	0	0	43b52fdb3ad0c07e2209f4be3785
user10	645	225	1271649858559	0	0	43b52fdb3ad0c07e2209f4be3785
user10	646	223	1271649858578	0	0	43b52fdb3ad0c07e2209f4be3785
user10	646	220	1271649858594	0	0	43b52fdb3ad0c07e2209f4be3785
user10	647	214	1271649858617	0	0	43b52fdb3ad0c07e2209f4be3785
user10	647	210	1271649858636	0	0	43b52fdb3ad0c07e2209f4be3785
user10	647	207	1271649858640	0	0	43b52fdb3ad0c07e2209f4be3785
user10	647	201	1271649858667	0	0	43b52fdb3ad0c07e2209f4be3785
user10	647	199	1271649858682	0	0	43b52fdb3ad0c07e2209f4be3785
user10	647	196	1271649858702	0	0	43b52fdb3ad0c07e2209f4be3785
user10	647	195	1271649858705	0	0	43b52fdb3ad0c07e2209f4be3785
user10	647	193	1271649858717	0	0	43b52fdb3ad0c07e2209f4be3785
user10	647	191	1271649858720	0	0	43b52fdb3ad0c07e2209f4be3785
user10	647	189	1271649858736	0	0	43b52fdb3ad0c07e2209f4be3785
user10	647	188	1271649858748	0	0	43b52fdb3ad0c07e2209f4be3785
user10	647	186	1271649858765	0	0	43b52fdb3ad0c07e2209f4be3785
user10	647	183	1271649858777	0	0	43b52fdb3ad0c07e2209f4be3785
user10	647	182	1271649858790	0	0	43b52fdb3ad0c07e2209f4be3785
user10	647	181	1271649858803	0	0	43b52fdb3ad0c07e2209f4be3785
user10	648	181	1271649858815	0	0	43b52fdb3ad0c07e2209f4be3785
user10	648	179	1271649858817	0	0	43b52fdb3ad0c07e2209f4be3785
user10	648	178	1271649858828	0	0	43b52fdb3ad0c07e2209f4be3785
user10	648	176	1271649858842	0	0	43b52fdb3ad0c07e2209f4be3785
user10	648	175	1271649858861	0	0	43b52fdb3ad0c07e2209f4be3785
user10	648	174	1271649858865	0	0	43b52fdb3ad0c07e2209f4be3785
user10	648	173	1271649858884	0	0	43b52fdb3ad0c07e2209f4be3785
user10	648	172	1271649858899	0	0	43b52fdb3ad0c07e2209f4be3785
user10	648	171	1271649858914	0	0	43b52fdb3ad0c07e2209f4be3785
user10	648	170	1271649858931	0	0	43b52fdb3ad0c07e2209f4be3785
user10	648	169	1271649858946	0	0	43b52fdb3ad0c07e2209f4be3785
user10	648	168	1271649858983	0	0	43b52fdb3ad0c07e2209f4be3785
user10	649	168	1271649858999	0	0	43b52fdb3ad0c07e2209f4be3785
user10	649	167	1271649859031	0	0	43b52fdb3ad0c07e2209f4be3785
user10	649	167	1271649863239	1271649863015	1271649863239	43b52fdb3ad0c07e2209f4be3785
user10	649	167	1271649864606	0	0	43b52fdb3ad0c07e2209f4be3785
user10	649	167	1271649865320	0	0	43b52fdb3ad0c07e2209f4be3785
user10	650	167	1271649866873	0	0	43b52fdb3ad0c07e2209f4be3785
user10	650	167	1271649867087	1271649867008	1271649867087	43b52fdb3ad0c07e2209f4be3785
user10	650	167	1271649867405	0	0	43b52fdb3ad0c07e2209f4be3785
user10	650	167	1271649867895	0	0	43b52fdb3ad0c07e2209f4be3785
user10	649	167	1271649869550	0	0	43b52fdb3ad0c07e2209f4be3785
user10	649	166	1271649869574	0	0	43b52fdb3ad0c07e2209f4be3785
user10	648	166	1271649869670	0	0	43b52fdb3ad0c07e2209f4be3785
user10	647	165	1271649869689	0	0	43b52fdb3ad0c07e2209f4be3785
user10	646	164	1271649869708	0	0	43b52fdb3ad0c07e2209f4be3785
user10	645	163	1271649869710	0	0	43b52fdb3ad0c07e2209f4be3785
user10	641	158	1271649869727	0	0	43b52fdb3ad0c07e2209f4be3785
user10	636	153	1271649869746	0	0	43b52fdb3ad0c07e2209f4be3785
user10	626	141	1271649869768	0	0	43b52fdb3ad0c07e2209f4be3785
user10	617	131	1271649869783	0	0	43b52fdb3ad0c07e2209f4be3785
user10	610	123	1271649869799	0	0	43b52fdb3ad0c07e2209f4be3785
user10	601	112	1271649869814	0	0	43b52fdb3ad0c07e2209f4be3785
user10	596	106	1271649869830	0	0	43b52fdb3ad0c07e2209f4be3785
user10	591	101	1271649869833	0	0	43b52fdb3ad0c07e2209f4be3785
user10	585	94	1271649869847	0	0	43b52fdb3ad0c07e2209f4be3785
user10	582	91	1271649869861	0	0	43b52fdb3ad0c07e2209f4be3785
user10	580	90	1271649869863	0	0	43b52fdb3ad0c07e2209f4be3785
user10	578	88	1271649869876	0	0	43b52fdb3ad0c07e2209f4be3785
user10	577	85	1271649869878	0	0	43b52fdb3ad0c07e2209f4be3785
user10	575	84	1271649869892	0	0	43b52fdb3ad0c07e2209f4be3785
user10	575	82	1271649869894	0	0	43b52fdb3ad0c07e2209f4be3785
user10	574	82	1271649869907	0	0	43b52fdb3ad0c07e2209f4be3785
user10	574	81	1271649869918	0	0	43b52fdb3ad0c07e2209f4be3785
user10	574	80	1271649869921	0	0	43b52fdb3ad0c07e2209f4be3785
user10	574	79	1271649869931	0	0	43b52fdb3ad0c07e2209f4be3785
user10	574	77	1271649869945	0	0	43b52fdb3ad0c07e2209f4be3785
user10	574	76	1271649869958	0	0	43b52fdb3ad0c07e2209f4be3785
user10	574	75	1271649869973	0	0	43b52fdb3ad0c07e2209f4be3785
user10	575	75	1271649869975	0	0	43b52fdb3ad0c07e2209f4be3785
user10	577	74	1271649869989	0	0	43b52fdb3ad0c07e2209f4be3785
user10	580	74	1271649869991	0	0	43b52fdb3ad0c07e2209f4be3785
user10	587	73	1271649870007	0	0	43b52fdb3ad0c07e2209f4be3785
user10	592	71	1271649870019	0	0	43b52fdb3ad0c07e2209f4be3785
user10	596	69	1271649870030	0	0	43b52fdb3ad0c07e2209f4be3785
user10	601	67	1271649870036	0	0	43b52fdb3ad0c07e2209f4be3785
user10	604	66	1271649870041	0	0	43b52fdb3ad0c07e2209f4be3785
user10	607	66	1271649870054	0	0	43b52fdb3ad0c07e2209f4be3785
user10	609	65	1271649870057	0	0	43b52fdb3ad0c07e2209f4be3785
user10	610	64	1271649870073	0	0	43b52fdb3ad0c07e2209f4be3785
user10	611	64	1271649870084	0	0	43b52fdb3ad0c07e2209f4be3785
user10	611	63	1271649870099	0	0	43b52fdb3ad0c07e2209f4be3785
user10	611	62	1271649870112	0	0	43b52fdb3ad0c07e2209f4be3785
user10	611	61	1271649870124	0	0	43b52fdb3ad0c07e2209f4be3785
user10	611	59	1271649870126	0	0	43b52fdb3ad0c07e2209f4be3785
user10	612	58	1271649870138	0	0	43b52fdb3ad0c07e2209f4be3785
user10	612	56	1271649870153	0	0	43b52fdb3ad0c07e2209f4be3785
user10	612	55	1271649870175	0	0	43b52fdb3ad0c07e2209f4be3785
user10	612	55	1271649870263	1271649870198	1271649870263	43b52fdb3ad0c07e2209f4be3785
user10	722	409	1271649872939	0	0	43b52fdb3ad0c07e2209f4be3785
user10	722	409	1271649873385	0	0	43b52fdb3ad0c07e2209f4be3785
user10	722	408	1271649873438	0	0	43b52fdb3ad0c07e2209f4be3785
user10	722	407	1271649873958	0	0	43b52fdb3ad0c07e2209f4be3785
user10	721	407	1271649873982	0	0	43b52fdb3ad0c07e2209f4be3785
user10	721	406	1271649873999	0	0	43b52fdb3ad0c07e2209f4be3785
user10	720	405	1271649874022	0	0	43b52fdb3ad0c07e2209f4be3785
user10	718	402	1271649874038	0	0	43b52fdb3ad0c07e2209f4be3785
user10	716	398	1271649874056	0	0	43b52fdb3ad0c07e2209f4be3785
user10	712	392	1271649874073	0	0	43b52fdb3ad0c07e2209f4be3785
user10	704	380	1271649874095	0	0	43b52fdb3ad0c07e2209f4be3785
user10	700	372	1271649874103	0	0	43b52fdb3ad0c07e2209f4be3785
user10	695	362	1271649874107	0	0	43b52fdb3ad0c07e2209f4be3785
user10	691	350	1271649874110	0	0	43b52fdb3ad0c07e2209f4be3785
user10	683	329	1271649874133	0	0	43b52fdb3ad0c07e2209f4be3785
user10	678	307	1271649874151	0	0	43b52fdb3ad0c07e2209f4be3785
user10	674	295	1271649874157	0	0	43b52fdb3ad0c07e2209f4be3785
user10	673	283	1271649874162	0	0	43b52fdb3ad0c07e2209f4be3785
user10	667	249	1271649874187	0	0	43b52fdb3ad0c07e2209f4be3785
user10	664	218	1271649874209	0	0	43b52fdb3ad0c07e2209f4be3785
user10	660	199	1271649874226	0	0	43b52fdb3ad0c07e2209f4be3785
user10	658	180	1271649874240	0	0	43b52fdb3ad0c07e2209f4be3785
user10	657	147	1271649874281	0	0	43b52fdb3ad0c07e2209f4be3785
user10	656	141	1271649874283	0	0	43b52fdb3ad0c07e2209f4be3785
user10	656	125	1271649874305	0	0	43b52fdb3ad0c07e2209f4be3785
user10	656	117	1271649874320	0	0	43b52fdb3ad0c07e2209f4be3785
user10	656	111	1271649874342	0	0	43b52fdb3ad0c07e2209f4be3785
user10	655	108	1271649874344	0	0	43b52fdb3ad0c07e2209f4be3785
user10	653	103	1271649874358	0	0	43b52fdb3ad0c07e2209f4be3785
user10	652	100	1271649874379	0	0	43b52fdb3ad0c07e2209f4be3785
user10	652	98	1271649874382	0	0	43b52fdb3ad0c07e2209f4be3785
user10	651	96	1271649874395	0	0	43b52fdb3ad0c07e2209f4be3785
user10	651	91	1271649874413	0	0	43b52fdb3ad0c07e2209f4be3785
user10	650	88	1271649874415	0	0	43b52fdb3ad0c07e2209f4be3785
user10	649	87	1271649874426	0	0	43b52fdb3ad0c07e2209f4be3785
user10	648	83	1271649874441	0	0	43b52fdb3ad0c07e2209f4be3785
user10	647	81	1271649874455	0	0	43b52fdb3ad0c07e2209f4be3785
user10	646	81	1271649874470	0	0	43b52fdb3ad0c07e2209f4be3785
user10	646	80	1271649874483	0	0	43b52fdb3ad0c07e2209f4be3785
user10	645	80	1271649874499	0	0	43b52fdb3ad0c07e2209f4be3785
user10	644	78	1271649874514	0	0	43b52fdb3ad0c07e2209f4be3785
user10	643	77	1271649874525	0	0	43b52fdb3ad0c07e2209f4be3785
user10	642	76	1271649874527	0	0	43b52fdb3ad0c07e2209f4be3785
user10	640	74	1271649874540	0	0	43b52fdb3ad0c07e2209f4be3785
user10	638	71	1271649874542	0	0	43b52fdb3ad0c07e2209f4be3785
user10	636	70	1271649874557	0	0	43b52fdb3ad0c07e2209f4be3785
user10	635	69	1271649874559	0	0	43b52fdb3ad0c07e2209f4be3785
user10	633	66	1271649874572	0	0	43b52fdb3ad0c07e2209f4be3785
user10	632	66	1271649874582	0	0	43b52fdb3ad0c07e2209f4be3785
user10	630	64	1271649874588	0	0	43b52fdb3ad0c07e2209f4be3785
user10	629	64	1271649874590	0	0	43b52fdb3ad0c07e2209f4be3785
user10	626	61	1271649874612	0	0	43b52fdb3ad0c07e2209f4be3785
user10	626	60	1271649874628	0	0	43b52fdb3ad0c07e2209f4be3785
user10	624	58	1271649874646	0	0	43b52fdb3ad0c07e2209f4be3785
user10	622	56	1271649874658	0	0	43b52fdb3ad0c07e2209f4be3785
user10	622	55	1271649874674	0	0	43b52fdb3ad0c07e2209f4be3785
user10	622	55	1271649874830	1271649874742	1271649874830	43b52fdb3ad0c07e2209f4be3785
user10	628	356	1271649880066	0	0	43b52fdb3ad0c07e2209f4be3785
user10	629	356	1271649880142	0	0	43b52fdb3ad0c07e2209f4be3785
user10	630	356	1271649880158	0	0	43b52fdb3ad0c07e2209f4be3785
user10	631	356	1271649880173	0	0	43b52fdb3ad0c07e2209f4be3785
user10	633	356	1271649880176	0	0	43b52fdb3ad0c07e2209f4be3785
user10	637	356	1271649880190	0	0	43b52fdb3ad0c07e2209f4be3785
user10	638	356	1271649880205	0	0	43b52fdb3ad0c07e2209f4be3785
user10	640	357	1271649880208	0	0	43b52fdb3ad0c07e2209f4be3785
user10	641	358	1271649880223	0	0	43b52fdb3ad0c07e2209f4be3785
user10	641	358	1271649880536	0	0	43b52fdb3ad0c07e2209f4be3785
user10	641	359	1271649880598	0	0	43b52fdb3ad0c07e2209f4be3785
user10	642	359	1271649880742	0	0	43b52fdb3ad0c07e2209f4be3785
user10	642	358	1271649881350	0	0	43b52fdb3ad0c07e2209f4be3785
user10	642	356	1271649881364	0	0	43b52fdb3ad0c07e2209f4be3785
user10	641	354	1271649881368	0	0	43b52fdb3ad0c07e2209f4be3785
user10	638	348	1271649881388	0	0	43b52fdb3ad0c07e2209f4be3785
user10	637	344	1271649881391	0	0	43b52fdb3ad0c07e2209f4be3785
user10	633	335	1271649881408	0	0	43b52fdb3ad0c07e2209f4be3785
user10	628	325	1271649881426	0	0	43b52fdb3ad0c07e2209f4be3785
user10	624	315	1271649881444	0	0	43b52fdb3ad0c07e2209f4be3785
user10	622	311	1271649881447	0	0	43b52fdb3ad0c07e2209f4be3785
user10	617	302	1271649881467	0	0	43b52fdb3ad0c07e2209f4be3785
user10	610	293	1271649881481	0	0	43b52fdb3ad0c07e2209f4be3785
user10	605	287	1271649881496	0	0	43b52fdb3ad0c07e2209f4be3785
user10	603	282	1271649881513	0	0	43b52fdb3ad0c07e2209f4be3785
user10	599	276	1271649881529	0	0	43b52fdb3ad0c07e2209f4be3785
user10	597	272	1271649881550	0	0	43b52fdb3ad0c07e2209f4be3785
user10	594	270	1271649881564	0	0	43b52fdb3ad0c07e2209f4be3785
user10	593	269	1271649881566	0	0	43b52fdb3ad0c07e2209f4be3785
user10	592	268	1271649881582	0	0	43b52fdb3ad0c07e2209f4be3785
user10	591	268	1271649881597	0	0	43b52fdb3ad0c07e2209f4be3785
user10	591	267	1271649881613	0	0	43b52fdb3ad0c07e2209f4be3785
user10	590	266	1271649881627	0	0	43b52fdb3ad0c07e2209f4be3785
user10	589	264	1271649881638	0	0	43b52fdb3ad0c07e2209f4be3785
user10	589	263	1271649881652	0	0	43b52fdb3ad0c07e2209f4be3785
user10	587	261	1271649881655	0	0	43b52fdb3ad0c07e2209f4be3785
user10	583	258	1271649881671	0	0	43b52fdb3ad0c07e2209f4be3785
user10	581	255	1271649881688	0	0	43b52fdb3ad0c07e2209f4be3785
user10	577	252	1271649881703	0	0	43b52fdb3ad0c07e2209f4be3785
user10	573	248	1271649881719	0	0	43b52fdb3ad0c07e2209f4be3785
user10	572	246	1271649881731	0	0	43b52fdb3ad0c07e2209f4be3785
user10	568	241	1271649881743	0	0	43b52fdb3ad0c07e2209f4be3785
user10	566	239	1271649881759	0	0	43b52fdb3ad0c07e2209f4be3785
user10	565	237	1271649881761	0	0	43b52fdb3ad0c07e2209f4be3785
user10	564	235	1271649881772	0	0	43b52fdb3ad0c07e2209f4be3785
user10	562	232	1271649881787	0	0	43b52fdb3ad0c07e2209f4be3785
user10	561	230	1271649881800	0	0	43b52fdb3ad0c07e2209f4be3785
user10	560	229	1271649881816	0	0	43b52fdb3ad0c07e2209f4be3785
user10	559	229	1271649881830	0	0	43b52fdb3ad0c07e2209f4be3785
user10	558	229	1271649881846	0	0	43b52fdb3ad0c07e2209f4be3785
user10	558	228	1271649881885	0	0	43b52fdb3ad0c07e2209f4be3785
user10	558	228	1271649882102	1271649882013	1271649882102	43b52fdb3ad0c07e2209f4be3785
user10	558	227	1271649882301	0	0	43b52fdb3ad0c07e2209f4be3785
user10	559	227	1271649882341	0	0	43b52fdb3ad0c07e2209f4be3785
user10	559	226	1271649882355	0	0	43b52fdb3ad0c07e2209f4be3785
user10	560	226	1271649882358	0	0	43b52fdb3ad0c07e2209f4be3785
user10	561	225	1271649882382	0	0	43b52fdb3ad0c07e2209f4be3785
user10	563	225	1271649893997	0	0	43b52fdb3ad0c07e2209f4be3785
user10	564	224	1271649894012	0	0	43b52fdb3ad0c07e2209f4be3785
user10	565	223	1271649894016	0	0	43b52fdb3ad0c07e2209f4be3785
user10	569	226	1271649894181	0	0	43b52fdb3ad0c07e2209f4be3785
user10	574	233	1271649894197	0	0	43b52fdb3ad0c07e2209f4be3785
user10	582	242	1271649894200	0	0	43b52fdb3ad0c07e2209f4be3785
user10	598	260	1271649894219	0	0	43b52fdb3ad0c07e2209f4be3785
user10	608	271	1271649894238	0	0	43b52fdb3ad0c07e2209f4be3785
user10	608	272	1271649894260	0	0	43b52fdb3ad0c07e2209f4be3785
user10	608	274	1271649894278	0	0	43b52fdb3ad0c07e2209f4be3785
user10	609	278	1271649894281	0	0	43b52fdb3ad0c07e2209f4be3785
user10	613	288	1271649894303	0	0	43b52fdb3ad0c07e2209f4be3785
user10	614	291	1271649894307	0	0	43b52fdb3ad0c07e2209f4be3785
user10	614	294	1271649894310	0	0	43b52fdb3ad0c07e2209f4be3785
user10	614	296	1271649894330	0	0	43b52fdb3ad0c07e2209f4be3785
user10	614	298	1271649894346	0	0	43b52fdb3ad0c07e2209f4be3785
user10	615	299	1271649894367	0	0	43b52fdb3ad0c07e2209f4be3785
user10	616	299	1271649894405	0	0	43b52fdb3ad0c07e2209f4be3785
user10	617	297	1271649894421	0	0	43b52fdb3ad0c07e2209f4be3785
user10	618	295	1271649894423	0	0	43b52fdb3ad0c07e2209f4be3785
user10	621	290	1271649894439	0	0	43b52fdb3ad0c07e2209f4be3785
user10	622	284	1271649894456	0	0	43b52fdb3ad0c07e2209f4be3785
user10	624	279	1271649894471	0	0	43b52fdb3ad0c07e2209f4be3785
user10	624	278	1271649894485	0	0	43b52fdb3ad0c07e2209f4be3785
user10	625	277	1271649894490	0	0	43b52fdb3ad0c07e2209f4be3785
user10	625	276	1271649894517	0	0	43b52fdb3ad0c07e2209f4be3785
user10	625	274	1271649894533	0	0	43b52fdb3ad0c07e2209f4be3785
user10	625	273	1271649894546	0	0	43b52fdb3ad0c07e2209f4be3785
user10	625	272	1271649894549	0	0	43b52fdb3ad0c07e2209f4be3785
user10	625	268	1271649894566	0	0	43b52fdb3ad0c07e2209f4be3785
user10	626	268	1271649894578	0	0	43b52fdb3ad0c07e2209f4be3785
user10	626	266	1271649894594	0	0	43b52fdb3ad0c07e2209f4be3785
user10	626	266	1271649894805	1271649894701	1271649894805	43b52fdb3ad0c07e2209f4be3785
user10	640	233	1271649897378	0	0	43b52fdb3ad0c07e2209f4be3785
user10	639	232	1271649897605	0	0	43b52fdb3ad0c07e2209f4be3785
user10	639	231	1271649897645	0	0	43b52fdb3ad0c07e2209f4be3785
user10	639	230	1271649897676	0	0	43b52fdb3ad0c07e2209f4be3785
user10	638	229	1271649897697	0	0	43b52fdb3ad0c07e2209f4be3785
user10	637	227	1271649897714	0	0	43b52fdb3ad0c07e2209f4be3785
user10	637	225	1271649897717	0	0	43b52fdb3ad0c07e2209f4be3785
user10	636	222	1271649897736	0	0	43b52fdb3ad0c07e2209f4be3785
user10	633	218	1271649897752	0	0	43b52fdb3ad0c07e2209f4be3785
user10	631	213	1271649897771	0	0	43b52fdb3ad0c07e2209f4be3785
user10	628	209	1271649897774	0	0	43b52fdb3ad0c07e2209f4be3785
user10	626	207	1271649897787	0	0	43b52fdb3ad0c07e2209f4be3785
user10	623	203	1271649897790	0	0	43b52fdb3ad0c07e2209f4be3785
user10	621	200	1271649897806	0	0	43b52fdb3ad0c07e2209f4be3785
user10	617	196	1271649897809	0	0	43b52fdb3ad0c07e2209f4be3785
user10	614	193	1271649897822	0	0	43b52fdb3ad0c07e2209f4be3785
user10	611	189	1271649897825	0	0	43b52fdb3ad0c07e2209f4be3785
user10	603	182	1271649897841	0	0	43b52fdb3ad0c07e2209f4be3785
user10	596	172	1271649897857	0	0	43b52fdb3ad0c07e2209f4be3785
user10	591	164	1271649897874	0	0	43b52fdb3ad0c07e2209f4be3785
user10	586	157	1271649897885	0	0	43b52fdb3ad0c07e2209f4be3785
user10	583	150	1271649897901	0	0	43b52fdb3ad0c07e2209f4be3785
user10	581	145	1271649897915	0	0	43b52fdb3ad0c07e2209f4be3785
user10	580	142	1271649897917	0	0	43b52fdb3ad0c07e2209f4be3785
user10	579	139	1271649897925	0	0	43b52fdb3ad0c07e2209f4be3785
user10	578	134	1271649897940	0	0	43b52fdb3ad0c07e2209f4be3785
user10	576	131	1271649897943	0	0	43b52fdb3ad0c07e2209f4be3785
user10	573	128	1271649897957	0	0	43b52fdb3ad0c07e2209f4be3785
user10	572	123	1271649897963	0	0	43b52fdb3ad0c07e2209f4be3785
user10	571	119	1271649897965	0	0	43b52fdb3ad0c07e2209f4be3785
user10	568	115	1271649897977	0	0	43b52fdb3ad0c07e2209f4be3785
user10	567	110	1271649897993	0	0	43b52fdb3ad0c07e2209f4be3785
user10	565	106	1271649898008	0	0	43b52fdb3ad0c07e2209f4be3785
user10	565	104	1271649898019	0	0	43b52fdb3ad0c07e2209f4be3785
user10	564	101	1271649898021	0	0	43b52fdb3ad0c07e2209f4be3785
user10	563	97	1271649898040	0	0	43b52fdb3ad0c07e2209f4be3785
user10	562	95	1271649898051	0	0	43b52fdb3ad0c07e2209f4be3785
user10	562	93	1271649898053	0	0	43b52fdb3ad0c07e2209f4be3785
user10	561	91	1271649898068	0	0	43b52fdb3ad0c07e2209f4be3785
user10	561	89	1271649898070	0	0	43b52fdb3ad0c07e2209f4be3785
user10	560	88	1271649898082	0	0	43b52fdb3ad0c07e2209f4be3785
user10	560	86	1271649898097	0	0	43b52fdb3ad0c07e2209f4be3785
user10	558	84	1271649898109	0	0	43b52fdb3ad0c07e2209f4be3785
user10	558	83	1271649898120	0	0	43b52fdb3ad0c07e2209f4be3785
user10	557	83	1271649898135	0	0	43b52fdb3ad0c07e2209f4be3785
user10	557	81	1271649898148	0	0	43b52fdb3ad0c07e2209f4be3785
user10	556	77	1271649898185	0	0	43b52fdb3ad0c07e2209f4be3785
user10	555	74	1271649898201	0	0	43b52fdb3ad0c07e2209f4be3785
user10	551	69	1271649898217	0	0	43b52fdb3ad0c07e2209f4be3785
user10	549	67	1271649898233	0	0	43b52fdb3ad0c07e2209f4be3785
user10	548	66	1271649898240	0	0	43b52fdb3ad0c07e2209f4be3785
user10	546	64	1271649898253	0	0	43b52fdb3ad0c07e2209f4be3785
user10	545	62	1271649898269	0	0	43b52fdb3ad0c07e2209f4be3785
user10	545	60	1271649898282	0	0	43b52fdb3ad0c07e2209f4be3785
user10	544	57	1271649898297	0	0	43b52fdb3ad0c07e2209f4be3785
user10	543	55	1271649898310	0	0	43b52fdb3ad0c07e2209f4be3785
user10	543	54	1271649898321	0	0	43b52fdb3ad0c07e2209f4be3785
user10	542	54	1271649898336	0	0	43b52fdb3ad0c07e2209f4be3785
user10	542	54	1271649898351	0	0	43b52fdb3ad0c07e2209f4be3785
user10	542	54	1271649898437	1271649898366	1271649898437	43b52fdb3ad0c07e2209f4be3785
user10	725	176	1271649899776	0	0	43b52fdb3ad0c07e2209f4be3785
user10	723	175	1271649899799	0	0	43b52fdb3ad0c07e2209f4be3785
user10	721	175	1271649899813	0	0	43b52fdb3ad0c07e2209f4be3785
user10	719	175	1271649899826	0	0	43b52fdb3ad0c07e2209f4be3785
user10	718	175	1271649899828	0	0	43b52fdb3ad0c07e2209f4be3785
user10	717	175	1271649899841	0	0	43b52fdb3ad0c07e2209f4be3785
user10	715	175	1271649899853	0	0	43b52fdb3ad0c07e2209f4be3785
user10	714	175	1271649899855	0	0	43b52fdb3ad0c07e2209f4be3785
user10	712	178	1271649899870	0	0	43b52fdb3ad0c07e2209f4be3785
user10	711	179	1271649899881	0	0	43b52fdb3ad0c07e2209f4be3785
user10	709	181	1271649899897	0	0	43b52fdb3ad0c07e2209f4be3785
user10	709	184	1271649899910	0	0	43b52fdb3ad0c07e2209f4be3785
user10	710	186	1271649899930	0	0	43b52fdb3ad0c07e2209f4be3785
user10	712	186	1271649899933	0	0	43b52fdb3ad0c07e2209f4be3785
user10	714	187	1271649899948	0	0	43b52fdb3ad0c07e2209f4be3785
user10	715	187	1271649899964	0	0	43b52fdb3ad0c07e2209f4be3785
user10	716	187	1271649899977	0	0	43b52fdb3ad0c07e2209f4be3785
user10	717	187	1271649899991	0	0	43b52fdb3ad0c07e2209f4be3785
user10	716	187	1271649900204	0	0	43b52fdb3ad0c07e2209f4be3785
user10	715	187	1271649900220	0	0	43b52fdb3ad0c07e2209f4be3785
user10	713	187	1271649900232	0	0	43b52fdb3ad0c07e2209f4be3785
user10	710	187	1271649900246	0	0	43b52fdb3ad0c07e2209f4be3785
user10	708	187	1271649900259	0	0	43b52fdb3ad0c07e2209f4be3785
user10	705	187	1271649900261	0	0	43b52fdb3ad0c07e2209f4be3785
user10	697	186	1271649900277	0	0	43b52fdb3ad0c07e2209f4be3785
user10	690	186	1271649900289	0	0	43b52fdb3ad0c07e2209f4be3785
user10	680	183	1271649900305	0	0	43b52fdb3ad0c07e2209f4be3785
user10	671	181	1271649900317	0	0	43b52fdb3ad0c07e2209f4be3785
user10	667	180	1271649900332	0	0	43b52fdb3ad0c07e2209f4be3785
user10	664	179	1271649900335	0	0	43b52fdb3ad0c07e2209f4be3785
user10	661	179	1271649900347	0	0	43b52fdb3ad0c07e2209f4be3785
user10	658	179	1271649900350	0	0	43b52fdb3ad0c07e2209f4be3785
user10	656	178	1271649900365	0	0	43b52fdb3ad0c07e2209f4be3785
user10	655	177	1271649900368	0	0	43b52fdb3ad0c07e2209f4be3785
user10	653	177	1271649900379	0	0	43b52fdb3ad0c07e2209f4be3785
user10	652	177	1271649900381	0	0	43b52fdb3ad0c07e2209f4be3785
user10	651	176	1271649900393	0	0	43b52fdb3ad0c07e2209f4be3785
user10	649	175	1271649900405	0	0	43b52fdb3ad0c07e2209f4be3785
user10	648	175	1271649900407	0	0	43b52fdb3ad0c07e2209f4be3785
user10	647	174	1271649900419	0	0	43b52fdb3ad0c07e2209f4be3785
user10	643	173	1271649900433	0	0	43b52fdb3ad0c07e2209f4be3785
user10	639	171	1271649900445	0	0	43b52fdb3ad0c07e2209f4be3785
user10	637	170	1271649900456	0	0	43b52fdb3ad0c07e2209f4be3785
user10	634	169	1271649900468	0	0	43b52fdb3ad0c07e2209f4be3785
user10	633	169	1271649900470	0	0	43b52fdb3ad0c07e2209f4be3785
user10	632	169	1271649900483	0	0	43b52fdb3ad0c07e2209f4be3785
user10	632	169	1271649900500	0	0	43b52fdb3ad0c07e2209f4be3785
user10	632	169	1271649900629	1271649900532	1271649900629	43b52fdb3ad0c07e2209f4be3785
user10	751	291	1271649901788	0	0	43b52fdb3ad0c07e2209f4be3785
user10	751	291	1271649902337	0	0	43b52fdb3ad0c07e2209f4be3785
user10	751	290	1271649905228	0	0	43b52fdb3ad0c07e2209f4be3785
user10	750	288	1271649905239	0	0	43b52fdb3ad0c07e2209f4be3785
user10	748	285	1271649905254	0	0	43b52fdb3ad0c07e2209f4be3785
user10	747	281	1271649905256	0	0	43b52fdb3ad0c07e2209f4be3785
user10	745	279	1271649905269	0	0	43b52fdb3ad0c07e2209f4be3785
user10	743	276	1271649905272	0	0	43b52fdb3ad0c07e2209f4be3785
user10	740	272	1271649905285	0	0	43b52fdb3ad0c07e2209f4be3785
user10	737	268	1271649905288	0	0	43b52fdb3ad0c07e2209f4be3785
user10	733	263	1271649905300	0	0	43b52fdb3ad0c07e2209f4be3785
user10	726	250	1271649905315	0	0	43b52fdb3ad0c07e2209f4be3785
user10	722	244	1271649905319	0	0	43b52fdb3ad0c07e2209f4be3785
user10	717	235	1271649905331	0	0	43b52fdb3ad0c07e2209f4be3785
user10	709	222	1271649905346	0	0	43b52fdb3ad0c07e2209f4be3785
user10	705	213	1271649905349	0	0	43b52fdb3ad0c07e2209f4be3785
user10	701	204	1271649905361	0	0	43b52fdb3ad0c07e2209f4be3785
user10	695	188	1271649905377	0	0	43b52fdb3ad0c07e2209f4be3785
user10	692	174	1271649905390	0	0	43b52fdb3ad0c07e2209f4be3785
user10	690	158	1271649905406	0	0	43b52fdb3ad0c07e2209f4be3785
user10	689	151	1271649905417	0	0	43b52fdb3ad0c07e2209f4be3785
user10	685	140	1271649905429	0	0	43b52fdb3ad0c07e2209f4be3785
user10	682	135	1271649905441	0	0	43b52fdb3ad0c07e2209f4be3785
user10	679	130	1271649905456	0	0	43b52fdb3ad0c07e2209f4be3785
user10	677	129	1271649905467	0	0	43b52fdb3ad0c07e2209f4be3785
user10	676	126	1271649905482	0	0	43b52fdb3ad0c07e2209f4be3785
user10	674	126	1271649905494	0	0	43b52fdb3ad0c07e2209f4be3785
user10	672	121	1271649905509	0	0	43b52fdb3ad0c07e2209f4be3785
user10	670	119	1271649905522	0	0	43b52fdb3ad0c07e2209f4be3785
user10	668	114	1271649905532	0	0	43b52fdb3ad0c07e2209f4be3785
user10	666	111	1271649905547	0	0	43b52fdb3ad0c07e2209f4be3785
user10	663	109	1271649905550	0	0	43b52fdb3ad0c07e2209f4be3785
user10	661	107	1271649905561	0	0	43b52fdb3ad0c07e2209f4be3785
user10	655	103	1271649905577	0	0	43b52fdb3ad0c07e2209f4be3785
user10	648	97	1271649905590	0	0	43b52fdb3ad0c07e2209f4be3785
user10	643	93	1271649905606	0	0	43b52fdb3ad0c07e2209f4be3785
user10	639	91	1271649905617	0	0	43b52fdb3ad0c07e2209f4be3785
user10	635	86	1271649905628	0	0	43b52fdb3ad0c07e2209f4be3785
user10	632	84	1271649905643	0	0	43b52fdb3ad0c07e2209f4be3785
user10	628	83	1271649905645	0	0	43b52fdb3ad0c07e2209f4be3785
user10	627	81	1271649905658	0	0	43b52fdb3ad0c07e2209f4be3785
user10	625	79	1271649905669	0	0	43b52fdb3ad0c07e2209f4be3785
user10	623	76	1271649905682	0	0	43b52fdb3ad0c07e2209f4be3785
user10	622	75	1271649905684	0	0	43b52fdb3ad0c07e2209f4be3785
user10	622	74	1271649905699	0	0	43b52fdb3ad0c07e2209f4be3785
user10	621	72	1271649905701	0	0	43b52fdb3ad0c07e2209f4be3785
user10	620	69	1271649905720	0	0	43b52fdb3ad0c07e2209f4be3785
user10	619	68	1271649905734	0	0	43b52fdb3ad0c07e2209f4be3785
user10	617	66	1271649905753	0	0	43b52fdb3ad0c07e2209f4be3785
user10	616	64	1271649905767	0	0	43b52fdb3ad0c07e2209f4be3785
user10	616	60	1271649905783	0	0	43b52fdb3ad0c07e2209f4be3785
user10	616	58	1271649905795	0	0	43b52fdb3ad0c07e2209f4be3785
user10	616	57	1271649905797	0	0	43b52fdb3ad0c07e2209f4be3785
user10	616	55	1271649905813	0	0	43b52fdb3ad0c07e2209f4be3785
user10	616	54	1271649905828	0	0	43b52fdb3ad0c07e2209f4be3785
user10	616	54	1271649905956	1271649905876	1271649905956	43b52fdb3ad0c07e2209f4be3785
user10	611	347	1271649910350	0	0	43b52fdb3ad0c07e2209f4be3785
user10	611	347	1271649910808	0	0	43b52fdb3ad0c07e2209f4be3785
user10	611	344	1271649912244	0	0	43b52fdb3ad0c07e2209f4be3785
user10	613	339	1271649912260	0	0	43b52fdb3ad0c07e2209f4be3785
user10	615	330	1271649912263	0	0	43b52fdb3ad0c07e2209f4be3785
user10	618	310	1271649912281	0	0	43b52fdb3ad0c07e2209f4be3785
user10	621	298	1271649912285	0	0	43b52fdb3ad0c07e2209f4be3785
user10	624	266	1271649912305	0	0	43b52fdb3ad0c07e2209f4be3785
user10	627	245	1271649912309	0	0	43b52fdb3ad0c07e2209f4be3785
user10	631	197	1271649912328	0	0	43b52fdb3ad0c07e2209f4be3785
user10	636	131	1271649912348	0	0	43b52fdb3ad0c07e2209f4be3785
user10	636	105	1271649912366	0	0	43b52fdb3ad0c07e2209f4be3785
user10	636	93	1271649912384	0	0	43b52fdb3ad0c07e2209f4be3785
user10	632	87	1271649912397	0	0	43b52fdb3ad0c07e2209f4be3785
user10	631	83	1271649912415	0	0	43b52fdb3ad0c07e2209f4be3785
user10	630	81	1271649912428	0	0	43b52fdb3ad0c07e2209f4be3785
user10	629	78	1271649912430	0	0	43b52fdb3ad0c07e2209f4be3785
user10	626	76	1271649912443	0	0	43b52fdb3ad0c07e2209f4be3785
user10	624	73	1271649912460	0	0	43b52fdb3ad0c07e2209f4be3785
user10	624	71	1271649912463	0	0	43b52fdb3ad0c07e2209f4be3785
user10	623	70	1271649912478	0	0	43b52fdb3ad0c07e2209f4be3785
user10	622	69	1271649912480	0	0	43b52fdb3ad0c07e2209f4be3785
user10	622	67	1271649912492	0	0	43b52fdb3ad0c07e2209f4be3785
user10	621	66	1271649912508	0	0	43b52fdb3ad0c07e2209f4be3785
user10	620	62	1271649912524	0	0	43b52fdb3ad0c07e2209f4be3785
user10	620	61	1271649912537	0	0	43b52fdb3ad0c07e2209f4be3785
user10	619	60	1271649912552	0	0	43b52fdb3ad0c07e2209f4be3785
user10	619	59	1271649912564	0	0	43b52fdb3ad0c07e2209f4be3785
user10	619	58	1271649912595	0	0	43b52fdb3ad0c07e2209f4be3785
user10	619	57	1271649912610	0	0	43b52fdb3ad0c07e2209f4be3785
user10	619	55	1271649912622	0	0	43b52fdb3ad0c07e2209f4be3785
user10	619	54	1271649912635	0	0	43b52fdb3ad0c07e2209f4be3785
user10	619	54	1271649912756	1271649912676	1271649912756	43b52fdb3ad0c07e2209f4be3785
