User	X	Y	MouseTimeStamp	MouseDownTimeStamp	MouseUpTimeStamp	SessionID
user11	672	404	1272850693063	0	0	bd04fad10786190cf11234764e48
user11	672	404	1272850693744	0	0	bd04fad10786190cf11234764e48
user11	672	402	1272850694109	0	0	bd04fad10786190cf11234764e48
user11	672	401	1272850694117	0	0	bd04fad10786190cf11234764e48
user11	679	396	1272850694125	0	0	bd04fad10786190cf11234764e48
user11	708	378	1272850694133	0	0	bd04fad10786190cf11234764e48
user11	724	367	1272850694141	0	0	bd04fad10786190cf11234764e48
user11	773	339	1272850694149	0	0	bd04fad10786190cf11234764e48
user11	783	331	1272850694157	0	0	bd04fad10786190cf11234764e48
user11	815	316	1272850694165	0	0	bd04fad10786190cf11234764e48
user11	828	309	1272850694173	0	0	bd04fad10786190cf11234764e48
user11	865	288	1272850694181	0	0	bd04fad10786190cf11234764e48
user11	902	272	1272850694189	0	0	bd04fad10786190cf11234764e48
user11	911	265	1272850694197	0	0	bd04fad10786190cf11234764e48
user11	944	248	1272850694205	0	0	bd04fad10786190cf11234764e48
user11	954	243	1272850694213	0	0	bd04fad10786190cf11234764e48
user11	975	227	1272850694221	0	0	bd04fad10786190cf11234764e48
user11	984	221	1272850694229	0	0	bd04fad10786190cf11234764e48
user11	1003	207	1272850694237	0	0	bd04fad10786190cf11234764e48
user11	1009	202	1272850694245	0	0	bd04fad10786190cf11234764e48
user11	1010	202	1272850694253	0	0	bd04fad10786190cf11234764e48
user11	1009	202	1272850694261	0	0	bd04fad10786190cf11234764e48
user11	1009	201	1272850694285	0	0	bd04fad10786190cf11234764e48
user11	1008	201	1272850694301	0	0	bd04fad10786190cf11234764e48
user11	1007	201	1272850694389	0	0	bd04fad10786190cf11234764e48
user11	1007	200	1272850694397	0	0	bd04fad10786190cf11234764e48
user11	1006	200	1272850694405	0	0	bd04fad10786190cf11234764e48
user11	1006	199	1272850694413	0	0	bd04fad10786190cf11234764e48
user11	1006	198	1272850694421	0	0	bd04fad10786190cf11234764e48
user11	1004	198	1272850694429	0	0	bd04fad10786190cf11234764e48
user11	1006	194	1272850694438	0	0	bd04fad10786190cf11234764e48
user11	1005	194	1272850694445	0	0	bd04fad10786190cf11234764e48
user11	1004	193	1272850694453	0	0	bd04fad10786190cf11234764e48
user11	1001	192	1272850694461	0	0	bd04fad10786190cf11234764e48
user11	1000	192	1272850694469	0	0	bd04fad10786190cf11234764e48
user11	997	190	1272850694478	0	0	bd04fad10786190cf11234764e48
user11	996	190	1272850694485	0	0	bd04fad10786190cf11234764e48
user11	991	188	1272850694493	0	0	bd04fad10786190cf11234764e48
user11	990	187	1272850694501	0	0	bd04fad10786190cf11234764e48
user11	986	185	1272850694509	0	0	bd04fad10786190cf11234764e48
user11	980	185	1272850694517	0	0	bd04fad10786190cf11234764e48
user11	979	184	1272850694525	0	0	bd04fad10786190cf11234764e48
user11	973	182	1272850694533	0	0	bd04fad10786190cf11234764e48
user11	971	181	1272850694541	0	0	bd04fad10786190cf11234764e48
user11	966	179	1272850694549	0	0	bd04fad10786190cf11234764e48
user11	965	178	1272850694557	0	0	bd04fad10786190cf11234764e48
user11	961	176	1272850694565	0	0	bd04fad10786190cf11234764e48
user11	958	176	1272850694573	0	0	bd04fad10786190cf11234764e48
user11	957	176	1272850694581	0	0	bd04fad10786190cf11234764e48
user11	956	175	1272850694589	0	0	bd04fad10786190cf11234764e48
user11	955	175	1272850694597	0	0	bd04fad10786190cf11234764e48
user11	954	174	1272850694605	0	0	bd04fad10786190cf11234764e48
user11	954	174	1272850694958	1272850694798	1272850694958	bd04fad10786190cf11234764e48
user11	954	174	1272850694959	0	0	bd04fad10786190cf11234764e48
user11	954	174	1272850695973	0	0	bd04fad10786190cf11234764e48
user11	954	174	1272850696043	0	0	bd04fad10786190cf11234764e48
user11	954	171	1272850697045	0	0	bd04fad10786190cf11234764e48
user11	952	171	1272850697054	0	0	bd04fad10786190cf11234764e48
user11	945	174	1272850697062	0	0	bd04fad10786190cf11234764e48
user11	936	178	1272850697069	0	0	bd04fad10786190cf11234764e48
user11	935	180	1272850697077	0	0	bd04fad10786190cf11234764e48
user11	930	182	1272850697085	0	0	bd04fad10786190cf11234764e48
user11	930	183	1272850697093	0	0	bd04fad10786190cf11234764e48
user11	929	187	1272850697102	0	0	bd04fad10786190cf11234764e48
user11	932	211	1272850697125	0	0	bd04fad10786190cf11234764e48
user11	933	217	1272850697133	0	0	bd04fad10786190cf11234764e48
user11	931	234	1272850697142	0	0	bd04fad10786190cf11234764e48
user11	929	240	1272850697149	0	0	bd04fad10786190cf11234764e48
user11	922	256	1272850697157	0	0	bd04fad10786190cf11234764e48
user11	917	261	1272850697165	0	0	bd04fad10786190cf11234764e48
user11	908	273	1272850697173	0	0	bd04fad10786190cf11234764e48
user11	899	281	1272850697181	0	0	bd04fad10786190cf11234764e48
user11	895	284	1272850697189	0	0	bd04fad10786190cf11234764e48
user11	891	288	1272850697197	0	0	bd04fad10786190cf11234764e48
user11	889	288	1272850697205	0	0	bd04fad10786190cf11234764e48
user11	887	289	1272850697213	0	0	bd04fad10786190cf11234764e48
user11	886	289	1272850697221	0	0	bd04fad10786190cf11234764e48
user11	886	288	1272850697253	0	0	bd04fad10786190cf11234764e48
user11	886	287	1272850697261	0	0	bd04fad10786190cf11234764e48
user11	886	284	1272850697270	0	0	bd04fad10786190cf11234764e48
user11	886	282	1272850697277	0	0	bd04fad10786190cf11234764e48
user11	886	277	1272850697285	0	0	bd04fad10786190cf11234764e48
user11	886	276	1272850697293	0	0	bd04fad10786190cf11234764e48
user11	886	271	1272850697301	0	0	bd04fad10786190cf11234764e48
user11	886	266	1272850697310	0	0	bd04fad10786190cf11234764e48
user11	886	263	1272850697317	0	0	bd04fad10786190cf11234764e48
user11	885	255	1272850697325	0	0	bd04fad10786190cf11234764e48
user11	885	252	1272850697333	0	0	bd04fad10786190cf11234764e48
user11	879	249	1272850697341	0	0	bd04fad10786190cf11234764e48
user11	878	246	1272850697349	0	0	bd04fad10786190cf11234764e48
user11	877	241	1272850697357	0	0	bd04fad10786190cf11234764e48
user11	872	239	1272850697365	0	0	bd04fad10786190cf11234764e48
user11	872	237	1272850697381	0	0	bd04fad10786190cf11234764e48
user11	872	236	1272850697389	0	0	bd04fad10786190cf11234764e48
user11	872	233	1272850697397	0	0	bd04fad10786190cf11234764e48
user11	873	233	1272850697405	0	0	bd04fad10786190cf11234764e48
user11	874	231	1272850697413	0	0	bd04fad10786190cf11234764e48
user11	875	230	1272850697421	0	0	bd04fad10786190cf11234764e48
user11	876	230	1272850697429	0	0	bd04fad10786190cf11234764e48
user11	875	230	1272850697621	0	0	bd04fad10786190cf11234764e48
user11	875	230	1272850697672	0	0	bd04fad10786190cf11234764e48
user11	875	230	1272850697830	1272850697670	1272850697830	bd04fad10786190cf11234764e48
user11	875	230	1272850697831	0	0	bd04fad10786190cf11234764e48
user11	876	229	1272850700730	0	0	bd04fad10786190cf11234764e48
user11	875	229	1272850700738	0	0	bd04fad10786190cf11234764e48
user11	874	229	1272850700747	0	0	bd04fad10786190cf11234764e48
user11	872	229	1272850700755	0	0	bd04fad10786190cf11234764e48
user11	871	229	1272850700771	0	0	bd04fad10786190cf11234764e48
user11	872	230	1272850700795	0	0	bd04fad10786190cf11234764e48
user11	876	232	1272850700811	0	0	bd04fad10786190cf11234764e48
user11	879	233	1272850700818	0	0	bd04fad10786190cf11234764e48
user11	884	235	1272850700826	0	0	bd04fad10786190cf11234764e48
user11	887	236	1272850700835	0	0	bd04fad10786190cf11234764e48
user11	894	240	1272850700843	0	0	bd04fad10786190cf11234764e48
user11	897	242	1272850700851	0	0	bd04fad10786190cf11234764e48
user11	906	247	1272850700858	0	0	bd04fad10786190cf11234764e48
user11	913	252	1272850700866	0	0	bd04fad10786190cf11234764e48
user11	916	255	1272850700875	0	0	bd04fad10786190cf11234764e48
user11	922	260	1272850700883	0	0	bd04fad10786190cf11234764e48
user11	925	261	1272850700891	0	0	bd04fad10786190cf11234764e48
user11	930	265	1272850700898	0	0	bd04fad10786190cf11234764e48
user11	930	265	1272850700900	0	0	bd04fad10786190cf11234764e48
user11	931	266	1272850700906	0	0	bd04fad10786190cf11234764e48
user11	935	269	1272850700915	0	0	bd04fad10786190cf11234764e48
user11	943	271	1272850700923	0	0	bd04fad10786190cf11234764e48
user11	945	273	1272850700931	0	0	bd04fad10786190cf11234764e48
user11	951	275	1272850700938	0	0	bd04fad10786190cf11234764e48
user11	954	276	1272850700946	0	0	bd04fad10786190cf11234764e48
user11	962	279	1272850700955	0	0	bd04fad10786190cf11234764e48
user11	964	280	1272850700963	0	0	bd04fad10786190cf11234764e48
user11	968	282	1272850700971	0	0	bd04fad10786190cf11234764e48
user11	970	283	1272850700979	0	0	bd04fad10786190cf11234764e48
user11	972	283	1272850700986	0	0	bd04fad10786190cf11234764e48
user11	974	283	1272850700994	0	0	bd04fad10786190cf11234764e48
user11	975	282	1272850701019	0	0	bd04fad10786190cf11234764e48
user11	975	281	1272850701026	0	0	bd04fad10786190cf11234764e48
user11	976	281	1272850701034	0	0	bd04fad10786190cf11234764e48
user11	976	280	1272850701051	0	0	bd04fad10786190cf11234764e48
user11	975	280	1272850701234	0	0	bd04fad10786190cf11234764e48
user11	974	280	1272850701259	0	0	bd04fad10786190cf11234764e48
user11	974	280	1272850701468	1272850701347	1272850701468	bd04fad10786190cf11234764e48
user11	259	644	1272850715638	0	0	bd04fad10786190cf11234764e48
user11	258	641	1272850715646	0	0	bd04fad10786190cf11234764e48
user11	254	635	1272850715653	0	0	bd04fad10786190cf11234764e48
user11	253	632	1272850715661	0	0	bd04fad10786190cf11234764e48
user11	248	622	1272850715669	0	0	bd04fad10786190cf11234764e48
user11	245	610	1272850715678	0	0	bd04fad10786190cf11234764e48
user11	244	603	1272850715686	0	0	bd04fad10786190cf11234764e48
user11	243	586	1272850715693	0	0	bd04fad10786190cf11234764e48
user11	243	576	1272850715701	0	0	bd04fad10786190cf11234764e48
user11	245	551	1272850715709	0	0	bd04fad10786190cf11234764e48
user11	248	536	1272850715717	0	0	bd04fad10786190cf11234764e48
user11	257	488	1272850715726	0	0	bd04fad10786190cf11234764e48
user11	259	475	1272850715733	0	0	bd04fad10786190cf11234764e48
user11	267	434	1272850715741	0	0	bd04fad10786190cf11234764e48
user11	277	386	1272850715749	0	0	bd04fad10786190cf11234764e48
user11	281	370	1272850715758	0	0	bd04fad10786190cf11234764e48
user11	290	317	1272850715766	0	0	bd04fad10786190cf11234764e48
user11	293	305	1272850715773	0	0	bd04fad10786190cf11234764e48
user11	300	266	1272850715781	0	0	bd04fad10786190cf11234764e48
user11	304	252	1272850715789	0	0	bd04fad10786190cf11234764e48
user11	314	223	1272850715797	0	0	bd04fad10786190cf11234764e48
user11	317	214	1272850715806	0	0	bd04fad10786190cf11234764e48
user11	328	195	1272850715813	0	0	bd04fad10786190cf11234764e48
user11	334	183	1272850715821	0	0	bd04fad10786190cf11234764e48
user11	337	177	1272850715829	0	0	bd04fad10786190cf11234764e48
user11	340	170	1272850715838	0	0	bd04fad10786190cf11234764e48
user11	341	168	1272850715846	0	0	bd04fad10786190cf11234764e48
user11	341	165	1272850715854	0	0	bd04fad10786190cf11234764e48
user11	341	164	1272850715861	0	0	bd04fad10786190cf11234764e48
user11	341	165	1272850715909	0	0	bd04fad10786190cf11234764e48
user11	341	166	1272850715917	0	0	bd04fad10786190cf11234764e48
user11	341	169	1272850715926	0	0	bd04fad10786190cf11234764e48
user11	340	170	1272850715934	0	0	bd04fad10786190cf11234764e48
user11	340	172	1272850715941	0	0	bd04fad10786190cf11234764e48
user11	340	174	1272850715949	0	0	bd04fad10786190cf11234764e48
user11	339	175	1272850715957	0	0	bd04fad10786190cf11234764e48
user11	339	176	1272850715966	0	0	bd04fad10786190cf11234764e48
user11	339	177	1272850716006	0	0	bd04fad10786190cf11234764e48
user11	338	177	1272850716014	0	0	bd04fad10786190cf11234764e48
user11	337	178	1272850716021	0	0	bd04fad10786190cf11234764e48
user11	336	179	1272850716029	0	0	bd04fad10786190cf11234764e48
user11	332	184	1272850716037	0	0	bd04fad10786190cf11234764e48
user11	331	185	1272850716045	0	0	bd04fad10786190cf11234764e48
user11	327	190	1272850716054	0	0	bd04fad10786190cf11234764e48
user11	325	192	1272850716062	0	0	bd04fad10786190cf11234764e48
user11	323	195	1272850716069	0	0	bd04fad10786190cf11234764e48
user11	320	199	1272850716077	0	0	bd04fad10786190cf11234764e48
user11	319	200	1272850716085	0	0	bd04fad10786190cf11234764e48
user11	319	201	1272850716094	0	0	bd04fad10786190cf11234764e48
user11	318	202	1272850716102	0	0	bd04fad10786190cf11234764e48
user11	318	202	1272850716463	1272850716317	1272850716463	bd04fad10786190cf11234764e48
user11	318	202	1272850716464	0	0	bd04fad10786190cf11234764e48
user11	318	201	1272850716662	0	0	bd04fad10786190cf11234764e48
user11	319	201	1272850716669	0	0	bd04fad10786190cf11234764e48
user11	320	200	1272850716678	0	0	bd04fad10786190cf11234764e48
user11	321	199	1272850716693	0	0	bd04fad10786190cf11234764e48
user11	259	644	1272850715638	0	0	bd04fad10786190cf11234764e48
user11	258	641	1272850715646	0	0	bd04fad10786190cf11234764e48
user11	254	635	1272850715653	0	0	bd04fad10786190cf11234764e48
user11	253	632	1272850715661	0	0	bd04fad10786190cf11234764e48
user11	248	622	1272850715669	0	0	bd04fad10786190cf11234764e48
user11	245	610	1272850715678	0	0	bd04fad10786190cf11234764e48
user11	244	603	1272850715686	0	0	bd04fad10786190cf11234764e48
user11	243	586	1272850715693	0	0	bd04fad10786190cf11234764e48
user11	243	576	1272850715701	0	0	bd04fad10786190cf11234764e48
user11	245	551	1272850715709	0	0	bd04fad10786190cf11234764e48
user11	248	536	1272850715717	0	0	bd04fad10786190cf11234764e48
user11	257	488	1272850715726	0	0	bd04fad10786190cf11234764e48
user11	259	475	1272850715733	0	0	bd04fad10786190cf11234764e48
user11	267	434	1272850715741	0	0	bd04fad10786190cf11234764e48
user11	277	386	1272850715749	0	0	bd04fad10786190cf11234764e48
user11	281	370	1272850715758	0	0	bd04fad10786190cf11234764e48
user11	290	317	1272850715766	0	0	bd04fad10786190cf11234764e48
user11	293	305	1272850715773	0	0	bd04fad10786190cf11234764e48
user11	300	266	1272850715781	0	0	bd04fad10786190cf11234764e48
user11	304	252	1272850715789	0	0	bd04fad10786190cf11234764e48
user11	314	223	1272850715797	0	0	bd04fad10786190cf11234764e48
user11	317	214	1272850715806	0	0	bd04fad10786190cf11234764e48
user11	328	195	1272850715813	0	0	bd04fad10786190cf11234764e48
user11	334	183	1272850715821	0	0	bd04fad10786190cf11234764e48
user11	337	177	1272850715829	0	0	bd04fad10786190cf11234764e48
user11	340	170	1272850715838	0	0	bd04fad10786190cf11234764e48
user11	341	168	1272850715846	0	0	bd04fad10786190cf11234764e48
user11	341	165	1272850715854	0	0	bd04fad10786190cf11234764e48
user11	341	164	1272850715861	0	0	bd04fad10786190cf11234764e48
user11	341	165	1272850715909	0	0	bd04fad10786190cf11234764e48
user11	341	166	1272850715917	0	0	bd04fad10786190cf11234764e48
user11	341	169	1272850715926	0	0	bd04fad10786190cf11234764e48
user11	340	170	1272850715934	0	0	bd04fad10786190cf11234764e48
user11	340	172	1272850715941	0	0	bd04fad10786190cf11234764e48
user11	340	174	1272850715949	0	0	bd04fad10786190cf11234764e48
user11	339	175	1272850715957	0	0	bd04fad10786190cf11234764e48
user11	339	176	1272850715966	0	0	bd04fad10786190cf11234764e48
user11	339	177	1272850716006	0	0	bd04fad10786190cf11234764e48
user11	338	177	1272850716014	0	0	bd04fad10786190cf11234764e48
user11	337	178	1272850716021	0	0	bd04fad10786190cf11234764e48
user11	336	179	1272850716029	0	0	bd04fad10786190cf11234764e48
user11	332	184	1272850716037	0	0	bd04fad10786190cf11234764e48
user11	331	185	1272850716045	0	0	bd04fad10786190cf11234764e48
user11	327	190	1272850716054	0	0	bd04fad10786190cf11234764e48
user11	325	192	1272850716062	0	0	bd04fad10786190cf11234764e48
user11	323	195	1272850716069	0	0	bd04fad10786190cf11234764e48
user11	320	199	1272850716077	0	0	bd04fad10786190cf11234764e48
user11	319	200	1272850716085	0	0	bd04fad10786190cf11234764e48
user11	319	201	1272850716094	0	0	bd04fad10786190cf11234764e48
user11	318	202	1272850716102	0	0	bd04fad10786190cf11234764e48
user11	318	202	1272850716463	1272850716317	1272850716463	bd04fad10786190cf11234764e48
user11	318	202	1272850716464	0	0	bd04fad10786190cf11234764e48
user11	318	201	1272850716662	0	0	bd04fad10786190cf11234764e48
user11	319	201	1272850716669	0	0	bd04fad10786190cf11234764e48
user11	320	200	1272850716678	0	0	bd04fad10786190cf11234764e48
user11	321	199	1272850716693	0	0	bd04fad10786190cf11234764e48
user11	322	199	1272850716701	0	0	bd04fad10786190cf11234764e48
user11	322	199	1272850765942	0	0	bd04fad10786190cf11234764e48
user11	323	199	1272850769028	0	0	bd04fad10786190cf11234764e48
user11	325	198	1272850769037	0	0	bd04fad10786190cf11234764e48
user11	329	198	1272850769045	0	0	bd04fad10786190cf11234764e48
user11	334	198	1272850769053	0	0	bd04fad10786190cf11234764e48
user11	351	196	1272850769060	0	0	bd04fad10786190cf11234764e48
user11	358	196	1272850769068	0	0	bd04fad10786190cf11234764e48
user11	378	194	1272850769076	0	0	bd04fad10786190cf11234764e48
user11	386	194	1272850769085	0	0	bd04fad10786190cf11234764e48
user11	404	194	1272850769093	0	0	bd04fad10786190cf11234764e48
user11	425	198	1272850769100	0	0	bd04fad10786190cf11234764e48
user11	430	201	1272850769108	0	0	bd04fad10786190cf11234764e48
user11	448	208	1272850769117	0	0	bd04fad10786190cf11234764e48
user11	454	212	1272850769125	0	0	bd04fad10786190cf11234764e48
user11	471	223	1272850769133	0	0	bd04fad10786190cf11234764e48
user11	477	226	1272850769140	0	0	bd04fad10786190cf11234764e48
user11	488	234	1272850769148	0	0	bd04fad10786190cf11234764e48
user11	497	238	1272850769156	0	0	bd04fad10786190cf11234764e48
user11	500	239	1272850769165	0	0	bd04fad10786190cf11234764e48
user11	503	240	1272850769173	0	0	bd04fad10786190cf11234764e48
user11	504	240	1272850769180	0	0	bd04fad10786190cf11234764e48
user11	504	239	1272850769220	0	0	bd04fad10786190cf11234764e48
user11	504	238	1272850769228	0	0	bd04fad10786190cf11234764e48
user11	504	237	1272850769245	0	0	bd04fad10786190cf11234764e48
user11	505	237	1272850769253	0	0	bd04fad10786190cf11234764e48
user11	505	236	1272850769261	0	0	bd04fad10786190cf11234764e48
user11	506	236	1272850769268	0	0	bd04fad10786190cf11234764e48
user11	506	235	1272850769276	0	0	bd04fad10786190cf11234764e48
user11	507	235	1272850769284	0	0	bd04fad10786190cf11234764e48
user11	509	234	1272850769293	0	0	bd04fad10786190cf11234764e48
user11	512	233	1272850769301	0	0	bd04fad10786190cf11234764e48
user11	514	233	1272850769308	0	0	bd04fad10786190cf11234764e48
user11	520	233	1272850769316	0	0	bd04fad10786190cf11234764e48
user11	526	233	1272850769324	0	0	bd04fad10786190cf11234764e48
user11	541	236	1272850769333	0	0	bd04fad10786190cf11234764e48
user11	549	237	1272850769341	0	0	bd04fad10786190cf11234764e48
user11	574	241	1272850769348	0	0	bd04fad10786190cf11234764e48
user11	603	244	1272850769356	0	0	bd04fad10786190cf11234764e48
user11	611	246	1272850769365	0	0	bd04fad10786190cf11234764e48
user11	624	246	1272850769373	0	0	bd04fad10786190cf11234764e48
user11	627	246	1272850769381	0	0	bd04fad10786190cf11234764e48
user11	631	246	1272850769388	0	0	bd04fad10786190cf11234764e48
user11	632	246	1272850769396	0	0	bd04fad10786190cf11234764e48
user11	632	247	1272850769501	0	0	bd04fad10786190cf11234764e48
user11	632	246	1272850769596	0	0	bd04fad10786190cf11234764e48
user11	632	245	1272850769604	0	0	bd04fad10786190cf11234764e48
user11	632	244	1272850769621	0	0	bd04fad10786190cf11234764e48
user11	631	241	1272850769629	0	0	bd04fad10786190cf11234764e48
user11	631	239	1272850769636	0	0	bd04fad10786190cf11234764e48
user11	631	236	1272850769644	0	0	bd04fad10786190cf11234764e48
user11	631	235	1272850769652	0	0	bd04fad10786190cf11234764e48
user11	631	234	1272850769661	0	0	bd04fad10786190cf11234764e48
user11	632	233	1272850769669	0	0	bd04fad10786190cf11234764e48
user11	632	232	1272850769677	0	0	bd04fad10786190cf11234764e48
user11	632	231	1272850769684	0	0	bd04fad10786190cf11234764e48
user11	632	231	1272850770194	1272850770053	1272850770194	bd04fad10786190cf11234764e48
user11	685	349	1272850778145	0	0	bd04fad10786190cf11234764e48
user11	685	361	1272850778189	0	0	bd04fad10786190cf11234764e48
user11	685	372	1272850778225	0	0	bd04fad10786190cf11234764e48
user11	685	378	1272850778249	0	0	bd04fad10786190cf11234764e48
user11	685	378	1272850778632	0	0	bd04fad10786190cf11234764e48
user11	683	378	1272850779457	0	0	bd04fad10786190cf11234764e48
user11	684	377	1272850779529	0	0	bd04fad10786190cf11234764e48
user11	685	376	1272850779545	0	0	bd04fad10786190cf11234764e48
user11	685	375	1272850779553	0	0	bd04fad10786190cf11234764e48
user11	686	375	1272850779569	0	0	bd04fad10786190cf11234764e48
user11	686	374	1272850779609	0	0	bd04fad10786190cf11234764e48
user11	687	374	1272850779625	0	0	bd04fad10786190cf11234764e48
user11	689	374	1272850779633	0	0	bd04fad10786190cf11234764e48
user11	690	374	1272850779641	0	0	bd04fad10786190cf11234764e48
user11	692	374	1272850779649	0	0	bd04fad10786190cf11234764e48
user11	697	374	1272850779657	0	0	bd04fad10786190cf11234764e48
user11	700	374	1272850779665	0	0	bd04fad10786190cf11234764e48
user11	708	374	1272850779673	0	0	bd04fad10786190cf11234764e48
user11	710	374	1272850779681	0	0	bd04fad10786190cf11234764e48
user11	720	374	1272850779689	0	0	bd04fad10786190cf11234764e48
user11	723	374	1272850779697	0	0	bd04fad10786190cf11234764e48
user11	731	376	1272850779705	0	0	bd04fad10786190cf11234764e48
user11	738	377	1272850779713	0	0	bd04fad10786190cf11234764e48
user11	741	377	1272850779721	0	0	bd04fad10786190cf11234764e48
user11	747	378	1272850779729	0	0	bd04fad10786190cf11234764e48
user11	750	378	1272850779737	0	0	bd04fad10786190cf11234764e48
user11	755	378	1272850779745	0	0	bd04fad10786190cf11234764e48
user11	758	379	1272850779753	0	0	bd04fad10786190cf11234764e48
user11	765	380	1272850779761	0	0	bd04fad10786190cf11234764e48
user11	774	384	1272850779768	0	0	bd04fad10786190cf11234764e48
user11	779	386	1272850779777	0	0	bd04fad10786190cf11234764e48
user11	790	391	1272850779785	0	0	bd04fad10786190cf11234764e48
user11	796	393	1272850779793	0	0	bd04fad10786190cf11234764e48
user11	812	400	1272850779801	0	0	bd04fad10786190cf11234764e48
user11	821	403	1272850779809	0	0	bd04fad10786190cf11234764e48
user11	843	412	1272850779817	0	0	bd04fad10786190cf11234764e48
user11	850	416	1272850779825	0	0	bd04fad10786190cf11234764e48
user11	872	425	1272850779833	0	0	bd04fad10786190cf11234764e48
user11	896	438	1272850779841	0	0	bd04fad10786190cf11234764e48
user11	904	442	1272850779849	0	0	bd04fad10786190cf11234764e48
user11	927	454	1272850779857	0	0	bd04fad10786190cf11234764e48
user11	934	458	1272850779865	0	0	bd04fad10786190cf11234764e48
user11	958	468	1272850779873	0	0	bd04fad10786190cf11234764e48
user11	969	472	1272850779881	0	0	bd04fad10786190cf11234764e48
user11	995	479	1272850779889	0	0	bd04fad10786190cf11234764e48
user11	1022	487	1272850779897	0	0	bd04fad10786190cf11234764e48
user11	1029	490	1272850779905	0	0	bd04fad10786190cf11234764e48
user11	1051	497	1272850779913	0	0	bd04fad10786190cf11234764e48
user11	1057	499	1272850779921	0	0	bd04fad10786190cf11234764e48
user11	1070	501	1272850779928	0	0	bd04fad10786190cf11234764e48
user11	1074	501	1272850779937	0	0	bd04fad10786190cf11234764e48
user11	1081	501	1272850779945	0	0	bd04fad10786190cf11234764e48
user11	1082	501	1272850779953	0	0	bd04fad10786190cf11234764e48
user11	1084	500	1272850779961	0	0	bd04fad10786190cf11234764e48
user11	1084	499	1272850779969	0	0	bd04fad10786190cf11234764e48
user11	1083	498	1272850779985	0	0	bd04fad10786190cf11234764e48
user11	1082	497	1272850779993	0	0	bd04fad10786190cf11234764e48
user11	1079	495	1272850780001	0	0	bd04fad10786190cf11234764e48
user11	1078	494	1272850780009	0	0	bd04fad10786190cf11234764e48
user11	1076	492	1272850780017	0	0	bd04fad10786190cf11234764e48
user11	1074	491	1272850780025	0	0	bd04fad10786190cf11234764e48
user11	1071	489	1272850780033	0	0	bd04fad10786190cf11234764e48
user11	1068	487	1272850780041	0	0	bd04fad10786190cf11234764e48
user11	1066	487	1272850780049	0	0	bd04fad10786190cf11234764e48
user11	1061	486	1272850780057	0	0	bd04fad10786190cf11234764e48
user11	1059	486	1272850780065	0	0	bd04fad10786190cf11234764e48
user11	1053	485	1272850780073	0	0	bd04fad10786190cf11234764e48
user11	1050	485	1272850780081	0	0	bd04fad10786190cf11234764e48
user11	1044	485	1272850780089	0	0	bd04fad10786190cf11234764e48
user11	1037	485	1272850780097	0	0	bd04fad10786190cf11234764e48
user11	1034	486	1272850780105	0	0	bd04fad10786190cf11234764e48
user11	1028	486	1272850780113	0	0	bd04fad10786190cf11234764e48
user11	1026	486	1272850780121	0	0	bd04fad10786190cf11234764e48
user11	1021	486	1272850780129	0	0	bd04fad10786190cf11234764e48
user11	1019	486	1272850780136	0	0	bd04fad10786190cf11234764e48
user11	1015	486	1272850780141	0	0	bd04fad10786190cf11234764e48
user11	1014	486	1272850780143	0	0	bd04fad10786190cf11234764e48
user11	1010	486	1272850780144	0	0	bd04fad10786190cf11234764e48
user11	1006	486	1272850780151	0	0	bd04fad10786190cf11234764e48
user11	1005	486	1272850780159	0	0	bd04fad10786190cf11234764e48
user11	1004	486	1272850780168	0	0	bd04fad10786190cf11234764e48
user11	1003	485	1272850780208	0	0	bd04fad10786190cf11234764e48
user11	1003	484	1272850780216	0	0	bd04fad10786190cf11234764e48
user11	1001	481	1272850780223	0	0	bd04fad10786190cf11234764e48
user11	1000	480	1272850780231	0	0	bd04fad10786190cf11234764e48
user11	997	477	1272850780239	0	0	bd04fad10786190cf11234764e48
user11	997	475	1272850780247	0	0	bd04fad10786190cf11234764e48
user11	993	472	1272850780256	0	0	bd04fad10786190cf11234764e48
user11	992	470	1272850780263	0	0	bd04fad10786190cf11234764e48
user11	987	462	1272850780271	0	0	bd04fad10786190cf11234764e48
user11	979	452	1272850780279	0	0	bd04fad10786190cf11234764e48
user11	977	448	1272850780288	0	0	bd04fad10786190cf11234764e48
user11	967	433	1272850780296	0	0	bd04fad10786190cf11234764e48
user11	962	424	1272850780303	0	0	bd04fad10786190cf11234764e48
user11	953	404	1272850780311	0	0	bd04fad10786190cf11234764e48
user11	949	395	1272850780319	0	0	bd04fad10786190cf11234764e48
user11	939	375	1272850780327	0	0	bd04fad10786190cf11234764e48
user11	930	350	1272850780336	0	0	bd04fad10786190cf11234764e48
user11	928	339	1272850780344	0	0	bd04fad10786190cf11234764e48
user11	927	314	1272850780351	0	0	bd04fad10786190cf11234764e48
user11	927	305	1272850780359	0	0	bd04fad10786190cf11234764e48
user11	931	280	1272850780367	0	0	bd04fad10786190cf11234764e48
user11	934	270	1272850780376	0	0	bd04fad10786190cf11234764e48
user11	945	248	1272850780384	0	0	bd04fad10786190cf11234764e48
user11	952	240	1272850780391	0	0	bd04fad10786190cf11234764e48
user11	962	223	1272850780399	0	0	bd04fad10786190cf11234764e48
user11	980	207	1272850780407	0	0	bd04fad10786190cf11234764e48
user11	985	202	1272850780416	0	0	bd04fad10786190cf11234764e48
user11	996	194	1272850780424	0	0	bd04fad10786190cf11234764e48
user11	999	192	1272850780431	0	0	bd04fad10786190cf11234764e48
user11	1007	188	1272850780439	0	0	bd04fad10786190cf11234764e48
user11	1008	188	1272850780447	0	0	bd04fad10786190cf11234764e48
user11	1010	187	1272850780456	0	0	bd04fad10786190cf11234764e48
user11	1011	187	1272850780464	0	0	bd04fad10786190cf11234764e48
user11	1011	188	1272850780487	0	0	bd04fad10786190cf11234764e48
user11	1012	189	1272850780496	0	0	bd04fad10786190cf11234764e48
user11	1012	190	1272850780504	0	0	bd04fad10786190cf11234764e48
user11	1014	193	1272850780511	0	0	bd04fad10786190cf11234764e48
user11	1015	196	1272850780519	0	0	bd04fad10786190cf11234764e48
user11	1016	200	1272850780527	0	0	bd04fad10786190cf11234764e48
user11	1017	203	1272850780536	0	0	bd04fad10786190cf11234764e48
user11	1018	204	1272850780544	0	0	bd04fad10786190cf11234764e48
user11	1020	209	1272850780552	0	0	bd04fad10786190cf11234764e48
user11	1021	212	1272850780567	0	0	bd04fad10786190cf11234764e48
user11	1021	213	1272850780575	0	0	bd04fad10786190cf11234764e48
user11	1021	215	1272850780584	0	0	bd04fad10786190cf11234764e48
user11	1021	216	1272850780592	0	0	bd04fad10786190cf11234764e48
user11	1021	217	1272850780599	0	0	bd04fad10786190cf11234764e48
user11	1020	218	1272850780607	0	0	bd04fad10786190cf11234764e48
user11	1020	219	1272850780615	0	0	bd04fad10786190cf11234764e48
user11	1019	220	1272850780624	0	0	bd04fad10786190cf11234764e48
user11	1018	220	1272850780632	0	0	bd04fad10786190cf11234764e48
user11	1017	220	1272850780647	0	0	bd04fad10786190cf11234764e48
user11	1016	220	1272850780672	0	0	bd04fad10786190cf11234764e48
user11	1015	220	1272850780687	0	0	bd04fad10786190cf11234764e48
user11	1014	220	1272850781128	0	0	bd04fad10786190cf11234764e48
user11	1013	220	1272850781136	0	0	bd04fad10786190cf11234764e48
user11	1012	220	1272850781143	0	0	bd04fad10786190cf11234764e48
user11	1011	220	1272850781151	0	0	bd04fad10786190cf11234764e48
user11	1009	220	1272850781159	0	0	bd04fad10786190cf11234764e48
user11	1003	219	1272850781168	0	0	bd04fad10786190cf11234764e48
user11	1000	218	1272850781176	0	0	bd04fad10786190cf11234764e48
user11	989	217	1272850781183	0	0	bd04fad10786190cf11234764e48
user11	972	213	1272850781191	0	0	bd04fad10786190cf11234764e48
user11	965	212	1272850781199	0	0	bd04fad10786190cf11234764e48
user11	936	209	1272850781208	0	0	bd04fad10786190cf11234764e48
user11	926	207	1272850781216	0	0	bd04fad10786190cf11234764e48
user11	894	201	1272850781223	0	0	bd04fad10786190cf11234764e48
user11	879	199	1272850781231	0	0	bd04fad10786190cf11234764e48
user11	831	189	1272850781239	0	0	bd04fad10786190cf11234764e48
user11	775	177	1272850781248	0	0	bd04fad10786190cf11234764e48
user11	751	171	1272850781256	0	0	bd04fad10786190cf11234764e48
user11	689	155	1272850781263	0	0	bd04fad10786190cf11234764e48
user11	665	150	1272850781271	0	0	bd04fad10786190cf11234764e48
user11	603	131	1272850781279	0	0	bd04fad10786190cf11234764e48
user11	581	124	1272850781288	0	0	bd04fad10786190cf11234764e48
user11	526	104	1272850781296	0	0	bd04fad10786190cf11234764e48
user11	515	98	1272850781303	0	0	bd04fad10786190cf11234764e48
user11	481	83	1272850781311	0	0	bd04fad10786190cf11234764e48
user11	450	61	1272850781319	0	0	bd04fad10786190cf11234764e48
user11	450	61	1272850781379	0	0	bd04fad10786190cf11234764e48
user11	401	20	1272850781381	0	0	bd04fad10786190cf11234764e48
user11	401	19	1272850781384	0	0	bd04fad10786190cf11234764e48
user11	402	19	1272850781407	0	0	bd04fad10786190cf11234764e48
user11	404	19	1272850781416	0	0	bd04fad10786190cf11234764e48
user11	408	22	1272850781424	0	0	bd04fad10786190cf11234764e48
user11	410	23	1272850781431	0	0	bd04fad10786190cf11234764e48
user11	414	25	1272850781439	0	0	bd04fad10786190cf11234764e48
user11	417	27	1272850781447	0	0	bd04fad10786190cf11234764e48
user11	418	27	1272850781456	0	0	bd04fad10786190cf11234764e48
user11	420	29	1272850781464	0	0	bd04fad10786190cf11234764e48
user11	422	30	1272850781471	0	0	bd04fad10786190cf11234764e48
user11	427	33	1272850781479	0	0	bd04fad10786190cf11234764e48
user11	428	34	1272850781487	0	0	bd04fad10786190cf11234764e48
user11	436	36	1272850781496	0	0	bd04fad10786190cf11234764e48
user11	438	37	1272850781504	0	0	bd04fad10786190cf11234764e48
user11	443	40	1272850781511	0	0	bd04fad10786190cf11234764e48
user11	451	43	1272850781519	0	0	bd04fad10786190cf11234764e48
user11	454	44	1272850781527	0	0	bd04fad10786190cf11234764e48
user11	461	47	1272850781536	0	0	bd04fad10786190cf11234764e48
user11	464	48	1272850781544	0	0	bd04fad10786190cf11234764e48
user11	473	51	1272850781552	0	0	bd04fad10786190cf11234764e48
user11	476	53	1272850781559	0	0	bd04fad10786190cf11234764e48
user11	485	54	1272850781567	0	0	bd04fad10786190cf11234764e48
user11	497	56	1272850781575	0	0	bd04fad10786190cf11234764e48
user11	502	56	1272850781584	0	0	bd04fad10786190cf11234764e48
user11	512	58	1272850781592	0	0	bd04fad10786190cf11234764e48
user11	515	58	1272850781599	0	0	bd04fad10786190cf11234764e48
user11	524	59	1272850781607	0	0	bd04fad10786190cf11234764e48
user11	526	60	1272850781615	0	0	bd04fad10786190cf11234764e48
user11	531	61	1272850781624	0	0	bd04fad10786190cf11234764e48
user11	532	62	1272850781632	0	0	bd04fad10786190cf11234764e48
user11	534	62	1272850781639	0	0	bd04fad10786190cf11234764e48
user11	533	62	1272850781712	0	0	bd04fad10786190cf11234764e48
user11	533	61	1272850781719	0	0	bd04fad10786190cf11234764e48
user11	532	60	1272850781727	0	0	bd04fad10786190cf11234764e48
user11	531	60	1272850781744	0	0	bd04fad10786190cf11234764e48
user11	531	59	1272850781887	0	0	bd04fad10786190cf11234764e48
user11	530	58	1272850781895	0	0	bd04fad10786190cf11234764e48
user11	529	58	1272850781903	0	0	bd04fad10786190cf11234764e48
user11	529	57	1272850781920	0	0	bd04fad10786190cf11234764e48
user11	528	57	1272850781928	0	0	bd04fad10786190cf11234764e48
user11	527	56	1272850781935	0	0	bd04fad10786190cf11234764e48
user11	527	55	1272850781943	0	0	bd04fad10786190cf11234764e48
user11	526	55	1272850781952	0	0	bd04fad10786190cf11234764e48
user11	525	54	1272850781960	0	0	bd04fad10786190cf11234764e48
user11	525	53	1272850781968	0	0	bd04fad10786190cf11234764e48
user11	524	53	1272850781983	0	0	bd04fad10786190cf11234764e48
user11	524	52	1272850781991	0	0	bd04fad10786190cf11234764e48
user11	523	52	1272850782000	0	0	bd04fad10786190cf11234764e48
user11	522	52	1272850782008	0	0	bd04fad10786190cf11234764e48
user11	522	51	1272850782015	0	0	bd04fad10786190cf11234764e48
user11	522	51	1272850782320	1272850782136	1272850782320	bd04fad10786190cf11234764e48
user11	272	681	1272850794836	0	0	bd04fad10786190cf11234764e48
user11	272	679	1272850794844	0	0	bd04fad10786190cf11234764e48
user11	272	674	1272850794851	0	0	bd04fad10786190cf11234764e48
user11	273	671	1272850794859	0	0	bd04fad10786190cf11234764e48
user11	275	664	1272850794867	0	0	bd04fad10786190cf11234764e48
user11	276	661	1272850794875	0	0	bd04fad10786190cf11234764e48
user11	279	650	1272850794884	0	0	bd04fad10786190cf11234764e48
user11	281	637	1272850794891	0	0	bd04fad10786190cf11234764e48
user11	282	630	1272850794899	0	0	bd04fad10786190cf11234764e48
user11	286	612	1272850794907	0	0	bd04fad10786190cf11234764e48
user11	288	604	1272850794915	0	0	bd04fad10786190cf11234764e48
user11	292	585	1272850794924	0	0	bd04fad10786190cf11234764e48
user11	294	577	1272850794931	0	0	bd04fad10786190cf11234764e48
user11	301	555	1272850794939	0	0	bd04fad10786190cf11234764e48
user11	304	548	1272850794947	0	0	bd04fad10786190cf11234764e48
user11	313	525	1272850794955	0	0	bd04fad10786190cf11234764e48
user11	325	500	1272850794964	0	0	bd04fad10786190cf11234764e48
user11	330	489	1272850794971	0	0	bd04fad10786190cf11234764e48
user11	342	459	1272850794979	0	0	bd04fad10786190cf11234764e48
user11	348	451	1272850794987	0	0	bd04fad10786190cf11234764e48
user11	360	428	1272850794995	0	0	bd04fad10786190cf11234764e48
user11	367	420	1272850795003	0	0	bd04fad10786190cf11234764e48
user11	384	398	1272850795011	0	0	bd04fad10786190cf11234764e48
user11	408	372	1272850795019	0	0	bd04fad10786190cf11234764e48
user11	417	365	1272850795027	0	0	bd04fad10786190cf11234764e48
user11	439	346	1272850795035	0	0	bd04fad10786190cf11234764e48
user11	450	338	1272850795043	0	0	bd04fad10786190cf11234764e48
user11	487	317	1272850795052	0	0	bd04fad10786190cf11234764e48
user11	500	310	1272850795059	0	0	bd04fad10786190cf11234764e48
user11	539	291	1272850795067	0	0	bd04fad10786190cf11234764e48
user11	550	286	1272850795075	0	0	bd04fad10786190cf11234764e48
user11	576	274	1272850795083	0	0	bd04fad10786190cf11234764e48
user11	599	265	1272850795092	0	0	bd04fad10786190cf11234764e48
user11	605	262	1272850795099	0	0	bd04fad10786190cf11234764e48
user11	616	258	1272850795107	0	0	bd04fad10786190cf11234764e48
user11	619	256	1272850795115	0	0	bd04fad10786190cf11234764e48
user11	625	254	1272850795123	0	0	bd04fad10786190cf11234764e48
user11	627	254	1272850795131	0	0	bd04fad10786190cf11234764e48
user11	631	252	1272850795138	0	0	bd04fad10786190cf11234764e48
user11	634	251	1272850795147	0	0	bd04fad10786190cf11234764e48
user11	639	249	1272850795155	0	0	bd04fad10786190cf11234764e48
user11	647	246	1272850795163	0	0	bd04fad10786190cf11234764e48
user11	651	246	1272850795171	0	0	bd04fad10786190cf11234764e48
user11	662	243	1272850795179	0	0	bd04fad10786190cf11234764e48
user11	667	242	1272850795187	0	0	bd04fad10786190cf11234764e48
user11	679	241	1272850795195	0	0	bd04fad10786190cf11234764e48
user11	682	241	1272850795203	0	0	bd04fad10786190cf11234764e48
user11	690	239	1272850795211	0	0	bd04fad10786190cf11234764e48
user11	696	238	1272850795219	0	0	bd04fad10786190cf11234764e48
user11	697	238	1272850795227	0	0	bd04fad10786190cf11234764e48
user11	698	237	1272850795235	0	0	bd04fad10786190cf11234764e48
user11	697	237	1272850795275	0	0	bd04fad10786190cf11234764e48
user11	695	239	1272850795291	0	0	bd04fad10786190cf11234764e48
user11	695	240	1272850795299	0	0	bd04fad10786190cf11234764e48
user11	693	245	1272850795307	0	0	bd04fad10786190cf11234764e48
user11	692	247	1272850795315	0	0	bd04fad10786190cf11234764e48
user11	692	250	1272850795323	0	0	bd04fad10786190cf11234764e48
user11	692	251	1272850795331	0	0	bd04fad10786190cf11234764e48
user11	692	254	1272850795339	0	0	bd04fad10786190cf11234764e48
user11	694	259	1272850795347	0	0	bd04fad10786190cf11234764e48
user11	695	259	1272850795355	0	0	bd04fad10786190cf11234764e48
user11	697	263	1272850795363	0	0	bd04fad10786190cf11234764e48
user11	698	264	1272850795371	0	0	bd04fad10786190cf11234764e48
user11	700	265	1272850795379	0	0	bd04fad10786190cf11234764e48
user11	700	267	1272850795387	0	0	bd04fad10786190cf11234764e48
user11	700	266	1272850796107	0	0	bd04fad10786190cf11234764e48
user11	699	266	1272850796115	0	0	bd04fad10786190cf11234764e48
user11	699	265	1272850796131	0	0	bd04fad10786190cf11234764e48
user11	698	265	1272850796139	0	0	bd04fad10786190cf11234764e48
user11	697	264	1272850796147	0	0	bd04fad10786190cf11234764e48
user11	696	263	1272850796155	0	0	bd04fad10786190cf11234764e48
user11	695	260	1272850796163	0	0	bd04fad10786190cf11234764e48
user11	694	259	1272850796171	0	0	bd04fad10786190cf11234764e48
user11	690	255	1272850796179	0	0	bd04fad10786190cf11234764e48
user11	689	252	1272850796187	0	0	bd04fad10786190cf11234764e48
user11	685	247	1272850796195	0	0	bd04fad10786190cf11234764e48
user11	681	240	1272850796203	0	0	bd04fad10786190cf11234764e48
user11	680	238	1272850796211	0	0	bd04fad10786190cf11234764e48
user11	678	231	1272850796219	0	0	bd04fad10786190cf11234764e48
user11	677	228	1272850796227	0	0	bd04fad10786190cf11234764e48
user11	676	219	1272850796235	0	0	bd04fad10786190cf11234764e48
user11	676	214	1272850796243	0	0	bd04fad10786190cf11234764e48
user11	677	204	1272850796251	0	0	bd04fad10786190cf11234764e48
user11	679	193	1272850796260	0	0	bd04fad10786190cf11234764e48
user11	681	188	1272850796267	0	0	bd04fad10786190cf11234764e48
user11	683	181	1272850796275	0	0	bd04fad10786190cf11234764e48
user11	683	179	1272850796283	0	0	bd04fad10786190cf11234764e48
user11	684	175	1272850796291	0	0	bd04fad10786190cf11234764e48
user11	684	174	1272850796300	0	0	bd04fad10786190cf11234764e48
user11	684	172	1272850796307	0	0	bd04fad10786190cf11234764e48
user11	684	170	1272850796315	0	0	bd04fad10786190cf11234764e48
user11	683	169	1272850796323	0	0	bd04fad10786190cf11234764e48
user11	683	168	1272850796331	0	0	bd04fad10786190cf11234764e48
user11	683	168	1272850797060	1272850796891	1272850797060	bd04fad10786190cf11234764e48
user11	679	264	1272850800352	0	0	bd04fad10786190cf11234764e48
user11	679	265	1272850802631	0	0	bd04fad10786190cf11234764e48
user11	701	284	1272850802638	0	0	bd04fad10786190cf11234764e48
user11	725	317	1272850802646	0	0	bd04fad10786190cf11234764e48
user11	739	348	1272850802655	0	0	bd04fad10786190cf11234764e48
user11	753	372	1272850802663	0	0	bd04fad10786190cf11234764e48
user11	806	440	1272850802671	0	0	bd04fad10786190cf11234764e48
user11	840	509	1272850802678	0	0	bd04fad10786190cf11234764e48
user11	882	526	1272850802686	0	0	bd04fad10786190cf11234764e48
user11	967	569	1272850802695	0	0	bd04fad10786190cf11234764e48
user11	980	586	1272850802703	0	0	bd04fad10786190cf11234764e48
user11	949	669	1272850803367	0	0	bd04fad10786190cf11234764e48
user11	928	659	1272850803375	0	0	bd04fad10786190cf11234764e48
user11	859	627	1272850803383	0	0	bd04fad10786190cf11234764e48
user11	795	593	1272850803390	0	0	bd04fad10786190cf11234764e48
user11	769	576	1272850803398	0	0	bd04fad10786190cf11234764e48
user11	697	516	1272850803407	0	0	bd04fad10786190cf11234764e48
user11	673	488	1272850803415	0	0	bd04fad10786190cf11234764e48
user11	604	421	1272850803423	0	0	bd04fad10786190cf11234764e48
user11	581	393	1272850803430	0	0	bd04fad10786190cf11234764e48
user11	545	331	1272850803438	0	0	bd04fad10786190cf11234764e48
user11	532	305	1272850803447	0	0	bd04fad10786190cf11234764e48
user11	507	242	1272850803455	0	0	bd04fad10786190cf11234764e48
user11	490	183	1272850803463	0	0	bd04fad10786190cf11234764e48
user11	489	163	1272850803470	0	0	bd04fad10786190cf11234764e48
user11	490	114	1272850803478	0	0	bd04fad10786190cf11234764e48
user11	494	98	1272850803487	0	0	bd04fad10786190cf11234764e48
user11	506	47	1272850803495	0	0	bd04fad10786190cf11234764e48
user11	506	47	1272850803497	0	0	bd04fad10786190cf11234764e48
user11	514	31	1272850803503	0	0	bd04fad10786190cf11234764e48
user11	724	26	1272850803791	0	0	bd04fad10786190cf11234764e48
user11	709	34	1272850803799	0	0	bd04fad10786190cf11234764e48
user11	672	52	1272850803806	0	0	bd04fad10786190cf11234764e48
user11	661	56	1272850803814	0	0	bd04fad10786190cf11234764e48
user11	642	66	1272850803823	0	0	bd04fad10786190cf11234764e48
user11	639	68	1272850803831	0	0	bd04fad10786190cf11234764e48
user11	634	72	1272850803839	0	0	bd04fad10786190cf11234764e48
user11	633	73	1272850803846	0	0	bd04fad10786190cf11234764e48
user11	632	73	1272850803854	0	0	bd04fad10786190cf11234764e48
user11	630	75	1272850803863	0	0	bd04fad10786190cf11234764e48
user11	628	76	1272850803871	0	0	bd04fad10786190cf11234764e48
user11	620	79	1272850803879	0	0	bd04fad10786190cf11234764e48
user11	614	80	1272850803886	0	0	bd04fad10786190cf11234764e48
user11	595	82	1272850803894	0	0	bd04fad10786190cf11234764e48
user11	588	82	1272850803902	0	0	bd04fad10786190cf11234764e48
user11	566	82	1272850803912	0	0	bd04fad10786190cf11234764e48
user11	550	82	1272850803919	0	0	bd04fad10786190cf11234764e48
user11	544	82	1272850803927	0	0	bd04fad10786190cf11234764e48
user11	534	82	1272850803934	0	0	bd04fad10786190cf11234764e48
user11	532	82	1272850803943	0	0	bd04fad10786190cf11234764e48
user11	529	82	1272850803951	0	0	bd04fad10786190cf11234764e48
user11	530	81	1272850804023	0	0	bd04fad10786190cf11234764e48
user11	531	80	1272850804031	0	0	bd04fad10786190cf11234764e48
user11	535	74	1272850804039	0	0	bd04fad10786190cf11234764e48
user11	542	66	1272850804047	0	0	bd04fad10786190cf11234764e48
user11	546	62	1272850804054	0	0	bd04fad10786190cf11234764e48
user11	553	54	1272850804062	0	0	bd04fad10786190cf11234764e48
user11	555	51	1272850804071	0	0	bd04fad10786190cf11234764e48
user11	559	46	1272850804079	0	0	bd04fad10786190cf11234764e48
user11	560	46	1272850804087	0	0	bd04fad10786190cf11234764e48
user11	561	43	1272850804094	0	0	bd04fad10786190cf11234764e48
user11	561	42	1272850804127	0	0	bd04fad10786190cf11234764e48
user11	561	43	1272850804327	0	0	bd04fad10786190cf11234764e48
user11	561	44	1272850804335	0	0	bd04fad10786190cf11234764e48
user11	561	46	1272850804350	0	0	bd04fad10786190cf11234764e48
user11	561	47	1272850804358	0	0	bd04fad10786190cf11234764e48
user11	562	49	1272850804367	0	0	bd04fad10786190cf11234764e48
user11	563	51	1272850804375	0	0	bd04fad10786190cf11234764e48
user11	564	52	1272850804383	0	0	bd04fad10786190cf11234764e48
user11	565	53	1272850804390	0	0	bd04fad10786190cf11234764e48
user11	566	54	1272850804407	0	0	bd04fad10786190cf11234764e48
user11	566	54	1272850804767	1272850804575	1272850804767	bd04fad10786190cf11234764e48
user11	687	224	1272850809931	0	0	bd04fad10786190cf11234764e48
user11	688	224	1272850809949	0	0	bd04fad10786190cf11234764e48
user11	691	225	1272850809951	0	0	bd04fad10786190cf11234764e48
user11	696	227	1272850809972	0	0	bd04fad10786190cf11234764e48
user11	700	229	1272850809975	0	0	bd04fad10786190cf11234764e48
user11	702	230	1272850809983	0	0	bd04fad10786190cf11234764e48
user11	708	232	1272850809991	0	0	bd04fad10786190cf11234764e48
user11	710	233	1272850809999	0	0	bd04fad10786190cf11234764e48
user11	721	238	1272850810007	0	0	bd04fad10786190cf11234764e48
user11	728	240	1272850810014	0	0	bd04fad10786190cf11234764e48
user11	744	244	1272850810022	0	0	bd04fad10786190cf11234764e48
user11	767	248	1272850810031	0	0	bd04fad10786190cf11234764e48
user11	774	250	1272850810039	0	0	bd04fad10786190cf11234764e48
user11	796	257	1272850810047	0	0	bd04fad10786190cf11234764e48
user11	802	259	1272850810055	0	0	bd04fad10786190cf11234764e48
user11	817	264	1272850810062	0	0	bd04fad10786190cf11234764e48
user11	823	265	1272850810071	0	0	bd04fad10786190cf11234764e48
user11	836	270	1272850810079	0	0	bd04fad10786190cf11234764e48
user11	839	273	1272850810087	0	0	bd04fad10786190cf11234764e48
user11	846	276	1272850810094	0	0	bd04fad10786190cf11234764e48
user11	850	279	1272850810102	0	0	bd04fad10786190cf11234764e48
user11	850	280	1272850810111	0	0	bd04fad10786190cf11234764e48
user11	850	281	1272850810119	0	0	bd04fad10786190cf11234764e48
user11	850	282	1272850810127	0	0	bd04fad10786190cf11234764e48
user11	849	282	1272850810141	0	0	bd04fad10786190cf11234764e48
user11	848	282	1272850810146	0	0	bd04fad10786190cf11234764e48
user11	847	282	1272850810196	0	0	bd04fad10786190cf11234764e48
user11	847	282	1272850810376	0	0	bd04fad10786190cf11234764e48
user11	846	282	1272850810436	0	0	bd04fad10786190cf11234764e48
user11	845	282	1272850810452	0	0	bd04fad10786190cf11234764e48
user11	844	282	1272850810509	0	0	bd04fad10786190cf11234764e48
user11	838	285	1272850810510	0	0	bd04fad10786190cf11234764e48
user11	836	285	1272850810516	0	0	bd04fad10786190cf11234764e48
user11	835	286	1272850810524	0	0	bd04fad10786190cf11234764e48
user11	832	288	1272850810532	0	0	bd04fad10786190cf11234764e48
user11	826	289	1272850810540	0	0	bd04fad10786190cf11234764e48
user11	824	289	1272850810549	0	0	bd04fad10786190cf11234764e48
user11	818	292	1272850810556	0	0	bd04fad10786190cf11234764e48
user11	816	293	1272850810564	0	0	bd04fad10786190cf11234764e48
user11	811	294	1272850810572	0	0	bd04fad10786190cf11234764e48
user11	810	294	1272850810580	0	0	bd04fad10786190cf11234764e48
user11	806	294	1272850810588	0	0	bd04fad10786190cf11234764e48
user11	805	294	1272850810596	0	0	bd04fad10786190cf11234764e48
user11	804	294	1272850810604	0	0	bd04fad10786190cf11234764e48
user11	803	294	1272850810612	0	0	bd04fad10786190cf11234764e48
user11	802	292	1272850811804	0	0	bd04fad10786190cf11234764e48
user11	798	292	1272850811812	0	0	bd04fad10786190cf11234764e48
user11	796	292	1272850811820	0	0	bd04fad10786190cf11234764e48
user11	793	292	1272850811828	0	0	bd04fad10786190cf11234764e48
user11	783	292	1272850811836	0	0	bd04fad10786190cf11234764e48
user11	778	292	1272850811844	0	0	bd04fad10786190cf11234764e48
user11	762	292	1272850811852	0	0	bd04fad10786190cf11234764e48
user11	754	292	1272850811860	0	0	bd04fad10786190cf11234764e48
user11	735	288	1272850811868	0	0	bd04fad10786190cf11234764e48
user11	726	287	1272850811876	0	0	bd04fad10786190cf11234764e48
user11	710	284	1272850811885	0	0	bd04fad10786190cf11234764e48
user11	704	282	1272850811892	0	0	bd04fad10786190cf11234764e48
user11	690	280	1272850811900	0	0	bd04fad10786190cf11234764e48
user11	678	276	1272850811908	0	0	bd04fad10786190cf11234764e48
user11	675	275	1272850811916	0	0	bd04fad10786190cf11234764e48
user11	668	272	1272850811925	0	0	bd04fad10786190cf11234764e48
user11	666	270	1272850811932	0	0	bd04fad10786190cf11234764e48
user11	661	269	1272850811940	0	0	bd04fad10786190cf11234764e48
user11	661	268	1272850811948	0	0	bd04fad10786190cf11234764e48
user11	658	266	1272850811956	0	0	bd04fad10786190cf11234764e48
user11	657	265	1272850811965	0	0	bd04fad10786190cf11234764e48
user11	656	265	1272850811980	0	0	bd04fad10786190cf11234764e48
user11	655	265	1272850812108	0	0	bd04fad10786190cf11234764e48
user11	653	267	1272850812125	0	0	bd04fad10786190cf11234764e48
user11	653	267	1272850812127	0	0	bd04fad10786190cf11234764e48
user11	653	268	1272850812133	0	0	bd04fad10786190cf11234764e48
user11	650	271	1272850812140	0	0	bd04fad10786190cf11234764e48
user11	648	271	1272850812148	0	0	bd04fad10786190cf11234764e48
user11	644	275	1272850812156	0	0	bd04fad10786190cf11234764e48
user11	639	278	1272850812164	0	0	bd04fad10786190cf11234764e48
user11	638	279	1272850812172	0	0	bd04fad10786190cf11234764e48
user11	633	281	1272850812180	0	0	bd04fad10786190cf11234764e48
user11	632	281	1272850812188	0	0	bd04fad10786190cf11234764e48
user11	629	282	1272850812196	0	0	bd04fad10786190cf11234764e48
user11	628	282	1272850812204	0	0	bd04fad10786190cf11234764e48
user11	625	282	1272850812212	0	0	bd04fad10786190cf11234764e48
user11	624	282	1272850812220	0	0	bd04fad10786190cf11234764e48
user11	622	282	1272850812228	0	0	bd04fad10786190cf11234764e48
user11	622	281	1272850812236	0	0	bd04fad10786190cf11234764e48
user11	621	281	1272850812244	0	0	bd04fad10786190cf11234764e48
user11	621	280	1272850812252	0	0	bd04fad10786190cf11234764e48
user11	621	279	1272850812261	0	0	bd04fad10786190cf11234764e48
user11	620	279	1272850812268	0	0	bd04fad10786190cf11234764e48
user11	620	278	1272850812276	0	0	bd04fad10786190cf11234764e48
user11	620	277	1272850812284	0	0	bd04fad10786190cf11234764e48
user11	619	276	1272850814062	0	0	bd04fad10786190cf11234764e48
user11	616	276	1272850814069	0	0	bd04fad10786190cf11234764e48
user11	614	276	1272850814077	0	0	bd04fad10786190cf11234764e48
user11	610	276	1272850814085	0	0	bd04fad10786190cf11234764e48
user11	607	276	1272850814093	0	0	bd04fad10786190cf11234764e48
user11	600	276	1272850814102	0	0	bd04fad10786190cf11234764e48
user11	598	276	1272850814109	0	0	bd04fad10786190cf11234764e48
user11	589	276	1272850814117	0	0	bd04fad10786190cf11234764e48
user11	574	276	1272850814125	0	0	bd04fad10786190cf11234764e48
user11	568	276	1272850814133	0	0	bd04fad10786190cf11234764e48
user11	554	273	1272850814142	0	0	bd04fad10786190cf11234764e48
user11	547	272	1272850814149	0	0	bd04fad10786190cf11234764e48
user11	530	270	1272850814157	0	0	bd04fad10786190cf11234764e48
user11	525	269	1272850814165	0	0	bd04fad10786190cf11234764e48
user11	513	266	1272850814173	0	0	bd04fad10786190cf11234764e48
user11	505	261	1272850814182	0	0	bd04fad10786190cf11234764e48
user11	493	255	1272850814189	0	0	bd04fad10786190cf11234764e48
user11	482	249	1272850814197	0	0	bd04fad10786190cf11234764e48
user11	479	247	1272850814205	0	0	bd04fad10786190cf11234764e48
user11	472	243	1272850814213	0	0	bd04fad10786190cf11234764e48
user11	469	240	1272850814222	0	0	bd04fad10786190cf11234764e48
user11	466	237	1272850814229	0	0	bd04fad10786190cf11234764e48
user11	464	236	1272850814237	0	0	bd04fad10786190cf11234764e48
user11	463	235	1272850814245	0	0	bd04fad10786190cf11234764e48
user11	463	235	1272850814614	0	0	bd04fad10786190cf11234764e48
user11	463	235	1272850814630	1272850814502	1272850814630	bd04fad10786190cf11234764e48
user11	463	235	1272850814631	0	0	bd04fad10786190cf11234764e48
user11	464	235	1272850814661	0	0	bd04fad10786190cf11234764e48
user11	465	235	1272850814669	0	0	bd04fad10786190cf11234764e48
user11	469	235	1272850814686	0	0	bd04fad10786190cf11234764e48
user11	470	235	1272850814693	0	0	bd04fad10786190cf11234764e48
user11	473	235	1272850814701	0	0	bd04fad10786190cf11234764e48
user11	477	235	1272850814709	0	0	bd04fad10786190cf11234764e48
user11	478	235	1272850814717	0	0	bd04fad10786190cf11234764e48
user11	481	235	1272850814726	0	0	bd04fad10786190cf11234764e48
user11	482	235	1272850814733	0	0	bd04fad10786190cf11234764e48
user11	483	234	1272850814741	0	0	bd04fad10786190cf11234764e48
user11	484	234	1272850814749	0	0	bd04fad10786190cf11234764e48
user11	485	233	1272850815837	0	0	bd04fad10786190cf11234764e48
user11	486	232	1272850815846	0	0	bd04fad10786190cf11234764e48
user11	487	232	1272850815853	0	0	bd04fad10786190cf11234764e48
user11	487	231	1272850815861	0	0	bd04fad10786190cf11234764e48
user11	488	231	1272850816357	0	0	bd04fad10786190cf11234764e48
user11	489	231	1272850816365	0	0	bd04fad10786190cf11234764e48
user11	489	230	1272850816373	0	0	bd04fad10786190cf11234764e48
user11	490	230	1272850816390	0	0	bd04fad10786190cf11234764e48
user11	491	230	1272850817869	0	0	bd04fad10786190cf11234764e48
user11	493	230	1272850817877	0	0	bd04fad10786190cf11234764e48
user11	494	229	1272850817886	0	0	bd04fad10786190cf11234764e48
user11	496	228	1272850817894	0	0	bd04fad10786190cf11234764e48
user11	499	227	1272850817901	0	0	bd04fad10786190cf11234764e48
user11	501	227	1272850817909	0	0	bd04fad10786190cf11234764e48
user11	505	227	1272850817917	0	0	bd04fad10786190cf11234764e48
user11	507	227	1272850817925	0	0	bd04fad10786190cf11234764e48
user11	509	227	1272850817934	0	0	bd04fad10786190cf11234764e48
user11	510	227	1272850817941	0	0	bd04fad10786190cf11234764e48
user11	511	227	1272850817949	0	0	bd04fad10786190cf11234764e48
user11	512	227	1272850819773	0	0	bd04fad10786190cf11234764e48
user11	514	224	1272850824378	0	0	bd04fad10786190cf11234764e48
user11	515	224	1272850824386	0	0	bd04fad10786190cf11234764e48
user11	526	231	1272850824394	0	0	bd04fad10786190cf11234764e48
user11	534	236	1272850824402	0	0	bd04fad10786190cf11234764e48
user11	549	249	1272850824410	0	0	bd04fad10786190cf11234764e48
user11	554	252	1272850824418	0	0	bd04fad10786190cf11234764e48
user11	566	262	1272850824426	0	0	bd04fad10786190cf11234764e48
user11	569	265	1272850824434	0	0	bd04fad10786190cf11234764e48
user11	578	273	1272850824442	0	0	bd04fad10786190cf11234764e48
user11	578	273	1272850824445	0	0	bd04fad10786190cf11234764e48
user11	580	275	1272850824450	0	0	bd04fad10786190cf11234764e48
user11	585	279	1272850824458	0	0	bd04fad10786190cf11234764e48
user11	590	282	1272850824466	0	0	bd04fad10786190cf11234764e48
user11	591	284	1272850824474	0	0	bd04fad10786190cf11234764e48
user11	596	289	1272850824481	0	0	bd04fad10786190cf11234764e48
user11	598	292	1272850824490	0	0	bd04fad10786190cf11234764e48
user11	604	299	1272850824498	0	0	bd04fad10786190cf11234764e48
user11	605	301	1272850824506	0	0	bd04fad10786190cf11234764e48
user11	609	307	1272850824514	0	0	bd04fad10786190cf11234764e48
user11	611	307	1272850824521	0	0	bd04fad10786190cf11234764e48
user11	611	308	1272850824530	0	0	bd04fad10786190cf11234764e48
user11	612	308	1272850824538	0	0	bd04fad10786190cf11234764e48
user11	613	308	1272850824554	0	0	bd04fad10786190cf11234764e48
user11	613	307	1272850824562	0	0	bd04fad10786190cf11234764e48
user11	613	306	1272850824569	0	0	bd04fad10786190cf11234764e48
user11	613	305	1272850824578	0	0	bd04fad10786190cf11234764e48
user11	613	304	1272850824586	0	0	bd04fad10786190cf11234764e48
user11	614	302	1272850824594	0	0	bd04fad10786190cf11234764e48
user11	615	302	1272850824602	0	0	bd04fad10786190cf11234764e48
user11	616	300	1272850824610	0	0	bd04fad10786190cf11234764e48
user11	619	298	1272850824626	0	0	bd04fad10786190cf11234764e48
user11	620	297	1272850824634	0	0	bd04fad10786190cf11234764e48
user11	623	295	1272850824642	0	0	bd04fad10786190cf11234764e48
user11	624	294	1272850824649	0	0	bd04fad10786190cf11234764e48
user11	625	294	1272850824658	0	0	bd04fad10786190cf11234764e48
user11	625	293	1272850824706	0	0	bd04fad10786190cf11234764e48
user11	625	292	1272850824722	0	0	bd04fad10786190cf11234764e48
user11	625	291	1272850824729	0	0	bd04fad10786190cf11234764e48
user11	625	290	1272850824737	0	0	bd04fad10786190cf11234764e48
user11	625	289	1272850824746	0	0	bd04fad10786190cf11234764e48
user11	624	288	1272850824754	0	0	bd04fad10786190cf11234764e48
user11	623	287	1272850824770	0	0	bd04fad10786190cf11234764e48
user11	623	286	1272850824858	0	0	bd04fad10786190cf11234764e48
user11	623	285	1272850824866	0	0	bd04fad10786190cf11234764e48
user11	624	284	1272850824874	0	0	bd04fad10786190cf11234764e48
user11	625	283	1272850824882	0	0	bd04fad10786190cf11234764e48
user11	626	282	1272850824890	0	0	bd04fad10786190cf11234764e48
user11	626	281	1272850824906	0	0	bd04fad10786190cf11234764e48
user11	627	280	1272850825002	0	0	bd04fad10786190cf11234764e48
user11	627	279	1272850825010	0	0	bd04fad10786190cf11234764e48
user11	627	277	1272850825018	0	0	bd04fad10786190cf11234764e48
user11	628	277	1272850825026	0	0	bd04fad10786190cf11234764e48
user11	628	276	1272850825034	0	0	bd04fad10786190cf11234764e48
user11	628	276	1272850825259	1272850825130	1272850825259	bd04fad10786190cf11234764e48
user11	897	203	1272850831670	0	0	bd04fad10786190cf11234764e48
user11	847	182	1272850831687	0	0	bd04fad10786190cf11234764e48
user11	822	178	1272850831712	0	0	bd04fad10786190cf11234764e48
user11	818	177	1272850831715	0	0	bd04fad10786190cf11234764e48
user11	806	176	1272850831723	0	0	bd04fad10786190cf11234764e48
user11	793	176	1272850831730	0	0	bd04fad10786190cf11234764e48
user11	787	175	1272850831739	0	0	bd04fad10786190cf11234764e48
user11	772	172	1272850831747	0	0	bd04fad10786190cf11234764e48
user11	764	170	1272850831755	0	0	bd04fad10786190cf11234764e48
user11	747	168	1272850831763	0	0	bd04fad10786190cf11234764e48
user11	739	166	1272850831771	0	0	bd04fad10786190cf11234764e48
user11	720	163	1272850831779	0	0	bd04fad10786190cf11234764e48
user11	711	161	1272850831787	0	0	bd04fad10786190cf11234764e48
user11	691	158	1272850831795	0	0	bd04fad10786190cf11234764e48
user11	667	154	1272850831803	0	0	bd04fad10786190cf11234764e48
user11	656	153	1272850831812	0	0	bd04fad10786190cf11234764e48
user11	631	147	1272850831819	0	0	bd04fad10786190cf11234764e48
user11	620	145	1272850831827	0	0	bd04fad10786190cf11234764e48
user11	591	141	1272850831835	0	0	bd04fad10786190cf11234764e48
user11	583	139	1272850831843	0	0	bd04fad10786190cf11234764e48
user11	558	133	1272850831851	0	0	bd04fad10786190cf11234764e48
user11	549	131	1272850831859	0	0	bd04fad10786190cf11234764e48
user11	529	123	1272850831867	0	0	bd04fad10786190cf11234764e48
user11	509	116	1272850831875	0	0	bd04fad10786190cf11234764e48
user11	504	113	1272850831883	0	0	bd04fad10786190cf11234764e48
user11	494	108	1272850831891	0	0	bd04fad10786190cf11234764e48
user11	492	106	1272850831899	0	0	bd04fad10786190cf11234764e48
user11	491	104	1272850831907	0	0	bd04fad10786190cf11234764e48
user11	491	103	1272850831915	0	0	bd04fad10786190cf11234764e48
user11	492	101	1272850831923	0	0	bd04fad10786190cf11234764e48
user11	494	100	1272850831938	0	0	bd04fad10786190cf11234764e48
user11	496	100	1272850831947	0	0	bd04fad10786190cf11234764e48
user11	497	100	1272850831955	0	0	bd04fad10786190cf11234764e48
user11	501	100	1272850831963	0	0	bd04fad10786190cf11234764e48
user11	503	100	1272850831971	0	0	bd04fad10786190cf11234764e48
user11	506	100	1272850831978	0	0	bd04fad10786190cf11234764e48
user11	508	100	1272850831987	0	0	bd04fad10786190cf11234764e48
user11	511	100	1272850831995	0	0	bd04fad10786190cf11234764e48
user11	514	100	1272850832003	0	0	bd04fad10786190cf11234764e48
user11	516	100	1272850832019	0	0	bd04fad10786190cf11234764e48
user11	517	100	1272850832027	0	0	bd04fad10786190cf11234764e48
user11	520	100	1272850832035	0	0	bd04fad10786190cf11234764e48
user11	521	100	1272850832051	0	0	bd04fad10786190cf11234764e48
user11	521	99	1272850832059	0	0	bd04fad10786190cf11234764e48
user11	522	99	1272850832067	0	0	bd04fad10786190cf11234764e48
user11	522	98	1272850832075	0	0	bd04fad10786190cf11234764e48
user11	522	97	1272850832123	0	0	bd04fad10786190cf11234764e48
user11	523	96	1272850832131	0	0	bd04fad10786190cf11234764e48
user11	523	95	1272850832139	0	0	bd04fad10786190cf11234764e48
user11	523	95	1272850832144	0	0	bd04fad10786190cf11234764e48
user11	525	94	1272850832147	0	0	bd04fad10786190cf11234764e48
user11	526	93	1272850832155	0	0	bd04fad10786190cf11234764e48
user11	529	91	1272850832163	0	0	bd04fad10786190cf11234764e48
user11	530	89	1272850832171	0	0	bd04fad10786190cf11234764e48
user11	533	87	1272850832179	0	0	bd04fad10786190cf11234764e48
user11	536	84	1272850832187	0	0	bd04fad10786190cf11234764e48
user11	536	83	1272850832246	0	0	bd04fad10786190cf11234764e48
user11	537	78	1272850832247	0	0	bd04fad10786190cf11234764e48
user11	537	76	1272850832251	0	0	bd04fad10786190cf11234764e48
user11	540	73	1272850832259	0	0	bd04fad10786190cf11234764e48
user11	540	71	1272850832267	0	0	bd04fad10786190cf11234764e48
user11	542	68	1272850832275	0	0	bd04fad10786190cf11234764e48
user11	542	68	1272850832277	0	0	bd04fad10786190cf11234764e48
user11	543	67	1272850832283	0	0	bd04fad10786190cf11234764e48
user11	545	64	1272850832291	0	0	bd04fad10786190cf11234764e48
user11	545	63	1272850832299	0	0	bd04fad10786190cf11234764e48
user11	546	62	1272850832307	0	0	bd04fad10786190cf11234764e48
user11	547	62	1272850832395	0	0	bd04fad10786190cf11234764e48
user11	548	62	1272850832403	0	0	bd04fad10786190cf11234764e48
user11	549	62	1272850832411	0	0	bd04fad10786190cf11234764e48
user11	552	62	1272850832419	0	0	bd04fad10786190cf11234764e48
user11	553	62	1272850832427	0	0	bd04fad10786190cf11234764e48
user11	557	62	1272850832435	0	0	bd04fad10786190cf11234764e48
user11	559	61	1272850832443	0	0	bd04fad10786190cf11234764e48
user11	563	60	1272850832451	0	0	bd04fad10786190cf11234764e48
user11	567	60	1272850832459	0	0	bd04fad10786190cf11234764e48
user11	568	59	1272850832467	0	0	bd04fad10786190cf11234764e48
user11	572	58	1272850832475	0	0	bd04fad10786190cf11234764e48
user11	575	58	1272850832483	0	0	bd04fad10786190cf11234764e48
user11	579	57	1272850832491	0	0	bd04fad10786190cf11234764e48
user11	580	57	1272850832499	0	0	bd04fad10786190cf11234764e48
user11	582	56	1272850832507	0	0	bd04fad10786190cf11234764e48
user11	583	56	1272850832515	0	0	bd04fad10786190cf11234764e48
user11	582	56	1272850832587	0	0	bd04fad10786190cf11234764e48
user11	581	56	1272850832595	0	0	bd04fad10786190cf11234764e48
user11	580	56	1272850832603	0	0	bd04fad10786190cf11234764e48
user11	579	56	1272850832611	0	0	bd04fad10786190cf11234764e48
user11	576	56	1272850832619	0	0	bd04fad10786190cf11234764e48
user11	575	56	1272850832627	0	0	bd04fad10786190cf11234764e48
user11	570	56	1272850832635	0	0	bd04fad10786190cf11234764e48
user11	566	57	1272850832643	0	0	bd04fad10786190cf11234764e48
user11	563	58	1272850832651	0	0	bd04fad10786190cf11234764e48
user11	557	59	1272850832659	0	0	bd04fad10786190cf11234764e48
user11	553	59	1272850832667	0	0	bd04fad10786190cf11234764e48
user11	545	60	1272850832675	0	0	bd04fad10786190cf11234764e48
user11	543	60	1272850832683	0	0	bd04fad10786190cf11234764e48
user11	538	60	1272850832691	0	0	bd04fad10786190cf11234764e48
user11	535	60	1272850832699	0	0	bd04fad10786190cf11234764e48
user11	531	60	1272850832707	0	0	bd04fad10786190cf11234764e48
user11	527	60	1272850832715	0	0	bd04fad10786190cf11234764e48
user11	525	60	1272850832723	0	0	bd04fad10786190cf11234764e48
user11	523	60	1272850832730	0	0	bd04fad10786190cf11234764e48
user11	522	60	1272850832739	0	0	bd04fad10786190cf11234764e48
user11	520	60	1272850832747	0	0	bd04fad10786190cf11234764e48
user11	519	60	1272850832755	0	0	bd04fad10786190cf11234764e48
user11	518	60	1272850832771	0	0	bd04fad10786190cf11234764e48
user11	517	59	1272850832787	0	0	bd04fad10786190cf11234764e48
user11	516	59	1272850832835	0	0	bd04fad10786190cf11234764e48
user11	516	58	1272850832851	0	0	bd04fad10786190cf11234764e48
user11	515	57	1272850832867	0	0	bd04fad10786190cf11234764e48
user11	515	56	1272850832873	0	0	bd04fad10786190cf11234764e48
user11	514	56	1272850832882	0	0	bd04fad10786190cf11234764e48
user11	512	56	1272850833842	0	0	bd04fad10786190cf11234764e48
user11	509	57	1272850833857	0	0	bd04fad10786190cf11234764e48
user11	503	60	1272850833865	0	0	bd04fad10786190cf11234764e48
user11	501	60	1272850833873	0	0	bd04fad10786190cf11234764e48
user11	493	61	1272850833882	0	0	bd04fad10786190cf11234764e48
user11	490	61	1272850833890	0	0	bd04fad10786190cf11234764e48
user11	482	61	1272850833897	0	0	bd04fad10786190cf11234764e48
user11	479	61	1272850833905	0	0	bd04fad10786190cf11234764e48
user11	471	61	1272850833913	0	0	bd04fad10786190cf11234764e48
user11	467	61	1272850833922	0	0	bd04fad10786190cf11234764e48
user11	456	61	1272850833930	0	0	bd04fad10786190cf11234764e48
user11	447	61	1272850833937	0	0	bd04fad10786190cf11234764e48
user11	443	61	1272850833945	0	0	bd04fad10786190cf11234764e48
user11	436	58	1272850833953	0	0	bd04fad10786190cf11234764e48
user11	433	58	1272850833961	0	0	bd04fad10786190cf11234764e48
user11	426	57	1272850833970	0	0	bd04fad10786190cf11234764e48
user11	424	56	1272850833978	0	0	bd04fad10786190cf11234764e48
user11	423	55	1272850833985	0	0	bd04fad10786190cf11234764e48
user11	423	54	1272850834018	0	0	bd04fad10786190cf11234764e48
user11	424	54	1272850834025	0	0	bd04fad10786190cf11234764e48
user11	425	53	1272850834033	0	0	bd04fad10786190cf11234764e48
user11	427	51	1272850834041	0	0	bd04fad10786190cf11234764e48
user11	429	51	1272850834050	0	0	bd04fad10786190cf11234764e48
user11	432	50	1272850834058	0	0	bd04fad10786190cf11234764e48
user11	436	50	1272850834065	0	0	bd04fad10786190cf11234764e48
user11	438	49	1272850834073	0	0	bd04fad10786190cf11234764e48
user11	442	49	1272850834081	0	0	bd04fad10786190cf11234764e48
user11	445	49	1272850834090	0	0	bd04fad10786190cf11234764e48
user11	451	49	1272850834098	0	0	bd04fad10786190cf11234764e48
user11	454	49	1272850834105	0	0	bd04fad10786190cf11234764e48
user11	462	49	1272850834113	0	0	bd04fad10786190cf11234764e48
user11	464	49	1272850834121	0	0	bd04fad10786190cf11234764e48
user11	474	49	1272850834130	0	0	bd04fad10786190cf11234764e48
user11	482	49	1272850834138	0	0	bd04fad10786190cf11234764e48
user11	486	49	1272850834145	0	0	bd04fad10786190cf11234764e48
user11	495	49	1272850834153	0	0	bd04fad10786190cf11234764e48
user11	497	49	1272850834161	0	0	bd04fad10786190cf11234764e48
user11	505	49	1272850834169	0	0	bd04fad10786190cf11234764e48
user11	508	49	1272850834178	0	0	bd04fad10786190cf11234764e48
user11	514	49	1272850834186	0	0	bd04fad10786190cf11234764e48
user11	519	49	1272850834193	0	0	bd04fad10786190cf11234764e48
user11	522	49	1272850834201	0	0	bd04fad10786190cf11234764e48
user11	526	49	1272850834209	0	0	bd04fad10786190cf11234764e48
user11	529	49	1272850834218	0	0	bd04fad10786190cf11234764e48
user11	533	49	1272850834226	0	0	bd04fad10786190cf11234764e48
user11	535	49	1272850834233	0	0	bd04fad10786190cf11234764e48
user11	540	49	1272850834241	0	0	bd04fad10786190cf11234764e48
user11	542	49	1272850834250	0	0	bd04fad10786190cf11234764e48
user11	546	49	1272850834258	0	0	bd04fad10786190cf11234764e48
user11	551	48	1272850834266	0	0	bd04fad10786190cf11234764e48
user11	553	48	1272850834273	0	0	bd04fad10786190cf11234764e48
user11	560	46	1272850834281	0	0	bd04fad10786190cf11234764e48
user11	562	46	1272850834289	0	0	bd04fad10786190cf11234764e48
user11	570	44	1272850834298	0	0	bd04fad10786190cf11234764e48
user11	573	43	1272850834306	0	0	bd04fad10786190cf11234764e48
user11	580	43	1272850834313	0	0	bd04fad10786190cf11234764e48
user11	585	43	1272850834321	0	0	bd04fad10786190cf11234764e48
user11	588	43	1272850834329	0	0	bd04fad10786190cf11234764e48
user11	589	43	1272850834338	0	0	bd04fad10786190cf11234764e48
user11	590	43	1272850834346	0	0	bd04fad10786190cf11234764e48
user11	591	44	1272850834353	0	0	bd04fad10786190cf11234764e48
user11	592	44	1272850834369	0	0	bd04fad10786190cf11234764e48
user11	593	44	1272850834378	0	0	bd04fad10786190cf11234764e48
user11	593	44	1272850834746	1272850834554	1272850834746	bd04fad10786190cf11234764e48
