User	X	Y	MouseTimeStamp	MouseDownTimeStamp	MouseUpTimeStamp	SessionID
user13	1016	82	1271993529644	0	0	8b8d0ceb124a809695f3bc5514d5
user13	1011	90	1271993530115	0	0	8b8d0ceb124a809695f3bc5514d5
user13	1004	111	1271993530123	0	0	8b8d0ceb124a809695f3bc5514d5
user13	988	145	1271993530131	0	0	8b8d0ceb124a809695f3bc5514d5
user13	970	180	1271993530139	0	0	8b8d0ceb124a809695f3bc5514d5
user13	951	207	1271993530147	0	0	8b8d0ceb124a809695f3bc5514d5
user13	935	231	1271993530155	0	0	8b8d0ceb124a809695f3bc5514d5
user13	927	241	1271993530164	0	0	8b8d0ceb124a809695f3bc5514d5
user13	924	245	1271993530171	0	0	8b8d0ceb124a809695f3bc5514d5
user13	920	250	1271993530179	0	0	8b8d0ceb124a809695f3bc5514d5
user13	917	250	1271993530187	0	0	8b8d0ceb124a809695f3bc5514d5
user13	916	250	1271993530195	0	0	8b8d0ceb124a809695f3bc5514d5
user13	915	250	1271993530203	0	0	8b8d0ceb124a809695f3bc5514d5
user13	915	249	1271993530236	0	0	8b8d0ceb124a809695f3bc5514d5
user13	915	248	1271993530244	0	0	8b8d0ceb124a809695f3bc5514d5
user13	915	246	1271993530255	0	0	8b8d0ceb124a809695f3bc5514d5
user13	916	242	1271993530260	0	0	8b8d0ceb124a809695f3bc5514d5
user13	919	239	1271993530268	0	0	8b8d0ceb124a809695f3bc5514d5
user13	920	235	1271993530276	0	0	8b8d0ceb124a809695f3bc5514d5
user13	921	233	1271993530284	0	0	8b8d0ceb124a809695f3bc5514d5
user13	922	231	1271993530292	0	0	8b8d0ceb124a809695f3bc5514d5
user13	923	230	1271993530299	0	0	8b8d0ceb124a809695f3bc5514d5
user13	924	228	1271993530308	0	0	8b8d0ceb124a809695f3bc5514d5
user13	925	226	1271993530316	0	0	8b8d0ceb124a809695f3bc5514d5
user13	925	225	1271993530323	0	0	8b8d0ceb124a809695f3bc5514d5
user13	927	223	1271993530332	0	0	8b8d0ceb124a809695f3bc5514d5
user13	927	222	1271993530340	0	0	8b8d0ceb124a809695f3bc5514d5
user13	927	221	1271993530348	0	0	8b8d0ceb124a809695f3bc5514d5
user13	929	219	1271993530364	0	0	8b8d0ceb124a809695f3bc5514d5
user13	929	217	1271993530372	0	0	8b8d0ceb124a809695f3bc5514d5
user13	929	216	1271993530436	0	0	8b8d0ceb124a809695f3bc5514d5
user13	929	215	1271993530443	0	0	8b8d0ceb124a809695f3bc5514d5
user13	929	214	1271993530452	0	0	8b8d0ceb124a809695f3bc5514d5
user13	930	213	1271993530460	0	0	8b8d0ceb124a809695f3bc5514d5
user13	932	210	1271993530468	0	0	8b8d0ceb124a809695f3bc5514d5
user13	932	207	1271993530476	0	0	8b8d0ceb124a809695f3bc5514d5
user13	933	206	1271993530483	0	0	8b8d0ceb124a809695f3bc5514d5
user13	934	205	1271993530492	0	0	8b8d0ceb124a809695f3bc5514d5
user13	935	202	1271993530500	0	0	8b8d0ceb124a809695f3bc5514d5
user13	935	199	1271993530508	0	0	8b8d0ceb124a809695f3bc5514d5
user13	936	197	1271993530516	0	0	8b8d0ceb124a809695f3bc5514d5
user13	938	194	1271993530523	0	0	8b8d0ceb124a809695f3bc5514d5
user13	938	193	1271993530532	0	0	8b8d0ceb124a809695f3bc5514d5
user13	938	191	1271993530540	0	0	8b8d0ceb124a809695f3bc5514d5
user13	941	187	1271993530548	0	0	8b8d0ceb124a809695f3bc5514d5
user13	941	186	1271993530556	0	0	8b8d0ceb124a809695f3bc5514d5
user13	941	184	1271993530564	0	0	8b8d0ceb124a809695f3bc5514d5
user13	942	183	1271993530580	0	0	8b8d0ceb124a809695f3bc5514d5
user13	942	181	1271993530587	0	0	8b8d0ceb124a809695f3bc5514d5
user13	942	180	1271993530596	0	0	8b8d0ceb124a809695f3bc5514d5
user13	942	178	1271993530612	0	0	8b8d0ceb124a809695f3bc5514d5
user13	942	178	1271993530739	1271993530660	1271993530739	8b8d0ceb124a809695f3bc5514d5
user13	941	178	1271993530755	0	0	8b8d0ceb124a809695f3bc5514d5
user13	940	178	1271993530763	0	0	8b8d0ceb124a809695f3bc5514d5
user13	938	178	1271993530771	0	0	8b8d0ceb124a809695f3bc5514d5
user13	936	178	1271993530779	0	0	8b8d0ceb124a809695f3bc5514d5
user13	933	178	1271993530787	0	0	8b8d0ceb124a809695f3bc5514d5
user13	934	186	1271993533243	0	0	8b8d0ceb124a809695f3bc5514d5
user13	934	189	1271993533251	0	0	8b8d0ceb124a809695f3bc5514d5
user13	936	197	1271993533259	0	0	8b8d0ceb124a809695f3bc5514d5
user13	940	209	1271993533267	0	0	8b8d0ceb124a809695f3bc5514d5
user13	943	223	1271993533275	0	0	8b8d0ceb124a809695f3bc5514d5
user13	946	232	1271993533284	0	0	8b8d0ceb124a809695f3bc5514d5
user13	949	240	1271993533292	0	0	8b8d0ceb124a809695f3bc5514d5
user13	951	248	1271993533299	0	0	8b8d0ceb124a809695f3bc5514d5
user13	952	255	1271993533307	0	0	8b8d0ceb124a809695f3bc5514d5
user13	954	260	1271993533315	0	0	8b8d0ceb124a809695f3bc5514d5
user13	955	265	1271993533324	0	0	8b8d0ceb124a809695f3bc5514d5
user13	955	266	1271993533331	0	0	8b8d0ceb124a809695f3bc5514d5
user13	955	269	1271993533339	0	0	8b8d0ceb124a809695f3bc5514d5
user13	956	270	1271993533347	0	0	8b8d0ceb124a809695f3bc5514d5
user13	956	271	1271993533363	0	0	8b8d0ceb124a809695f3bc5514d5
user13	956	272	1271993533467	0	0	8b8d0ceb124a809695f3bc5514d5
user13	955	273	1271993533483	0	0	8b8d0ceb124a809695f3bc5514d5
user13	955	274	1271993533499	0	0	8b8d0ceb124a809695f3bc5514d5
user13	955	275	1271993533507	0	0	8b8d0ceb124a809695f3bc5514d5
user13	954	276	1271993533515	0	0	8b8d0ceb124a809695f3bc5514d5
user13	954	278	1271993533523	0	0	8b8d0ceb124a809695f3bc5514d5
user13	954	280	1271993533531	0	0	8b8d0ceb124a809695f3bc5514d5
user13	954	282	1271993533548	0	0	8b8d0ceb124a809695f3bc5514d5
user13	953	282	1271993533555	0	0	8b8d0ceb124a809695f3bc5514d5
user13	953	282	1271993533724	1271993533636	1271993533724	8b8d0ceb124a809695f3bc5514d5
user13	606	43	1271993539820	0	0	8b8d0ceb124a809695f3bc5514d5
user13	608	81	1271993539828	0	0	8b8d0ceb124a809695f3bc5514d5
user13	604	125	1271993539836	0	0	8b8d0ceb124a809695f3bc5514d5
user13	600	162	1271993539843	0	0	8b8d0ceb124a809695f3bc5514d5
user13	599	195	1271993539852	0	0	8b8d0ceb124a809695f3bc5514d5
user13	594	229	1271993539859	0	0	8b8d0ceb124a809695f3bc5514d5
user13	592	249	1271993539868	0	0	8b8d0ceb124a809695f3bc5514d5
user13	591	263	1271993539876	0	0	8b8d0ceb124a809695f3bc5514d5
user13	590	273	1271993539883	0	0	8b8d0ceb124a809695f3bc5514d5
user13	589	281	1271993539892	0	0	8b8d0ceb124a809695f3bc5514d5
user13	589	283	1271993539900	0	0	8b8d0ceb124a809695f3bc5514d5
user13	589	284	1271993539907	0	0	8b8d0ceb124a809695f3bc5514d5
user13	589	286	1271993539916	0	0	8b8d0ceb124a809695f3bc5514d5
user13	589	283	1271993539963	0	0	8b8d0ceb124a809695f3bc5514d5
user13	589	281	1271993539979	0	0	8b8d0ceb124a809695f3bc5514d5
user13	589	280	1271993539995	0	0	8b8d0ceb124a809695f3bc5514d5
user13	588	279	1271993540019	0	0	8b8d0ceb124a809695f3bc5514d5
user13	588	278	1271993540027	0	0	8b8d0ceb124a809695f3bc5514d5
user13	587	278	1271993540036	0	0	8b8d0ceb124a809695f3bc5514d5
user13	586	277	1271993540051	0	0	8b8d0ceb124a809695f3bc5514d5
user13	586	276	1271993540067	0	0	8b8d0ceb124a809695f3bc5514d5
user13	584	273	1271993540075	0	0	8b8d0ceb124a809695f3bc5514d5
user13	583	270	1271993540084	0	0	8b8d0ceb124a809695f3bc5514d5
user13	580	267	1271993540092	0	0	8b8d0ceb124a809695f3bc5514d5
user13	578	262	1271993540099	0	0	8b8d0ceb124a809695f3bc5514d5
user13	576	259	1271993540108	0	0	8b8d0ceb124a809695f3bc5514d5
user13	572	256	1271993540115	0	0	8b8d0ceb124a809695f3bc5514d5
user13	569	253	1271993540124	0	0	8b8d0ceb124a809695f3bc5514d5
user13	566	249	1271993540132	0	0	8b8d0ceb124a809695f3bc5514d5
user13	564	247	1271993540139	0	0	8b8d0ceb124a809695f3bc5514d5
user13	561	242	1271993540147	0	0	8b8d0ceb124a809695f3bc5514d5
user13	558	236	1271993540156	0	0	8b8d0ceb124a809695f3bc5514d5
user13	555	229	1271993540164	0	0	8b8d0ceb124a809695f3bc5514d5
user13	551	224	1271993540172	0	0	8b8d0ceb124a809695f3bc5514d5
user13	549	221	1271993540180	0	0	8b8d0ceb124a809695f3bc5514d5
user13	545	216	1271993540188	0	0	8b8d0ceb124a809695f3bc5514d5
user13	541	211	1271993540196	0	0	8b8d0ceb124a809695f3bc5514d5
user13	538	208	1271993540204	0	0	8b8d0ceb124a809695f3bc5514d5
user13	537	207	1271993540212	0	0	8b8d0ceb124a809695f3bc5514d5
user13	534	204	1271993540220	0	0	8b8d0ceb124a809695f3bc5514d5
user13	533	201	1271993540228	0	0	8b8d0ceb124a809695f3bc5514d5
user13	530	199	1271993540236	0	0	8b8d0ceb124a809695f3bc5514d5
user13	529	197	1271993540244	0	0	8b8d0ceb124a809695f3bc5514d5
user13	527	196	1271993540252	0	0	8b8d0ceb124a809695f3bc5514d5
user13	525	195	1271993540260	0	0	8b8d0ceb124a809695f3bc5514d5
user13	522	195	1271993540268	0	0	8b8d0ceb124a809695f3bc5514d5
user13	522	194	1271993540276	0	0	8b8d0ceb124a809695f3bc5514d5
user13	520	194	1271993540284	0	0	8b8d0ceb124a809695f3bc5514d5
user13	520	193	1271993540292	0	0	8b8d0ceb124a809695f3bc5514d5
user13	519	192	1271993540300	0	0	8b8d0ceb124a809695f3bc5514d5
user13	518	192	1271993540380	0	0	8b8d0ceb124a809695f3bc5514d5
user13	518	192	1271993540516	1271993540436	1271993540516	8b8d0ceb124a809695f3bc5514d5
user13	519	192	1271993543883	0	0	8b8d0ceb124a809695f3bc5514d5
user13	522	192	1271993543891	0	0	8b8d0ceb124a809695f3bc5514d5
user13	530	192	1271993543899	0	0	8b8d0ceb124a809695f3bc5514d5
user13	540	197	1271993543907	0	0	8b8d0ceb124a809695f3bc5514d5
user13	545	200	1271993543915	0	0	8b8d0ceb124a809695f3bc5514d5
user13	548	201	1271993543923	0	0	8b8d0ceb124a809695f3bc5514d5
user13	548	203	1271993543931	0	0	8b8d0ceb124a809695f3bc5514d5
user13	549	203	1271993544051	0	0	8b8d0ceb124a809695f3bc5514d5
user13	550	203	1271993544059	0	0	8b8d0ceb124a809695f3bc5514d5
user13	554	205	1271993544067	0	0	8b8d0ceb124a809695f3bc5514d5
user13	561	209	1271993544075	0	0	8b8d0ceb124a809695f3bc5514d5
user13	570	213	1271993544083	0	0	8b8d0ceb124a809695f3bc5514d5
user13	583	218	1271993544091	0	0	8b8d0ceb124a809695f3bc5514d5
user13	594	222	1271993544099	0	0	8b8d0ceb124a809695f3bc5514d5
user13	607	230	1271993544107	0	0	8b8d0ceb124a809695f3bc5514d5
user13	620	233	1271993544115	0	0	8b8d0ceb124a809695f3bc5514d5
user13	633	240	1271993544124	0	0	8b8d0ceb124a809695f3bc5514d5
user13	645	246	1271993544131	0	0	8b8d0ceb124a809695f3bc5514d5
user13	659	250	1271993544139	0	0	8b8d0ceb124a809695f3bc5514d5
user13	669	255	1271993544147	0	0	8b8d0ceb124a809695f3bc5514d5
user13	679	257	1271993544155	0	0	8b8d0ceb124a809695f3bc5514d5
user13	687	259	1271993544163	0	0	8b8d0ceb124a809695f3bc5514d5
user13	689	259	1271993544171	0	0	8b8d0ceb124a809695f3bc5514d5
user13	692	260	1271993544179	0	0	8b8d0ceb124a809695f3bc5514d5
user13	693	260	1271993544187	0	0	8b8d0ceb124a809695f3bc5514d5
user13	692	260	1271993544291	0	0	8b8d0ceb124a809695f3bc5514d5
user13	691	262	1271993544299	0	0	8b8d0ceb124a809695f3bc5514d5
user13	689	262	1271993544315	0	0	8b8d0ceb124a809695f3bc5514d5
user13	689	261	1271993544323	0	0	8b8d0ceb124a809695f3bc5514d5
user13	688	261	1271993544331	0	0	8b8d0ceb124a809695f3bc5514d5
user13	686	262	1271993544347	0	0	8b8d0ceb124a809695f3bc5514d5
user13	686	257	1271993544355	0	0	8b8d0ceb124a809695f3bc5514d5
user13	684	254	1271993544363	0	0	8b8d0ceb124a809695f3bc5514d5
user13	683	253	1271993544371	0	0	8b8d0ceb124a809695f3bc5514d5
user13	680	249	1271993544379	0	0	8b8d0ceb124a809695f3bc5514d5
user13	677	247	1271993544387	0	0	8b8d0ceb124a809695f3bc5514d5
user13	676	245	1271993544395	0	0	8b8d0ceb124a809695f3bc5514d5
user13	674	242	1271993544403	0	0	8b8d0ceb124a809695f3bc5514d5
user13	670	241	1271993544411	0	0	8b8d0ceb124a809695f3bc5514d5
user13	669	241	1271993544419	0	0	8b8d0ceb124a809695f3bc5514d5
user13	667	240	1271993544427	0	0	8b8d0ceb124a809695f3bc5514d5
user13	666	240	1271993544435	0	0	8b8d0ceb124a809695f3bc5514d5
user13	664	240	1271993544587	0	0	8b8d0ceb124a809695f3bc5514d5
user13	663	241	1271993544596	0	0	8b8d0ceb124a809695f3bc5514d5
user13	661	242	1271993544611	0	0	8b8d0ceb124a809695f3bc5514d5
user13	660	242	1271993544619	0	0	8b8d0ceb124a809695f3bc5514d5
user13	659	242	1271993544627	0	0	8b8d0ceb124a809695f3bc5514d5
user13	656	244	1271993544636	0	0	8b8d0ceb124a809695f3bc5514d5
user13	655	244	1271993544644	0	0	8b8d0ceb124a809695f3bc5514d5
user13	654	244	1271993544652	0	0	8b8d0ceb124a809695f3bc5514d5
user13	653	244	1271993544660	0	0	8b8d0ceb124a809695f3bc5514d5
user13	652	244	1271993544668	0	0	8b8d0ceb124a809695f3bc5514d5
user13	651	245	1271993544707	0	0	8b8d0ceb124a809695f3bc5514d5
user13	650	244	1271993544739	0	0	8b8d0ceb124a809695f3bc5514d5
user13	650	244	1271993544907	1271993544779	1271993544907	8b8d0ceb124a809695f3bc5514d5
