User	X	Y	MouseTimeStamp	MouseDownTimeStamp	MouseUpTimeStamp	SessionID
user5	887	72	1273089421860	0	0	a0af13e1377e3eaf106c12202a14
user5	886	70	1273089421876	0	0	a0af13e1377e3eaf106c12202a14
user5	885	67	1273089421876	0	0	a0af13e1377e3eaf106c12202a14
user5	882	62	1273089421881	0	0	a0af13e1377e3eaf106c12202a14
user5	879	58	1273089421907	0	0	a0af13e1377e3eaf106c12202a14
user5	876	54	1273089421915	0	0	a0af13e1377e3eaf106c12202a14
user5	873	51	1273089421922	0	0	a0af13e1377e3eaf106c12202a14
user5	870	48	1273089421931	0	0	a0af13e1377e3eaf106c12202a14
user5	869	44	1273089421939	0	0	a0af13e1377e3eaf106c12202a14
user5	867	41	1273089421948	0	0	a0af13e1377e3eaf106c12202a14
user5	864	38	1273089421969	0	0	a0af13e1377e3eaf106c12202a14
user5	863	35	1273089421969	0	0	a0af13e1377e3eaf106c12202a14
user5	862	33	1273089421978	0	0	a0af13e1377e3eaf106c12202a14
user5	861	32	1273089421985	0	0	a0af13e1377e3eaf106c12202a14
user5	861	30	1273089422001	0	0	a0af13e1377e3eaf106c12202a14
user5	860	27	1273089422009	0	0	a0af13e1377e3eaf106c12202a14
user5	860	24	1273089422016	0	0	a0af13e1377e3eaf106c12202a14
user5	860	19	1273089422024	0	0	a0af13e1377e3eaf106c12202a14
user5	860	14	1273089422047	0	0	a0af13e1377e3eaf106c12202a14
user5	860	10	1273089422047	0	0	a0af13e1377e3eaf106c12202a14
user5	290	26	1273089425063	0	0	a0af13e1377e3eaf106c12202a14
user5	295	66	1273089425064	0	0	a0af13e1377e3eaf106c12202a14
user5	303	111	1273089425079	0	0	a0af13e1377e3eaf106c12202a14
user5	319	165	1273089425094	0	0	a0af13e1377e3eaf106c12202a14
user5	361	219	1273089425094	0	0	a0af13e1377e3eaf106c12202a14
user5	419	278	1273089425104	0	0	a0af13e1377e3eaf106c12202a14
user5	480	337	1273089425116	0	0	a0af13e1377e3eaf106c12202a14
user5	534	395	1273089425124	0	0	a0af13e1377e3eaf106c12202a14
user5	584	455	1273089425141	0	0	a0af13e1377e3eaf106c12202a14
user5	624	512	1273089425141	0	0	a0af13e1377e3eaf106c12202a14
user5	663	561	1273089425151	0	0	a0af13e1377e3eaf106c12202a14
user5	700	598	1273089425172	0	0	a0af13e1377e3eaf106c12202a14
user5	733	622	1273089425172	0	0	a0af13e1377e3eaf106c12202a14
user5	757	638	1273089425181	0	0	a0af13e1377e3eaf106c12202a14
user5	773	647	1273089425204	0	0	a0af13e1377e3eaf106c12202a14
user5	782	654	1273089425204	0	0	a0af13e1377e3eaf106c12202a14
user5	786	657	1273089425219	0	0	a0af13e1377e3eaf106c12202a14
user5	787	657	1273089425219	0	0	a0af13e1377e3eaf106c12202a14
user5	786	657	1273089425251	0	0	a0af13e1377e3eaf106c12202a14
user5	785	657	1273089425261	0	0	a0af13e1377e3eaf106c12202a14
user5	784	653	1273089425340	0	0	a0af13e1377e3eaf106c12202a14
user5	782	643	1273089425350	0	0	a0af13e1377e3eaf106c12202a14
user5	778	637	1273089425360	0	0	a0af13e1377e3eaf106c12202a14
user5	773	635	1273089425360	0	0	a0af13e1377e3eaf106c12202a14
user5	769	635	1273089425376	0	0	a0af13e1377e3eaf106c12202a14
user5	761	639	1273089425391	0	0	a0af13e1377e3eaf106c12202a14
user5	744	648	1273089425391	0	0	a0af13e1377e3eaf106c12202a14
user5	715	665	1273089425407	0	0	a0af13e1377e3eaf106c12202a14
user5	677	690	1273089425422	0	0	a0af13e1377e3eaf106c12202a14
user5	637	715	1273089425422	0	0	a0af13e1377e3eaf106c12202a14
user5	596	739	1273089425438	0	0	a0af13e1377e3eaf106c12202a14
user5	168	731	1273089430719	0	0	a0af13e1377e3eaf106c12202a14
user5	206	672	1273089430724	0	0	a0af13e1377e3eaf106c12202a14
user5	249	605	1273089430729	0	0	a0af13e1377e3eaf106c12202a14
user5	299	545	1273089430751	0	0	a0af13e1377e3eaf106c12202a14
user5	333	501	1273089430756	0	0	a0af13e1377e3eaf106c12202a14
user5	360	470	1273089430766	0	0	a0af13e1377e3eaf106c12202a14
user5	382	446	1273089430782	0	0	a0af13e1377e3eaf106c12202a14
user5	403	423	1273089430782	0	0	a0af13e1377e3eaf106c12202a14
user5	421	409	1273089430797	0	0	a0af13e1377e3eaf106c12202a14
user5	436	401	1273089430797	0	0	a0af13e1377e3eaf106c12202a14
user5	446	396	1273089430813	0	0	a0af13e1377e3eaf106c12202a14
user5	455	395	1273089430829	0	0	a0af13e1377e3eaf106c12202a14
user5	462	395	1273089430829	0	0	a0af13e1377e3eaf106c12202a14
user5	469	395	1273089430844	0	0	a0af13e1377e3eaf106c12202a14
user5	470	396	1273089430860	0	0	a0af13e1377e3eaf106c12202a14
user5	470	397	1273089430870	0	0	a0af13e1377e3eaf106c12202a14
user5	464	397	1273089430891	0	0	a0af13e1377e3eaf106c12202a14
user5	468	399	1273089431032	0	0	a0af13e1377e3eaf106c12202a14
user5	470	400	1273089431047	0	0	a0af13e1377e3eaf106c12202a14
user5	472	400	1273089431047	0	0	a0af13e1377e3eaf106c12202a14
user5	472	399	1273089431079	0	0	a0af13e1377e3eaf106c12202a14
user5	472	397	1273089431079	0	0	a0af13e1377e3eaf106c12202a14
user5	472	394	1273089431084	0	0	a0af13e1377e3eaf106c12202a14
user5	472	387	1273089431110	0	0	a0af13e1377e3eaf106c12202a14
user5	469	376	1273089431110	0	0	a0af13e1377e3eaf106c12202a14
user5	469	356	1273089431126	0	0	a0af13e1377e3eaf106c12202a14
user5	465	320	1273089431126	0	0	a0af13e1377e3eaf106c12202a14
user5	461	270	1273089431131	0	0	a0af13e1377e3eaf106c12202a14
user5	453	212	1273089431157	0	0	a0af13e1377e3eaf106c12202a14
user5	439	153	1273089431157	0	0	a0af13e1377e3eaf106c12202a14
user5	421	98	1273089431172	0	0	a0af13e1377e3eaf106c12202a14
user5	401	54	1273089431188	0	0	a0af13e1377e3eaf106c12202a14
user5	381	19	1273089431192	0	0	a0af13e1377e3eaf106c12202a14
user5	801	7	1273165963152	0	0	a0af13e1377e3eaf106c12202a14
user5	802	8	1273165963158	0	0	a0af13e1377e3eaf106c12202a14
user5	802	9	1273165963170	0	0	a0af13e1377e3eaf106c12202a14
user5	803	10	1273165963199	0	0	a0af13e1377e3eaf106c12202a14
user5	804	12	1273165963215	0	0	a0af13e1377e3eaf106c12202a14
user5	805	14	1273165963220	0	0	a0af13e1377e3eaf106c12202a14
user5	806	15	1273165963224	0	0	a0af13e1377e3eaf106c12202a14
user5	807	18	1273165963231	0	0	a0af13e1377e3eaf106c12202a14
user5	809	25	1273165963262	0	0	a0af13e1377e3eaf106c12202a14
user5	812	32	1273165963262	0	0	a0af13e1377e3eaf106c12202a14
user5	815	40	1273165963277	0	0	a0af13e1377e3eaf106c12202a14
user5	818	54	1273165963283	0	0	a0af13e1377e3eaf106c12202a14
user5	823	69	1273165963286	0	0	a0af13e1377e3eaf106c12202a14
user5	824	87	1273165963309	0	0	a0af13e1377e3eaf106c12202a14
user5	827	104	1273165963314	0	0	a0af13e1377e3eaf106c12202a14
user5	829	125	1273165963324	0	0	a0af13e1377e3eaf106c12202a14
user5	830	140	1273165963340	0	0	a0af13e1377e3eaf106c12202a14
user5	833	153	1273165963340	0	0	a0af13e1377e3eaf106c12202a14
user5	834	164	1273165963356	0	0	a0af13e1377e3eaf106c12202a14
user5	835	173	1273165963364	0	0	a0af13e1377e3eaf106c12202a14
user5	836	180	1273165963367	0	0	a0af13e1377e3eaf106c12202a14
user5	836	185	1273165963374	0	0	a0af13e1377e3eaf106c12202a14
user5	836	189	1273165963402	0	0	a0af13e1377e3eaf106c12202a14
user5	836	190	1273165963402	0	0	a0af13e1377e3eaf106c12202a14
user5	836	191	1273165963407	0	0	a0af13e1377e3eaf106c12202a14
user5	836	192	1273165963418	0	0	a0af13e1377e3eaf106c12202a14
user5	836	191	1273165963496	0	0	a0af13e1377e3eaf106c12202a14
user5	837	190	1273165963496	0	0	a0af13e1377e3eaf106c12202a14
user5	838	189	1273165963512	0	0	a0af13e1377e3eaf106c12202a14
user5	839	188	1273165963517	0	0	a0af13e1377e3eaf106c12202a14
user5	840	185	1273165963527	0	0	a0af13e1377e3eaf106c12202a14
user5	841	183	1273165963545	0	0	a0af13e1377e3eaf106c12202a14
user5	842	182	1273165963548	0	0	a0af13e1377e3eaf106c12202a14
user5	842	180	1273165963559	0	0	a0af13e1377e3eaf106c12202a14
user5	843	178	1273165963574	0	0	a0af13e1377e3eaf106c12202a14
user5	844	175	1273165963593	0	0	a0af13e1377e3eaf106c12202a14
user5	844	173	1273165963594	0	0	a0af13e1377e3eaf106c12202a14
user5	844	171	1273165963606	0	0	a0af13e1377e3eaf106c12202a14
user5	844	170	1273165963606	0	0	a0af13e1377e3eaf106c12202a14
user5	844	169	1273165963621	0	0	a0af13e1377e3eaf106c12202a14
user5	845	169	1273165963824	0	0	a0af13e1377e3eaf106c12202a14
user5	845	169	1273165963981	1273165963871	1273165963981	a0af13e1377e3eaf106c12202a14
user5	848	170	1273165964043	0	0	a0af13e1377e3eaf106c12202a14
user5	851	171	1273165964059	0	0	a0af13e1377e3eaf106c12202a14
user5	853	170	1273165967668	0	0	a0af13e1377e3eaf106c12202a14
user5	856	165	1273165967670	0	0	a0af13e1377e3eaf106c12202a14
user5	864	157	1273165967675	0	0	a0af13e1377e3eaf106c12202a14
user5	874	145	1273165967699	0	0	a0af13e1377e3eaf106c12202a14
user5	884	133	1273165967699	0	0	a0af13e1377e3eaf106c12202a14
user5	892	123	1273165967703	0	0	a0af13e1377e3eaf106c12202a14
user5	896	116	1273165967731	0	0	a0af13e1377e3eaf106c12202a14
user5	905	100	1273165967742	0	0	a0af13e1377e3eaf106c12202a14
user5	909	91	1273165967746	0	0	a0af13e1377e3eaf106c12202a14
user5	914	82	1273165967753	0	0	a0af13e1377e3eaf106c12202a14
user5	916	73	1273165967777	0	0	a0af13e1377e3eaf106c12202a14
user5	919	64	1273165967777	0	0	a0af13e1377e3eaf106c12202a14
user5	922	57	1273165967781	0	0	a0af13e1377e3eaf106c12202a14
user5	925	49	1273165967809	0	0	a0af13e1377e3eaf106c12202a14
user5	928	45	1273165967809	0	0	a0af13e1377e3eaf106c12202a14
user5	929	43	1273165967824	0	0	a0af13e1377e3eaf106c12202a14
user5	929	41	1273165967834	0	0	a0af13e1377e3eaf106c12202a14
user5	928	41	1273165967856	0	0	a0af13e1377e3eaf106c12202a14
user5	927	41	1273165967868	0	0	a0af13e1377e3eaf106c12202a14
user5	925	45	1273165967887	0	0	a0af13e1377e3eaf106c12202a14
user5	925	55	1273165967887	0	0	a0af13e1377e3eaf106c12202a14
user5	923	68	1273165967897	0	0	a0af13e1377e3eaf106c12202a14
user5	923	90	1273165967907	0	0	a0af13e1377e3eaf106c12202a14
user5	924	118	1273165967916	0	0	a0af13e1377e3eaf106c12202a14
user5	926	151	1273165967926	0	0	a0af13e1377e3eaf106c12202a14
user5	929	182	1273165967936	0	0	a0af13e1377e3eaf106c12202a14
user5	930	207	1273165967949	0	0	a0af13e1377e3eaf106c12202a14
user5	933	230	1273165967965	0	0	a0af13e1377e3eaf106c12202a14
user5	936	248	1273165967965	0	0	a0af13e1377e3eaf106c12202a14
user5	939	262	1273165967981	0	0	a0af13e1377e3eaf106c12202a14
user5	943	274	1273165967982	0	0	a0af13e1377e3eaf106c12202a14
user5	945	284	1273165967996	0	0	a0af13e1377e3eaf106c12202a14
user5	949	291	1273165968012	0	0	a0af13e1377e3eaf106c12202a14
user5	951	297	1273165968021	0	0	a0af13e1377e3eaf106c12202a14
user5	952	300	1273165968027	0	0	a0af13e1377e3eaf106c12202a14
user5	954	302	1273165968036	0	0	a0af13e1377e3eaf106c12202a14
user5	955	303	1273165968043	0	0	a0af13e1377e3eaf106c12202a14
user5	954	302	1273165968121	0	0	a0af13e1377e3eaf106c12202a14
user5	953	301	1273165968121	0	0	a0af13e1377e3eaf106c12202a14
user5	953	300	1273165968137	0	0	a0af13e1377e3eaf106c12202a14
user5	950	299	1273165968147	0	0	a0af13e1377e3eaf106c12202a14
user5	947	297	1273165968156	0	0	a0af13e1377e3eaf106c12202a14
user5	944	293	1273165968168	0	0	a0af13e1377e3eaf106c12202a14
user5	934	289	1273165968199	0	0	a0af13e1377e3eaf106c12202a14
user5	932	287	1273165968212	0	0	a0af13e1377e3eaf106c12202a14
user5	930	286	1273165968222	0	0	a0af13e1377e3eaf106c12202a14
user5	930	285	1273165968247	0	0	a0af13e1377e3eaf106c12202a14
user5	929	285	1273165968262	0	0	a0af13e1377e3eaf106c12202a14
user5	928	285	1273165968340	0	0	a0af13e1377e3eaf106c12202a14
user5	928	284	1273165968359	0	0	a0af13e1377e3eaf106c12202a14
user5	927	284	1273165968371	0	0	a0af13e1377e3eaf106c12202a14
user5	927	283	1273165968378	0	0	a0af13e1377e3eaf106c12202a14
user5	926	283	1273165968402	0	0	a0af13e1377e3eaf106c12202a14
user5	926	282	1273165968405	0	0	a0af13e1377e3eaf106c12202a14
user5	925	282	1273165968418	0	0	a0af13e1377e3eaf106c12202a14
user5	925	282	1273165968555	1273165968481	1273165968555	a0af13e1377e3eaf106c12202a14
user5	582	31	1273165977934	0	0	a0af13e1377e3eaf106c12202a14
user5	536	56	1273165977951	0	0	a0af13e1377e3eaf106c12202a14
user5	453	109	1273165977980	0	0	a0af13e1377e3eaf106c12202a14
user5	421	128	1273165977981	0	0	a0af13e1377e3eaf106c12202a14
user5	397	143	1273165977989	0	0	a0af13e1377e3eaf106c12202a14
user5	383	153	1273165977998	0	0	a0af13e1377e3eaf106c12202a14
user5	374	160	1273165978008	0	0	a0af13e1377e3eaf106c12202a14
user5	370	164	1273165978012	0	0	a0af13e1377e3eaf106c12202a14
user5	369	166	1273165978022	0	0	a0af13e1377e3eaf106c12202a14
user5	368	166	1273165978027	0	0	a0af13e1377e3eaf106c12202a14
user5	374	161	1273165978198	0	0	a0af13e1377e3eaf106c12202a14
user5	375	160	1273165978215	0	0	a0af13e1377e3eaf106c12202a14
user5	375	159	1273165978215	0	0	a0af13e1377e3eaf106c12202a14
user5	373	159	1273165978246	0	0	a0af13e1377e3eaf106c12202a14
user5	372	160	1273165978256	0	0	a0af13e1377e3eaf106c12202a14
user5	369	162	1273165978266	0	0	a0af13e1377e3eaf106c12202a14
user5	365	166	1273165978276	0	0	a0af13e1377e3eaf106c12202a14
user5	360	171	1273165978293	0	0	a0af13e1377e3eaf106c12202a14
user5	354	176	1273165978293	0	0	a0af13e1377e3eaf106c12202a14
user5	349	182	1273165978303	0	0	a0af13e1377e3eaf106c12202a14
user5	343	188	1273165978324	0	0	a0af13e1377e3eaf106c12202a14
user5	336	193	1273165978324	0	0	a0af13e1377e3eaf106c12202a14
user5	331	200	1273165978334	0	0	a0af13e1377e3eaf106c12202a14
user5	325	205	1273165978347	0	0	a0af13e1377e3eaf106c12202a14
user5	319	210	1273165978354	0	0	a0af13e1377e3eaf106c12202a14
user5	314	216	1273165978364	0	0	a0af13e1377e3eaf106c12202a14
user5	309	220	1273165978387	0	0	a0af13e1377e3eaf106c12202a14
user5	307	222	1273165978387	0	0	a0af13e1377e3eaf106c12202a14
user5	305	224	1273165978402	0	0	a0af13e1377e3eaf106c12202a14
user5	302	227	1273165978412	0	0	a0af13e1377e3eaf106c12202a14
user5	301	229	1273165978419	0	0	a0af13e1377e3eaf106c12202a14
user5	299	230	1273165978429	0	0	a0af13e1377e3eaf106c12202a14
user5	298	231	1273165978434	0	0	a0af13e1377e3eaf106c12202a14
user5	297	232	1273165978449	0	0	a0af13e1377e3eaf106c12202a14
user5	296	232	1273165978474	0	0	a0af13e1377e3eaf106c12202a14
user5	296	231	1273165978643	0	0	a0af13e1377e3eaf106c12202a14
user5	297	230	1273165978653	0	0	a0af13e1377e3eaf106c12202a14
user5	299	228	1273165978663	0	0	a0af13e1377e3eaf106c12202a14
user5	300	226	1273165978668	0	0	a0af13e1377e3eaf106c12202a14
user5	301	224	1273165978685	0	0	a0af13e1377e3eaf106c12202a14
user5	302	222	1273165978694	0	0	a0af13e1377e3eaf106c12202a14
user5	303	221	1273165978704	0	0	a0af13e1377e3eaf106c12202a14
user5	305	220	1273165978714	0	0	a0af13e1377e3eaf106c12202a14
user5	305	218	1273165978724	0	0	a0af13e1377e3eaf106c12202a14
user5	306	216	1273165978734	0	0	a0af13e1377e3eaf106c12202a14
user5	307	215	1273165978744	0	0	a0af13e1377e3eaf106c12202a14
user5	308	213	1273165978756	0	0	a0af13e1377e3eaf106c12202a14
user5	309	212	1273165978763	0	0	a0af13e1377e3eaf106c12202a14
user5	309	211	1273165978773	0	0	a0af13e1377e3eaf106c12202a14
user5	310	209	1273165978783	0	0	a0af13e1377e3eaf106c12202a14
user5	313	206	1273165978793	0	0	a0af13e1377e3eaf106c12202a14
user5	313	205	1273165978809	0	0	a0af13e1377e3eaf106c12202a14
user5	314	205	1273165978824	0	0	a0af13e1377e3eaf106c12202a14
user5	315	204	1273165978824	0	0	a0af13e1377e3eaf106c12202a14
user5	315	203	1273165978834	0	0	a0af13e1377e3eaf106c12202a14
user5	316	202	1273165978854	0	0	a0af13e1377e3eaf106c12202a14
user5	317	202	1273165978893	0	0	a0af13e1377e3eaf106c12202a14
user5	317	202	1273165979132	1273165978979	1273165979132	a0af13e1377e3eaf106c12202a14
user5	316	203	1273165979330	0	0	a0af13e1377e3eaf106c12202a14
user5	315	203	1273165979371	0	0	a0af13e1377e3eaf106c12202a14
user5	314	203	1273165979402	0	0	a0af13e1377e3eaf106c12202a14
user5	313	203	1273165979449	0	0	a0af13e1377e3eaf106c12202a14
user5	312	204	1273165979465	0	0	a0af13e1377e3eaf106c12202a14
user5	311	205	1273165979495	0	0	a0af13e1377e3eaf106c12202a14
user5	310	205	1273165979527	0	0	a0af13e1377e3eaf106c12202a14
user5	309	205	1273165979554	0	0	a0af13e1377e3eaf106c12202a14
user5	309	206	1273165979603	0	0	a0af13e1377e3eaf106c12202a14
user5	308	206	1273165979683	0	0	a0af13e1377e3eaf106c12202a14
user5	308	207	1273165979866	0	0	a0af13e1377e3eaf106c12202a14
user5	310	205	1273165980137	0	0	a0af13e1377e3eaf106c12202a14
user5	318	199	1273165980152	0	0	a0af13e1377e3eaf106c12202a14
user5	323	194	1273165980168	0	0	a0af13e1377e3eaf106c12202a14
user5	329	188	1273165980178	0	0	a0af13e1377e3eaf106c12202a14
user5	336	180	1273165980188	0	0	a0af13e1377e3eaf106c12202a14
user5	344	171	1273165980198	0	0	a0af13e1377e3eaf106c12202a14
user5	355	161	1273165980199	0	0	a0af13e1377e3eaf106c12202a14
user5	366	151	1273165980215	0	0	a0af13e1377e3eaf106c12202a14
user5	378	136	1273165980231	0	0	a0af13e1377e3eaf106c12202a14
user5	389	124	1273165980231	0	0	a0af13e1377e3eaf106c12202a14
user5	398	115	1273165980241	0	0	a0af13e1377e3eaf106c12202a14
user5	407	109	1273165980262	0	0	a0af13e1377e3eaf106c12202a14
user5	414	103	1273165980262	0	0	a0af13e1377e3eaf106c12202a14
user5	420	97	1273165980277	0	0	a0af13e1377e3eaf106c12202a14
user5	425	92	1273165980293	0	0	a0af13e1377e3eaf106c12202a14
user5	429	90	1273165980302	0	0	a0af13e1377e3eaf106c12202a14
user5	431	86	1273165980309	0	0	a0af13e1377e3eaf106c12202a14
user5	433	84	1273165980309	0	0	a0af13e1377e3eaf106c12202a14
user5	434	82	1273165980319	0	0	a0af13e1377e3eaf106c12202a14
user5	436	81	1273165980329	0	0	a0af13e1377e3eaf106c12202a14
user5	436	80	1273165980339	0	0	a0af13e1377e3eaf106c12202a14
user5	437	79	1273165980348	0	0	a0af13e1377e3eaf106c12202a14
user5	438	79	1273165980368	0	0	a0af13e1377e3eaf106c12202a14
user5	438	78	1273165980398	0	0	a0af13e1377e3eaf106c12202a14
user5	438	77	1273165980458	0	0	a0af13e1377e3eaf106c12202a14
user5	439	76	1273165980496	0	0	a0af13e1377e3eaf106c12202a14
user5	439	74	1273165980517	0	0	a0af13e1377e3eaf106c12202a14
user5	440	74	1273165980527	0	0	a0af13e1377e3eaf106c12202a14
user5	440	73	1273165980527	0	0	a0af13e1377e3eaf106c12202a14
user5	441	71	1273165980536	0	0	a0af13e1377e3eaf106c12202a14
user5	442	70	1273165980547	0	0	a0af13e1377e3eaf106c12202a14
user5	442	69	1273165980557	0	0	a0af13e1377e3eaf106c12202a14
user5	442	67	1273165980575	0	0	a0af13e1377e3eaf106c12202a14
user5	442	66	1273165980590	0	0	a0af13e1377e3eaf106c12202a14
user5	443	65	1273165980590	0	0	a0af13e1377e3eaf106c12202a14
user5	443	64	1273165980606	0	0	a0af13e1377e3eaf106c12202a14
user5	444	64	1273165980606	0	0	a0af13e1377e3eaf106c12202a14
user5	444	63	1273165980616	0	0	a0af13e1377e3eaf106c12202a14
user5	444	62	1273165980637	0	0	a0af13e1377e3eaf106c12202a14
user5	444	61	1273165980667	0	0	a0af13e1377e3eaf106c12202a14
user5	443	62	1273165981574	0	0	a0af13e1377e3eaf106c12202a14
user5	442	62	1273165981590	0	0	a0af13e1377e3eaf106c12202a14
user5	442	63	1273165981603	0	0	a0af13e1377e3eaf106c12202a14
user5	441	63	1273165981606	0	0	a0af13e1377e3eaf106c12202a14
user5	440	65	1273165981621	0	0	a0af13e1377e3eaf106c12202a14
user5	438	66	1273165981631	0	0	a0af13e1377e3eaf106c12202a14
user5	435	68	1273165981641	0	0	a0af13e1377e3eaf106c12202a14
user5	432	70	1273165981652	0	0	a0af13e1377e3eaf106c12202a14
user5	425	74	1273165981652	0	0	a0af13e1377e3eaf106c12202a14
user5	416	78	1273165981662	0	0	a0af13e1377e3eaf106c12202a14
user5	408	83	1273165981672	0	0	a0af13e1377e3eaf106c12202a14
user5	397	91	1273165981682	0	0	a0af13e1377e3eaf106c12202a14
user5	388	98	1273165981699	0	0	a0af13e1377e3eaf106c12202a14
user5	379	107	1273165981707	0	0	a0af13e1377e3eaf106c12202a14
user5	370	116	1273165981715	0	0	a0af13e1377e3eaf106c12202a14
user5	363	125	1273165981725	0	0	a0af13e1377e3eaf106c12202a14
user5	357	133	1273165981735	0	0	a0af13e1377e3eaf106c12202a14
user5	351	141	1273165981745	0	0	a0af13e1377e3eaf106c12202a14
user5	347	147	1273165981746	0	0	a0af13e1377e3eaf106c12202a14
user5	343	153	1273165981762	0	0	a0af13e1377e3eaf106c12202a14
user5	339	158	1273165981781	0	0	a0af13e1377e3eaf106c12202a14
user5	336	162	1273165981791	0	0	a0af13e1377e3eaf106c12202a14
user5	333	167	1273165981801	0	0	a0af13e1377e3eaf106c12202a14
user5	331	172	1273165981811	0	0	a0af13e1377e3eaf106c12202a14
user5	328	175	1273165981821	0	0	a0af13e1377e3eaf106c12202a14
user5	325	180	1273165981830	0	0	a0af13e1377e3eaf106c12202a14
user5	322	185	1273165981840	0	0	a0af13e1377e3eaf106c12202a14
user5	321	187	1273165981856	0	0	a0af13e1377e3eaf106c12202a14
user5	321	189	1273165981856	0	0	a0af13e1377e3eaf106c12202a14
user5	320	190	1273165981871	0	0	a0af13e1377e3eaf106c12202a14
user5	319	191	1273165981880	0	0	a0af13e1377e3eaf106c12202a14
user5	319	192	1273165981887	0	0	a0af13e1377e3eaf106c12202a14
user5	318	192	1273165981902	0	0	a0af13e1377e3eaf106c12202a14
user5	318	193	1273165981918	0	0	a0af13e1377e3eaf106c12202a14
user5	317	194	1273165981928	0	0	a0af13e1377e3eaf106c12202a14
user5	316	197	1273165981938	0	0	a0af13e1377e3eaf106c12202a14
user5	315	198	1273165981948	0	0	a0af13e1377e3eaf106c12202a14
user5	315	199	1273165981949	0	0	a0af13e1377e3eaf106c12202a14
user5	315	201	1273165981958	0	0	a0af13e1377e3eaf106c12202a14
user5	314	202	1273165981968	0	0	a0af13e1377e3eaf106c12202a14
user5	313	202	1273165981978	0	0	a0af13e1377e3eaf106c12202a14
user5	313	204	1273165981996	0	0	a0af13e1377e3eaf106c12202a14
user5	312	204	1273165981996	0	0	a0af13e1377e3eaf106c12202a14
user5	311	205	1273165982006	0	0	a0af13e1377e3eaf106c12202a14
user5	311	205	1273165982246	1273165982016	1273165982246	a0af13e1377e3eaf106c12202a14
user5	308	209	1273165982532	0	0	a0af13e1377e3eaf106c12202a14
user5	307	209	1273165982552	0	0	a0af13e1377e3eaf106c12202a14
user5	307	210	1273165982559	0	0	a0af13e1377e3eaf106c12202a14
user5	306	210	1273165982574	0	0	a0af13e1377e3eaf106c12202a14
user5	305	212	1273165982584	0	0	a0af13e1377e3eaf106c12202a14
user5	301	214	1273165982594	0	0	a0af13e1377e3eaf106c12202a14
user5	299	216	1273165982604	0	0	a0af13e1377e3eaf106c12202a14
user5	294	219	1273165982606	0	0	a0af13e1377e3eaf106c12202a14
user5	288	222	1273165982621	0	0	a0af13e1377e3eaf106c12202a14
user5	283	225	1273165982629	0	0	a0af13e1377e3eaf106c12202a14
user5	277	227	1273165982639	0	0	a0af13e1377e3eaf106c12202a14
user5	271	230	1273165982652	0	0	a0af13e1377e3eaf106c12202a14
user5	266	232	1273165982652	0	0	a0af13e1377e3eaf106c12202a14
user5	262	234	1273165982668	0	0	a0af13e1377e3eaf106c12202a14
user5	257	235	1273165982684	0	0	a0af13e1377e3eaf106c12202a14
user5	254	236	1273165982684	0	0	a0af13e1377e3eaf106c12202a14
user5	250	238	1273165982699	0	0	a0af13e1377e3eaf106c12202a14
user5	246	240	1273165982709	0	0	a0af13e1377e3eaf106c12202a14
user5	243	240	1273165982719	0	0	a0af13e1377e3eaf106c12202a14
user5	241	241	1273165982729	0	0	a0af13e1377e3eaf106c12202a14
user5	240	242	1273165982739	0	0	a0af13e1377e3eaf106c12202a14
user5	238	243	1273165982754	0	0	a0af13e1377e3eaf106c12202a14
user5	237	243	1273165982758	0	0	a0af13e1377e3eaf106c12202a14
user5	236	243	1273165982778	0	0	a0af13e1377e3eaf106c12202a14
user5	235	243	1273165982809	0	0	a0af13e1377e3eaf106c12202a14
user5	234	243	1273165982840	0	0	a0af13e1377e3eaf106c12202a14
user5	233	243	1273165982861	0	0	a0af13e1377e3eaf106c12202a14
user5	232	243	1273165982871	0	0	a0af13e1377e3eaf106c12202a14
user5	231	243	1273165982891	0	0	a0af13e1377e3eaf106c12202a14
user5	230	243	1273165982902	0	0	a0af13e1377e3eaf106c12202a14
user5	228	244	1273165982918	0	0	a0af13e1377e3eaf106c12202a14
user5	228	245	1273165982930	0	0	a0af13e1377e3eaf106c12202a14
user5	227	245	1273165982939	0	0	a0af13e1377e3eaf106c12202a14
user5	226	246	1273165982958	0	0	a0af13e1377e3eaf106c12202a14
user5	225	247	1273165982981	0	0	a0af13e1377e3eaf106c12202a14
user5	224	248	1273165983012	0	0	a0af13e1377e3eaf106c12202a14
user5	223	248	1273165983043	0	0	a0af13e1377e3eaf106c12202a14
user5	223	249	1273165983049	0	0	a0af13e1377e3eaf106c12202a14
user5	223	250	1273165983121	0	0	a0af13e1377e3eaf106c12202a14
user5	222	250	1273165983121	0	0	a0af13e1377e3eaf106c12202a14
user5	221	250	1273165983152	0	0	a0af13e1377e3eaf106c12202a14
user5	220	251	1273165983174	0	0	a0af13e1377e3eaf106c12202a14
user5	219	252	1273165983201	0	0	a0af13e1377e3eaf106c12202a14
user5	218	252	1273165983211	0	0	a0af13e1377e3eaf106c12202a14
user5	218	253	1273165983215	0	0	a0af13e1377e3eaf106c12202a14
user5	217	253	1273165983231	0	0	a0af13e1377e3eaf106c12202a14
user5	216	254	1273165983259	0	0	a0af13e1377e3eaf106c12202a14
user5	215	255	1273165983269	0	0	a0af13e1377e3eaf106c12202a14
user5	215	256	1273165983277	0	0	a0af13e1377e3eaf106c12202a14
user5	215	257	1273165983284	0	0	a0af13e1377e3eaf106c12202a14
user5	214	257	1273165983293	0	0	a0af13e1377e3eaf106c12202a14
user5	213	258	1273165983324	0	0	a0af13e1377e3eaf106c12202a14
user5	214	296	1273165983871	0	0	a0af13e1377e3eaf106c12202a14
user5	214	295	1273165983934	0	0	a0af13e1377e3eaf106c12202a14
user5	215	294	1273165983953	0	0	a0af13e1377e3eaf106c12202a14
user5	215	293	1273165983963	0	0	a0af13e1377e3eaf106c12202a14
user5	216	292	1273165983981	0	0	a0af13e1377e3eaf106c12202a14
user5	216	291	1273165983981	0	0	a0af13e1377e3eaf106c12202a14
user5	218	290	1273165983991	0	0	a0af13e1377e3eaf106c12202a14
user5	219	288	1273165984001	0	0	a0af13e1377e3eaf106c12202a14
user5	220	288	1273165984010	0	0	a0af13e1377e3eaf106c12202a14
user5	221	286	1273165984020	0	0	a0af13e1377e3eaf106c12202a14
user5	222	283	1273165984045	0	0	a0af13e1377e3eaf106c12202a14
user5	225	280	1273165984053	0	0	a0af13e1377e3eaf106c12202a14
user5	229	277	1273165984063	0	0	a0af13e1377e3eaf106c12202a14
user5	234	269	1273165984073	0	0	a0af13e1377e3eaf106c12202a14
user5	239	262	1273165984074	0	0	a0af13e1377e3eaf106c12202a14
user5	245	256	1273165984090	0	0	a0af13e1377e3eaf106c12202a14
user5	250	250	1273165984090	0	0	a0af13e1377e3eaf106c12202a14
user5	253	245	1273165984106	0	0	a0af13e1377e3eaf106c12202a14
user5	255	243	1273165984121	0	0	a0af13e1377e3eaf106c12202a14
user5	258	241	1273165984121	0	0	a0af13e1377e3eaf106c12202a14
user5	259	240	1273165984130	0	0	a0af13e1377e3eaf106c12202a14
user5	261	240	1273165984152	0	0	a0af13e1377e3eaf106c12202a14
user5	263	240	1273165984156	0	0	a0af13e1377e3eaf106c12202a14
user5	264	240	1273165984168	0	0	a0af13e1377e3eaf106c12202a14
user5	266	240	1273165984187	0	0	a0af13e1377e3eaf106c12202a14
user5	267	241	1273165984215	0	0	a0af13e1377e3eaf106c12202a14
user5	268	242	1273165984246	0	0	a0af13e1377e3eaf106c12202a14
user5	268	243	1273165984262	0	0	a0af13e1377e3eaf106c12202a14
user5	268	245	1273165984282	0	0	a0af13e1377e3eaf106c12202a14
user5	268	246	1273165984300	0	0	a0af13e1377e3eaf106c12202a14
user5	268	247	1273165984324	0	0	a0af13e1377e3eaf106c12202a14
user5	268	248	1273165984340	0	0	a0af13e1377e3eaf106c12202a14
user5	268	247	1273165984809	0	0	a0af13e1377e3eaf106c12202a14
user5	267	247	1273165984814	0	0	a0af13e1377e3eaf106c12202a14
user5	267	246	1273165984844	0	0	a0af13e1377e3eaf106c12202a14
user5	267	245	1273165984856	0	0	a0af13e1377e3eaf106c12202a14
user5	266	245	1273165984858	0	0	a0af13e1377e3eaf106c12202a14
user5	266	244	1273165984862	0	0	a0af13e1377e3eaf106c12202a14
user5	266	243	1273165984887	0	0	a0af13e1377e3eaf106c12202a14
user5	266	241	1273165984887	0	0	a0af13e1377e3eaf106c12202a14
user5	265	238	1273165984934	0	0	a0af13e1377e3eaf106c12202a14
user5	258	229	1273165984941	0	0	a0af13e1377e3eaf106c12202a14
user5	252	221	1273165984947	0	0	a0af13e1377e3eaf106c12202a14
user5	250	219	1273165984948	0	0	a0af13e1377e3eaf106c12202a14
user5	246	216	1273165984965	0	0	a0af13e1377e3eaf106c12202a14
user5	244	215	1273165984969	0	0	a0af13e1377e3eaf106c12202a14
user5	239	213	1273165984996	0	0	a0af13e1377e3eaf106c12202a14
user5	235	212	1273165985001	0	0	a0af13e1377e3eaf106c12202a14
user5	230	212	1273165985008	0	0	a0af13e1377e3eaf106c12202a14
user5	223	211	1273165985027	0	0	a0af13e1377e3eaf106c12202a14
user5	217	211	1273165985027	0	0	a0af13e1377e3eaf106c12202a14
user5	209	211	1273165985035	0	0	a0af13e1377e3eaf106c12202a14
user5	200	212	1273165985059	0	0	a0af13e1377e3eaf106c12202a14
user5	189	213	1273165985059	0	0	a0af13e1377e3eaf106c12202a14
user5	177	216	1273165985062	0	0	a0af13e1377e3eaf106c12202a14
user5	163	222	1273165985066	0	0	a0af13e1377e3eaf106c12202a14
user5	143	231	1273165985090	0	0	a0af13e1377e3eaf106c12202a14
user5	125	239	1273165985096	0	0	a0af13e1377e3eaf106c12202a14
user5	114	244	1273165985100	0	0	a0af13e1377e3eaf106c12202a14
user5	105	249	1273165985121	0	0	a0af13e1377e3eaf106c12202a14
user5	100	252	1273165985137	0	0	a0af13e1377e3eaf106c12202a14
user5	98	254	1273165985137	0	0	a0af13e1377e3eaf106c12202a14
user5	96	255	1273165985144	0	0	a0af13e1377e3eaf106c12202a14
user5	95	255	1273165985147	0	0	a0af13e1377e3eaf106c12202a14
user5	95	256	1273165985168	0	0	a0af13e1377e3eaf106c12202a14
user5	94	256	1273165985173	0	0	a0af13e1377e3eaf106c12202a14
user5	101	254	1273165985282	0	0	a0af13e1377e3eaf106c12202a14
user5	101	254	1273165985293	1273165985174	1273165985293	a0af13e1377e3eaf106c12202a14
user5	109	252	1273165985309	0	0	a0af13e1377e3eaf106c12202a14
user5	123	249	1273165985309	0	0	a0af13e1377e3eaf106c12202a14
user5	136	245	1273165985314	0	0	a0af13e1377e3eaf106c12202a14
user5	149	242	1273165985324	0	0	a0af13e1377e3eaf106c12202a14
user5	161	240	1273165985329	0	0	a0af13e1377e3eaf106c12202a14
user5	172	239	1273165985356	0	0	a0af13e1377e3eaf106c12202a14
user5	181	238	1273165985362	0	0	a0af13e1377e3eaf106c12202a14
user5	188	236	1273165985369	0	0	a0af13e1377e3eaf106c12202a14
user5	194	235	1273165985373	0	0	a0af13e1377e3eaf106c12202a14
user5	197	233	1273165985376	0	0	a0af13e1377e3eaf106c12202a14
user5	201	231	1273165985402	0	0	a0af13e1377e3eaf106c12202a14
user5	205	229	1273165985402	0	0	a0af13e1377e3eaf106c12202a14
user5	209	227	1273165985407	0	0	a0af13e1377e3eaf106c12202a14
user5	215	225	1273165985434	0	0	a0af13e1377e3eaf106c12202a14
user5	220	222	1273165985438	0	0	a0af13e1377e3eaf106c12202a14
user5	225	219	1273165985449	0	0	a0af13e1377e3eaf106c12202a14
user5	229	216	1273165985449	0	0	a0af13e1377e3eaf106c12202a14
user5	232	214	1273165985459	0	0	a0af13e1377e3eaf106c12202a14
user5	234	212	1273165985469	0	0	a0af13e1377e3eaf106c12202a14
user5	235	210	1273165985481	0	0	a0af13e1377e3eaf106c12202a14
user5	237	209	1273165985491	0	0	a0af13e1377e3eaf106c12202a14
user5	237	207	1273165985512	0	0	a0af13e1377e3eaf106c12202a14
user5	239	206	1273165985512	0	0	a0af13e1377e3eaf106c12202a14
user5	240	205	1273165985527	0	0	a0af13e1377e3eaf106c12202a14
user5	242	202	1273165985527	0	0	a0af13e1377e3eaf106c12202a14
user5	245	200	1273165985543	0	0	a0af13e1377e3eaf106c12202a14
user5	247	199	1273165985559	0	0	a0af13e1377e3eaf106c12202a14
user5	249	196	1273165985559	0	0	a0af13e1377e3eaf106c12202a14
user5	251	196	1273165985574	0	0	a0af13e1377e3eaf106c12202a14
user5	251	194	1273165985591	0	0	a0af13e1377e3eaf106c12202a14
user5	252	194	1273165985596	0	0	a0af13e1377e3eaf106c12202a14
user5	252	193	1273165985604	0	0	a0af13e1377e3eaf106c12202a14
user5	252	193	1273165985716	1273165985632	1273165985716	a0af13e1377e3eaf106c12202a14
user5	253	192	1273165985746	0	0	a0af13e1377e3eaf106c12202a14
user5	253	191	1273165985777	0	0	a0af13e1377e3eaf106c12202a14
user5	254	190	1273165989699	0	0	a0af13e1377e3eaf106c12202a14
user5	258	189	1273165989704	0	0	a0af13e1377e3eaf106c12202a14
user5	270	189	1273165989731	0	0	a0af13e1377e3eaf106c12202a14
user5	294	189	1273165989731	0	0	a0af13e1377e3eaf106c12202a14
user5	332	189	1273165989746	0	0	a0af13e1377e3eaf106c12202a14
user5	370	196	1273165989754	0	0	a0af13e1377e3eaf106c12202a14
user5	394	203	1273165989757	0	0	a0af13e1377e3eaf106c12202a14
user5	405	207	1273165989777	0	0	a0af13e1377e3eaf106c12202a14
user5	410	207	1273165989777	0	0	a0af13e1377e3eaf106c12202a14
user5	411	207	1273165989793	0	0	a0af13e1377e3eaf106c12202a14
user5	410	207	1273165989887	0	0	a0af13e1377e3eaf106c12202a14
user5	409	207	1273165989902	0	0	a0af13e1377e3eaf106c12202a14
user5	409	206	1273165989908	0	0	a0af13e1377e3eaf106c12202a14
user5	409	207	1273165989965	0	0	a0af13e1377e3eaf106c12202a14
user5	412	207	1273165989970	0	0	a0af13e1377e3eaf106c12202a14
user5	430	215	1273165990016	0	0	a0af13e1377e3eaf106c12202a14
user5	444	219	1273165990017	0	0	a0af13e1377e3eaf106c12202a14
user5	468	225	1273165990018	0	0	a0af13e1377e3eaf106c12202a14
user5	494	230	1273165990027	0	0	a0af13e1377e3eaf106c12202a14
user5	525	233	1273165990027	0	0	a0af13e1377e3eaf106c12202a14
user5	558	235	1273165990043	0	0	a0af13e1377e3eaf106c12202a14
user5	586	237	1273165990059	0	0	a0af13e1377e3eaf106c12202a14
user5	601	237	1273165990070	0	0	a0af13e1377e3eaf106c12202a14
user5	609	238	1273165990074	0	0	a0af13e1377e3eaf106c12202a14
user5	612	238	1273165990074	0	0	a0af13e1377e3eaf106c12202a14
user5	613	238	1273165990084	0	0	a0af13e1377e3eaf106c12202a14
user5	612	238	1273165990133	0	0	a0af13e1377e3eaf106c12202a14
user5	611	238	1273165990153	0	0	a0af13e1377e3eaf106c12202a14
user5	611	237	1273165990183	0	0	a0af13e1377e3eaf106c12202a14
user5	610	236	1273165990193	0	0	a0af13e1377e3eaf106c12202a14
user5	609	234	1273165990215	0	0	a0af13e1377e3eaf106c12202a14
user5	607	233	1273165990215	0	0	a0af13e1377e3eaf106c12202a14
user5	605	231	1273165990226	0	0	a0af13e1377e3eaf106c12202a14
user5	604	230	1273165990246	0	0	a0af13e1377e3eaf106c12202a14
user5	602	228	1273165990254	0	0	a0af13e1377e3eaf106c12202a14
user5	601	227	1273165990265	0	0	a0af13e1377e3eaf106c12202a14
user5	599	226	1273165990277	0	0	a0af13e1377e3eaf106c12202a14
user5	599	225	1273165990282	0	0	a0af13e1377e3eaf106c12202a14
user5	598	224	1273165990293	0	0	a0af13e1377e3eaf106c12202a14
user5	598	223	1273165990309	0	0	a0af13e1377e3eaf106c12202a14
user5	597	223	1273165990324	0	0	a0af13e1377e3eaf106c12202a14
user5	597	223	1273165990417	1273165990356	1273165990417	a0af13e1377e3eaf106c12202a14
user5	556	6	1273166001179	0	0	a0af13e1377e3eaf106c12202a14
user5	528	15	1273166001240	0	0	a0af13e1377e3eaf106c12202a14
user5	463	40	1273166001241	0	0	a0af13e1377e3eaf106c12202a14
user5	454	43	1273166001241	0	0	a0af13e1377e3eaf106c12202a14
user5	446	46	1273166001247	0	0	a0af13e1377e3eaf106c12202a14
user5	440	48	1273166001252	0	0	a0af13e1377e3eaf106c12202a14
user5	434	49	1273166001262	0	0	a0af13e1377e3eaf106c12202a14
user5	430	51	1273166001282	0	0	a0af13e1377e3eaf106c12202a14
user5	426	52	1273166001293	0	0	a0af13e1377e3eaf106c12202a14
user5	421	53	1273166001306	0	0	a0af13e1377e3eaf106c12202a14
user5	417	53	1273166001309	0	0	a0af13e1377e3eaf106c12202a14
user5	414	53	1273166001309	0	0	a0af13e1377e3eaf106c12202a14
user5	412	53	1273166001324	0	0	a0af13e1377e3eaf106c12202a14
user5	412	54	1273166001340	0	0	a0af13e1377e3eaf106c12202a14
user5	413	54	1273166001428	0	0	a0af13e1377e3eaf106c12202a14
user5	414	54	1273166001438	0	0	a0af13e1377e3eaf106c12202a14
user5	416	54	1273166001449	0	0	a0af13e1377e3eaf106c12202a14
user5	418	54	1273166001458	0	0	a0af13e1377e3eaf106c12202a14
user5	419	54	1273166001468	0	0	a0af13e1377e3eaf106c12202a14
user5	421	54	1273166001481	0	0	a0af13e1377e3eaf106c12202a14
user5	422	54	1273166001496	0	0	a0af13e1377e3eaf106c12202a14
user5	424	54	1273166001506	0	0	a0af13e1377e3eaf106c12202a14
user5	425	54	1273166001516	0	0	a0af13e1377e3eaf106c12202a14
user5	427	54	1273166001526	0	0	a0af13e1377e3eaf106c12202a14
user5	428	54	1273166001536	0	0	a0af13e1377e3eaf106c12202a14
user5	431	54	1273166001546	0	0	a0af13e1377e3eaf106c12202a14
user5	433	53	1273166001559	0	0	a0af13e1377e3eaf106c12202a14
user5	435	53	1273166001559	0	0	a0af13e1377e3eaf106c12202a14
user5	437	53	1273166001569	0	0	a0af13e1377e3eaf106c12202a14
user5	438	53	1273166001580	0	0	a0af13e1377e3eaf106c12202a14
user5	441	52	1273166001590	0	0	a0af13e1377e3eaf106c12202a14
user5	442	52	1273166001606	0	0	a0af13e1377e3eaf106c12202a14
user5	443	52	1273166001616	0	0	a0af13e1377e3eaf106c12202a14
user5	444	52	1273166001621	0	0	a0af13e1377e3eaf106c12202a14
user5	444	51	1273166001637	0	0	a0af13e1377e3eaf106c12202a14
user5	444	51	1273166002153	1273166002085	1273166002153	a0af13e1377e3eaf106c12202a14
user5	331	92	1273166003949	0	0	a0af13e1377e3eaf106c12202a14
user5	330	92	1273166003981	0	0	a0af13e1377e3eaf106c12202a14
user5	330	90	1273166003996	0	0	a0af13e1377e3eaf106c12202a14
user5	330	89	1273166004003	0	0	a0af13e1377e3eaf106c12202a14
user5	330	88	1273166004006	0	0	a0af13e1377e3eaf106c12202a14
user5	331	87	1273166004152	0	0	a0af13e1377e3eaf106c12202a14
user5	341	83	1273166004161	0	0	a0af13e1377e3eaf106c12202a14
user5	357	79	1273166004166	0	0	a0af13e1377e3eaf106c12202a14
user5	369	76	1273166004184	0	0	a0af13e1377e3eaf106c12202a14
user5	380	74	1273166004189	0	0	a0af13e1377e3eaf106c12202a14
user5	391	71	1273166004199	0	0	a0af13e1377e3eaf106c12202a14
user5	403	68	1273166004215	0	0	a0af13e1377e3eaf106c12202a14
user5	415	66	1273166004221	0	0	a0af13e1377e3eaf106c12202a14
user5	429	65	1273166004223	0	0	a0af13e1377e3eaf106c12202a14
user5	442	65	1273166004246	0	0	a0af13e1377e3eaf106c12202a14
user5	454	65	1273166004262	0	0	a0af13e1377e3eaf106c12202a14
user5	463	67	1273166004278	0	0	a0af13e1377e3eaf106c12202a14
user5	473	70	1273166004282	0	0	a0af13e1377e3eaf106c12202a14
user5	480	74	1273166004293	0	0	a0af13e1377e3eaf106c12202a14
user5	488	79	1273166004293	0	0	a0af13e1377e3eaf106c12202a14
user5	494	84	1273166004298	0	0	a0af13e1377e3eaf106c12202a14
user5	499	89	1273166004303	0	0	a0af13e1377e3eaf106c12202a14
user5	504	95	1273166004324	0	0	a0af13e1377e3eaf106c12202a14
user5	507	103	1273166004340	0	0	a0af13e1377e3eaf106c12202a14
user5	510	110	1273166004345	0	0	a0af13e1377e3eaf106c12202a14
user5	513	117	1273166004356	0	0	a0af13e1377e3eaf106c12202a14
user5	514	124	1273166004371	0	0	a0af13e1377e3eaf106c12202a14
user5	515	133	1273166004377	0	0	a0af13e1377e3eaf106c12202a14
user5	515	141	1273166004387	0	0	a0af13e1377e3eaf106c12202a14
user5	515	150	1273166004387	0	0	a0af13e1377e3eaf106c12202a14
user5	513	160	1273166004394	0	0	a0af13e1377e3eaf106c12202a14
user5	512	169	1273166004418	0	0	a0af13e1377e3eaf106c12202a14
user5	512	177	1273166004423	0	0	a0af13e1377e3eaf106c12202a14
user5	512	185	1273166004428	0	0	a0af13e1377e3eaf106c12202a14
user5	512	191	1273166004449	0	0	a0af13e1377e3eaf106c12202a14
user5	514	196	1273166004449	0	0	a0af13e1377e3eaf106c12202a14
user5	516	198	1273166004465	0	0	a0af13e1377e3eaf106c12202a14
user5	517	200	1273166004469	0	0	a0af13e1377e3eaf106c12202a14
user5	518	201	1273166004474	0	0	a0af13e1377e3eaf106c12202a14
user5	519	202	1273166004496	0	0	a0af13e1377e3eaf106c12202a14
user5	520	202	1273166004496	0	0	a0af13e1377e3eaf106c12202a14
user5	521	202	1273166004512	0	0	a0af13e1377e3eaf106c12202a14
user5	522	202	1273166004527	0	0	a0af13e1377e3eaf106c12202a14
user5	523	201	1273166004559	0	0	a0af13e1377e3eaf106c12202a14
user5	524	199	1273166004571	0	0	a0af13e1377e3eaf106c12202a14
user5	526	197	1273166004572	0	0	a0af13e1377e3eaf106c12202a14
user5	527	196	1273166004579	0	0	a0af13e1377e3eaf106c12202a14
user5	525	195	1273166004606	0	0	a0af13e1377e3eaf106c12202a14
user5	526	192	1273166004860	0	0	a0af13e1377e3eaf106c12202a14
user5	527	191	1273166004996	0	0	a0af13e1377e3eaf106c12202a14
user5	527	190	1273166005012	0	0	a0af13e1377e3eaf106c12202a14
user5	527	188	1273166005012	0	0	a0af13e1377e3eaf106c12202a14
user5	528	186	1273166005017	0	0	a0af13e1377e3eaf106c12202a14
user5	529	183	1273166005050	0	0	a0af13e1377e3eaf106c12202a14
user5	529	181	1273166005051	0	0	a0af13e1377e3eaf106c12202a14
user5	529	180	1273166005074	0	0	a0af13e1377e3eaf106c12202a14
user5	528	180	1273166005184	0	0	a0af13e1377e3eaf106c12202a14
user5	527	181	1273166005184	0	0	a0af13e1377e3eaf106c12202a14
user5	527	182	1273166005340	0	0	a0af13e1377e3eaf106c12202a14
user5	526	182	1273166005344	0	0	a0af13e1377e3eaf106c12202a14
user5	525	182	1273166005402	0	0	a0af13e1377e3eaf106c12202a14
user5	524	182	1273166005434	0	0	a0af13e1377e3eaf106c12202a14
user5	523	182	1273166005449	0	0	a0af13e1377e3eaf106c12202a14
user5	522	182	1273166005481	0	0	a0af13e1377e3eaf106c12202a14
user5	522	183	1273166005496	0	0	a0af13e1377e3eaf106c12202a14
user5	521	183	1273166005512	0	0	a0af13e1377e3eaf106c12202a14
user5	521	184	1273166005512	0	0	a0af13e1377e3eaf106c12202a14
user5	519	185	1273166005517	0	0	a0af13e1377e3eaf106c12202a14
user5	518	187	1273166005547	0	0	a0af13e1377e3eaf106c12202a14
user5	516	187	1273166005547	0	0	a0af13e1377e3eaf106c12202a14
user5	514	189	1273166005549	0	0	a0af13e1377e3eaf106c12202a14
user5	513	190	1273166005559	0	0	a0af13e1377e3eaf106c12202a14
user5	511	192	1273166005574	0	0	a0af13e1377e3eaf106c12202a14
user5	508	196	1273166005637	0	0	a0af13e1377e3eaf106c12202a14
user5	509	196	1273166005637	0	0	a0af13e1377e3eaf106c12202a14
user5	512	196	1273166005640	0	0	a0af13e1377e3eaf106c12202a14
user5	515	196	1273166005648	0	0	a0af13e1377e3eaf106c12202a14
user5	520	196	1273166005668	0	0	a0af13e1377e3eaf106c12202a14
user5	527	193	1273166005673	0	0	a0af13e1377e3eaf106c12202a14
user5	535	190	1273166005680	0	0	a0af13e1377e3eaf106c12202a14
user5	544	186	1273166005690	0	0	a0af13e1377e3eaf106c12202a14
user5	554	178	1273166005700	0	0	a0af13e1377e3eaf106c12202a14
user5	565	169	1273166005715	0	0	a0af13e1377e3eaf106c12202a14
user5	579	154	1273166005725	0	0	a0af13e1377e3eaf106c12202a14
user5	597	136	1273166005731	0	0	a0af13e1377e3eaf106c12202a14
user5	615	120	1273166005742	0	0	a0af13e1377e3eaf106c12202a14
user5	633	101	1273166005751	0	0	a0af13e1377e3eaf106c12202a14
user5	658	83	1273166005761	0	0	a0af13e1377e3eaf106c12202a14
user5	685	66	1273166005771	0	0	a0af13e1377e3eaf106c12202a14
user5	714	51	1273166005777	0	0	a0af13e1377e3eaf106c12202a14
user5	740	38	1273166005793	0	0	a0af13e1377e3eaf106c12202a14
user5	757	30	1273166005809	0	0	a0af13e1377e3eaf106c12202a14
user5	772	24	1273166005809	0	0	a0af13e1377e3eaf106c12202a14
user5	782	19	1273166005819	0	0	a0af13e1377e3eaf106c12202a14
user5	792	15	1273166005829	0	0	a0af13e1377e3eaf106c12202a14
user5	799	12	1273166005841	0	0	a0af13e1377e3eaf106c12202a14
user5	805	9	1273166005849	0	0	a0af13e1377e3eaf106c12202a14
