User	X	Y	MouseTimeStamp	MouseDownTimeStamp	MouseUpTimeStamp	SessionID
user5	310	267	1271971773120	0	0	76cedbe4c7ec50d8d6cb4d6bb09d
user5	312	268	1271971773130	0	0	76cedbe4c7ec50d8d6cb4d6bb09d
user5	315	270	1271971773140	0	0	76cedbe4c7ec50d8d6cb4d6bb09d
user5	319	273	1271971773152	0	0	76cedbe4c7ec50d8d6cb4d6bb09d
user5	325	275	1271971773160	0	0	76cedbe4c7ec50d8d6cb4d6bb09d
user5	332	276	1271971773173	0	0	76cedbe4c7ec50d8d6cb4d6bb09d
user5	340	278	1271971773182	0	0	76cedbe4c7ec50d8d6cb4d6bb09d
user5	351	280	1271971773192	0	0	76cedbe4c7ec50d8d6cb4d6bb09d
user5	363	283	1271971773202	0	0	76cedbe4c7ec50d8d6cb4d6bb09d
user5	381	288	1271971773215	0	0	76cedbe4c7ec50d8d6cb4d6bb09d
user5	405	293	1271971773222	0	0	76cedbe4c7ec50d8d6cb4d6bb09d
user5	433	296	1271971773235	0	0	76cedbe4c7ec50d8d6cb4d6bb09d
user5	467	301	1271971773236	0	0	76cedbe4c7ec50d8d6cb4d6bb09d
user5	506	303	1271971773251	0	0	76cedbe4c7ec50d8d6cb4d6bb09d
user5	545	306	1271971773261	0	0	76cedbe4c7ec50d8d6cb4d6bb09d
user5	583	310	1271971773271	0	0	76cedbe4c7ec50d8d6cb4d6bb09d
user5	625	312	1271971773314	0	0	76cedbe4c7ec50d8d6cb4d6bb09d
user5	737	317	1271971773314	0	0	76cedbe4c7ec50d8d6cb4d6bb09d
user5	762	317	1271971773314	0	0	76cedbe4c7ec50d8d6cb4d6bb09d
user5	779	315	1271971773330	0	0	76cedbe4c7ec50d8d6cb4d6bb09d
user5	791	314	1271971773330	0	0	76cedbe4c7ec50d8d6cb4d6bb09d
user5	801	313	1271971773345	0	0	76cedbe4c7ec50d8d6cb4d6bb09d
user5	808	312	1271971773361	0	0	76cedbe4c7ec50d8d6cb4d6bb09d
user5	811	312	1271971773361	0	0	76cedbe4c7ec50d8d6cb4d6bb09d
user5	814	311	1271971773376	0	0	76cedbe4c7ec50d8d6cb4d6bb09d
user5	815	311	1271971773386	0	0	76cedbe4c7ec50d8d6cb4d6bb09d
user5	816	311	1271971773392	0	0	76cedbe4c7ec50d8d6cb4d6bb09d
user5	819	310	1271971773408	0	0	76cedbe4c7ec50d8d6cb4d6bb09d
user5	822	309	1271971773417	0	0	76cedbe4c7ec50d8d6cb4d6bb09d
user5	826	307	1271971773423	0	0	76cedbe4c7ec50d8d6cb4d6bb09d
user5	829	305	1271971773439	0	0	76cedbe4c7ec50d8d6cb4d6bb09d
user5	833	301	1271971773439	0	0	76cedbe4c7ec50d8d6cb4d6bb09d
user5	837	295	1271971773455	0	0	76cedbe4c7ec50d8d6cb4d6bb09d
user5	841	287	1271971773471	0	0	76cedbe4c7ec50d8d6cb4d6bb09d
user5	844	278	1271971773475	0	0	76cedbe4c7ec50d8d6cb4d6bb09d
user5	847	271	1271971773486	0	0	76cedbe4c7ec50d8d6cb4d6bb09d
user5	849	264	1271971773501	0	0	76cedbe4c7ec50d8d6cb4d6bb09d
user5	850	257	1271971773511	0	0	76cedbe4c7ec50d8d6cb4d6bb09d
user5	851	249	1271971773517	0	0	76cedbe4c7ec50d8d6cb4d6bb09d
user5	851	240	1271971773517	0	0	76cedbe4c7ec50d8d6cb4d6bb09d
user5	848	230	1271971773526	0	0	76cedbe4c7ec50d8d6cb4d6bb09d
user5	844	219	1271971773548	0	0	76cedbe4c7ec50d8d6cb4d6bb09d
user5	840	209	1271971773548	0	0	76cedbe4c7ec50d8d6cb4d6bb09d
user5	833	201	1271971773558	0	0	76cedbe4c7ec50d8d6cb4d6bb09d
user5	829	192	1271971773568	0	0	76cedbe4c7ec50d8d6cb4d6bb09d
user5	825	186	1271971773580	0	0	76cedbe4c7ec50d8d6cb4d6bb09d
user5	822	183	1271971773595	0	0	76cedbe4c7ec50d8d6cb4d6bb09d
user5	821	179	1271971773595	0	0	76cedbe4c7ec50d8d6cb4d6bb09d
user5	819	177	1271971773611	0	0	76cedbe4c7ec50d8d6cb4d6bb09d
user5	818	175	1271971773626	0	0	76cedbe4c7ec50d8d6cb4d6bb09d
user5	818	174	1271971773626	0	0	76cedbe4c7ec50d8d6cb4d6bb09d
user5	818	173	1271971773636	0	0	76cedbe4c7ec50d8d6cb4d6bb09d
user5	818	172	1271971773646	0	0	76cedbe4c7ec50d8d6cb4d6bb09d
user5	818	171	1271971773658	0	0	76cedbe4c7ec50d8d6cb4d6bb09d
user5	818	170	1271971773673	0	0	76cedbe4c7ec50d8d6cb4d6bb09d
user5	818	169	1271971773683	0	0	76cedbe4c7ec50d8d6cb4d6bb09d
user5	818	167	1271971773693	0	0	76cedbe4c7ec50d8d6cb4d6bb09d
user5	818	165	1271971773705	0	0	76cedbe4c7ec50d8d6cb4d6bb09d
user5	818	164	1271971773720	0	0	76cedbe4c7ec50d8d6cb4d6bb09d
user5	818	162	1271971773729	0	0	76cedbe4c7ec50d8d6cb4d6bb09d
user5	817	160	1271971773736	0	0	76cedbe4c7ec50d8d6cb4d6bb09d
user5	817	158	1271971773746	0	0	76cedbe4c7ec50d8d6cb4d6bb09d
user5	817	157	1271971773756	0	0	76cedbe4c7ec50d8d6cb4d6bb09d
user5	817	156	1271971773767	0	0	76cedbe4c7ec50d8d6cb4d6bb09d
user5	817	156	1271971773924	1271971773830	1271971773924	76cedbe4c7ec50d8d6cb4d6bb09d
user5	817	157	1271971773946	0	0	76cedbe4c7ec50d8d6cb4d6bb09d
user5	817	158	1271971773954	0	0	76cedbe4c7ec50d8d6cb4d6bb09d
user5	817	160	1271971773955	0	0	76cedbe4c7ec50d8d6cb4d6bb09d
user5	817	161	1271971773964	0	0	76cedbe4c7ec50d8d6cb4d6bb09d
user5	817	164	1271971773986	0	0	76cedbe4c7ec50d8d6cb4d6bb09d
user5	817	166	1271971773986	0	0	76cedbe4c7ec50d8d6cb4d6bb09d
user5	817	167	1271971774001	0	0	76cedbe4c7ec50d8d6cb4d6bb09d
user5	817	168	1271971774017	0	0	76cedbe4c7ec50d8d6cb4d6bb09d
user5	816	170	1271971774027	0	0	76cedbe4c7ec50d8d6cb4d6bb09d
user5	816	171	1271971774067	0	0	76cedbe4c7ec50d8d6cb4d6bb09d
user5	816	171	1271971774126	1271971774068	1271971774126	76cedbe4c7ec50d8d6cb4d6bb09d
user5	814	173	1271971774142	0	0	76cedbe4c7ec50d8d6cb4d6bb09d
user5	813	176	1271971774158	0	0	76cedbe4c7ec50d8d6cb4d6bb09d
user5	811	176	1271971774173	0	0	76cedbe4c7ec50d8d6cb4d6bb09d
user5	811	177	1271971774183	0	0	76cedbe4c7ec50d8d6cb4d6bb09d
user5	813	177	1271971779905	0	0	76cedbe4c7ec50d8d6cb4d6bb09d
user5	818	179	1271971779915	0	0	76cedbe4c7ec50d8d6cb4d6bb09d
user5	823	180	1271971779925	0	0	76cedbe4c7ec50d8d6cb4d6bb09d
user5	829	182	1271971779935	0	0	76cedbe4c7ec50d8d6cb4d6bb09d
user5	831	183	1271971779945	0	0	76cedbe4c7ec50d8d6cb4d6bb09d
user5	831	185	1271971780272	0	0	76cedbe4c7ec50d8d6cb4d6bb09d
user5	832	189	1271971780283	0	0	76cedbe4c7ec50d8d6cb4d6bb09d
user5	833	195	1271971780293	0	0	76cedbe4c7ec50d8d6cb4d6bb09d
user5	835	202	1271971780302	0	0	76cedbe4c7ec50d8d6cb4d6bb09d
user5	837	209	1271971780312	0	0	76cedbe4c7ec50d8d6cb4d6bb09d
user5	841	217	1271971780322	0	0	76cedbe4c7ec50d8d6cb4d6bb09d
user5	845	226	1271971780332	0	0	76cedbe4c7ec50d8d6cb4d6bb09d
user5	851	236	1271971780342	0	0	76cedbe4c7ec50d8d6cb4d6bb09d
user5	856	245	1271971780352	0	0	76cedbe4c7ec50d8d6cb4d6bb09d
user5	862	254	1271971780362	0	0	76cedbe4c7ec50d8d6cb4d6bb09d
user5	866	263	1271971780372	0	0	76cedbe4c7ec50d8d6cb4d6bb09d
user5	870	271	1271971780383	0	0	76cedbe4c7ec50d8d6cb4d6bb09d
user5	874	278	1271971780392	0	0	76cedbe4c7ec50d8d6cb4d6bb09d
user5	878	284	1271971780402	0	0	76cedbe4c7ec50d8d6cb4d6bb09d
user5	881	289	1271971780412	0	0	76cedbe4c7ec50d8d6cb4d6bb09d
user5	884	294	1271971780422	0	0	76cedbe4c7ec50d8d6cb4d6bb09d
user5	886	298	1271971780431	0	0	76cedbe4c7ec50d8d6cb4d6bb09d
user5	888	301	1271971780441	0	0	76cedbe4c7ec50d8d6cb4d6bb09d
user5	890	304	1271971780451	0	0	76cedbe4c7ec50d8d6cb4d6bb09d
user5	890	305	1271971780461	0	0	76cedbe4c7ec50d8d6cb4d6bb09d
user5	891	307	1271971780470	0	0	76cedbe4c7ec50d8d6cb4d6bb09d
user5	892	307	1271971780486	0	0	76cedbe4c7ec50d8d6cb4d6bb09d
user5	892	308	1271971780496	0	0	76cedbe4c7ec50d8d6cb4d6bb09d
user5	891	308	1271971780635	0	0	76cedbe4c7ec50d8d6cb4d6bb09d
user5	891	307	1271971780665	0	0	76cedbe4c7ec50d8d6cb4d6bb09d
user5	889	306	1271971780673	0	0	76cedbe4c7ec50d8d6cb4d6bb09d
user5	889	305	1271971780689	0	0	76cedbe4c7ec50d8d6cb4d6bb09d
user5	888	303	1271971780699	0	0	76cedbe4c7ec50d8d6cb4d6bb09d
user5	887	302	1271971780709	0	0	76cedbe4c7ec50d8d6cb4d6bb09d
user5	886	300	1271971780719	0	0	76cedbe4c7ec50d8d6cb4d6bb09d
user5	884	298	1271971780729	0	0	76cedbe4c7ec50d8d6cb4d6bb09d
user5	881	296	1271971780738	0	0	76cedbe4c7ec50d8d6cb4d6bb09d
user5	879	294	1271971780748	0	0	76cedbe4c7ec50d8d6cb4d6bb09d
user5	878	294	1271971780758	0	0	76cedbe4c7ec50d8d6cb4d6bb09d
user5	876	293	1271971780768	0	0	76cedbe4c7ec50d8d6cb4d6bb09d
user5	875	292	1271971780778	0	0	76cedbe4c7ec50d8d6cb4d6bb09d
user5	874	292	1271971780788	0	0	76cedbe4c7ec50d8d6cb4d6bb09d
user5	872	291	1271971780798	0	0	76cedbe4c7ec50d8d6cb4d6bb09d
user5	872	290	1271971780809	0	0	76cedbe4c7ec50d8d6cb4d6bb09d
user5	871	290	1271971780818	0	0	76cedbe4c7ec50d8d6cb4d6bb09d
user5	870	290	1271971780828	0	0	76cedbe4c7ec50d8d6cb4d6bb09d
user5	870	289	1271971780845	0	0	76cedbe4c7ec50d8d6cb4d6bb09d
user5	871	288	1271971780983	0	0	76cedbe4c7ec50d8d6cb4d6bb09d
user5	873	288	1271971780993	0	0	76cedbe4c7ec50d8d6cb4d6bb09d
user5	876	287	1271971781003	0	0	76cedbe4c7ec50d8d6cb4d6bb09d
user5	878	286	1271971781013	0	0	76cedbe4c7ec50d8d6cb4d6bb09d
user5	880	285	1271971781023	0	0	76cedbe4c7ec50d8d6cb4d6bb09d
user5	881	284	1271971781033	0	0	76cedbe4c7ec50d8d6cb4d6bb09d
user5	881	283	1271971781043	0	0	76cedbe4c7ec50d8d6cb4d6bb09d
user5	881	281	1271971781053	0	0	76cedbe4c7ec50d8d6cb4d6bb09d
user5	882	279	1271971781063	0	0	76cedbe4c7ec50d8d6cb4d6bb09d
user5	883	277	1271971781073	0	0	76cedbe4c7ec50d8d6cb4d6bb09d
user5	883	275	1271971781085	0	0	76cedbe4c7ec50d8d6cb4d6bb09d
user5	883	273	1271971781093	0	0	76cedbe4c7ec50d8d6cb4d6bb09d
user5	883	270	1271971781095	0	0	76cedbe4c7ec50d8d6cb4d6bb09d
user5	883	268	1271971781111	0	0	76cedbe4c7ec50d8d6cb4d6bb09d
user5	883	267	1271971781111	0	0	76cedbe4c7ec50d8d6cb4d6bb09d
user5	883	265	1271971781126	0	0	76cedbe4c7ec50d8d6cb4d6bb09d
user5	882	263	1271971781137	0	0	76cedbe4c7ec50d8d6cb4d6bb09d
user5	882	262	1271971781146	0	0	76cedbe4c7ec50d8d6cb4d6bb09d
user5	881	262	1271971781158	0	0	76cedbe4c7ec50d8d6cb4d6bb09d
user5	880	261	1271971781167	0	0	76cedbe4c7ec50d8d6cb4d6bb09d
user5	880	260	1271971781189	0	0	76cedbe4c7ec50d8d6cb4d6bb09d
user5	879	260	1271971781189	0	0	76cedbe4c7ec50d8d6cb4d6bb09d
user5	878	260	1271971781283	0	0	76cedbe4c7ec50d8d6cb4d6bb09d
user5	878	261	1271971781298	0	0	76cedbe4c7ec50d8d6cb4d6bb09d
user5	877	261	1271971781298	0	0	76cedbe4c7ec50d8d6cb4d6bb09d
user5	877	262	1271971781314	0	0	76cedbe4c7ec50d8d6cb4d6bb09d
user5	876	265	1271971781330	0	0	76cedbe4c7ec50d8d6cb4d6bb09d
user5	875	267	1271971781345	0	0	76cedbe4c7ec50d8d6cb4d6bb09d
user5	875	269	1271971781361	0	0	76cedbe4c7ec50d8d6cb4d6bb09d
user5	875	271	1271971781361	0	0	76cedbe4c7ec50d8d6cb4d6bb09d
user5	874	272	1271971781371	0	0	76cedbe4c7ec50d8d6cb4d6bb09d
user5	874	273	1271971781381	0	0	76cedbe4c7ec50d8d6cb4d6bb09d
user5	874	275	1271971781392	0	0	76cedbe4c7ec50d8d6cb4d6bb09d
user5	874	276	1271971781401	0	0	76cedbe4c7ec50d8d6cb4d6bb09d
user5	874	277	1271971781408	0	0	76cedbe4c7ec50d8d6cb4d6bb09d
user5	874	278	1271971781418	0	0	76cedbe4c7ec50d8d6cb4d6bb09d
user5	874	280	1271971781427	0	0	76cedbe4c7ec50d8d6cb4d6bb09d
user5	874	281	1271971781447	0	0	76cedbe4c7ec50d8d6cb4d6bb09d
user5	874	282	1271971781457	0	0	76cedbe4c7ec50d8d6cb4d6bb09d
user5	874	283	1271971781487	0	0	76cedbe4c7ec50d8d6cb4d6bb09d
user5	874	284	1271971781580	0	0	76cedbe4c7ec50d8d6cb4d6bb09d
user5	874	285	1271971781611	0	0	76cedbe4c7ec50d8d6cb4d6bb09d
user5	873	286	1271971781641	0	0	76cedbe4c7ec50d8d6cb4d6bb09d
user5	873	287	1271971781658	0	0	76cedbe4c7ec50d8d6cb4d6bb09d
user5	871	288	1271971781673	0	0	76cedbe4c7ec50d8d6cb4d6bb09d
user5	871	289	1271971781681	0	0	76cedbe4c7ec50d8d6cb4d6bb09d
user5	870	290	1271971781692	0	0	76cedbe4c7ec50d8d6cb4d6bb09d
user5	870	291	1271971781705	0	0	76cedbe4c7ec50d8d6cb4d6bb09d
user5	868	292	1271971781714	0	0	76cedbe4c7ec50d8d6cb4d6bb09d
user5	868	293	1271971781720	0	0	76cedbe4c7ec50d8d6cb4d6bb09d
user5	867	294	1271971781736	0	0	76cedbe4c7ec50d8d6cb4d6bb09d
user5	866	295	1271971781746	0	0	76cedbe4c7ec50d8d6cb4d6bb09d
user5	865	297	1271971781758	0	0	76cedbe4c7ec50d8d6cb4d6bb09d
user5	864	298	1271971781767	0	0	76cedbe4c7ec50d8d6cb4d6bb09d
user5	863	298	1271971781783	0	0	76cedbe4c7ec50d8d6cb4d6bb09d
user5	863	299	1271971781798	0	0	76cedbe4c7ec50d8d6cb4d6bb09d
user5	862	300	1271971781798	0	0	76cedbe4c7ec50d8d6cb4d6bb09d
user5	861	300	1271971781810	0	0	76cedbe4c7ec50d8d6cb4d6bb09d
user5	860	301	1271971781818	0	0	76cedbe4c7ec50d8d6cb4d6bb09d
user5	859	301	1271971781838	0	0	76cedbe4c7ec50d8d6cb4d6bb09d
user5	858	302	1271971781845	0	0	76cedbe4c7ec50d8d6cb4d6bb09d
user5	857	302	1271971781855	0	0	76cedbe4c7ec50d8d6cb4d6bb09d
user5	857	303	1271971781866	0	0	76cedbe4c7ec50d8d6cb4d6bb09d
user5	856	303	1271971781876	0	0	76cedbe4c7ec50d8d6cb4d6bb09d
user5	855	304	1271971781892	0	0	76cedbe4c7ec50d8d6cb4d6bb09d
user5	854	305	1271971781892	0	0	76cedbe4c7ec50d8d6cb4d6bb09d
user5	853	305	1271971781923	0	0	76cedbe4c7ec50d8d6cb4d6bb09d
user5	852	305	1271971781939	0	0	76cedbe4c7ec50d8d6cb4d6bb09d
user5	852	306	1271971781959	0	0	76cedbe4c7ec50d8d6cb4d6bb09d
user5	852	305	1271971782064	0	0	76cedbe4c7ec50d8d6cb4d6bb09d
user5	852	304	1271971782073	0	0	76cedbe4c7ec50d8d6cb4d6bb09d
user5	852	302	1271971782095	0	0	76cedbe4c7ec50d8d6cb4d6bb09d
user5	852	300	1271971782104	0	0	76cedbe4c7ec50d8d6cb4d6bb09d
user5	852	299	1271971782111	0	0	76cedbe4c7ec50d8d6cb4d6bb09d
user5	853	298	1271971782111	0	0	76cedbe4c7ec50d8d6cb4d6bb09d
user5	854	295	1271971782126	0	0	76cedbe4c7ec50d8d6cb4d6bb09d
user5	855	294	1271971782142	0	0	76cedbe4c7ec50d8d6cb4d6bb09d
user5	856	293	1271971782152	0	0	76cedbe4c7ec50d8d6cb4d6bb09d
user5	856	292	1271971782162	0	0	76cedbe4c7ec50d8d6cb4d6bb09d
user5	856	291	1271971782173	0	0	76cedbe4c7ec50d8d6cb4d6bb09d
user5	856	290	1271971782193	0	0	76cedbe4c7ec50d8d6cb4d6bb09d
user5	855	289	1271971782212	0	0	76cedbe4c7ec50d8d6cb4d6bb09d
user5	854	288	1271971782220	0	0	76cedbe4c7ec50d8d6cb4d6bb09d
user5	852	288	1271971782230	0	0	76cedbe4c7ec50d8d6cb4d6bb09d
user5	850	287	1271971782240	0	0	76cedbe4c7ec50d8d6cb4d6bb09d
user5	848	286	1271971782251	0	0	76cedbe4c7ec50d8d6cb4d6bb09d
user5	847	286	1271971782251	0	0	76cedbe4c7ec50d8d6cb4d6bb09d
user5	846	285	1271971782265	0	0	76cedbe4c7ec50d8d6cb4d6bb09d
user5	844	285	1271971782286	0	0	76cedbe4c7ec50d8d6cb4d6bb09d
user5	843	285	1271971782307	0	0	76cedbe4c7ec50d8d6cb4d6bb09d
user5	842	285	1271971782330	0	0	76cedbe4c7ec50d8d6cb4d6bb09d
user5	841	285	1271971782361	0	0	76cedbe4c7ec50d8d6cb4d6bb09d
user5	841	284	1271971782380	0	0	76cedbe4c7ec50d8d6cb4d6bb09d
user5	840	284	1271971782509	0	0	76cedbe4c7ec50d8d6cb4d6bb09d
user5	841	283	1271971782797	0	0	76cedbe4c7ec50d8d6cb4d6bb09d
user5	842	283	1271971782827	0	0	76cedbe4c7ec50d8d6cb4d6bb09d
user5	842	282	1271971782847	0	0	76cedbe4c7ec50d8d6cb4d6bb09d
user5	843	282	1271971782876	0	0	76cedbe4c7ec50d8d6cb4d6bb09d
user5	844	282	1271971783048	0	0	76cedbe4c7ec50d8d6cb4d6bb09d
user5	845	282	1271971783068	0	0	76cedbe4c7ec50d8d6cb4d6bb09d
user5	846	282	1271971783095	0	0	76cedbe4c7ec50d8d6cb4d6bb09d
user5	847	282	1271971783111	0	0	76cedbe4c7ec50d8d6cb4d6bb09d
user5	848	282	1271971783126	0	0	76cedbe4c7ec50d8d6cb4d6bb09d
user5	849	282	1271971783136	0	0	76cedbe4c7ec50d8d6cb4d6bb09d
user5	850	282	1271971783142	0	0	76cedbe4c7ec50d8d6cb4d6bb09d
user5	852	281	1271971783158	0	0	76cedbe4c7ec50d8d6cb4d6bb09d
user5	854	281	1271971783167	0	0	76cedbe4c7ec50d8d6cb4d6bb09d
user5	857	280	1271971783183	0	0	76cedbe4c7ec50d8d6cb4d6bb09d
user5	860	280	1271971783189	0	0	76cedbe4c7ec50d8d6cb4d6bb09d
user5	864	279	1271971783190	0	0	76cedbe4c7ec50d8d6cb4d6bb09d
user5	869	278	1271971783205	0	0	76cedbe4c7ec50d8d6cb4d6bb09d
user5	876	277	1271971783205	0	0	76cedbe4c7ec50d8d6cb4d6bb09d
user5	883	276	1271971783222	0	0	76cedbe4c7ec50d8d6cb4d6bb09d
user5	889	275	1271971783236	0	0	76cedbe4c7ec50d8d6cb4d6bb09d
user5	894	274	1271971783242	0	0	76cedbe4c7ec50d8d6cb4d6bb09d
user5	900	273	1271971783253	0	0	76cedbe4c7ec50d8d6cb4d6bb09d
user5	904	273	1271971783267	0	0	76cedbe4c7ec50d8d6cb4d6bb09d
user5	907	272	1271971783267	0	0	76cedbe4c7ec50d8d6cb4d6bb09d
user5	914	271	1271971783298	0	0	76cedbe4c7ec50d8d6cb4d6bb09d
user5	915	271	1271971783314	0	0	76cedbe4c7ec50d8d6cb4d6bb09d
user5	915	270	1271971783334	0	0	76cedbe4c7ec50d8d6cb4d6bb09d
user5	915	270	1271971783457	1271971783345	1271971783457	76cedbe4c7ec50d8d6cb4d6bb09d
user5	914	270	1271971783470	0	0	76cedbe4c7ec50d8d6cb4d6bb09d
user5	913	271	1271971783480	0	0	76cedbe4c7ec50d8d6cb4d6bb09d
user5	910	271	1271971783490	0	0	76cedbe4c7ec50d8d6cb4d6bb09d
user5	908	271	1271971783500	0	0	76cedbe4c7ec50d8d6cb4d6bb09d
user5	905	271	1271971783510	0	0	76cedbe4c7ec50d8d6cb4d6bb09d
user5	901	272	1271971783520	0	0	76cedbe4c7ec50d8d6cb4d6bb09d
user5	896	272	1271971783529	0	0	76cedbe4c7ec50d8d6cb4d6bb09d
user5	889	272	1271971783539	0	0	76cedbe4c7ec50d8d6cb4d6bb09d
user5	882	272	1271971783550	0	0	76cedbe4c7ec50d8d6cb4d6bb09d
user5	875	272	1271971783560	0	0	76cedbe4c7ec50d8d6cb4d6bb09d
user5	862	272	1271971783586	0	0	76cedbe4c7ec50d8d6cb4d6bb09d
user5	856	272	1271971783593	0	0	76cedbe4c7ec50d8d6cb4d6bb09d
user5	852	272	1271971783599	0	0	76cedbe4c7ec50d8d6cb4d6bb09d
user5	849	272	1271971783609	0	0	76cedbe4c7ec50d8d6cb4d6bb09d
user5	846	272	1271971783619	0	0	76cedbe4c7ec50d8d6cb4d6bb09d
user5	845	272	1271971783629	0	0	76cedbe4c7ec50d8d6cb4d6bb09d
user5	843	272	1271971783640	0	0	76cedbe4c7ec50d8d6cb4d6bb09d
user5	842	272	1271971783698	0	0	76cedbe4c7ec50d8d6cb4d6bb09d
user5	841	272	1271971783728	0	0	76cedbe4c7ec50d8d6cb4d6bb09d
user5	840	272	1271971783768	0	0	76cedbe4c7ec50d8d6cb4d6bb09d
user5	839	272	1271971783877	0	0	76cedbe4c7ec50d8d6cb4d6bb09d
user5	839	272	1271971784860	1271971784740	1271971784860	76cedbe4c7ec50d8d6cb4d6bb09d
user5	777	12	1271971808996	0	0	76cedbe4c7ec50d8d6cb4d6bb09d
user5	736	41	1271971809006	0	0	76cedbe4c7ec50d8d6cb4d6bb09d
user5	690	74	1271971809014	0	0	76cedbe4c7ec50d8d6cb4d6bb09d
user5	644	108	1271971809024	0	0	76cedbe4c7ec50d8d6cb4d6bb09d
user5	598	138	1271971809032	0	0	76cedbe4c7ec50d8d6cb4d6bb09d
user5	555	165	1271971809042	0	0	76cedbe4c7ec50d8d6cb4d6bb09d
user5	514	190	1271971809052	0	0	76cedbe4c7ec50d8d6cb4d6bb09d
user5	480	208	1271971809062	0	0	76cedbe4c7ec50d8d6cb4d6bb09d
user5	447	222	1271971809072	0	0	76cedbe4c7ec50d8d6cb4d6bb09d
user5	416	232	1271971809081	0	0	76cedbe4c7ec50d8d6cb4d6bb09d
user5	389	242	1271971809095	0	0	76cedbe4c7ec50d8d6cb4d6bb09d
user5	364	248	1271971809104	0	0	76cedbe4c7ec50d8d6cb4d6bb09d
user5	348	253	1271971809114	0	0	76cedbe4c7ec50d8d6cb4d6bb09d
user5	335	257	1271971809126	0	0	76cedbe4c7ec50d8d6cb4d6bb09d
user5	326	259	1271971809126	0	0	76cedbe4c7ec50d8d6cb4d6bb09d
user5	319	260	1271971809142	0	0	76cedbe4c7ec50d8d6cb4d6bb09d
user5	312	260	1271971809157	0	0	76cedbe4c7ec50d8d6cb4d6bb09d
user5	307	260	1271971809167	0	0	76cedbe4c7ec50d8d6cb4d6bb09d
user5	303	260	1271971809177	0	0	76cedbe4c7ec50d8d6cb4d6bb09d
user5	298	260	1271971809189	0	0	76cedbe4c7ec50d8d6cb4d6bb09d
user5	294	260	1271971809189	0	0	76cedbe4c7ec50d8d6cb4d6bb09d
user5	290	260	1271971809204	0	0	76cedbe4c7ec50d8d6cb4d6bb09d
user5	285	259	1271971809220	0	0	76cedbe4c7ec50d8d6cb4d6bb09d
user5	280	259	1271971809220	0	0	76cedbe4c7ec50d8d6cb4d6bb09d
user5	277	257	1271971809237	0	0	76cedbe4c7ec50d8d6cb4d6bb09d
user5	273	255	1271971809251	0	0	76cedbe4c7ec50d8d6cb4d6bb09d
user5	269	253	1271971809258	0	0	76cedbe4c7ec50d8d6cb4d6bb09d
user5	267	250	1271971809267	0	0	76cedbe4c7ec50d8d6cb4d6bb09d
user5	265	248	1271971809277	0	0	76cedbe4c7ec50d8d6cb4d6bb09d
user5	264	244	1271971809287	0	0	76cedbe4c7ec50d8d6cb4d6bb09d
user5	264	240	1271971809297	0	0	76cedbe4c7ec50d8d6cb4d6bb09d
user5	264	236	1271971809307	0	0	76cedbe4c7ec50d8d6cb4d6bb09d
user5	264	225	1271971809314	0	0	76cedbe4c7ec50d8d6cb4d6bb09d
user5	266	219	1271971809329	0	0	76cedbe4c7ec50d8d6cb4d6bb09d
user5	269	214	1271971809338	0	0	76cedbe4c7ec50d8d6cb4d6bb09d
user5	272	206	1271971809348	0	0	76cedbe4c7ec50d8d6cb4d6bb09d
user5	275	200	1271971809361	0	0	76cedbe4c7ec50d8d6cb4d6bb09d
user5	279	196	1271971809376	0	0	76cedbe4c7ec50d8d6cb4d6bb09d
user5	282	192	1271971809376	0	0	76cedbe4c7ec50d8d6cb4d6bb09d
user5	283	189	1271971809392	0	0	76cedbe4c7ec50d8d6cb4d6bb09d
user5	286	187	1271971809403	0	0	76cedbe4c7ec50d8d6cb4d6bb09d
user5	287	186	1271971809411	0	0	76cedbe4c7ec50d8d6cb4d6bb09d
user5	288	185	1271971809423	0	0	76cedbe4c7ec50d8d6cb4d6bb09d
user5	288	184	1271971809423	0	0	76cedbe4c7ec50d8d6cb4d6bb09d
user5	289	183	1271971809434	0	0	76cedbe4c7ec50d8d6cb4d6bb09d
user5	290	183	1271971809512	0	0	76cedbe4c7ec50d8d6cb4d6bb09d
user5	291	183	1271971809542	0	0	76cedbe4c7ec50d8d6cb4d6bb09d
user5	292	183	1271971809579	0	0	76cedbe4c7ec50d8d6cb4d6bb09d
user5	293	183	1271971809736	0	0	76cedbe4c7ec50d8d6cb4d6bb09d
user5	294	183	1271971809845	0	0	76cedbe4c7ec50d8d6cb4d6bb09d
user5	295	183	1271971809892	0	0	76cedbe4c7ec50d8d6cb4d6bb09d
user5	296	183	1271971809991	0	0	76cedbe4c7ec50d8d6cb4d6bb09d
user5	297	183	1271971810110	0	0	76cedbe4c7ec50d8d6cb4d6bb09d
user5	298	183	1271971810232	0	0	76cedbe4c7ec50d8d6cb4d6bb09d
user5	299	183	1271971810323	0	0	76cedbe4c7ec50d8d6cb4d6bb09d
user5	300	183	1271971810438	0	0	76cedbe4c7ec50d8d6cb4d6bb09d
user5	301	183	1271971810468	0	0	76cedbe4c7ec50d8d6cb4d6bb09d
user5	302	183	1271971810487	0	0	76cedbe4c7ec50d8d6cb4d6bb09d
user5	303	183	1271971810547	0	0	76cedbe4c7ec50d8d6cb4d6bb09d
user5	309	185	1271971810656	0	0	76cedbe4c7ec50d8d6cb4d6bb09d
user5	308	185	1271971810666	0	0	76cedbe4c7ec50d8d6cb4d6bb09d
user5	312	185	1271971810689	0	0	76cedbe4c7ec50d8d6cb4d6bb09d
user5	312	184	1271971810704	0	0	76cedbe4c7ec50d8d6cb4d6bb09d
user5	313	184	1271971810736	0	0	76cedbe4c7ec50d8d6cb4d6bb09d
user5	313	183	1271971810736	0	0	76cedbe4c7ec50d8d6cb4d6bb09d
user5	315	180	1271971810766	0	0	76cedbe4c7ec50d8d6cb4d6bb09d
user5	316	178	1271971810778	0	0	76cedbe4c7ec50d8d6cb4d6bb09d
user5	317	176	1271971810786	0	0	76cedbe4c7ec50d8d6cb4d6bb09d
user5	318	174	1271971810796	0	0	76cedbe4c7ec50d8d6cb4d6bb09d
user5	318	171	1271971810805	0	0	76cedbe4c7ec50d8d6cb4d6bb09d
user5	320	168	1271971810815	0	0	76cedbe4c7ec50d8d6cb4d6bb09d
user5	323	163	1271971810825	0	0	76cedbe4c7ec50d8d6cb4d6bb09d
user5	325	159	1271971810835	0	0	76cedbe4c7ec50d8d6cb4d6bb09d
user5	329	152	1271971810845	0	0	76cedbe4c7ec50d8d6cb4d6bb09d
user5	332	145	1271971810855	0	0	76cedbe4c7ec50d8d6cb4d6bb09d
user5	334	138	1271971810865	0	0	76cedbe4c7ec50d8d6cb4d6bb09d
user5	337	129	1271971810875	0	0	76cedbe4c7ec50d8d6cb4d6bb09d
user5	339	121	1271971810885	0	0	76cedbe4c7ec50d8d6cb4d6bb09d
user5	342	111	1271971810895	0	0	76cedbe4c7ec50d8d6cb4d6bb09d
user5	344	103	1271971810905	0	0	76cedbe4c7ec50d8d6cb4d6bb09d
user5	346	97	1271971810923	0	0	76cedbe4c7ec50d8d6cb4d6bb09d
user5	348	91	1271971810923	0	0	76cedbe4c7ec50d8d6cb4d6bb09d
user5	350	87	1271971810933	0	0	76cedbe4c7ec50d8d6cb4d6bb09d
user5	352	82	1271971810954	0	0	76cedbe4c7ec50d8d6cb4d6bb09d
user5	353	79	1271971810954	0	0	76cedbe4c7ec50d8d6cb4d6bb09d
user5	354	77	1271971810964	0	0	76cedbe4c7ec50d8d6cb4d6bb09d
user5	356	74	1271971810974	0	0	76cedbe4c7ec50d8d6cb4d6bb09d
user5	357	70	1271971810984	0	0	76cedbe4c7ec50d8d6cb4d6bb09d
user5	360	68	1271971810996	0	0	76cedbe4c7ec50d8d6cb4d6bb09d
user5	362	66	1271971811003	0	0	76cedbe4c7ec50d8d6cb4d6bb09d
user5	364	63	1271971811013	0	0	76cedbe4c7ec50d8d6cb4d6bb09d
user5	366	62	1271971811032	0	0	76cedbe4c7ec50d8d6cb4d6bb09d
user5	367	61	1271971811032	0	0	76cedbe4c7ec50d8d6cb4d6bb09d
user5	369	59	1271971811042	0	0	76cedbe4c7ec50d8d6cb4d6bb09d
user5	371	58	1271971811052	0	0	76cedbe4c7ec50d8d6cb4d6bb09d
user5	372	57	1271971811062	0	0	76cedbe4c7ec50d8d6cb4d6bb09d
user5	374	56	1271971811072	0	0	76cedbe4c7ec50d8d6cb4d6bb09d
user5	376	56	1271971811083	0	0	76cedbe4c7ec50d8d6cb4d6bb09d
user5	377	55	1271971811091	0	0	76cedbe4c7ec50d8d6cb4d6bb09d
user5	378	55	1271971811101	0	0	76cedbe4c7ec50d8d6cb4d6bb09d
user5	380	54	1271971811111	0	0	76cedbe4c7ec50d8d6cb4d6bb09d
user5	381	54	1271971811126	0	0	76cedbe4c7ec50d8d6cb4d6bb09d
user5	382	54	1271971811142	0	0	76cedbe4c7ec50d8d6cb4d6bb09d
user5	383	54	1271971811152	0	0	76cedbe4c7ec50d8d6cb4d6bb09d
user5	384	54	1271971811172	0	0	76cedbe4c7ec50d8d6cb4d6bb09d
user5	385	54	1271971811181	0	0	76cedbe4c7ec50d8d6cb4d6bb09d
user5	386	54	1271971811201	0	0	76cedbe4c7ec50d8d6cb4d6bb09d
user5	387	54	1271971811220	0	0	76cedbe4c7ec50d8d6cb4d6bb09d
user5	388	54	1271971811236	0	0	76cedbe4c7ec50d8d6cb4d6bb09d
user5	389	54	1271971811246	0	0	76cedbe4c7ec50d8d6cb4d6bb09d
user5	390	54	1271971811266	0	0	76cedbe4c7ec50d8d6cb4d6bb09d
user5	391	54	1271971811282	0	0	76cedbe4c7ec50d8d6cb4d6bb09d
user5	392	54	1271971811298	0	0	76cedbe4c7ec50d8d6cb4d6bb09d
user5	393	54	1271971811314	0	0	76cedbe4c7ec50d8d6cb4d6bb09d
user5	393	54	1271971811517	1271971811412	1271971811517	76cedbe4c7ec50d8d6cb4d6bb09d
user5	462	54	1271971813812	0	0	76cedbe4c7ec50d8d6cb4d6bb09d
user5	461	54	1271971813832	0	0	76cedbe4c7ec50d8d6cb4d6bb09d
user5	461	54	1271971814328	1271971814228	1271971814328	76cedbe4c7ec50d8d6cb4d6bb09d
user5	325	191	1271971816454	0	0	76cedbe4c7ec50d8d6cb4d6bb09d
user5	325	190	1271971816470	0	0	76cedbe4c7ec50d8d6cb4d6bb09d
user5	325	189	1271971816520	0	0	76cedbe4c7ec50d8d6cb4d6bb09d
user5	325	188	1271971816529	0	0	76cedbe4c7ec50d8d6cb4d6bb09d
user5	325	187	1271971816559	0	0	76cedbe4c7ec50d8d6cb4d6bb09d
user5	325	186	1271971816595	0	0	76cedbe4c7ec50d8d6cb4d6bb09d
user5	324	186	1271971816626	0	0	76cedbe4c7ec50d8d6cb4d6bb09d
user5	324	185	1271971816646	0	0	76cedbe4c7ec50d8d6cb4d6bb09d
user5	324	184	1271971816666	0	0	76cedbe4c7ec50d8d6cb4d6bb09d
user5	323	184	1271971816676	0	0	76cedbe4c7ec50d8d6cb4d6bb09d
user5	323	183	1271971816696	0	0	76cedbe4c7ec50d8d6cb4d6bb09d
user5	322	183	1271971816736	0	0	76cedbe4c7ec50d8d6cb4d6bb09d
user5	322	182	1271971816755	0	0	76cedbe4c7ec50d8d6cb4d6bb09d
user5	321	182	1271971816799	0	0	76cedbe4c7ec50d8d6cb4d6bb09d
user5	320	181	1271971816835	0	0	76cedbe4c7ec50d8d6cb4d6bb09d
user5	319	181	1271971816934	0	0	76cedbe4c7ec50d8d6cb4d6bb09d
user5	319	180	1271971816944	0	0	76cedbe4c7ec50d8d6cb4d6bb09d
user5	318	180	1271971817013	0	0	76cedbe4c7ec50d8d6cb4d6bb09d
user5	318	179	1271971817053	0	0	76cedbe4c7ec50d8d6cb4d6bb09d
user5	317	179	1271971817112	0	0	76cedbe4c7ec50d8d6cb4d6bb09d
user5	316	179	1271971817212	0	0	76cedbe4c7ec50d8d6cb4d6bb09d
user5	315	179	1271971817360	0	0	76cedbe4c7ec50d8d6cb4d6bb09d
user5	314	178	1271971817597	0	0	76cedbe4c7ec50d8d6cb4d6bb09d
user5	313	178	1271971818079	0	0	76cedbe4c7ec50d8d6cb4d6bb09d
user5	312	178	1271971818228	0	0	76cedbe4c7ec50d8d6cb4d6bb09d
user5	312	177	1271971818392	0	0	76cedbe4c7ec50d8d6cb4d6bb09d
user5	311	177	1271971818402	0	0	76cedbe4c7ec50d8d6cb4d6bb09d
user5	310	176	1271971818432	0	0	76cedbe4c7ec50d8d6cb4d6bb09d
user5	310	175	1271971818561	0	0	76cedbe4c7ec50d8d6cb4d6bb09d
user5	310	174	1271971818581	0	0	76cedbe4c7ec50d8d6cb4d6bb09d
user5	310	173	1271971818594	0	0	76cedbe4c7ec50d8d6cb4d6bb09d
user5	312	172	1271971818601	0	0	76cedbe4c7ec50d8d6cb4d6bb09d
user5	313	169	1271971818610	0	0	76cedbe4c7ec50d8d6cb4d6bb09d
user5	315	168	1271971818620	0	0	76cedbe4c7ec50d8d6cb4d6bb09d
user5	318	165	1271971818630	0	0	76cedbe4c7ec50d8d6cb4d6bb09d
user5	321	161	1271971818640	0	0	76cedbe4c7ec50d8d6cb4d6bb09d
user5	327	156	1271971818653	0	0	76cedbe4c7ec50d8d6cb4d6bb09d
user5	334	151	1271971818660	0	0	76cedbe4c7ec50d8d6cb4d6bb09d
user5	341	145	1271971818670	0	0	76cedbe4c7ec50d8d6cb4d6bb09d
user5	350	140	1271971818680	0	0	76cedbe4c7ec50d8d6cb4d6bb09d
user5	356	136	1271971818690	0	0	76cedbe4c7ec50d8d6cb4d6bb09d
user5	363	132	1271971818700	0	0	76cedbe4c7ec50d8d6cb4d6bb09d
user5	369	128	1271971818710	0	0	76cedbe4c7ec50d8d6cb4d6bb09d
user5	372	125	1271971818720	0	0	76cedbe4c7ec50d8d6cb4d6bb09d
user5	376	124	1271971818729	0	0	76cedbe4c7ec50d8d6cb4d6bb09d
user5	379	121	1271971818750	0	0	76cedbe4c7ec50d8d6cb4d6bb09d
user5	381	120	1271971818759	0	0	76cedbe4c7ec50d8d6cb4d6bb09d
user5	382	119	1271971818769	0	0	76cedbe4c7ec50d8d6cb4d6bb09d
user5	382	118	1271971818779	0	0	76cedbe4c7ec50d8d6cb4d6bb09d
user5	383	118	1271971818800	0	0	76cedbe4c7ec50d8d6cb4d6bb09d
user5	383	117	1271971818809	0	0	76cedbe4c7ec50d8d6cb4d6bb09d
user5	383	116	1271971818987	0	0	76cedbe4c7ec50d8d6cb4d6bb09d
user5	383	115	1271971818997	0	0	76cedbe4c7ec50d8d6cb4d6bb09d
user5	384	114	1271971819007	0	0	76cedbe4c7ec50d8d6cb4d6bb09d
user5	385	113	1271971819017	0	0	76cedbe4c7ec50d8d6cb4d6bb09d
user5	387	111	1271971819027	0	0	76cedbe4c7ec50d8d6cb4d6bb09d
user5	388	109	1271971819037	0	0	76cedbe4c7ec50d8d6cb4d6bb09d
user5	389	108	1271971819047	0	0	76cedbe4c7ec50d8d6cb4d6bb09d
user5	391	105	1271971819057	0	0	76cedbe4c7ec50d8d6cb4d6bb09d
user5	393	103	1271971819067	0	0	76cedbe4c7ec50d8d6cb4d6bb09d
user5	397	99	1271971819077	0	0	76cedbe4c7ec50d8d6cb4d6bb09d
user5	400	96	1271971819095	0	0	76cedbe4c7ec50d8d6cb4d6bb09d
user5	407	92	1271971819104	0	0	76cedbe4c7ec50d8d6cb4d6bb09d
user5	410	88	1271971819114	0	0	76cedbe4c7ec50d8d6cb4d6bb09d
user5	416	84	1271971819124	0	0	76cedbe4c7ec50d8d6cb4d6bb09d
user5	421	81	1271971819134	0	0	76cedbe4c7ec50d8d6cb4d6bb09d
user5	432	75	1271971819142	0	0	76cedbe4c7ec50d8d6cb4d6bb09d
user5	435	72	1271971819157	0	0	76cedbe4c7ec50d8d6cb4d6bb09d
user5	438	69	1271971819167	0	0	76cedbe4c7ec50d8d6cb4d6bb09d
user5	443	67	1271971819178	0	0	76cedbe4c7ec50d8d6cb4d6bb09d
user5	445	65	1271971819187	0	0	76cedbe4c7ec50d8d6cb4d6bb09d
user5	447	64	1271971819197	0	0	76cedbe4c7ec50d8d6cb4d6bb09d
user5	449	63	1271971819207	0	0	76cedbe4c7ec50d8d6cb4d6bb09d
user5	450	62	1271971819220	0	0	76cedbe4c7ec50d8d6cb4d6bb09d
user5	451	61	1271971819220	0	0	76cedbe4c7ec50d8d6cb4d6bb09d
user5	452	61	1271971819230	0	0	76cedbe4c7ec50d8d6cb4d6bb09d
user5	452	60	1271971819240	0	0	76cedbe4c7ec50d8d6cb4d6bb09d
user5	453	59	1271971819252	0	0	76cedbe4c7ec50d8d6cb4d6bb09d
user5	453	58	1271971819279	0	0	76cedbe4c7ec50d8d6cb4d6bb09d
user5	453	58	1271971819699	1271971819580	1271971819699	76cedbe4c7ec50d8d6cb4d6bb09d
user5	762	406	1271971841985	0	0	76cedbe4c7ec50d8d6cb4d6bb09d
user5	682	393	1271971841985	0	0	76cedbe4c7ec50d8d6cb4d6bb09d
user5	600	384	1271971841995	0	0	76cedbe4c7ec50d8d6cb4d6bb09d
user5	523	373	1271971842017	0	0	76cedbe4c7ec50d8d6cb4d6bb09d
user5	457	363	1271971842017	0	0	76cedbe4c7ec50d8d6cb4d6bb09d
user5	402	357	1271971842027	0	0	76cedbe4c7ec50d8d6cb4d6bb09d
user5	365	354	1271971842036	0	0	76cedbe4c7ec50d8d6cb4d6bb09d
user5	346	354	1271971842046	0	0	76cedbe4c7ec50d8d6cb4d6bb09d
user5	338	354	1271971842059	0	0	76cedbe4c7ec50d8d6cb4d6bb09d
user5	335	354	1271971842071	0	0	76cedbe4c7ec50d8d6cb4d6bb09d
user5	334	354	1271971842076	0	0	76cedbe4c7ec50d8d6cb4d6bb09d
user5	333	354	1271971842136	0	0	76cedbe4c7ec50d8d6cb4d6bb09d
user5	332	354	1271971842146	0	0	76cedbe4c7ec50d8d6cb4d6bb09d
user5	331	354	1271971842165	0	0	76cedbe4c7ec50d8d6cb4d6bb09d
user5	330	354	1271971842175	0	0	76cedbe4c7ec50d8d6cb4d6bb09d
user5	330	353	1271971842314	0	0	76cedbe4c7ec50d8d6cb4d6bb09d
user5	330	352	1271971842345	0	0	76cedbe4c7ec50d8d6cb4d6bb09d
user5	330	351	1271971842423	0	0	76cedbe4c7ec50d8d6cb4d6bb09d
user5	329	349	1271971842439	0	0	76cedbe4c7ec50d8d6cb4d6bb09d
user5	329	348	1271971842454	0	0	76cedbe4c7ec50d8d6cb4d6bb09d
user5	329	346	1271971842454	0	0	76cedbe4c7ec50d8d6cb4d6bb09d
user5	329	345	1271971842463	0	0	76cedbe4c7ec50d8d6cb4d6bb09d
user5	329	340	1271971842484	0	0	76cedbe4c7ec50d8d6cb4d6bb09d
user5	329	335	1271971842493	0	0	76cedbe4c7ec50d8d6cb4d6bb09d
user5	330	330	1271971842501	0	0	76cedbe4c7ec50d8d6cb4d6bb09d
user5	330	323	1271971842517	0	0	76cedbe4c7ec50d8d6cb4d6bb09d
user5	330	315	1271971842526	0	0	76cedbe4c7ec50d8d6cb4d6bb09d
user5	328	306	1271971842536	0	0	76cedbe4c7ec50d8d6cb4d6bb09d
user5	325	295	1271971842547	0	0	76cedbe4c7ec50d8d6cb4d6bb09d
user5	322	286	1271971842560	0	0	76cedbe4c7ec50d8d6cb4d6bb09d
user5	319	280	1271971842564	0	0	76cedbe4c7ec50d8d6cb4d6bb09d
user5	316	277	1271971842580	0	0	76cedbe4c7ec50d8d6cb4d6bb09d
user5	316	275	1271971842589	0	0	76cedbe4c7ec50d8d6cb4d6bb09d
user5	315	273	1271971842599	0	0	76cedbe4c7ec50d8d6cb4d6bb09d
user5	314	272	1271971842609	0	0	76cedbe4c7ec50d8d6cb4d6bb09d
user5	314	271	1271971842621	0	0	76cedbe4c7ec50d8d6cb4d6bb09d
user5	313	270	1271971842626	0	0	76cedbe4c7ec50d8d6cb4d6bb09d
user5	313	271	1271971842903	0	0	76cedbe4c7ec50d8d6cb4d6bb09d
user5	313	272	1271971842939	0	0	76cedbe4c7ec50d8d6cb4d6bb09d
user5	312	272	1271971842979	0	0	76cedbe4c7ec50d8d6cb4d6bb09d
user5	312	273	1271971843017	0	0	76cedbe4c7ec50d8d6cb4d6bb09d
user5	312	274	1271971843064	0	0	76cedbe4c7ec50d8d6cb4d6bb09d
user5	312	275	1271971843105	0	0	76cedbe4c7ec50d8d6cb4d6bb09d
user5	311	275	1271971843126	0	0	76cedbe4c7ec50d8d6cb4d6bb09d
user5	311	276	1271971843142	0	0	76cedbe4c7ec50d8d6cb4d6bb09d
user5	311	277	1271971843173	0	0	76cedbe4c7ec50d8d6cb4d6bb09d
user5	311	278	1271971843202	0	0	76cedbe4c7ec50d8d6cb4d6bb09d
user5	311	279	1271971843251	0	0	76cedbe4c7ec50d8d6cb4d6bb09d
user5	310	280	1271971843302	0	0	76cedbe4c7ec50d8d6cb4d6bb09d
user5	310	281	1271971843326	0	0	76cedbe4c7ec50d8d6cb4d6bb09d
user5	309	281	1271971843339	0	0	76cedbe4c7ec50d8d6cb4d6bb09d
user5	308	281	1271971843346	0	0	76cedbe4c7ec50d8d6cb4d6bb09d
user5	307	281	1271971843392	0	0	76cedbe4c7ec50d8d6cb4d6bb09d
user5	306	282	1271971843407	0	0	76cedbe4c7ec50d8d6cb4d6bb09d
user5	305	283	1271971843436	0	0	76cedbe4c7ec50d8d6cb4d6bb09d
user5	304	284	1271971843485	0	0	76cedbe4c7ec50d8d6cb4d6bb09d
user5	304	285	1271971843532	0	0	76cedbe4c7ec50d8d6cb4d6bb09d
user5	304	286	1271971843552	0	0	76cedbe4c7ec50d8d6cb4d6bb09d
user5	304	287	1271971843654	0	0	76cedbe4c7ec50d8d6cb4d6bb09d
user5	304	288	1271971843713	0	0	76cedbe4c7ec50d8d6cb4d6bb09d
user5	303	288	1271971843750	0	0	76cedbe4c7ec50d8d6cb4d6bb09d
user5	303	289	1271971843798	0	0	76cedbe4c7ec50d8d6cb4d6bb09d
user5	302	289	1271971843814	0	0	76cedbe4c7ec50d8d6cb4d6bb09d
user5	301	289	1271971843883	0	0	76cedbe4c7ec50d8d6cb4d6bb09d
user5	300	289	1271971843970	0	0	76cedbe4c7ec50d8d6cb4d6bb09d
user5	300	288	1271971844470	0	0	76cedbe4c7ec50d8d6cb4d6bb09d
user5	299	288	1271971844757	0	0	76cedbe4c7ec50d8d6cb4d6bb09d
user5	298	288	1271971844867	0	0	76cedbe4c7ec50d8d6cb4d6bb09d
user5	297	288	1271971844926	0	0	76cedbe4c7ec50d8d6cb4d6bb09d
user5	296	288	1271971845055	0	0	76cedbe4c7ec50d8d6cb4d6bb09d
user5	295	288	1271971845601	0	0	76cedbe4c7ec50d8d6cb4d6bb09d
user5	294	288	1271971846048	0	0	76cedbe4c7ec50d8d6cb4d6bb09d
user5	293	288	1271971846282	0	0	76cedbe4c7ec50d8d6cb4d6bb09d
user5	292	288	1271971846331	0	0	76cedbe4c7ec50d8d6cb4d6bb09d
user5	291	288	1271971846341	0	0	76cedbe4c7ec50d8d6cb4d6bb09d
user5	290	288	1271971846361	0	0	76cedbe4c7ec50d8d6cb4d6bb09d
user5	288	288	1271971846381	0	0	76cedbe4c7ec50d8d6cb4d6bb09d
user5	287	288	1271971846400	0	0	76cedbe4c7ec50d8d6cb4d6bb09d
user5	286	288	1271971846423	0	0	76cedbe4c7ec50d8d6cb4d6bb09d
user5	285	288	1271971846443	0	0	76cedbe4c7ec50d8d6cb4d6bb09d
user5	284	288	1271971846454	0	0	76cedbe4c7ec50d8d6cb4d6bb09d
user5	283	288	1271971846473	0	0	76cedbe4c7ec50d8d6cb4d6bb09d
user5	282	288	1271971846483	0	0	76cedbe4c7ec50d8d6cb4d6bb09d
user5	281	288	1271971846517	0	0	76cedbe4c7ec50d8d6cb4d6bb09d
user5	280	288	1271971846536	0	0	76cedbe4c7ec50d8d6cb4d6bb09d
user5	279	288	1271971846556	0	0	76cedbe4c7ec50d8d6cb4d6bb09d
user5	278	289	1271971846579	0	0	76cedbe4c7ec50d8d6cb4d6bb09d
user5	277	289	1271971846598	0	0	76cedbe4c7ec50d8d6cb4d6bb09d
user5	276	289	1271971846610	0	0	76cedbe4c7ec50d8d6cb4d6bb09d
user5	275	289	1271971846630	0	0	76cedbe4c7ec50d8d6cb4d6bb09d
user5	274	289	1271971846657	0	0	76cedbe4c7ec50d8d6cb4d6bb09d
user5	273	289	1271971846687	0	0	76cedbe4c7ec50d8d6cb4d6bb09d
user5	272	289	1271971846720	0	0	76cedbe4c7ec50d8d6cb4d6bb09d
user5	271	289	1271971846762	0	0	76cedbe4c7ec50d8d6cb4d6bb09d
user5	270	289	1271971847106	0	0	76cedbe4c7ec50d8d6cb4d6bb09d
user5	270	288	1271971847126	0	0	76cedbe4c7ec50d8d6cb4d6bb09d
user5	270	287	1271971847146	0	0	76cedbe4c7ec50d8d6cb4d6bb09d
user5	270	286	1271971847188	0	0	76cedbe4c7ec50d8d6cb4d6bb09d
user5	270	285	1271971847218	0	0	76cedbe4c7ec50d8d6cb4d6bb09d
user5	269	285	1271971847237	0	0	76cedbe4c7ec50d8d6cb4d6bb09d
user5	269	284	1271971847251	0	0	76cedbe4c7ec50d8d6cb4d6bb09d
user5	269	283	1271971847267	0	0	76cedbe4c7ec50d8d6cb4d6bb09d
user5	269	282	1271971847356	0	0	76cedbe4c7ec50d8d6cb4d6bb09d
user5	270	282	1271971847985	0	0	76cedbe4c7ec50d8d6cb4d6bb09d
user5	271	280	1271971848001	0	0	76cedbe4c7ec50d8d6cb4d6bb09d
user5	273	279	1271971848001	0	0	76cedbe4c7ec50d8d6cb4d6bb09d
user5	276	279	1271971848017	0	0	76cedbe4c7ec50d8d6cb4d6bb09d
user5	279	278	1271971848032	0	0	76cedbe4c7ec50d8d6cb4d6bb09d
user5	283	277	1271971848042	0	0	76cedbe4c7ec50d8d6cb4d6bb09d
user5	286	277	1271971848052	0	0	76cedbe4c7ec50d8d6cb4d6bb09d
user5	290	276	1271971848063	0	0	76cedbe4c7ec50d8d6cb4d6bb09d
user5	293	275	1271971848073	0	0	76cedbe4c7ec50d8d6cb4d6bb09d
user5	296	274	1271971848083	0	0	76cedbe4c7ec50d8d6cb4d6bb09d
user5	297	274	1271971848092	0	0	76cedbe4c7ec50d8d6cb4d6bb09d
user5	299	273	1271971848095	0	0	76cedbe4c7ec50d8d6cb4d6bb09d
user5	301	273	1271971848110	0	0	76cedbe4c7ec50d8d6cb4d6bb09d
user5	302	273	1271971848110	0	0	76cedbe4c7ec50d8d6cb4d6bb09d
user5	303	273	1271971848142	0	0	76cedbe4c7ec50d8d6cb4d6bb09d
user5	304	272	1271971848142	0	0	76cedbe4c7ec50d8d6cb4d6bb09d
user5	305	272	1271971848152	0	0	76cedbe4c7ec50d8d6cb4d6bb09d
user5	306	271	1271971848173	0	0	76cedbe4c7ec50d8d6cb4d6bb09d
user5	308	271	1271971848173	0	0	76cedbe4c7ec50d8d6cb4d6bb09d
user5	308	270	1271971848182	0	0	76cedbe4c7ec50d8d6cb4d6bb09d
user5	309	270	1271971848188	0	0	76cedbe4c7ec50d8d6cb4d6bb09d
user5	308	270	1271971848426	0	0	76cedbe4c7ec50d8d6cb4d6bb09d
user5	307	270	1271971848485	0	0	76cedbe4c7ec50d8d6cb4d6bb09d
user5	306	270	1271971848517	0	0	76cedbe4c7ec50d8d6cb4d6bb09d
user5	305	270	1271971848557	0	0	76cedbe4c7ec50d8d6cb4d6bb09d
user5	304	270	1271971848626	0	0	76cedbe4c7ec50d8d6cb4d6bb09d
user5	304	271	1271971849548	0	0	76cedbe4c7ec50d8d6cb4d6bb09d
user5	305	271	1271971849548	0	0	76cedbe4c7ec50d8d6cb4d6bb09d
user5	307	272	1271971849563	0	0	76cedbe4c7ec50d8d6cb4d6bb09d
user5	309	273	1271971849572	0	0	76cedbe4c7ec50d8d6cb4d6bb09d
user5	311	274	1271971849579	0	0	76cedbe4c7ec50d8d6cb4d6bb09d
user5	316	277	1271971849588	0	0	76cedbe4c7ec50d8d6cb4d6bb09d
user5	325	279	1271971849598	0	0	76cedbe4c7ec50d8d6cb4d6bb09d
user5	336	283	1271971849608	0	0	76cedbe4c7ec50d8d6cb4d6bb09d
user5	355	289	1271971849620	0	0	76cedbe4c7ec50d8d6cb4d6bb09d
user5	383	297	1271971849628	0	0	76cedbe4c7ec50d8d6cb4d6bb09d
user5	418	307	1271971849642	0	0	76cedbe4c7ec50d8d6cb4d6bb09d
user5	502	333	1271971849658	0	0	76cedbe4c7ec50d8d6cb4d6bb09d
user5	543	345	1271971849673	0	0	76cedbe4c7ec50d8d6cb4d6bb09d
user5	583	356	1271971849688	0	0	76cedbe4c7ec50d8d6cb4d6bb09d
user5	616	366	1271971849700	0	0	76cedbe4c7ec50d8d6cb4d6bb09d
user5	649	376	1271971849704	0	0	76cedbe4c7ec50d8d6cb4d6bb09d
user5	684	385	1271971849714	0	0	76cedbe4c7ec50d8d6cb4d6bb09d
user5	717	395	1271971849720	0	0	76cedbe4c7ec50d8d6cb4d6bb09d
user5	750	406	1271971849735	0	0	76cedbe4c7ec50d8d6cb4d6bb09d
user5	780	416	1271971849751	0	0	76cedbe4c7ec50d8d6cb4d6bb09d
user5	800	425	1271971849751	0	0	76cedbe4c7ec50d8d6cb4d6bb09d
user5	817	431	1271971849767	0	0	76cedbe4c7ec50d8d6cb4d6bb09d
user5	828	437	1271971849773	0	0	76cedbe4c7ec50d8d6cb4d6bb09d
user5	975	548	1271971850094	0	0	76cedbe4c7ec50d8d6cb4d6bb09d
user5	681	469	1271971866298	0	0	76cedbe4c7ec50d8d6cb4d6bb09d
user5	680	469	1271971866766	0	0	76cedbe4c7ec50d8d6cb4d6bb09d
user5	679	469	1271971866829	0	0	76cedbe4c7ec50d8d6cb4d6bb09d
user5	678	469	1271971866907	0	0	76cedbe4c7ec50d8d6cb4d6bb09d
user5	677	469	1271971866927	0	0	76cedbe4c7ec50d8d6cb4d6bb09d
user5	676	469	1271971866970	0	0	76cedbe4c7ec50d8d6cb4d6bb09d
user5	677	468	1271971867266	0	0	76cedbe4c7ec50d8d6cb4d6bb09d
user5	678	467	1271971867295	0	0	76cedbe4c7ec50d8d6cb4d6bb09d
user5	678	466	1271971867335	0	0	76cedbe4c7ec50d8d6cb4d6bb09d
user5	679	466	1271971867365	0	0	76cedbe4c7ec50d8d6cb4d6bb09d
user5	679	465	1271971867501	0	0	76cedbe4c7ec50d8d6cb4d6bb09d
user5	678	465	1271971867660	0	0	76cedbe4c7ec50d8d6cb4d6bb09d
user5	677	465	1271971867673	0	0	76cedbe4c7ec50d8d6cb4d6bb09d
user5	677	464	1271971867673	0	0	76cedbe4c7ec50d8d6cb4d6bb09d
user5	676	464	1271971867688	0	0	76cedbe4c7ec50d8d6cb4d6bb09d
user5	676	463	1271971867704	0	0	76cedbe4c7ec50d8d6cb4d6bb09d
user5	675	463	1271971867714	0	0	76cedbe4c7ec50d8d6cb4d6bb09d
user5	673	462	1271971867720	0	0	76cedbe4c7ec50d8d6cb4d6bb09d
user5	671	461	1271971867751	0	0	76cedbe4c7ec50d8d6cb4d6bb09d
user5	670	461	1271971867766	0	0	76cedbe4c7ec50d8d6cb4d6bb09d
user5	668	461	1271971867782	0	0	76cedbe4c7ec50d8d6cb4d6bb09d
user5	668	460	1271971867792	0	0	76cedbe4c7ec50d8d6cb4d6bb09d
user5	667	460	1271971867802	0	0	76cedbe4c7ec50d8d6cb4d6bb09d
user5	665	460	1271971867813	0	0	76cedbe4c7ec50d8d6cb4d6bb09d
user5	664	460	1271971867813	0	0	76cedbe4c7ec50d8d6cb4d6bb09d
user5	663	460	1271971867823	0	0	76cedbe4c7ec50d8d6cb4d6bb09d
user5	662	459	1271971867829	0	0	76cedbe4c7ec50d8d6cb4d6bb09d
user5	660	459	1271971867849	0	0	76cedbe4c7ec50d8d6cb4d6bb09d
user5	659	459	1271971867876	0	0	76cedbe4c7ec50d8d6cb4d6bb09d
user5	658	459	1271971867891	0	0	76cedbe4c7ec50d8d6cb4d6bb09d
user5	657	459	1271971867907	0	0	76cedbe4c7ec50d8d6cb4d6bb09d
user5	656	459	1271971867923	0	0	76cedbe4c7ec50d8d6cb4d6bb09d
user5	654	458	1271971867938	0	0	76cedbe4c7ec50d8d6cb4d6bb09d
user5	653	458	1271971867954	0	0	76cedbe4c7ec50d8d6cb4d6bb09d
user5	652	458	1271971867970	0	0	76cedbe4c7ec50d8d6cb4d6bb09d
user5	651	458	1271971867985	0	0	76cedbe4c7ec50d8d6cb4d6bb09d
user5	650	458	1271971868001	0	0	76cedbe4c7ec50d8d6cb4d6bb09d
user5	649	458	1271971868011	0	0	76cedbe4c7ec50d8d6cb4d6bb09d
user5	649	457	1271971868041	0	0	76cedbe4c7ec50d8d6cb4d6bb09d
user5	648	457	1271971868050	0	0	76cedbe4c7ec50d8d6cb4d6bb09d
user5	647	457	1271971868070	0	0	76cedbe4c7ec50d8d6cb4d6bb09d
user5	646	457	1271971868110	0	0	76cedbe4c7ec50d8d6cb4d6bb09d
user5	644	457	1271971868141	0	0	76cedbe4c7ec50d8d6cb4d6bb09d
user5	643	457	1271971868157	0	0	76cedbe4c7ec50d8d6cb4d6bb09d
user5	642	457	1271971868169	0	0	76cedbe4c7ec50d8d6cb4d6bb09d
user5	640	457	1271971868173	0	0	76cedbe4c7ec50d8d6cb4d6bb09d
user5	639	458	1271971868188	0	0	76cedbe4c7ec50d8d6cb4d6bb09d
user5	638	458	1271971868188	0	0	76cedbe4c7ec50d8d6cb4d6bb09d
user5	636	458	1271971868198	0	0	76cedbe4c7ec50d8d6cb4d6bb09d
user5	633	459	1271971868207	0	0	76cedbe4c7ec50d8d6cb4d6bb09d
user5	631	459	1271971868220	0	0	76cedbe4c7ec50d8d6cb4d6bb09d
user5	630	459	1271971868230	0	0	76cedbe4c7ec50d8d6cb4d6bb09d
user5	629	459	1271971868240	0	0	76cedbe4c7ec50d8d6cb4d6bb09d
user5	626	459	1271971868251	0	0	76cedbe4c7ec50d8d6cb4d6bb09d
user5	625	459	1271971868266	0	0	76cedbe4c7ec50d8d6cb4d6bb09d
user5	624	459	1271971868266	0	0	76cedbe4c7ec50d8d6cb4d6bb09d
user5	623	459	1271971868282	0	0	76cedbe4c7ec50d8d6cb4d6bb09d
user5	622	459	1271971868298	0	0	76cedbe4c7ec50d8d6cb4d6bb09d
user5	621	459	1271971868298	0	0	76cedbe4c7ec50d8d6cb4d6bb09d
user5	620	459	1271971868313	0	0	76cedbe4c7ec50d8d6cb4d6bb09d
user5	619	459	1271971868329	0	0	76cedbe4c7ec50d8d6cb4d6bb09d
user5	618	459	1271971868339	0	0	76cedbe4c7ec50d8d6cb4d6bb09d
user5	617	458	1271971868376	0	0	76cedbe4c7ec50d8d6cb4d6bb09d
user5	617	457	1271971868407	0	0	76cedbe4c7ec50d8d6cb4d6bb09d
user5	616	457	1271971868447	0	0	76cedbe4c7ec50d8d6cb4d6bb09d
user5	616	456	1271971868466	0	0	76cedbe4c7ec50d8d6cb4d6bb09d
user5	616	455	1271971868516	0	0	76cedbe4c7ec50d8d6cb4d6bb09d
user5	616	454	1271971868546	0	0	76cedbe4c7ec50d8d6cb4d6bb09d
user5	615	454	1271971868555	0	0	76cedbe4c7ec50d8d6cb4d6bb09d
user5	615	453	1271971868565	0	0	76cedbe4c7ec50d8d6cb4d6bb09d
user5	614	453	1271971868575	0	0	76cedbe4c7ec50d8d6cb4d6bb09d
user5	613	452	1271971868585	0	0	76cedbe4c7ec50d8d6cb4d6bb09d
user5	612	451	1271971868606	0	0	76cedbe4c7ec50d8d6cb4d6bb09d
user5	612	450	1271971868615	0	0	76cedbe4c7ec50d8d6cb4d6bb09d
user5	611	450	1271971868625	0	0	76cedbe4c7ec50d8d6cb4d6bb09d
user5	610	449	1271971868635	0	0	76cedbe4c7ec50d8d6cb4d6bb09d
user5	610	448	1271971868645	0	0	76cedbe4c7ec50d8d6cb4d6bb09d
user5	609	448	1271971868665	0	0	76cedbe4c7ec50d8d6cb4d6bb09d
user5	609	447	1271971868675	0	0	76cedbe4c7ec50d8d6cb4d6bb09d
user5	608	447	1271971868833	0	0	76cedbe4c7ec50d8d6cb4d6bb09d
user5	607	447	1271971868853	0	0	76cedbe4c7ec50d8d6cb4d6bb09d
user5	606	446	1271971868860	0	0	76cedbe4c7ec50d8d6cb4d6bb09d
user5	604	446	1271971868879	0	0	76cedbe4c7ec50d8d6cb4d6bb09d
user5	603	446	1271971868891	0	0	76cedbe4c7ec50d8d6cb4d6bb09d
user5	602	445	1271971868907	0	0	76cedbe4c7ec50d8d6cb4d6bb09d
user5	601	445	1271971868916	0	0	76cedbe4c7ec50d8d6cb4d6bb09d
user5	600	445	1271971868923	0	0	76cedbe4c7ec50d8d6cb4d6bb09d
user5	599	444	1271971868933	0	0	76cedbe4c7ec50d8d6cb4d6bb09d
user5	598	444	1271971868943	0	0	76cedbe4c7ec50d8d6cb4d6bb09d
user5	597	444	1271971868953	0	0	76cedbe4c7ec50d8d6cb4d6bb09d
user5	597	443	1271971868972	0	0	76cedbe4c7ec50d8d6cb4d6bb09d
user5	596	443	1271971868985	0	0	76cedbe4c7ec50d8d6cb4d6bb09d
user5	595	443	1271971869110	0	0	76cedbe4c7ec50d8d6cb4d6bb09d
user5	595	442	1271971869141	0	0	76cedbe4c7ec50d8d6cb4d6bb09d
user5	594	442	1271971869297	0	0	76cedbe4c7ec50d8d6cb4d6bb09d
user5	593	442	1271971869329	0	0	76cedbe4c7ec50d8d6cb4d6bb09d
user5	592	442	1271971869391	0	0	76cedbe4c7ec50d8d6cb4d6bb09d
user5	592	441	1271971869549	0	0	76cedbe4c7ec50d8d6cb4d6bb09d
user5	593	441	1271971869569	0	0	76cedbe4c7ec50d8d6cb4d6bb09d
user5	593	440	1271971869579	0	0	76cedbe4c7ec50d8d6cb4d6bb09d
user5	594	440	1271971869595	0	0	76cedbe4c7ec50d8d6cb4d6bb09d
user5	595	440	1271971869610	0	0	76cedbe4c7ec50d8d6cb4d6bb09d
user5	596	439	1271971869619	0	0	76cedbe4c7ec50d8d6cb4d6bb09d
user5	597	439	1271971869639	0	0	76cedbe4c7ec50d8d6cb4d6bb09d
user5	597	438	1271971869641	0	0	76cedbe4c7ec50d8d6cb4d6bb09d
user5	598	438	1271971869650	0	0	76cedbe4c7ec50d8d6cb4d6bb09d
user5	598	437	1271971869660	0	0	76cedbe4c7ec50d8d6cb4d6bb09d
user5	599	437	1271971869673	0	0	76cedbe4c7ec50d8d6cb4d6bb09d
user5	600	436	1271971869688	0	0	76cedbe4c7ec50d8d6cb4d6bb09d
user5	601	435	1271971869704	0	0	76cedbe4c7ec50d8d6cb4d6bb09d
user5	601	434	1271971869733	0	0	76cedbe4c7ec50d8d6cb4d6bb09d
user5	602	433	1271971869852	0	0	76cedbe4c7ec50d8d6cb4d6bb09d
user5	602	432	1271971869938	0	0	76cedbe4c7ec50d8d6cb4d6bb09d
user5	601	432	1271971869954	0	0	76cedbe4c7ec50d8d6cb4d6bb09d
user5	600	432	1271971869985	0	0	76cedbe4c7ec50d8d6cb4d6bb09d
user5	600	431	1271971870001	0	0	76cedbe4c7ec50d8d6cb4d6bb09d
user5	599	431	1271971870016	0	0	76cedbe4c7ec50d8d6cb4d6bb09d
user5	598	431	1271971870036	0	0	76cedbe4c7ec50d8d6cb4d6bb09d
user5	598	430	1271971870047	0	0	76cedbe4c7ec50d8d6cb4d6bb09d
user5	597	430	1271971870065	0	0	76cedbe4c7ec50d8d6cb4d6bb09d
user5	596	430	1271971870085	0	0	76cedbe4c7ec50d8d6cb4d6bb09d
user5	595	430	1271971870145	0	0	76cedbe4c7ec50d8d6cb4d6bb09d
user5	595	429	1271971870155	0	0	76cedbe4c7ec50d8d6cb4d6bb09d
user5	594	429	1271971870165	0	0	76cedbe4c7ec50d8d6cb4d6bb09d
user5	593	429	1271971870175	0	0	76cedbe4c7ec50d8d6cb4d6bb09d
user5	592	428	1271971870214	0	0	76cedbe4c7ec50d8d6cb4d6bb09d
user5	591	428	1271971870294	0	0	76cedbe4c7ec50d8d6cb4d6bb09d
user5	591	427	1271971870304	0	0	76cedbe4c7ec50d8d6cb4d6bb09d
user5	590	427	1271971870621	0	0	76cedbe4c7ec50d8d6cb4d6bb09d
user5	589	427	1271971870641	0	0	76cedbe4c7ec50d8d6cb4d6bb09d
user5	588	427	1271971870671	0	0	76cedbe4c7ec50d8d6cb4d6bb09d
user5	587	427	1271971870681	0	0	76cedbe4c7ec50d8d6cb4d6bb09d
user5	586	427	1271971870704	0	0	76cedbe4c7ec50d8d6cb4d6bb09d
user5	585	427	1271971870720	0	0	76cedbe4c7ec50d8d6cb4d6bb09d
user5	584	427	1271971870735	0	0	76cedbe4c7ec50d8d6cb4d6bb09d
user5	583	427	1271971870744	0	0	76cedbe4c7ec50d8d6cb4d6bb09d
user5	582	427	1271971870764	0	0	76cedbe4c7ec50d8d6cb4d6bb09d
user5	581	427	1271971870774	0	0	76cedbe4c7ec50d8d6cb4d6bb09d
user5	580	427	1271971870798	0	0	76cedbe4c7ec50d8d6cb4d6bb09d
user5	579	427	1271971871537	0	0	76cedbe4c7ec50d8d6cb4d6bb09d
user5	578	427	1271971871557	0	0	76cedbe4c7ec50d8d6cb4d6bb09d
user5	577	427	1271971871587	0	0	76cedbe4c7ec50d8d6cb4d6bb09d
user5	576	427	1271971871617	0	0	76cedbe4c7ec50d8d6cb4d6bb09d
user5	575	427	1271971871637	0	0	76cedbe4c7ec50d8d6cb4d6bb09d
user5	574	427	1271971871656	0	0	76cedbe4c7ec50d8d6cb4d6bb09d
user5	573	427	1271971871677	0	0	76cedbe4c7ec50d8d6cb4d6bb09d
user5	572	427	1271971871706	0	0	76cedbe4c7ec50d8d6cb4d6bb09d
user5	571	427	1271971871736	0	0	76cedbe4c7ec50d8d6cb4d6bb09d
user5	570	427	1271971871746	0	0	76cedbe4c7ec50d8d6cb4d6bb09d
user5	569	427	1271971871786	0	0	76cedbe4c7ec50d8d6cb4d6bb09d
user5	568	427	1271971871845	0	0	76cedbe4c7ec50d8d6cb4d6bb09d
user5	567	427	1271971871877	0	0	76cedbe4c7ec50d8d6cb4d6bb09d
user5	566	427	1271971871896	0	0	76cedbe4c7ec50d8d6cb4d6bb09d
user5	565	427	1271971872114	0	0	76cedbe4c7ec50d8d6cb4d6bb09d
user5	564	426	1271971872141	0	0	76cedbe4c7ec50d8d6cb4d6bb09d
user5	563	426	1271971872170	0	0	76cedbe4c7ec50d8d6cb4d6bb09d
user5	563	425	1271971872181	0	0	76cedbe4c7ec50d8d6cb4d6bb09d
user5	562	425	1271971872188	0	0	76cedbe4c7ec50d8d6cb4d6bb09d
user5	561	425	1271971872204	0	0	76cedbe4c7ec50d8d6cb4d6bb09d
user5	561	424	1271971872224	0	0	76cedbe4c7ec50d8d6cb4d6bb09d
user5	560	424	1271971872251	0	0	76cedbe4c7ec50d8d6cb4d6bb09d
user5	560	423	1271971872360	0	0	76cedbe4c7ec50d8d6cb4d6bb09d
user5	559	423	1271971872370	0	0	76cedbe4c7ec50d8d6cb4d6bb09d
user5	558	423	1271971872400	0	0	76cedbe4c7ec50d8d6cb4d6bb09d
user5	558	422	1271971872409	0	0	76cedbe4c7ec50d8d6cb4d6bb09d
user5	557	422	1271971872419	0	0	76cedbe4c7ec50d8d6cb4d6bb09d
user5	556	422	1271971872459	0	0	76cedbe4c7ec50d8d6cb4d6bb09d
user5	555	422	1271971872499	0	0	76cedbe4c7ec50d8d6cb4d6bb09d
user5	554	422	1271971872532	0	0	76cedbe4c7ec50d8d6cb4d6bb09d
user5	554	421	1271971872532	0	0	76cedbe4c7ec50d8d6cb4d6bb09d
user5	553	421	1271971872555	0	0	76cedbe4c7ec50d8d6cb4d6bb09d
user5	552	421	1271971872561	0	0	76cedbe4c7ec50d8d6cb4d6bb09d
user5	551	421	1271971872563	0	0	76cedbe4c7ec50d8d6cb4d6bb09d
user5	549	421	1271971872595	0	0	76cedbe4c7ec50d8d6cb4d6bb09d
user5	549	420	1271971872605	0	0	76cedbe4c7ec50d8d6cb4d6bb09d
user5	548	420	1271971872615	0	0	76cedbe4c7ec50d8d6cb4d6bb09d
user5	547	420	1271971872626	0	0	76cedbe4c7ec50d8d6cb4d6bb09d
user5	546	420	1271971872657	0	0	76cedbe4c7ec50d8d6cb4d6bb09d
user5	545	420	1271971872697	0	0	76cedbe4c7ec50d8d6cb4d6bb09d
user5	545	419	1271971873298	0	0	76cedbe4c7ec50d8d6cb4d6bb09d
user5	545	418	1271971873329	0	0	76cedbe4c7ec50d8d6cb4d6bb09d
user5	544	418	1271971873360	0	0	76cedbe4c7ec50d8d6cb4d6bb09d
user5	544	417	1271971873368	0	0	76cedbe4c7ec50d8d6cb4d6bb09d
user5	544	416	1271971873388	0	0	76cedbe4c7ec50d8d6cb4d6bb09d
user5	544	415	1271971873408	0	0	76cedbe4c7ec50d8d6cb4d6bb09d
user5	543	414	1271971873418	0	0	76cedbe4c7ec50d8d6cb4d6bb09d
user5	543	413	1271971873423	0	0	76cedbe4c7ec50d8d6cb4d6bb09d
user5	543	411	1271971873442	0	0	76cedbe4c7ec50d8d6cb4d6bb09d
user5	542	411	1271971873452	0	0	76cedbe4c7ec50d8d6cb4d6bb09d
user5	542	410	1271971873462	0	0	76cedbe4c7ec50d8d6cb4d6bb09d
user5	541	410	1271971873472	0	0	76cedbe4c7ec50d8d6cb4d6bb09d
user5	541	409	1271971873482	0	0	76cedbe4c7ec50d8d6cb4d6bb09d
user5	540	409	1271971873501	0	0	76cedbe4c7ec50d8d6cb4d6bb09d
user5	540	408	1271971873501	0	0	76cedbe4c7ec50d8d6cb4d6bb09d
user5	540	407	1271971873511	0	0	76cedbe4c7ec50d8d6cb4d6bb09d
user5	539	407	1271971873531	0	0	76cedbe4c7ec50d8d6cb4d6bb09d
user5	539	406	1271971873560	0	0	76cedbe4c7ec50d8d6cb4d6bb09d
user5	538	406	1271971873640	0	0	76cedbe4c7ec50d8d6cb4d6bb09d
user5	538	405	1271971873660	0	0	76cedbe4c7ec50d8d6cb4d6bb09d
user5	538	404	1271971873689	0	0	76cedbe4c7ec50d8d6cb4d6bb09d
user5	539	404	1271971877401	0	0	76cedbe4c7ec50d8d6cb4d6bb09d
user5	543	404	1271971877411	0	0	76cedbe4c7ec50d8d6cb4d6bb09d
user5	550	404	1271971877421	0	0	76cedbe4c7ec50d8d6cb4d6bb09d
user5	559	406	1271971877431	0	0	76cedbe4c7ec50d8d6cb4d6bb09d
user5	570	406	1271971877441	0	0	76cedbe4c7ec50d8d6cb4d6bb09d
user5	582	406	1271971877454	0	0	76cedbe4c7ec50d8d6cb4d6bb09d
user5	594	406	1271971877470	0	0	76cedbe4c7ec50d8d6cb4d6bb09d
user5	603	404	1271971877480	0	0	76cedbe4c7ec50d8d6cb4d6bb09d
user5	613	402	1271971877485	0	0	76cedbe4c7ec50d8d6cb4d6bb09d
user5	616	400	1271971877501	0	0	76cedbe4c7ec50d8d6cb4d6bb09d
user5	620	398	1271971877511	0	0	76cedbe4c7ec50d8d6cb4d6bb09d
user5	624	397	1271971877521	0	0	76cedbe4c7ec50d8d6cb4d6bb09d
user5	629	393	1271971877531	0	0	76cedbe4c7ec50d8d6cb4d6bb09d
user5	636	390	1271971877541	0	0	76cedbe4c7ec50d8d6cb4d6bb09d
user5	646	386	1271971877553	0	0	76cedbe4c7ec50d8d6cb4d6bb09d
user5	654	384	1271971877561	0	0	76cedbe4c7ec50d8d6cb4d6bb09d
user5	664	383	1271971877579	0	0	76cedbe4c7ec50d8d6cb4d6bb09d
user5	670	382	1271971877579	0	0	76cedbe4c7ec50d8d6cb4d6bb09d
user5	676	382	1271971877595	0	0	76cedbe4c7ec50d8d6cb4d6bb09d
user5	679	381	1271971877604	0	0	76cedbe4c7ec50d8d6cb4d6bb09d
user5	680	381	1271971877618	0	0	76cedbe4c7ec50d8d6cb4d6bb09d
user5	681	381	1271971877626	0	0	76cedbe4c7ec50d8d6cb4d6bb09d
user5	681	384	1271971877688	0	0	76cedbe4c7ec50d8d6cb4d6bb09d
user5	682	388	1271971877699	0	0	76cedbe4c7ec50d8d6cb4d6bb09d
user5	688	397	1271971877708	0	0	76cedbe4c7ec50d8d6cb4d6bb09d
user5	697	408	1271971877718	0	0	76cedbe4c7ec50d8d6cb4d6bb09d
user5	711	425	1271971877728	0	0	76cedbe4c7ec50d8d6cb4d6bb09d
user5	729	444	1271971877738	0	0	76cedbe4c7ec50d8d6cb4d6bb09d
user5	746	461	1271971877748	0	0	76cedbe4c7ec50d8d6cb4d6bb09d
user5	760	479	1271971877758	0	0	76cedbe4c7ec50d8d6cb4d6bb09d
user5	773	496	1271971877767	0	0	76cedbe4c7ec50d8d6cb4d6bb09d
user5	784	508	1271971877777	0	0	76cedbe4c7ec50d8d6cb4d6bb09d
user5	793	520	1271971877787	0	0	76cedbe4c7ec50d8d6cb4d6bb09d
user5	802	530	1271971877798	0	0	76cedbe4c7ec50d8d6cb4d6bb09d
user5	810	538	1271971877806	0	0	76cedbe4c7ec50d8d6cb4d6bb09d
user5	817	546	1271971877813	0	0	76cedbe4c7ec50d8d6cb4d6bb09d
user5	826	552	1271971877813	0	0	76cedbe4c7ec50d8d6cb4d6bb09d
user5	862	574	1271971877876	0	0	76cedbe4c7ec50d8d6cb4d6bb09d
user5	868	576	1271971877876	0	0	76cedbe4c7ec50d8d6cb4d6bb09d
user5	872	576	1271971877886	0	0	76cedbe4c7ec50d8d6cb4d6bb09d
user5	879	576	1271971877896	0	0	76cedbe4c7ec50d8d6cb4d6bb09d
user5	885	574	1271971877906	0	0	76cedbe4c7ec50d8d6cb4d6bb09d
user5	924	557	1271971877980	0	0	76cedbe4c7ec50d8d6cb4d6bb09d
user5	570	471	1271971878452	0	0	76cedbe4c7ec50d8d6cb4d6bb09d
user5	569	471	1271971878461	0	0	76cedbe4c7ec50d8d6cb4d6bb09d
user5	569	470	1271971878471	0	0	76cedbe4c7ec50d8d6cb4d6bb09d
user5	569	469	1271971878481	0	0	76cedbe4c7ec50d8d6cb4d6bb09d
user5	570	469	1271971878491	0	0	76cedbe4c7ec50d8d6cb4d6bb09d
user5	572	469	1271971882848	0	0	76cedbe4c7ec50d8d6cb4d6bb09d
user5	583	469	1271971882858	0	0	76cedbe4c7ec50d8d6cb4d6bb09d
user5	601	477	1271971882868	0	0	76cedbe4c7ec50d8d6cb4d6bb09d
user5	633	495	1271971882876	0	0	76cedbe4c7ec50d8d6cb4d6bb09d
user5	673	518	1271971882891	0	0	76cedbe4c7ec50d8d6cb4d6bb09d
user5	718	541	1271971882901	0	0	76cedbe4c7ec50d8d6cb4d6bb09d
user5	766	567	1271971882913	0	0	76cedbe4c7ec50d8d6cb4d6bb09d
user5	814	593	1271971882921	0	0	76cedbe4c7ec50d8d6cb4d6bb09d
user5	859	617	1271971882930	0	0	76cedbe4c7ec50d8d6cb4d6bb09d
user5	901	636	1271971882940	0	0	76cedbe4c7ec50d8d6cb4d6bb09d
user5	931	636	1271971883053	0	0	76cedbe4c7ec50d8d6cb4d6bb09d
user5	922	627	1271971883063	0	0	76cedbe4c7ec50d8d6cb4d6bb09d
user5	915	621	1271971883073	0	0	76cedbe4c7ec50d8d6cb4d6bb09d
user5	906	614	1271971883083	0	0	76cedbe4c7ec50d8d6cb4d6bb09d
user5	900	609	1271971883095	0	0	76cedbe4c7ec50d8d6cb4d6bb09d
user5	894	605	1271971883104	0	0	76cedbe4c7ec50d8d6cb4d6bb09d
user5	889	602	1271971883114	0	0	76cedbe4c7ec50d8d6cb4d6bb09d
user5	886	601	1271971883124	0	0	76cedbe4c7ec50d8d6cb4d6bb09d
user5	885	599	1271971883134	0	0	76cedbe4c7ec50d8d6cb4d6bb09d
user5	884	599	1271971883144	0	0	76cedbe4c7ec50d8d6cb4d6bb09d
user5	884	597	1271971883156	0	0	76cedbe4c7ec50d8d6cb4d6bb09d
user5	884	595	1271971883164	0	0	76cedbe4c7ec50d8d6cb4d6bb09d
user5	885	591	1271971883174	0	0	76cedbe4c7ec50d8d6cb4d6bb09d
user5	888	583	1271971883184	0	0	76cedbe4c7ec50d8d6cb4d6bb09d
user5	912	537	1271971883224	0	0	76cedbe4c7ec50d8d6cb4d6bb09d
user5	739	500	1271971883923	0	0	76cedbe4c7ec50d8d6cb4d6bb09d
user5	739	499	1271971883923	0	0	76cedbe4c7ec50d8d6cb4d6bb09d
user5	742	497	1271971883933	0	0	76cedbe4c7ec50d8d6cb4d6bb09d
user5	743	494	1271971883943	0	0	76cedbe4c7ec50d8d6cb4d6bb09d
user5	245	170	1271971904872	0	0	76cedbe4c7ec50d8d6cb4d6bb09d
user5	244	169	1271971904907	0	0	76cedbe4c7ec50d8d6cb4d6bb09d
user5	243	169	1271971904938	0	0	76cedbe4c7ec50d8d6cb4d6bb09d
user5	243	168	1271971904954	0	0	76cedbe4c7ec50d8d6cb4d6bb09d
user5	242	168	1271971904969	0	0	76cedbe4c7ec50d8d6cb4d6bb09d
user5	242	167	1271971904969	0	0	76cedbe4c7ec50d8d6cb4d6bb09d
user5	241	167	1271971904981	0	0	76cedbe4c7ec50d8d6cb4d6bb09d
user5	241	166	1271971905001	0	0	76cedbe4c7ec50d8d6cb4d6bb09d
user5	240	166	1271971905021	0	0	76cedbe4c7ec50d8d6cb4d6bb09d
user5	240	165	1271971905063	0	0	76cedbe4c7ec50d8d6cb4d6bb09d
user5	239	165	1271971905079	0	0	76cedbe4c7ec50d8d6cb4d6bb09d
user5	238	165	1271971905138	0	0	76cedbe4c7ec50d8d6cb4d6bb09d
user5	238	164	1271971905248	0	0	76cedbe4c7ec50d8d6cb4d6bb09d
user5	237	164	1271971905357	0	0	76cedbe4c7ec50d8d6cb4d6bb09d
user5	236	164	1271971905641	0	0	76cedbe4c7ec50d8d6cb4d6bb09d
user5	236	163	1271971905719	0	0	76cedbe4c7ec50d8d6cb4d6bb09d
user5	237	162	1271971905841	0	0	76cedbe4c7ec50d8d6cb4d6bb09d
user5	241	160	1271971905848	0	0	76cedbe4c7ec50d8d6cb4d6bb09d
user5	245	157	1271971905858	0	0	76cedbe4c7ec50d8d6cb4d6bb09d
user5	251	154	1271971905868	0	0	76cedbe4c7ec50d8d6cb4d6bb09d
user5	260	150	1271971905878	0	0	76cedbe4c7ec50d8d6cb4d6bb09d
user5	267	145	1271971905888	0	0	76cedbe4c7ec50d8d6cb4d6bb09d
user5	276	138	1271971905898	0	0	76cedbe4c7ec50d8d6cb4d6bb09d
user5	284	132	1271971905907	0	0	76cedbe4c7ec50d8d6cb4d6bb09d
user5	294	125	1271971905915	0	0	76cedbe4c7ec50d8d6cb4d6bb09d
user5	306	118	1271971905925	0	0	76cedbe4c7ec50d8d6cb4d6bb09d
user5	320	113	1271971905935	0	0	76cedbe4c7ec50d8d6cb4d6bb09d
user5	332	108	1271971905944	0	0	76cedbe4c7ec50d8d6cb4d6bb09d
user5	344	102	1271971905954	0	0	76cedbe4c7ec50d8d6cb4d6bb09d
user5	357	98	1271971905964	0	0	76cedbe4c7ec50d8d6cb4d6bb09d
user5	368	94	1271971905974	0	0	76cedbe4c7ec50d8d6cb4d6bb09d
user5	377	90	1271971905984	0	0	76cedbe4c7ec50d8d6cb4d6bb09d
user5	386	87	1271971905994	0	0	76cedbe4c7ec50d8d6cb4d6bb09d
user5	394	85	1271971906004	0	0	76cedbe4c7ec50d8d6cb4d6bb09d
user5	401	82	1271971906013	0	0	76cedbe4c7ec50d8d6cb4d6bb09d
user5	408	79	1271971906026	0	0	76cedbe4c7ec50d8d6cb4d6bb09d
user5	415	76	1271971906032	0	0	76cedbe4c7ec50d8d6cb4d6bb09d
user5	421	75	1271971906041	0	0	76cedbe4c7ec50d8d6cb4d6bb09d
user5	426	73	1271971906063	0	0	76cedbe4c7ec50d8d6cb4d6bb09d
user5	430	71	1271971906073	0	0	76cedbe4c7ec50d8d6cb4d6bb09d
user5	433	71	1271971906079	0	0	76cedbe4c7ec50d8d6cb4d6bb09d
user5	435	70	1271971906079	0	0	76cedbe4c7ec50d8d6cb4d6bb09d
user5	436	69	1271971906094	0	0	76cedbe4c7ec50d8d6cb4d6bb09d
user5	436	69	1271971906252	1271971906172	1271971906252	76cedbe4c7ec50d8d6cb4d6bb09d
user5	440	67	1271971906297	0	0	76cedbe4c7ec50d8d6cb4d6bb09d
user5	442	67	1271971906307	0	0	76cedbe4c7ec50d8d6cb4d6bb09d
user5	444	65	1271971906319	0	0	76cedbe4c7ec50d8d6cb4d6bb09d
user5	447	63	1271971906329	0	0	76cedbe4c7ec50d8d6cb4d6bb09d
user5	450	62	1271971906338	0	0	76cedbe4c7ec50d8d6cb4d6bb09d
user5	451	61	1271971906348	0	0	76cedbe4c7ec50d8d6cb4d6bb09d
user5	452	61	1271971906358	0	0	76cedbe4c7ec50d8d6cb4d6bb09d
user5	452	60	1271971906376	0	0	76cedbe4c7ec50d8d6cb4d6bb09d
user5	452	60	1271971906473	1271971906376	1271971906473	76cedbe4c7ec50d8d6cb4d6bb09d
user5	333	342	1271971910297	0	0	76cedbe4c7ec50d8d6cb4d6bb09d
user5	332	341	1271971910376	0	0	76cedbe4c7ec50d8d6cb4d6bb09d
user5	332	340	1271971910426	0	0	76cedbe4c7ec50d8d6cb4d6bb09d
user5	332	339	1271971910468	0	0	76cedbe4c7ec50d8d6cb4d6bb09d
user5	331	339	1271971910485	0	0	76cedbe4c7ec50d8d6cb4d6bb09d
user5	331	338	1271971910485	0	0	76cedbe4c7ec50d8d6cb4d6bb09d
user5	330	337	1271971910516	0	0	76cedbe4c7ec50d8d6cb4d6bb09d
user5	330	336	1271971910547	0	0	76cedbe4c7ec50d8d6cb4d6bb09d
user5	329	335	1271971910547	0	0	76cedbe4c7ec50d8d6cb4d6bb09d
user5	328	334	1271971910576	0	0	76cedbe4c7ec50d8d6cb4d6bb09d
user5	327	333	1271971910596	0	0	76cedbe4c7ec50d8d6cb4d6bb09d
user5	326	333	1271971910616	0	0	76cedbe4c7ec50d8d6cb4d6bb09d
user5	326	332	1271971910626	0	0	76cedbe4c7ec50d8d6cb4d6bb09d
user5	325	331	1271971910641	0	0	76cedbe4c7ec50d8d6cb4d6bb09d
user5	324	331	1271971910651	0	0	76cedbe4c7ec50d8d6cb4d6bb09d
user5	324	330	1271971910657	0	0	76cedbe4c7ec50d8d6cb4d6bb09d
user5	323	330	1271971910663	0	0	76cedbe4c7ec50d8d6cb4d6bb09d
user5	323	329	1271971910673	0	0	76cedbe4c7ec50d8d6cb4d6bb09d
user5	322	329	1271971910688	0	0	76cedbe4c7ec50d8d6cb4d6bb09d
user5	322	328	1271971910719	0	0	76cedbe4c7ec50d8d6cb4d6bb09d
user5	321	328	1271971910726	0	0	76cedbe4c7ec50d8d6cb4d6bb09d
user5	320	328	1271971910770	0	0	76cedbe4c7ec50d8d6cb4d6bb09d
user5	319	328	1271971910834	0	0	76cedbe4c7ec50d8d6cb4d6bb09d
user5	319	327	1271971910854	0	0	76cedbe4c7ec50d8d6cb4d6bb09d
user5	318	327	1271971910894	0	0	76cedbe4c7ec50d8d6cb4d6bb09d
user5	317	327	1271971910944	0	0	76cedbe4c7ec50d8d6cb4d6bb09d
user5	316	327	1271971910974	0	0	76cedbe4c7ec50d8d6cb4d6bb09d
user5	315	327	1271971911036	0	0	76cedbe4c7ec50d8d6cb4d6bb09d
user5	314	327	1271971911073	0	0	76cedbe4c7ec50d8d6cb4d6bb09d
user5	313	327	1271971911153	0	0	76cedbe4c7ec50d8d6cb4d6bb09d
user5	312	327	1271971911222	0	0	76cedbe4c7ec50d8d6cb4d6bb09d
user5	312	326	1271971911321	0	0	76cedbe4c7ec50d8d6cb4d6bb09d
user5	312	325	1271971911400	0	0	76cedbe4c7ec50d8d6cb4d6bb09d
user5	311	325	1271971911509	0	0	76cedbe4c7ec50d8d6cb4d6bb09d
user5	311	324	1271971911532	0	0	76cedbe4c7ec50d8d6cb4d6bb09d
user5	311	323	1271971911610	0	0	76cedbe4c7ec50d8d6cb4d6bb09d
user5	310	323	1271971911936	0	0	76cedbe4c7ec50d8d6cb4d6bb09d
user5	309	323	1271971912001	0	0	76cedbe4c7ec50d8d6cb4d6bb09d
user5	308	323	1271971912094	0	0	76cedbe4c7ec50d8d6cb4d6bb09d
user5	307	323	1271971912193	0	0	76cedbe4c7ec50d8d6cb4d6bb09d
user5	307	322	1271971912454	0	0	76cedbe4c7ec50d8d6cb4d6bb09d
user5	307	321	1271971912485	0	0	76cedbe4c7ec50d8d6cb4d6bb09d
user5	306	321	1271971912574	0	0	76cedbe4c7ec50d8d6cb4d6bb09d
user5	306	320	1271971912579	0	0	76cedbe4c7ec50d8d6cb4d6bb09d
user5	306	319	1271971912688	0	0	76cedbe4c7ec50d8d6cb4d6bb09d
user5	305	319	1271971913124	0	0	76cedbe4c7ec50d8d6cb4d6bb09d
user5	304	319	1271971913184	0	0	76cedbe4c7ec50d8d6cb4d6bb09d
user5	303	319	1271971913485	0	0	76cedbe4c7ec50d8d6cb4d6bb09d
user5	303	318	1271971913496	0	0	76cedbe4c7ec50d8d6cb4d6bb09d
user5	303	317	1271971913505	0	0	76cedbe4c7ec50d8d6cb4d6bb09d
user5	302	317	1271971913516	0	0	76cedbe4c7ec50d8d6cb4d6bb09d
user5	302	316	1271971913526	0	0	76cedbe4c7ec50d8d6cb4d6bb09d
user5	302	315	1271971913539	0	0	76cedbe4c7ec50d8d6cb4d6bb09d
user5	302	314	1271971913547	0	0	76cedbe4c7ec50d8d6cb4d6bb09d
user5	301	312	1271971913564	0	0	76cedbe4c7ec50d8d6cb4d6bb09d
user5	301	311	1271971913573	0	0	76cedbe4c7ec50d8d6cb4d6bb09d
user5	300	310	1271971913584	0	0	76cedbe4c7ec50d8d6cb4d6bb09d
user5	300	307	1271971913598	0	0	76cedbe4c7ec50d8d6cb4d6bb09d
user5	300	305	1271971913605	0	0	76cedbe4c7ec50d8d6cb4d6bb09d
user5	300	302	1271971913613	0	0	76cedbe4c7ec50d8d6cb4d6bb09d
user5	300	298	1271971913626	0	0	76cedbe4c7ec50d8d6cb4d6bb09d
user5	300	295	1271971913632	0	0	76cedbe4c7ec50d8d6cb4d6bb09d
user5	301	288	1271971913641	0	0	76cedbe4c7ec50d8d6cb4d6bb09d
user5	301	286	1271971913657	0	0	76cedbe4c7ec50d8d6cb4d6bb09d
user5	301	283	1271971913666	0	0	76cedbe4c7ec50d8d6cb4d6bb09d
user5	302	281	1271971913676	0	0	76cedbe4c7ec50d8d6cb4d6bb09d
user5	302	279	1271971913686	0	0	76cedbe4c7ec50d8d6cb4d6bb09d
user5	302	277	1271971913696	0	0	76cedbe4c7ec50d8d6cb4d6bb09d
user5	303	275	1271971913706	0	0	76cedbe4c7ec50d8d6cb4d6bb09d
user5	303	274	1271971913716	0	0	76cedbe4c7ec50d8d6cb4d6bb09d
user5	303	271	1271971913735	0	0	76cedbe4c7ec50d8d6cb4d6bb09d
user5	303	270	1271971913754	0	0	76cedbe4c7ec50d8d6cb4d6bb09d
user5	304	269	1271971913764	0	0	76cedbe4c7ec50d8d6cb4d6bb09d
user5	304	268	1271971913766	0	0	76cedbe4c7ec50d8d6cb4d6bb09d
user5	304	267	1271971913786	0	0	76cedbe4c7ec50d8d6cb4d6bb09d
user5	303	267	1271971914015	0	0	76cedbe4c7ec50d8d6cb4d6bb09d
user5	302	267	1271971914035	0	0	76cedbe4c7ec50d8d6cb4d6bb09d
user5	301	267	1271971914079	0	0	76cedbe4c7ec50d8d6cb4d6bb09d
user5	300	267	1271971914099	0	0	76cedbe4c7ec50d8d6cb4d6bb09d
user5	299	267	1271971914110	0	0	76cedbe4c7ec50d8d6cb4d6bb09d
user5	298	268	1271971914140	0	0	76cedbe4c7ec50d8d6cb4d6bb09d
user5	297	268	1271971914157	0	0	76cedbe4c7ec50d8d6cb4d6bb09d
user5	296	269	1271971914177	0	0	76cedbe4c7ec50d8d6cb4d6bb09d
user5	295	269	1271971914204	0	0	76cedbe4c7ec50d8d6cb4d6bb09d
user5	294	269	1271971914251	0	0	76cedbe4c7ec50d8d6cb4d6bb09d
user5	293	269	1271971914266	0	0	76cedbe4c7ec50d8d6cb4d6bb09d
user5	292	269	1271971914325	0	0	76cedbe4c7ec50d8d6cb4d6bb09d
user5	291	269	1271971914375	0	0	76cedbe4c7ec50d8d6cb4d6bb09d
user5	290	269	1271971915020	0	0	76cedbe4c7ec50d8d6cb4d6bb09d
user5	289	269	1271971915063	0	0	76cedbe4c7ec50d8d6cb4d6bb09d
user5	288	269	1271971915082	0	0	76cedbe4c7ec50d8d6cb4d6bb09d
user5	287	269	1271971915172	0	0	76cedbe4c7ec50d8d6cb4d6bb09d
user5	286	269	1271971915219	0	0	76cedbe4c7ec50d8d6cb4d6bb09d
user5	285	269	1271971915269	0	0	76cedbe4c7ec50d8d6cb4d6bb09d
user5	284	269	1271971915348	0	0	76cedbe4c7ec50d8d6cb4d6bb09d
user5	284	268	1271971915735	0	0	76cedbe4c7ec50d8d6cb4d6bb09d
user5	284	267	1271971915797	0	0	76cedbe4c7ec50d8d6cb4d6bb09d
user5	284	266	1271971915884	0	0	76cedbe4c7ec50d8d6cb4d6bb09d
user5	285	267	1271971916251	0	0	76cedbe4c7ec50d8d6cb4d6bb09d
user5	287	268	1271971916261	0	0	76cedbe4c7ec50d8d6cb4d6bb09d
user5	291	271	1271971916271	0	0	76cedbe4c7ec50d8d6cb4d6bb09d
user5	300	275	1271971916281	0	0	76cedbe4c7ec50d8d6cb4d6bb09d
user5	312	279	1271971916282	0	0	76cedbe4c7ec50d8d6cb4d6bb09d
user5	328	287	1271971916297	0	0	76cedbe4c7ec50d8d6cb4d6bb09d
user5	351	296	1271971916307	0	0	76cedbe4c7ec50d8d6cb4d6bb09d
user5	384	306	1271971916317	0	0	76cedbe4c7ec50d8d6cb4d6bb09d
user5	425	318	1271971916327	0	0	76cedbe4c7ec50d8d6cb4d6bb09d
user5	473	329	1271971916337	0	0	76cedbe4c7ec50d8d6cb4d6bb09d
user5	529	343	1271971916347	0	0	76cedbe4c7ec50d8d6cb4d6bb09d
user5	592	362	1271971916357	0	0	76cedbe4c7ec50d8d6cb4d6bb09d
user5	656	379	1271971916366	0	0	76cedbe4c7ec50d8d6cb4d6bb09d
user5	719	399	1271971916376	0	0	76cedbe4c7ec50d8d6cb4d6bb09d
user5	783	418	1271971916386	0	0	76cedbe4c7ec50d8d6cb4d6bb09d
user5	843	439	1271971916396	0	0	76cedbe4c7ec50d8d6cb4d6bb09d
user5	898	455	1271971916406	0	0	76cedbe4c7ec50d8d6cb4d6bb09d
user5	946	471	1271971916416	0	0	76cedbe4c7ec50d8d6cb4d6bb09d
user5	987	484	1271971916426	0	0	76cedbe4c7ec50d8d6cb4d6bb09d
user5	1023	496	1271971916436	0	0	76cedbe4c7ec50d8d6cb4d6bb09d
user5	818	488	1271972082343	0	0	76cedbe4c7ec50d8d6cb4d6bb09d
user5	807	482	1271972082353	0	0	76cedbe4c7ec50d8d6cb4d6bb09d
user5	796	476	1271972082363	0	0	76cedbe4c7ec50d8d6cb4d6bb09d
user5	785	472	1271972082374	0	0	76cedbe4c7ec50d8d6cb4d6bb09d
user5	775	468	1271972082390	0	0	76cedbe4c7ec50d8d6cb4d6bb09d
user5	767	465	1271972082390	0	0	76cedbe4c7ec50d8d6cb4d6bb09d
user5	760	463	1271972082406	0	0	76cedbe4c7ec50d8d6cb4d6bb09d
user5	755	461	1271972082416	0	0	76cedbe4c7ec50d8d6cb4d6bb09d
user5	752	460	1271972082426	0	0	76cedbe4c7ec50d8d6cb4d6bb09d
user5	752	459	1271972082436	0	0	76cedbe4c7ec50d8d6cb4d6bb09d
user5	751	459	1271972082446	0	0	76cedbe4c7ec50d8d6cb4d6bb09d
user5	752	459	1271972082505	0	0	76cedbe4c7ec50d8d6cb4d6bb09d
user5	754	458	1271972082515	0	0	76cedbe4c7ec50d8d6cb4d6bb09d
user5	757	458	1271972082525	0	0	76cedbe4c7ec50d8d6cb4d6bb09d
user5	760	458	1271972082535	0	0	76cedbe4c7ec50d8d6cb4d6bb09d
user5	764	458	1271972082545	0	0	76cedbe4c7ec50d8d6cb4d6bb09d
user5	767	458	1271972082555	0	0	76cedbe4c7ec50d8d6cb4d6bb09d
user5	771	458	1271972082564	0	0	76cedbe4c7ec50d8d6cb4d6bb09d
user5	775	457	1271972082574	0	0	76cedbe4c7ec50d8d6cb4d6bb09d
user5	779	456	1271972082585	0	0	76cedbe4c7ec50d8d6cb4d6bb09d
user5	782	455	1271972082593	0	0	76cedbe4c7ec50d8d6cb4d6bb09d
user5	785	455	1271972082609	0	0	76cedbe4c7ec50d8d6cb4d6bb09d
user5	789	453	1271972082619	0	0	76cedbe4c7ec50d8d6cb4d6bb09d
user5	790	452	1271972082629	0	0	76cedbe4c7ec50d8d6cb4d6bb09d
user5	793	451	1271972082640	0	0	76cedbe4c7ec50d8d6cb4d6bb09d
user5	795	449	1271972082640	0	0	76cedbe4c7ec50d8d6cb4d6bb09d
user5	799	447	1271972082650	0	0	76cedbe4c7ec50d8d6cb4d6bb09d
user5	803	445	1271972082660	0	0	76cedbe4c7ec50d8d6cb4d6bb09d
user5	808	442	1271972082670	0	0	76cedbe4c7ec50d8d6cb4d6bb09d
user5	811	441	1271972082682	0	0	76cedbe4c7ec50d8d6cb4d6bb09d
user5	815	439	1271972082690	0	0	76cedbe4c7ec50d8d6cb4d6bb09d
user5	819	438	1271972082703	0	0	76cedbe4c7ec50d8d6cb4d6bb09d
user5	821	437	1271972082718	0	0	76cedbe4c7ec50d8d6cb4d6bb09d
user5	823	436	1271972082727	0	0	76cedbe4c7ec50d8d6cb4d6bb09d
user5	825	436	1271972082737	0	0	76cedbe4c7ec50d8d6cb4d6bb09d
user5	827	435	1271972082749	0	0	76cedbe4c7ec50d8d6cb4d6bb09d
user5	829	435	1271972082749	0	0	76cedbe4c7ec50d8d6cb4d6bb09d
user5	828	435	1271972082790	0	0	76cedbe4c7ec50d8d6cb4d6bb09d
user5	827	435	1271972082798	0	0	76cedbe4c7ec50d8d6cb4d6bb09d
user5	826	435	1271972082812	0	0	76cedbe4c7ec50d8d6cb4d6bb09d
user5	827	436	1271972083855	0	0	76cedbe4c7ec50d8d6cb4d6bb09d
user5	1027	492	1271972084160	0	0	76cedbe4c7ec50d8d6cb4d6bb09d
user5	1042	574	1271972085300	0	0	76cedbe4c7ec50d8d6cb4d6bb09d
user5	1040	574	1271972085310	0	0	76cedbe4c7ec50d8d6cb4d6bb09d
user5	1037	574	1271972085320	0	0	76cedbe4c7ec50d8d6cb4d6bb09d
user5	980	549	1271972085470	0	0	76cedbe4c7ec50d8d6cb4d6bb09d
user5	821	465	1271972085757	0	0	76cedbe4c7ec50d8d6cb4d6bb09d
user5	805	462	1271972085767	0	0	76cedbe4c7ec50d8d6cb4d6bb09d
user5	792	460	1271972085776	0	0	76cedbe4c7ec50d8d6cb4d6bb09d
user5	776	455	1271972085786	0	0	76cedbe4c7ec50d8d6cb4d6bb09d
user5	764	451	1271972085796	0	0	76cedbe4c7ec50d8d6cb4d6bb09d
user5	751	447	1271972085806	0	0	76cedbe4c7ec50d8d6cb4d6bb09d
user5	734	438	1271972085812	0	0	76cedbe4c7ec50d8d6cb4d6bb09d
user5	726	434	1271972085828	0	0	76cedbe4c7ec50d8d6cb4d6bb09d
user5	719	430	1271972085838	0	0	76cedbe4c7ec50d8d6cb4d6bb09d
user5	710	426	1271972085848	0	0	76cedbe4c7ec50d8d6cb4d6bb09d
user5	702	423	1271972085858	0	0	76cedbe4c7ec50d8d6cb4d6bb09d
user5	695	420	1271972085868	0	0	76cedbe4c7ec50d8d6cb4d6bb09d
user5	688	417	1271972085877	0	0	76cedbe4c7ec50d8d6cb4d6bb09d
user5	683	416	1271972085888	0	0	76cedbe4c7ec50d8d6cb4d6bb09d
user5	677	414	1271972085897	0	0	76cedbe4c7ec50d8d6cb4d6bb09d
user5	674	413	1271972085907	0	0	76cedbe4c7ec50d8d6cb4d6bb09d
user5	671	413	1271972085921	0	0	76cedbe4c7ec50d8d6cb4d6bb09d
user5	670	413	1271972085930	0	0	76cedbe4c7ec50d8d6cb4d6bb09d
user5	669	413	1271972085940	0	0	76cedbe4c7ec50d8d6cb4d6bb09d
user5	668	413	1271972085950	0	0	76cedbe4c7ec50d8d6cb4d6bb09d
user5	669	413	1271972085984	0	0	76cedbe4c7ec50d8d6cb4d6bb09d
user5	670	413	1271972085993	0	0	76cedbe4c7ec50d8d6cb4d6bb09d
user5	672	413	1271972086003	0	0	76cedbe4c7ec50d8d6cb4d6bb09d
user5	673	413	1271972086013	0	0	76cedbe4c7ec50d8d6cb4d6bb09d
user5	675	413	1271972086023	0	0	76cedbe4c7ec50d8d6cb4d6bb09d
user5	675	415	1271972086033	0	0	76cedbe4c7ec50d8d6cb4d6bb09d
user5	676	418	1271972086043	0	0	76cedbe4c7ec50d8d6cb4d6bb09d
user5	676	423	1271972086053	0	0	76cedbe4c7ec50d8d6cb4d6bb09d
user5	676	430	1271972086063	0	0	76cedbe4c7ec50d8d6cb4d6bb09d
user5	676	434	1271972086078	0	0	76cedbe4c7ec50d8d6cb4d6bb09d
user5	674	434	1271972086136	0	0	76cedbe4c7ec50d8d6cb4d6bb09d
user5	674	435	1271972086156	0	0	76cedbe4c7ec50d8d6cb4d6bb09d
user5	678	435	1271972086196	0	0	76cedbe4c7ec50d8d6cb4d6bb09d
user5	678	434	1271972086206	0	0	76cedbe4c7ec50d8d6cb4d6bb09d
user5	677	433	1271972086276	0	0	76cedbe4c7ec50d8d6cb4d6bb09d
user5	676	433	1271972086285	0	0	76cedbe4c7ec50d8d6cb4d6bb09d
user5	673	433	1271972086296	0	0	76cedbe4c7ec50d8d6cb4d6bb09d
user5	670	432	1271972086305	0	0	76cedbe4c7ec50d8d6cb4d6bb09d
user5	667	431	1271972086315	0	0	76cedbe4c7ec50d8d6cb4d6bb09d
user5	663	430	1271972086328	0	0	76cedbe4c7ec50d8d6cb4d6bb09d
user5	659	427	1271972086328	0	0	76cedbe4c7ec50d8d6cb4d6bb09d
user5	653	425	1271972086338	0	0	76cedbe4c7ec50d8d6cb4d6bb09d
user5	646	421	1271972086348	0	0	76cedbe4c7ec50d8d6cb4d6bb09d
user5	636	416	1271972086357	0	0	76cedbe4c7ec50d8d6cb4d6bb09d
user5	626	409	1271972086367	0	0	76cedbe4c7ec50d8d6cb4d6bb09d
user5	615	404	1271972086378	0	0	76cedbe4c7ec50d8d6cb4d6bb09d
user5	604	397	1271972086387	0	0	76cedbe4c7ec50d8d6cb4d6bb09d
user5	591	390	1271972086400	0	0	76cedbe4c7ec50d8d6cb4d6bb09d
user5	580	383	1271972086407	0	0	76cedbe4c7ec50d8d6cb4d6bb09d
user5	568	378	1271972086417	0	0	76cedbe4c7ec50d8d6cb4d6bb09d
user5	556	372	1271972086427	0	0	76cedbe4c7ec50d8d6cb4d6bb09d
user5	544	367	1271972086437	0	0	76cedbe4c7ec50d8d6cb4d6bb09d
user5	533	360	1271972086447	0	0	76cedbe4c7ec50d8d6cb4d6bb09d
user5	523	354	1271972086457	0	0	76cedbe4c7ec50d8d6cb4d6bb09d
user5	516	350	1271972086468	0	0	76cedbe4c7ec50d8d6cb4d6bb09d
user5	510	345	1271972086484	0	0	76cedbe4c7ec50d8d6cb4d6bb09d
user5	506	340	1271972086499	0	0	76cedbe4c7ec50d8d6cb4d6bb09d
user5	503	336	1271972086509	0	0	76cedbe4c7ec50d8d6cb4d6bb09d
user5	500	331	1271972086519	0	0	76cedbe4c7ec50d8d6cb4d6bb09d
user5	498	326	1271972086529	0	0	76cedbe4c7ec50d8d6cb4d6bb09d
user5	495	322	1271972086539	0	0	76cedbe4c7ec50d8d6cb4d6bb09d
user5	492	318	1271972086548	0	0	76cedbe4c7ec50d8d6cb4d6bb09d
user5	488	315	1271972086558	0	0	76cedbe4c7ec50d8d6cb4d6bb09d
user5	485	312	1271972086582	0	0	76cedbe4c7ec50d8d6cb4d6bb09d
user5	483	309	1271972086583	0	0	76cedbe4c7ec50d8d6cb4d6bb09d
user5	481	307	1271972086594	0	0	76cedbe4c7ec50d8d6cb4d6bb09d
user5	479	305	1271972086598	0	0	76cedbe4c7ec50d8d6cb4d6bb09d
user5	476	303	1271972086609	0	0	76cedbe4c7ec50d8d6cb4d6bb09d
user5	474	302	1271972086609	0	0	76cedbe4c7ec50d8d6cb4d6bb09d
user5	472	301	1271972086619	0	0	76cedbe4c7ec50d8d6cb4d6bb09d
user5	469	300	1271972086629	0	0	76cedbe4c7ec50d8d6cb4d6bb09d
user5	467	300	1271972086639	0	0	76cedbe4c7ec50d8d6cb4d6bb09d
user5	464	299	1271972086654	0	0	76cedbe4c7ec50d8d6cb4d6bb09d
user5	462	298	1271972086659	0	0	76cedbe4c7ec50d8d6cb4d6bb09d
user5	461	298	1271972086669	0	0	76cedbe4c7ec50d8d6cb4d6bb09d
user5	460	297	1271972086679	0	0	76cedbe4c7ec50d8d6cb4d6bb09d
user5	459	297	1271972086708	0	0	76cedbe4c7ec50d8d6cb4d6bb09d
user5	459	297	1271972086871	1271972086807	1271972086871	76cedbe4c7ec50d8d6cb4d6bb09d
user5	457	294	1271972086877	0	0	76cedbe4c7ec50d8d6cb4d6bb09d
user5	454	291	1271972086889	0	0	76cedbe4c7ec50d8d6cb4d6bb09d
user5	448	283	1271972086897	0	0	76cedbe4c7ec50d8d6cb4d6bb09d
user5	439	274	1271972086907	0	0	76cedbe4c7ec50d8d6cb4d6bb09d
user5	428	261	1271972086917	0	0	76cedbe4c7ec50d8d6cb4d6bb09d
user5	414	246	1271972086927	0	0	76cedbe4c7ec50d8d6cb4d6bb09d
user5	399	230	1271972086936	0	0	76cedbe4c7ec50d8d6cb4d6bb09d
user5	379	215	1271972086949	0	0	76cedbe4c7ec50d8d6cb4d6bb09d
user5	360	202	1271972086957	0	0	76cedbe4c7ec50d8d6cb4d6bb09d
user5	341	190	1271972086966	0	0	76cedbe4c7ec50d8d6cb4d6bb09d
user5	322	179	1271972086976	0	0	76cedbe4c7ec50d8d6cb4d6bb09d
user5	304	170	1271972086986	0	0	76cedbe4c7ec50d8d6cb4d6bb09d
user5	291	163	1271972086996	0	0	76cedbe4c7ec50d8d6cb4d6bb09d
user5	279	158	1271972087006	0	0	76cedbe4c7ec50d8d6cb4d6bb09d
user5	269	153	1271972087016	0	0	76cedbe4c7ec50d8d6cb4d6bb09d
user5	262	149	1271972087026	0	0	76cedbe4c7ec50d8d6cb4d6bb09d
user5	255	147	1271972087036	0	0	76cedbe4c7ec50d8d6cb4d6bb09d
user5	252	146	1271972087045	0	0	76cedbe4c7ec50d8d6cb4d6bb09d
user5	250	146	1271972087055	0	0	76cedbe4c7ec50d8d6cb4d6bb09d
user5	249	146	1271972087065	0	0	76cedbe4c7ec50d8d6cb4d6bb09d
user5	248	146	1271972087095	0	0	76cedbe4c7ec50d8d6cb4d6bb09d
user5	248	147	1271972087105	0	0	76cedbe4c7ec50d8d6cb4d6bb09d
user5	247	148	1271972087115	0	0	76cedbe4c7ec50d8d6cb4d6bb09d
user5	246	148	1271972087125	0	0	76cedbe4c7ec50d8d6cb4d6bb09d
user5	246	150	1271972087135	0	0	76cedbe4c7ec50d8d6cb4d6bb09d
user5	245	150	1271972087145	0	0	76cedbe4c7ec50d8d6cb4d6bb09d
user5	245	151	1271972087155	0	0	76cedbe4c7ec50d8d6cb4d6bb09d
user5	244	154	1271972087165	0	0	76cedbe4c7ec50d8d6cb4d6bb09d
user5	244	155	1271972087171	0	0	76cedbe4c7ec50d8d6cb4d6bb09d
user5	244	157	1271972087187	0	0	76cedbe4c7ec50d8d6cb4d6bb09d
user5	243	159	1271972087197	0	0	76cedbe4c7ec50d8d6cb4d6bb09d
user5	243	162	1271972087207	0	0	76cedbe4c7ec50d8d6cb4d6bb09d
user5	243	165	1271972087217	0	0	76cedbe4c7ec50d8d6cb4d6bb09d
user5	243	168	1271972087227	0	0	76cedbe4c7ec50d8d6cb4d6bb09d
user5	243	170	1271972087237	0	0	76cedbe4c7ec50d8d6cb4d6bb09d
user5	243	173	1271972087247	0	0	76cedbe4c7ec50d8d6cb4d6bb09d
user5	243	176	1271972087257	0	0	76cedbe4c7ec50d8d6cb4d6bb09d
user5	243	177	1271972087267	0	0	76cedbe4c7ec50d8d6cb4d6bb09d
user5	243	179	1271972087276	0	0	76cedbe4c7ec50d8d6cb4d6bb09d
user5	243	180	1271972087286	0	0	76cedbe4c7ec50d8d6cb4d6bb09d
user5	243	181	1271972087306	0	0	76cedbe4c7ec50d8d6cb4d6bb09d
user5	243	182	1271972087316	0	0	76cedbe4c7ec50d8d6cb4d6bb09d
user5	243	183	1271972087326	0	0	76cedbe4c7ec50d8d6cb4d6bb09d
user5	243	184	1271972087336	0	0	76cedbe4c7ec50d8d6cb4d6bb09d
user5	243	185	1271972087346	0	0	76cedbe4c7ec50d8d6cb4d6bb09d
user5	243	187	1271972087356	0	0	76cedbe4c7ec50d8d6cb4d6bb09d
user5	243	188	1271972087366	0	0	76cedbe4c7ec50d8d6cb4d6bb09d
user5	242	190	1271972087374	0	0	76cedbe4c7ec50d8d6cb4d6bb09d
user5	241	191	1271972087390	0	0	76cedbe4c7ec50d8d6cb4d6bb09d
user5	241	192	1271972087390	0	0	76cedbe4c7ec50d8d6cb4d6bb09d
user5	240	193	1271972087400	0	0	76cedbe4c7ec50d8d6cb4d6bb09d
user5	239	194	1271972087410	0	0	76cedbe4c7ec50d8d6cb4d6bb09d
user5	237	194	1271972087421	0	0	76cedbe4c7ec50d8d6cb4d6bb09d
user5	236	194	1271972087453	0	0	76cedbe4c7ec50d8d6cb4d6bb09d
user5	235	194	1271972087480	0	0	76cedbe4c7ec50d8d6cb4d6bb09d
user5	235	194	1271972087829	1271972087671	1271972087829	76cedbe4c7ec50d8d6cb4d6bb09d
user5	238	194	1271972088087	0	0	76cedbe4c7ec50d8d6cb4d6bb09d
user5	239	194	1271972088107	0	0	76cedbe4c7ec50d8d6cb4d6bb09d
user5	252	183	1271972088117	0	0	76cedbe4c7ec50d8d6cb4d6bb09d
user5	282	164	1271972088127	0	0	76cedbe4c7ec50d8d6cb4d6bb09d
user5	308	149	1271972088140	0	0	76cedbe4c7ec50d8d6cb4d6bb09d
user5	340	134	1271972088140	0	0	76cedbe4c7ec50d8d6cb4d6bb09d
user5	384	114	1271972088150	0	0	76cedbe4c7ec50d8d6cb4d6bb09d
user5	437	88	1271972088160	0	0	76cedbe4c7ec50d8d6cb4d6bb09d
user5	501	56	1271972088174	0	0	76cedbe4c7ec50d8d6cb4d6bb09d
user5	572	28	1271972088180	0	0	76cedbe4c7ec50d8d6cb4d6bb09d
user5	485	12	1271972089953	0	0	76cedbe4c7ec50d8d6cb4d6bb09d
user5	439	29	1271972089953	0	0	76cedbe4c7ec50d8d6cb4d6bb09d
user5	389	49	1271972089964	0	0	76cedbe4c7ec50d8d6cb4d6bb09d
user5	342	69	1271972089974	0	0	76cedbe4c7ec50d8d6cb4d6bb09d
user5	300	92	1271972089983	0	0	76cedbe4c7ec50d8d6cb4d6bb09d
user5	265	114	1271972089993	0	0	76cedbe4c7ec50d8d6cb4d6bb09d
user5	242	132	1271972089999	0	0	76cedbe4c7ec50d8d6cb4d6bb09d
user5	230	143	1271972090015	0	0	76cedbe4c7ec50d8d6cb4d6bb09d
user5	221	152	1271972090024	0	0	76cedbe4c7ec50d8d6cb4d6bb09d
user5	216	159	1271972090034	0	0	76cedbe4c7ec50d8d6cb4d6bb09d
user5	209	166	1271972090046	0	0	76cedbe4c7ec50d8d6cb4d6bb09d
user5	202	172	1271972090062	0	0	76cedbe4c7ec50d8d6cb4d6bb09d
user5	196	176	1271972090072	0	0	76cedbe4c7ec50d8d6cb4d6bb09d
user5	192	179	1271972090082	0	0	76cedbe4c7ec50d8d6cb4d6bb09d
user5	190	181	1271972090092	0	0	76cedbe4c7ec50d8d6cb4d6bb09d
user5	189	182	1271972090102	0	0	76cedbe4c7ec50d8d6cb4d6bb09d
user5	188	183	1271972090109	0	0	76cedbe4c7ec50d8d6cb4d6bb09d
user5	188	183	1271972090410	1271972090329	1271972090410	76cedbe4c7ec50d8d6cb4d6bb09d
user5	190	182	1271972090417	0	0	76cedbe4c7ec50d8d6cb4d6bb09d
user5	190	181	1271972090457	0	0	76cedbe4c7ec50d8d6cb4d6bb09d
user5	190	180	1271972090477	0	0	76cedbe4c7ec50d8d6cb4d6bb09d
user5	190	179	1271972090496	0	0	76cedbe4c7ec50d8d6cb4d6bb09d
user5	190	178	1271972090625	0	0	76cedbe4c7ec50d8d6cb4d6bb09d
user5	188	176	1271972090645	0	0	76cedbe4c7ec50d8d6cb4d6bb09d
user5	182	173	1271972090655	0	0	76cedbe4c7ec50d8d6cb4d6bb09d
user5	175	169	1271972090671	0	0	76cedbe4c7ec50d8d6cb4d6bb09d
user5	168	166	1271972090687	0	0	76cedbe4c7ec50d8d6cb4d6bb09d
user5	158	165	1271972090687	0	0	76cedbe4c7ec50d8d6cb4d6bb09d
user5	155	164	1271972090712	0	0	76cedbe4c7ec50d8d6cb4d6bb09d
