User	X	Y	MouseTimeStamp	MouseDownTimeStamp	MouseUpTimeStamp	SessionID
user10	159	172	1271782726675	0	0	c27f6cf11313627353c108cb0a0b
user10	182	173	1271782726685	0	0	c27f6cf11313627353c108cb0a0b
user10	365	177	1271782726749	0	0	c27f6cf11313627353c108cb0a0b
user10	398	177	1271782726760	0	0	c27f6cf11313627353c108cb0a0b
user10	428	179	1271782726764	0	0	c27f6cf11313627353c108cb0a0b
user10	458	179	1271782726766	0	0	c27f6cf11313627353c108cb0a0b
user10	485	179	1271782726774	0	0	c27f6cf11313627353c108cb0a0b
user10	502	179	1271782726781	0	0	c27f6cf11313627353c108cb0a0b
user10	515	179	1271782726789	0	0	c27f6cf11313627353c108cb0a0b
user10	515	179	1271782726791	0	0	c27f6cf11313627353c108cb0a0b
user10	526	179	1271782726797	0	0	c27f6cf11313627353c108cb0a0b
user10	532	179	1271782726805	0	0	c27f6cf11313627353c108cb0a0b
user10	533	179	1271782727069	0	0	c27f6cf11313627353c108cb0a0b
user10	535	180	1271782727077	0	0	c27f6cf11313627353c108cb0a0b
user10	539	181	1271782727085	0	0	c27f6cf11313627353c108cb0a0b
user10	542	183	1271782727093	0	0	c27f6cf11313627353c108cb0a0b
user10	548	185	1271782727101	0	0	c27f6cf11313627353c108cb0a0b
user10	555	187	1271782727109	0	0	c27f6cf11313627353c108cb0a0b
user10	565	188	1271782727117	0	0	c27f6cf11313627353c108cb0a0b
user10	574	190	1271782727126	0	0	c27f6cf11313627353c108cb0a0b
user10	584	192	1271782727133	0	0	c27f6cf11313627353c108cb0a0b
user10	598	192	1271782727141	0	0	c27f6cf11313627353c108cb0a0b
user10	614	192	1271782727149	0	0	c27f6cf11313627353c108cb0a0b
user10	631	192	1271782727157	0	0	c27f6cf11313627353c108cb0a0b
user10	650	192	1271782727165	0	0	c27f6cf11313627353c108cb0a0b
user10	670	194	1271782727173	0	0	c27f6cf11313627353c108cb0a0b
user10	695	194	1271782727181	0	0	c27f6cf11313627353c108cb0a0b
user10	724	194	1271782727189	0	0	c27f6cf11313627353c108cb0a0b
user10	752	194	1271782727197	0	0	c27f6cf11313627353c108cb0a0b
user10	776	194	1271782727205	0	0	c27f6cf11313627353c108cb0a0b
user10	798	194	1271782727215	0	0	c27f6cf11313627353c108cb0a0b
user10	817	194	1271782727221	0	0	c27f6cf11313627353c108cb0a0b
user10	835	192	1271782727229	0	0	c27f6cf11313627353c108cb0a0b
user10	848	192	1271782727237	0	0	c27f6cf11313627353c108cb0a0b
user10	861	192	1271782727245	0	0	c27f6cf11313627353c108cb0a0b
user10	873	191	1271782727253	0	0	c27f6cf11313627353c108cb0a0b
user10	884	191	1271782727261	0	0	c27f6cf11313627353c108cb0a0b
user10	892	191	1271782727269	0	0	c27f6cf11313627353c108cb0a0b
user10	899	190	1271782727277	0	0	c27f6cf11313627353c108cb0a0b
user10	904	188	1271782727285	0	0	c27f6cf11313627353c108cb0a0b
user10	908	187	1271782727293	0	0	c27f6cf11313627353c108cb0a0b
user10	912	183	1271782727302	0	0	c27f6cf11313627353c108cb0a0b
user10	916	180	1271782727309	0	0	c27f6cf11313627353c108cb0a0b
user10	918	178	1271782727317	0	0	c27f6cf11313627353c108cb0a0b
user10	921	174	1271782727325	0	0	c27f6cf11313627353c108cb0a0b
user10	922	172	1271782727333	0	0	c27f6cf11313627353c108cb0a0b
user10	922	171	1271782727341	0	0	c27f6cf11313627353c108cb0a0b
user10	922	170	1271782727349	0	0	c27f6cf11313627353c108cb0a0b
user10	922	169	1271782727357	0	0	c27f6cf11313627353c108cb0a0b
user10	922	168	1271782727365	0	0	c27f6cf11313627353c108cb0a0b
user10	922	167	1271782727373	0	0	c27f6cf11313627353c108cb0a0b
user10	922	166	1271782727389	0	0	c27f6cf11313627353c108cb0a0b
user10	921	166	1271782727397	0	0	c27f6cf11313627353c108cb0a0b
user10	921	165	1271782727405	0	0	c27f6cf11313627353c108cb0a0b
user10	921	164	1271782727413	0	0	c27f6cf11313627353c108cb0a0b
user10	920	163	1271782727430	0	0	c27f6cf11313627353c108cb0a0b
user10	920	162	1271782727437	0	0	c27f6cf11313627353c108cb0a0b
user10	920	162	1271782727734	1271782727621	1271782727734	c27f6cf11313627353c108cb0a0b
user10	920	163	1271782727781	0	0	c27f6cf11313627353c108cb0a0b
user10	920	164	1271782727799	0	0	c27f6cf11313627353c108cb0a0b
user10	921	166	1271782727806	0	0	c27f6cf11313627353c108cb0a0b
user10	921	167	1271782727821	0	0	c27f6cf11313627353c108cb0a0b
user10	921	168	1271782727829	0	0	c27f6cf11313627353c108cb0a0b
user10	921	169	1271782727837	0	0	c27f6cf11313627353c108cb0a0b
user10	921	169	1271782728014	1271782727941	1271782728014	c27f6cf11313627353c108cb0a0b
user10	921	171	1271782734645	0	0	c27f6cf11313627353c108cb0a0b
user10	922	174	1271782734653	0	0	c27f6cf11313627353c108cb0a0b
user10	923	178	1271782734661	0	0	c27f6cf11313627353c108cb0a0b
user10	926	184	1271782734668	0	0	c27f6cf11313627353c108cb0a0b
user10	932	193	1271782734677	0	0	c27f6cf11313627353c108cb0a0b
user10	938	200	1271782734684	0	0	c27f6cf11313627353c108cb0a0b
user10	943	207	1271782734693	0	0	c27f6cf11313627353c108cb0a0b
user10	950	215	1271782734702	0	0	c27f6cf11313627353c108cb0a0b
user10	958	221	1271782734710	0	0	c27f6cf11313627353c108cb0a0b
user10	963	227	1271782734717	0	0	c27f6cf11313627353c108cb0a0b
user10	968	232	1271782734725	0	0	c27f6cf11313627353c108cb0a0b
user10	973	237	1271782734733	0	0	c27f6cf11313627353c108cb0a0b
user10	977	240	1271782734741	0	0	c27f6cf11313627353c108cb0a0b
user10	979	243	1271782734750	0	0	c27f6cf11313627353c108cb0a0b
user10	981	245	1271782734758	0	0	c27f6cf11313627353c108cb0a0b
user10	981	247	1271782734765	0	0	c27f6cf11313627353c108cb0a0b
user10	982	248	1271782734772	0	0	c27f6cf11313627353c108cb0a0b
user10	982	251	1271782734780	0	0	c27f6cf11313627353c108cb0a0b
user10	983	252	1271782734788	0	0	c27f6cf11313627353c108cb0a0b
user10	984	253	1271782734797	0	0	c27f6cf11313627353c108cb0a0b
user10	985	256	1271782734804	0	0	c27f6cf11313627353c108cb0a0b
user10	987	259	1271782734813	0	0	c27f6cf11313627353c108cb0a0b
user10	988	261	1271782734820	0	0	c27f6cf11313627353c108cb0a0b
user10	991	264	1271782734831	0	0	c27f6cf11313627353c108cb0a0b
user10	991	266	1271782734836	0	0	c27f6cf11313627353c108cb0a0b
user10	992	268	1271782734844	0	0	c27f6cf11313627353c108cb0a0b
user10	993	269	1271782734853	0	0	c27f6cf11313627353c108cb0a0b
user10	993	270	1271782734860	0	0	c27f6cf11313627353c108cb0a0b
user10	994	270	1271782734868	0	0	c27f6cf11313627353c108cb0a0b
user10	994	271	1271782734876	0	0	c27f6cf11313627353c108cb0a0b
user10	996	271	1271782734892	0	0	c27f6cf11313627353c108cb0a0b
user10	997	271	1271782734909	0	0	c27f6cf11313627353c108cb0a0b
user10	999	271	1271782734916	0	0	c27f6cf11313627353c108cb0a0b
user10	999	272	1271782734925	0	0	c27f6cf11313627353c108cb0a0b
user10	1001	272	1271782734932	0	0	c27f6cf11313627353c108cb0a0b
user10	1002	271	1271782734940	0	0	c27f6cf11313627353c108cb0a0b
user10	1002	270	1271782734948	0	0	c27f6cf11313627353c108cb0a0b
user10	1004	270	1271782734956	0	0	c27f6cf11313627353c108cb0a0b
user10	1007	270	1271782734964	0	0	c27f6cf11313627353c108cb0a0b
user10	1009	270	1271782734973	0	0	c27f6cf11313627353c108cb0a0b
user10	1013	270	1271782734980	0	0	c27f6cf11313627353c108cb0a0b
user10	1017	270	1271782734988	0	0	c27f6cf11313627353c108cb0a0b
user10	1020	270	1271782734996	0	0	c27f6cf11313627353c108cb0a0b
user10	1023	270	1271782735004	0	0	c27f6cf11313627353c108cb0a0b
user10	1026	270	1271782735012	0	0	c27f6cf11313627353c108cb0a0b
user10	1028	269	1271782735020	0	0	c27f6cf11313627353c108cb0a0b
user10	1030	269	1271782735028	0	0	c27f6cf11313627353c108cb0a0b
user10	1031	269	1271782735036	0	0	c27f6cf11313627353c108cb0a0b
user10	1030	269	1271782735084	0	0	c27f6cf11313627353c108cb0a0b
user10	1029	269	1271782735140	0	0	c27f6cf11313627353c108cb0a0b
user10	1028	269	1271782735229	0	0	c27f6cf11313627353c108cb0a0b
user10	1028	269	1271782735381	1271782735293	1271782735381	c27f6cf11313627353c108cb0a0b
user10	1028	269	1271782738639	0	0	c27f6cf11313627353c108cb0a0b
user10	1028	269	1271782739117	0	0	c27f6cf11313627353c108cb0a0b
user10	1028	268	1271782740564	0	0	c27f6cf11313627353c108cb0a0b
user10	1025	267	1271782740580	0	0	c27f6cf11313627353c108cb0a0b
user10	1021	266	1271782740582	0	0	c27f6cf11313627353c108cb0a0b
user10	1012	262	1271782740599	0	0	c27f6cf11313627353c108cb0a0b
user10	1003	258	1271782740616	0	0	c27f6cf11313627353c108cb0a0b
user10	985	251	1271782740632	0	0	c27f6cf11313627353c108cb0a0b
user10	969	245	1271782740649	0	0	c27f6cf11313627353c108cb0a0b
user10	958	241	1271782740668	0	0	c27f6cf11313627353c108cb0a0b
user10	952	240	1271782740670	0	0	c27f6cf11313627353c108cb0a0b
user10	944	239	1271782740687	0	0	c27f6cf11313627353c108cb0a0b
user10	933	239	1271782740705	0	0	c27f6cf11313627353c108cb0a0b
user10	929	239	1271782740708	0	0	c27f6cf11313627353c108cb0a0b
user10	925	239	1271782740723	0	0	c27f6cf11313627353c108cb0a0b
user10	919	239	1271782740725	0	0	c27f6cf11313627353c108cb0a0b
user10	908	238	1271782740741	0	0	c27f6cf11313627353c108cb0a0b
user10	900	236	1271782740755	0	0	c27f6cf11313627353c108cb0a0b
user10	892	235	1271782740757	0	0	c27f6cf11313627353c108cb0a0b
user10	881	233	1271782740771	0	0	c27f6cf11313627353c108cb0a0b
user10	871	232	1271782740773	0	0	c27f6cf11313627353c108cb0a0b
user10	863	231	1271782740787	0	0	c27f6cf11313627353c108cb0a0b
user10	855	230	1271782740788	0	0	c27f6cf11313627353c108cb0a0b
user10	847	230	1271782740803	0	0	c27f6cf11313627353c108cb0a0b
user10	840	230	1271782740805	0	0	c27f6cf11313627353c108cb0a0b
user10	832	229	1271782740818	0	0	c27f6cf11313627353c108cb0a0b
user10	824	229	1271782740830	0	0	c27f6cf11313627353c108cb0a0b
user10	816	229	1271782740832	0	0	c27f6cf11313627353c108cb0a0b
user10	808	227	1271782740844	0	0	c27f6cf11313627353c108cb0a0b
user10	794	227	1271782740856	0	0	c27f6cf11313627353c108cb0a0b
user10	786	226	1271782740869	0	0	c27f6cf11313627353c108cb0a0b
user10	784	226	1271782740884	0	0	c27f6cf11313627353c108cb0a0b
user10	782	226	1271782740886	0	0	c27f6cf11313627353c108cb0a0b
user10	779	225	1271782740898	0	0	c27f6cf11313627353c108cb0a0b
user10	778	225	1271782740909	0	0	c27f6cf11313627353c108cb0a0b
user10	777	225	1271782740922	0	0	c27f6cf11313627353c108cb0a0b
user10	775	225	1271782740935	0	0	c27f6cf11313627353c108cb0a0b
user10	774	225	1271782740948	0	0	c27f6cf11313627353c108cb0a0b
user10	773	225	1271782740961	0	0	c27f6cf11313627353c108cb0a0b
user10	771	225	1271782740974	0	0	c27f6cf11313627353c108cb0a0b
user10	769	225	1271782740988	0	0	c27f6cf11313627353c108cb0a0b
user10	768	225	1271782741012	0	0	c27f6cf11313627353c108cb0a0b
user10	767	225	1271782741044	0	0	c27f6cf11313627353c108cb0a0b
user10	766	225	1271782741060	0	0	c27f6cf11313627353c108cb0a0b
user10	765	225	1271782742828	0	0	c27f6cf11313627353c108cb0a0b
user10	760	223	1271782742844	0	0	c27f6cf11313627353c108cb0a0b
user10	754	219	1271782742861	0	0	c27f6cf11313627353c108cb0a0b
user10	743	214	1271782742881	0	0	c27f6cf11313627353c108cb0a0b
user10	727	204	1271782742902	0	0	c27f6cf11313627353c108cb0a0b
user10	721	200	1271782742911	0	0	c27f6cf11313627353c108cb0a0b
user10	701	187	1271782742935	0	0	c27f6cf11313627353c108cb0a0b
user10	687	178	1271782742956	0	0	c27f6cf11313627353c108cb0a0b
user10	681	174	1271782742960	0	0	c27f6cf11313627353c108cb0a0b
user10	668	166	1271782742979	0	0	c27f6cf11313627353c108cb0a0b
user10	652	156	1271782742996	0	0	c27f6cf11313627353c108cb0a0b
user10	645	151	1271782743015	0	0	c27f6cf11313627353c108cb0a0b
user10	638	147	1271782743030	0	0	c27f6cf11313627353c108cb0a0b
user10	632	144	1271782743045	0	0	c27f6cf11313627353c108cb0a0b
user10	630	142	1271782743060	0	0	c27f6cf11313627353c108cb0a0b
user10	628	139	1271782743063	0	0	c27f6cf11313627353c108cb0a0b
user10	624	136	1271782743078	0	0	c27f6cf11313627353c108cb0a0b
user10	624	134	1271782743092	0	0	c27f6cf11313627353c108cb0a0b
user10	621	133	1271782743094	0	0	c27f6cf11313627353c108cb0a0b
user10	621	131	1271782743108	0	0	c27f6cf11313627353c108cb0a0b
user10	620	130	1271782743111	0	0	c27f6cf11313627353c108cb0a0b
user10	618	129	1271782743123	0	0	c27f6cf11313627353c108cb0a0b
user10	617	128	1271782743137	0	0	c27f6cf11313627353c108cb0a0b
user10	615	125	1271782743151	0	0	c27f6cf11313627353c108cb0a0b
user10	614	124	1271782743164	0	0	c27f6cf11313627353c108cb0a0b
user10	613	123	1271782743166	0	0	c27f6cf11313627353c108cb0a0b
user10	613	122	1271782743178	0	0	c27f6cf11313627353c108cb0a0b
user10	612	120	1271782743180	0	0	c27f6cf11313627353c108cb0a0b
user10	611	120	1271782743192	0	0	c27f6cf11313627353c108cb0a0b
user10	609	117	1271782743205	0	0	c27f6cf11313627353c108cb0a0b
user10	608	116	1271782743218	0	0	c27f6cf11313627353c108cb0a0b
user10	607	113	1271782743220	0	0	c27f6cf11313627353c108cb0a0b
user10	605	112	1271782743233	0	0	c27f6cf11313627353c108cb0a0b
user10	602	107	1271782743247	0	0	c27f6cf11313627353c108cb0a0b
user10	601	104	1271782743258	0	0	c27f6cf11313627353c108cb0a0b
user10	598	100	1271782743270	0	0	c27f6cf11313627353c108cb0a0b
user10	597	98	1271782743283	0	0	c27f6cf11313627353c108cb0a0b
user10	595	96	1271782743285	0	0	c27f6cf11313627353c108cb0a0b
user10	595	94	1271782743298	0	0	c27f6cf11313627353c108cb0a0b
user10	594	90	1271782743310	0	0	c27f6cf11313627353c108cb0a0b
user10	593	88	1271782743322	0	0	c27f6cf11313627353c108cb0a0b
user10	592	85	1271782743335	0	0	c27f6cf11313627353c108cb0a0b
user10	591	82	1271782743349	0	0	c27f6cf11313627353c108cb0a0b
user10	591	81	1271782743361	0	0	c27f6cf11313627353c108cb0a0b
user10	591	80	1271782743374	0	0	c27f6cf11313627353c108cb0a0b
user10	591	79	1271782743386	0	0	c27f6cf11313627353c108cb0a0b
user10	591	78	1271782743388	0	0	c27f6cf11313627353c108cb0a0b
user10	591	76	1271782743401	0	0	c27f6cf11313627353c108cb0a0b
user10	591	72	1271782743416	0	0	c27f6cf11313627353c108cb0a0b
user10	591	71	1271782743428	0	0	c27f6cf11313627353c108cb0a0b
user10	591	70	1271782743430	0	0	c27f6cf11313627353c108cb0a0b
user10	591	69	1271782743441	0	0	c27f6cf11313627353c108cb0a0b
user10	591	67	1271782743455	0	0	c27f6cf11313627353c108cb0a0b
user10	592	66	1271782743474	0	0	c27f6cf11313627353c108cb0a0b
user10	593	65	1271782743477	0	0	c27f6cf11313627353c108cb0a0b
user10	594	64	1271782743490	0	0	c27f6cf11313627353c108cb0a0b
user10	595	63	1271782743492	0	0	c27f6cf11313627353c108cb0a0b
user10	595	62	1271782743505	0	0	c27f6cf11313627353c108cb0a0b
user10	597	61	1271782743519	0	0	c27f6cf11313627353c108cb0a0b
user10	598	61	1271782743533	0	0	c27f6cf11313627353c108cb0a0b
user10	599	60	1271782743548	0	0	c27f6cf11313627353c108cb0a0b
user10	600	59	1271782743559	0	0	c27f6cf11313627353c108cb0a0b
user10	601	58	1271782743573	0	0	c27f6cf11313627353c108cb0a0b
user10	602	58	1271782743585	0	0	c27f6cf11313627353c108cb0a0b
user10	603	57	1271782743598	0	0	c27f6cf11313627353c108cb0a0b
user10	604	57	1271782743610	0	0	c27f6cf11313627353c108cb0a0b
user10	604	57	1271782743741	1271782743644	1271782743741	c27f6cf11313627353c108cb0a0b
