User	X	Y	MouseTimeStamp	MouseDownTimeStamp	MouseUpTimeStamp	SessionID
user19	701	12	1269132799900	0	0	e34c75c1eaf75e480b2332b9809d
user19	723	26	1269132799918	0	0	e34c75c1eaf75e480b2332b9809d
user19	781	62	1269132799930	0	0	e34c75c1eaf75e480b2332b9809d
user19	797	72	1269132799942	0	0	e34c75c1eaf75e480b2332b9809d
user19	810	79	1269132799956	0	0	e34c75c1eaf75e480b2332b9809d
user19	822	85	1269132799968	0	0	e34c75c1eaf75e480b2332b9809d
user19	832	90	1269132799980	0	0	e34c75c1eaf75e480b2332b9809d
user19	842	95	1269132799992	0	0	e34c75c1eaf75e480b2332b9809d
user19	852	99	1269132800004	0	0	e34c75c1eaf75e480b2332b9809d
user19	859	105	1269132800016	0	0	e34c75c1eaf75e480b2332b9809d
user19	868	111	1269132800036	0	0	e34c75c1eaf75e480b2332b9809d
user19	877	118	1269132800048	0	0	e34c75c1eaf75e480b2332b9809d
user19	883	124	1269132800060	0	0	e34c75c1eaf75e480b2332b9809d
user19	887	128	1269132800071	0	0	e34c75c1eaf75e480b2332b9809d
user19	888	129	1269132800084	0	0	e34c75c1eaf75e480b2332b9809d
user19	889	129	1269132800095	0	0	e34c75c1eaf75e480b2332b9809d
user19	890	131	1269132800356	0	0	e34c75c1eaf75e480b2332b9809d
user19	894	136	1269132800377	0	0	e34c75c1eaf75e480b2332b9809d
user19	910	160	1269132800389	0	0	e34c75c1eaf75e480b2332b9809d
user19	918	170	1269132800401	0	0	e34c75c1eaf75e480b2332b9809d
user19	925	179	1269132800413	0	0	e34c75c1eaf75e480b2332b9809d
user19	932	188	1269132800425	0	0	e34c75c1eaf75e480b2332b9809d
user19	936	195	1269132800437	0	0	e34c75c1eaf75e480b2332b9809d
user19	940	199	1269132800451	0	0	e34c75c1eaf75e480b2332b9809d
user19	942	202	1269132800463	0	0	e34c75c1eaf75e480b2332b9809d
user19	943	202	1269132800481	0	0	e34c75c1eaf75e480b2332b9809d
user19	943	203	1269132800760	0	0	e34c75c1eaf75e480b2332b9809d
user19	943	204	1269132800772	0	0	e34c75c1eaf75e480b2332b9809d
user19	944	207	1269132800784	0	0	e34c75c1eaf75e480b2332b9809d
user19	944	213	1269132800796	0	0	e34c75c1eaf75e480b2332b9809d
user19	945	220	1269132800810	0	0	e34c75c1eaf75e480b2332b9809d
user19	947	230	1269132800828	0	0	e34c75c1eaf75e480b2332b9809d
user19	955	266	1269132800841	0	0	e34c75c1eaf75e480b2332b9809d
user19	959	278	1269132800852	0	0	e34c75c1eaf75e480b2332b9809d
user19	961	288	1269132800866	0	0	e34c75c1eaf75e480b2332b9809d
user19	963	294	1269132800878	0	0	e34c75c1eaf75e480b2332b9809d
user19	963	297	1269132800890	0	0	e34c75c1eaf75e480b2332b9809d
user19	963	299	1269132800901	0	0	e34c75c1eaf75e480b2332b9809d
user19	963	300	1269132801113	0	0	e34c75c1eaf75e480b2332b9809d
user19	963	302	1269132801125	0	0	e34c75c1eaf75e480b2332b9809d
user19	963	305	1269132801137	0	0	e34c75c1eaf75e480b2332b9809d
user19	964	309	1269132801151	0	0	e34c75c1eaf75e480b2332b9809d
user19	964	317	1269132801169	0	0	e34c75c1eaf75e480b2332b9809d
user19	971	353	1269132801181	0	0	e34c75c1eaf75e480b2332b9809d
user19	973	367	1269132801193	0	0	e34c75c1eaf75e480b2332b9809d
user19	975	381	1269132801205	0	0	e34c75c1eaf75e480b2332b9809d
user19	976	393	1269132801219	0	0	e34c75c1eaf75e480b2332b9809d
user19	977	404	1269132801231	0	0	e34c75c1eaf75e480b2332b9809d
user19	977	413	1269132801243	0	0	e34c75c1eaf75e480b2332b9809d
user19	978	422	1269132801255	0	0	e34c75c1eaf75e480b2332b9809d
user19	978	425	1269132801267	0	0	e34c75c1eaf75e480b2332b9809d
user19	978	427	1269132801287	0	0	e34c75c1eaf75e480b2332b9809d
user19	978	428	1269132801298	0	0	e34c75c1eaf75e480b2332b9809d
user19	978	429	1269132801311	0	0	e34c75c1eaf75e480b2332b9809d
user19	977	429	1269132801406	0	0	e34c75c1eaf75e480b2332b9809d
user19	968	426	1269132801417	0	0	e34c75c1eaf75e480b2332b9809d
user19	951	418	1269132801432	0	0	e34c75c1eaf75e480b2332b9809d
user19	889	370	1269132801444	0	0	e34c75c1eaf75e480b2332b9809d
user19	870	349	1269132801456	0	0	e34c75c1eaf75e480b2332b9809d
user19	852	332	1269132801468	0	0	e34c75c1eaf75e480b2332b9809d
user19	841	319	1269132801480	0	0	e34c75c1eaf75e480b2332b9809d
user19	833	309	1269132801493	0	0	e34c75c1eaf75e480b2332b9809d
user19	826	300	1269132801514	0	0	e34c75c1eaf75e480b2332b9809d
user19	823	292	1269132801526	0	0	e34c75c1eaf75e480b2332b9809d
user19	819	283	1269132801540	0	0	e34c75c1eaf75e480b2332b9809d
user19	819	256	1269132801552	0	0	e34c75c1eaf75e480b2332b9809d
user19	822	245	1269132801564	0	0	e34c75c1eaf75e480b2332b9809d
user19	830	234	1269132801576	0	0	e34c75c1eaf75e480b2332b9809d
user19	841	220	1269132801588	0	0	e34c75c1eaf75e480b2332b9809d
user19	861	199	1269132801600	0	0	e34c75c1eaf75e480b2332b9809d
user19	877	181	1269132801616	0	0	e34c75c1eaf75e480b2332b9809d
user19	892	170	1269132801628	0	0	e34c75c1eaf75e480b2332b9809d
user19	904	164	1269132801642	0	0	e34c75c1eaf75e480b2332b9809d
user19	919	158	1269132801653	0	0	e34c75c1eaf75e480b2332b9809d
user19	931	155	1269132801665	0	0	e34c75c1eaf75e480b2332b9809d
user19	941	154	1269132801677	0	0	e34c75c1eaf75e480b2332b9809d
user19	948	154	1269132801689	0	0	e34c75c1eaf75e480b2332b9809d
user19	951	155	1269132801701	0	0	e34c75c1eaf75e480b2332b9809d
user19	954	158	1269132801716	0	0	e34c75c1eaf75e480b2332b9809d
user19	955	159	1269132801971	0	0	e34c75c1eaf75e480b2332b9809d
user19	957	161	1269132801983	0	0	e34c75c1eaf75e480b2332b9809d
user19	959	163	1269132801995	0	0	e34c75c1eaf75e480b2332b9809d
user19	964	167	1269132802009	0	0	e34c75c1eaf75e480b2332b9809d
user19	968	172	1269132802020	0	0	e34c75c1eaf75e480b2332b9809d
user19	974	180	1269132802033	0	0	e34c75c1eaf75e480b2332b9809d
user19	978	185	1269132802044	0	0	e34c75c1eaf75e480b2332b9809d
user19	981	190	1269132802057	0	0	e34c75c1eaf75e480b2332b9809d
user19	984	193	1269132802068	0	0	e34c75c1eaf75e480b2332b9809d
user19	986	195	1269132802086	0	0	e34c75c1eaf75e480b2332b9809d
user19	986	197	1269132802100	0	0	e34c75c1eaf75e480b2332b9809d
user19	987	197	1269132802136	0	0	e34c75c1eaf75e480b2332b9809d
user19	987	198	1269132805841	0	0	e34c75c1eaf75e480b2332b9809d
user19	987	199	1269132805892	0	0	e34c75c1eaf75e480b2332b9809d
user19	987	200	1269132805916	0	0	e34c75c1eaf75e480b2332b9809d
user19	986	200	1269132806835	0	0	e34c75c1eaf75e480b2332b9809d
user19	985	200	1269132806903	0	0	e34c75c1eaf75e480b2332b9809d
user19	984	200	1269132806915	0	0	e34c75c1eaf75e480b2332b9809d
user19	975	199	1269132806927	0	0	e34c75c1eaf75e480b2332b9809d
user19	965	197	1269132806941	0	0	e34c75c1eaf75e480b2332b9809d
user19	957	194	1269132806953	0	0	e34c75c1eaf75e480b2332b9809d
user19	947	190	1269132806965	0	0	e34c75c1eaf75e480b2332b9809d
user19	939	184	1269132806984	0	0	e34c75c1eaf75e480b2332b9809d
user19	918	173	1269132806995	0	0	e34c75c1eaf75e480b2332b9809d
user19	912	170	1269132807009	0	0	e34c75c1eaf75e480b2332b9809d
user19	909	168	1269132807021	0	0	e34c75c1eaf75e480b2332b9809d
user19	906	167	1269132807033	0	0	e34c75c1eaf75e480b2332b9809d
user19	905	167	1269132807045	0	0	e34c75c1eaf75e480b2332b9809d
user19	905	167	1269132807847	1269132807717	1269132807847	e34c75c1eaf75e480b2332b9809d
user19	904	165	1269132808786	0	0	e34c75c1eaf75e480b2332b9809d
user19	904	164	1269132808810	0	0	e34c75c1eaf75e480b2332b9809d
user19	904	168	1269132808843	0	0	e34c75c1eaf75e480b2332b9809d
user19	904	171	1269132808951	0	0	e34c75c1eaf75e480b2332b9809d
user19	904	172	1269132808969	0	0	e34c75c1eaf75e480b2332b9809d
user19	903	171	1269132809043	0	0	e34c75c1eaf75e480b2332b9809d
user19	903	170	1269132809060	0	0	e34c75c1eaf75e480b2332b9809d
user19	907	179	1269132809110	0	0	e34c75c1eaf75e480b2332b9809d
user19	910	183	1269132809122	0	0	e34c75c1eaf75e480b2332b9809d
user19	911	185	1269132809134	0	0	e34c75c1eaf75e480b2332b9809d
user19	913	187	1269132809155	0	0	e34c75c1eaf75e480b2332b9809d
user19	915	192	1269132809171	0	0	e34c75c1eaf75e480b2332b9809d
user19	917	192	1269132809189	0	0	e34c75c1eaf75e480b2332b9809d
user19	917	194	1269132809205	0	0	e34c75c1eaf75e480b2332b9809d
user19	917	195	1269132809222	0	0	e34c75c1eaf75e480b2332b9809d
user19	917	196	1269132809238	0	0	e34c75c1eaf75e480b2332b9809d
user19	917	197	1269132809250	0	0	e34c75c1eaf75e480b2332b9809d
user19	917	195	1269132809468	0	0	e34c75c1eaf75e480b2332b9809d
user19	919	192	1269132809494	0	0	e34c75c1eaf75e480b2332b9809d
user19	919	189	1269132809510	0	0	e34c75c1eaf75e480b2332b9809d
user19	921	189	1269132809527	0	0	e34c75c1eaf75e480b2332b9809d
user19	921	188	1269132809544	0	0	e34c75c1eaf75e480b2332b9809d
user19	923	188	1269132809561	0	0	e34c75c1eaf75e480b2332b9809d
user19	923	187	1269132809578	0	0	e34c75c1eaf75e480b2332b9809d
user19	924	187	1269132809595	0	0	e34c75c1eaf75e480b2332b9809d
user19	924	186	1269132809619	0	0	e34c75c1eaf75e480b2332b9809d
user19	925	186	1269132809636	0	0	e34c75c1eaf75e480b2332b9809d
user19	927	186	1269132809672	0	0	e34c75c1eaf75e480b2332b9809d
user19	927	183	1269132809690	0	0	e34c75c1eaf75e480b2332b9809d
user19	927	181	1269132809706	0	0	e34c75c1eaf75e480b2332b9809d
user19	927	180	1269132809730	0	0	e34c75c1eaf75e480b2332b9809d
user19	926	176	1269132809747	0	0	e34c75c1eaf75e480b2332b9809d
user19	916	164	1269132809763	0	0	e34c75c1eaf75e480b2332b9809d
user19	910	158	1269132809781	0	0	e34c75c1eaf75e480b2332b9809d
user19	901	149	1269132809797	0	0	e34c75c1eaf75e480b2332b9809d
user19	866	89	1269132809815	0	0	e34c75c1eaf75e480b2332b9809d
user19	845	39	1269132809843	0	0	e34c75c1eaf75e480b2332b9809d
user19	831	39	1269132818286	0	0	e34c75c1eaf75e480b2332b9809d
user19	818	39	1269132818298	0	0	e34c75c1eaf75e480b2332b9809d
user19	810	39	1269132818310	0	0	e34c75c1eaf75e480b2332b9809d
user19	808	39	1269132818324	0	0	e34c75c1eaf75e480b2332b9809d
user19	811	50	1269132818354	0	0	e34c75c1eaf75e480b2332b9809d
user19	823	70	1269132818366	0	0	e34c75c1eaf75e480b2332b9809d
user19	840	97	1269132818378	0	0	e34c75c1eaf75e480b2332b9809d
user19	858	132	1269132818392	0	0	e34c75c1eaf75e480b2332b9809d
user19	878	173	1269132818404	0	0	e34c75c1eaf75e480b2332b9809d
user19	895	215	1269132818417	0	0	e34c75c1eaf75e480b2332b9809d
user19	914	258	1269132818428	0	0	e34c75c1eaf75e480b2332b9809d
user19	930	288	1269132818441	0	0	e34c75c1eaf75e480b2332b9809d
user19	947	313	1269132818464	0	0	e34c75c1eaf75e480b2332b9809d
user19	964	333	1269132818475	0	0	e34c75c1eaf75e480b2332b9809d
user19	987	350	1269132818487	0	0	e34c75c1eaf75e480b2332b9809d
user19	1010	357	1269132818499	0	0	e34c75c1eaf75e480b2332b9809d
user19	1033	360	1269132818511	0	0	e34c75c1eaf75e480b2332b9809d
user19	1056	360	1269132818523	0	0	e34c75c1eaf75e480b2332b9809d
user19	1083	356	1269132818538	0	0	e34c75c1eaf75e480b2332b9809d
user19	1155	332	1269132818549	0	0	e34c75c1eaf75e480b2332b9809d
user19	1176	323	1269132818570	0	0	e34c75c1eaf75e480b2332b9809d
user19	1191	316	1269132818582	0	0	e34c75c1eaf75e480b2332b9809d
user19	1201	311	1269132818594	0	0	e34c75c1eaf75e480b2332b9809d
user19	1209	308	1269132818608	0	0	e34c75c1eaf75e480b2332b9809d
user19	1211	306	1269132818622	0	0	e34c75c1eaf75e480b2332b9809d
user19	1212	306	1269132818632	0	0	e34c75c1eaf75e480b2332b9809d
user19	1211	306	1269132818689	0	0	e34c75c1eaf75e480b2332b9809d
user19	1200	309	1269132818701	0	0	e34c75c1eaf75e480b2332b9809d
user19	1179	318	1269132818712	0	0	e34c75c1eaf75e480b2332b9809d
user19	1168	320	1269132818725	0	0	e34c75c1eaf75e480b2332b9809d
user19	1161	323	1269132818739	0	0	e34c75c1eaf75e480b2332b9809d
user19	1141	330	1269132818750	0	0	e34c75c1eaf75e480b2332b9809d
user19	1124	335	1269132818762	0	0	e34c75c1eaf75e480b2332b9809d
user19	1117	337	1269132818774	0	0	e34c75c1eaf75e480b2332b9809d
user19	1113	338	1269132818786	0	0	e34c75c1eaf75e480b2332b9809d
user19	1112	338	1269132818806	0	0	e34c75c1eaf75e480b2332b9809d
user19	1110	338	1269132818819	0	0	e34c75c1eaf75e480b2332b9809d
user19	1109	338	1269132818843	0	0	e34c75c1eaf75e480b2332b9809d
user19	1109	337	1269132818854	0	0	e34c75c1eaf75e480b2332b9809d
user19	1109	336	1269132818881	0	0	e34c75c1eaf75e480b2332b9809d
user19	1109	335	1269132818893	0	0	e34c75c1eaf75e480b2332b9809d
user19	1109	334	1269132818910	0	0	e34c75c1eaf75e480b2332b9809d
user19	1109	333	1269132818922	0	0	e34c75c1eaf75e480b2332b9809d
user19	1107	325	1269132818934	0	0	e34c75c1eaf75e480b2332b9809d
user19	1103	313	1269132818946	0	0	e34c75c1eaf75e480b2332b9809d
user19	1101	307	1269132818960	0	0	e34c75c1eaf75e480b2332b9809d
user19	1101	305	1269132818972	0	0	e34c75c1eaf75e480b2332b9809d
user19	1100	303	1269132818984	0	0	e34c75c1eaf75e480b2332b9809d
user19	1099	303	1269132818997	0	0	e34c75c1eaf75e480b2332b9809d
user19	1099	302	1269132819008	0	0	e34c75c1eaf75e480b2332b9809d
user19	1098	302	1269132819040	0	0	e34c75c1eaf75e480b2332b9809d
user19	1091	300	1269132819076	0	0	e34c75c1eaf75e480b2332b9809d
user19	1082	298	1269132819088	0	0	e34c75c1eaf75e480b2332b9809d
user19	1074	296	1269132819102	0	0	e34c75c1eaf75e480b2332b9809d
user19	1067	295	1269132819114	0	0	e34c75c1eaf75e480b2332b9809d
user19	1058	293	1269132819126	0	0	e34c75c1eaf75e480b2332b9809d
user19	1050	292	1269132819144	0	0	e34c75c1eaf75e480b2332b9809d
user19	1024	289	1269132819157	0	0	e34c75c1eaf75e480b2332b9809d
user19	1017	288	1269132819170	0	0	e34c75c1eaf75e480b2332b9809d
user19	1010	287	1269132819182	0	0	e34c75c1eaf75e480b2332b9809d
user19	1006	286	1269132819194	0	0	e34c75c1eaf75e480b2332b9809d
user19	1004	285	1269132819206	0	0	e34c75c1eaf75e480b2332b9809d
user19	1002	285	1269132819218	0	0	e34c75c1eaf75e480b2332b9809d
user19	1002	284	1269132819299	0	0	e34c75c1eaf75e480b2332b9809d
user19	1001	284	1269132819393	0	0	e34c75c1eaf75e480b2332b9809d
user19	998	284	1269132819455	0	0	e34c75c1eaf75e480b2332b9809d
user19	996	284	1269132819467	0	0	e34c75c1eaf75e480b2332b9809d
user19	994	284	1269132819485	0	0	e34c75c1eaf75e480b2332b9809d
user19	990	284	1269132819499	0	0	e34c75c1eaf75e480b2332b9809d
user19	989	284	1269132819511	0	0	e34c75c1eaf75e480b2332b9809d
user19	987	284	1269132819523	0	0	e34c75c1eaf75e480b2332b9809d
user19	986	284	1269132819547	0	0	e34c75c1eaf75e480b2332b9809d
user19	984	284	1269132819559	0	0	e34c75c1eaf75e480b2332b9809d
user19	984	284	1269132820117	1269132819988	1269132820117	e34c75c1eaf75e480b2332b9809d
user19	410	55	1269132868083	0	0	e34c75c1eaf75e480b2332b9809d
user19	413	55	1269132868096	0	0	e34c75c1eaf75e480b2332b9809d
user19	417	57	1269132868107	0	0	e34c75c1eaf75e480b2332b9809d
user19	423	58	1269132868119	0	0	e34c75c1eaf75e480b2332b9809d
user19	429	60	1269132868131	0	0	e34c75c1eaf75e480b2332b9809d
user19	435	63	1269132868143	0	0	e34c75c1eaf75e480b2332b9809d
user19	439	65	1269132868160	0	0	e34c75c1eaf75e480b2332b9809d
user19	452	69	1269132868176	0	0	e34c75c1eaf75e480b2332b9809d
user19	457	70	1269132868187	0	0	e34c75c1eaf75e480b2332b9809d
user19	459	71	1269132868199	0	0	e34c75c1eaf75e480b2332b9809d
user19	462	71	1269132868211	0	0	e34c75c1eaf75e480b2332b9809d
user19	463	71	1269132868237	0	0	e34c75c1eaf75e480b2332b9809d
user19	464	71	1269132868248	0	0	e34c75c1eaf75e480b2332b9809d
user19	464	70	1269132868444	0	0	e34c75c1eaf75e480b2332b9809d
user19	466	68	1269132868616	0	0	e34c75c1eaf75e480b2332b9809d
user19	468	68	1269132868628	0	0	e34c75c1eaf75e480b2332b9809d
user19	470	68	1269132868639	0	0	e34c75c1eaf75e480b2332b9809d
user19	471	68	1269132868654	0	0	e34c75c1eaf75e480b2332b9809d
user19	473	68	1269132868666	0	0	e34c75c1eaf75e480b2332b9809d
user19	474	68	1269132868678	0	0	e34c75c1eaf75e480b2332b9809d
user19	475	68	1269132868690	0	0	e34c75c1eaf75e480b2332b9809d
user19	477	68	1269132868702	0	0	e34c75c1eaf75e480b2332b9809d
user19	477	67	1269132868715	0	0	e34c75c1eaf75e480b2332b9809d
user19	478	67	1269132877722	0	0	e34c75c1eaf75e480b2332b9809d
user19	479	68	1269132877734	0	0	e34c75c1eaf75e480b2332b9809d
user19	482	70	1269132877746	0	0	e34c75c1eaf75e480b2332b9809d
user19	487	72	1269132877757	0	0	e34c75c1eaf75e480b2332b9809d
user19	493	77	1269132877770	0	0	e34c75c1eaf75e480b2332b9809d
user19	501	83	1269132877781	0	0	e34c75c1eaf75e480b2332b9809d
user19	509	91	1269132877803	0	0	e34c75c1eaf75e480b2332b9809d
user19	533	114	1269132877815	0	0	e34c75c1eaf75e480b2332b9809d
user19	539	120	1269132877827	0	0	e34c75c1eaf75e480b2332b9809d
user19	546	126	1269132877839	0	0	e34c75c1eaf75e480b2332b9809d
user19	549	130	1269132877851	0	0	e34c75c1eaf75e480b2332b9809d
user19	552	132	1269132877865	0	0	e34c75c1eaf75e480b2332b9809d
user19	553	134	1269132877877	0	0	e34c75c1eaf75e480b2332b9809d
user19	555	132	1269132878111	0	0	e34c75c1eaf75e480b2332b9809d
user19	556	131	1269132878123	0	0	e34c75c1eaf75e480b2332b9809d
user19	556	130	1269132878148	0	0	e34c75c1eaf75e480b2332b9809d
user19	557	130	1269132878160	0	0	e34c75c1eaf75e480b2332b9809d
user19	558	129	1269132878196	0	0	e34c75c1eaf75e480b2332b9809d
user19	559	129	1269132878208	0	0	e34c75c1eaf75e480b2332b9809d
user19	560	127	1269132878222	0	0	e34c75c1eaf75e480b2332b9809d
user19	561	127	1269132878234	0	0	e34c75c1eaf75e480b2332b9809d
user19	561	126	1269132878759	0	0	e34c75c1eaf75e480b2332b9809d
user19	561	125	1269132881573	0	0	e34c75c1eaf75e480b2332b9809d
user19	561	124	1269132881914	0	0	e34c75c1eaf75e480b2332b9809d
user19	564	122	1269132882054	0	0	e34c75c1eaf75e480b2332b9809d
user19	566	122	1269132882068	0	0	e34c75c1eaf75e480b2332b9809d
user19	568	122	1269132882080	0	0	e34c75c1eaf75e480b2332b9809d
user19	567	126	1269132882184	0	0	e34c75c1eaf75e480b2332b9809d
user19	564	129	1269132882198	0	0	e34c75c1eaf75e480b2332b9809d
user19	560	133	1269132882210	0	0	e34c75c1eaf75e480b2332b9809d
user19	557	136	1269132882222	0	0	e34c75c1eaf75e480b2332b9809d
user19	557	137	1269132884150	0	0	e34c75c1eaf75e480b2332b9809d
user19	556	137	1269132884289	0	0	e34c75c1eaf75e480b2332b9809d
user19	556	136	1269132885261	0	0	e34c75c1eaf75e480b2332b9809d
user19	557	136	1269132885280	0	0	e34c75c1eaf75e480b2332b9809d
user19	559	135	1269132885294	0	0	e34c75c1eaf75e480b2332b9809d
user19	568	127	1269132885305	0	0	e34c75c1eaf75e480b2332b9809d
user19	575	121	1269132885318	0	0	e34c75c1eaf75e480b2332b9809d
user19	583	115	1269132885330	0	0	e34c75c1eaf75e480b2332b9809d
user19	593	108	1269132885342	0	0	e34c75c1eaf75e480b2332b9809d
user19	603	102	1269132885353	0	0	e34c75c1eaf75e480b2332b9809d
user19	613	97	1269132885368	0	0	e34c75c1eaf75e480b2332b9809d
user19	623	91	1269132885385	0	0	e34c75c1eaf75e480b2332b9809d
user19	633	87	1269132885397	0	0	e34c75c1eaf75e480b2332b9809d
user19	642	83	1269132885409	0	0	e34c75c1eaf75e480b2332b9809d
user19	651	79	1269132885421	0	0	e34c75c1eaf75e480b2332b9809d
user19	658	77	1269132885433	0	0	e34c75c1eaf75e480b2332b9809d
user19	664	76	1269132885445	0	0	e34c75c1eaf75e480b2332b9809d
user19	667	76	1269132885459	0	0	e34c75c1eaf75e480b2332b9809d
user19	668	76	1269132885471	0	0	e34c75c1eaf75e480b2332b9809d
user19	669	76	1269132885483	0	0	e34c75c1eaf75e480b2332b9809d
user19	668	76	1269132885750	0	0	e34c75c1eaf75e480b2332b9809d
user19	667	76	1269132885762	0	0	e34c75c1eaf75e480b2332b9809d
user19	667	74	1269132885800	0	0	e34c75c1eaf75e480b2332b9809d
user19	667	68	1269132885812	0	0	e34c75c1eaf75e480b2332b9809d
user19	667	61	1269132885824	0	0	e34c75c1eaf75e480b2332b9809d
user19	667	53	1269132885841	0	0	e34c75c1eaf75e480b2332b9809d
user19	667	26	1269132885853	0	0	e34c75c1eaf75e480b2332b9809d
user19	667	19	1269132885865	0	0	e34c75c1eaf75e480b2332b9809d
user19	667	13	1269132885877	0	0	e34c75c1eaf75e480b2332b9809d
user19	667	9	1269132885892	0	0	e34c75c1eaf75e480b2332b9809d
