User	X	Y	MouseTimeStamp	MouseDownTimeStamp	MouseUpTimeStamp	SessionID
user20	303	336	1271702297248	0	0	75ce31116890e2077f8e3a63119c
user20	312	336	1271702297251	0	0	75ce31116890e2077f8e3a63119c
user20	324	339	1271702297259	0	0	75ce31116890e2077f8e3a63119c
user20	336	341	1271702297266	0	0	75ce31116890e2077f8e3a63119c
user20	360	341	1271702297274	0	0	75ce31116890e2077f8e3a63119c
user20	383	341	1271702297282	0	0	75ce31116890e2077f8e3a63119c
user20	406	344	1271702297290	0	0	75ce31116890e2077f8e3a63119c
user20	441	344	1271702297298	0	0	75ce31116890e2077f8e3a63119c
user20	484	344	1271702297306	0	0	75ce31116890e2077f8e3a63119c
user20	524	346	1271702297314	0	0	75ce31116890e2077f8e3a63119c
user20	571	346	1271702297322	0	0	75ce31116890e2077f8e3a63119c
user20	614	346	1271702297330	0	0	75ce31116890e2077f8e3a63119c
user20	662	346	1271702297338	0	0	75ce31116890e2077f8e3a63119c
user20	710	346	1271702297346	0	0	75ce31116890e2077f8e3a63119c
user20	753	346	1271702297354	0	0	75ce31116890e2077f8e3a63119c
user20	800	346	1271702297362	0	0	75ce31116890e2077f8e3a63119c
user20	836	341	1271702297370	0	0	75ce31116890e2077f8e3a63119c
user20	880	338	1271702297378	0	0	75ce31116890e2077f8e3a63119c
user20	914	338	1271702297386	0	0	75ce31116890e2077f8e3a63119c
user20	935	336	1271702297394	0	0	75ce31116890e2077f8e3a63119c
user20	956	334	1271702297402	0	0	75ce31116890e2077f8e3a63119c
user20	975	328	1271702297410	0	0	75ce31116890e2077f8e3a63119c
user20	992	320	1271702297418	0	0	75ce31116890e2077f8e3a63119c
user20	1004	319	1271702297426	0	0	75ce31116890e2077f8e3a63119c
user20	1012	315	1271702297434	0	0	75ce31116890e2077f8e3a63119c
user20	1016	313	1271702297442	0	0	75ce31116890e2077f8e3a63119c
user20	1020	310	1271702297450	0	0	75ce31116890e2077f8e3a63119c
user20	1021	309	1271702297458	0	0	75ce31116890e2077f8e3a63119c
user20	1021	308	1271702297466	0	0	75ce31116890e2077f8e3a63119c
user20	1021	306	1271702297474	0	0	75ce31116890e2077f8e3a63119c
user20	1018	304	1271702297482	0	0	75ce31116890e2077f8e3a63119c
user20	1017	301	1271702297490	0	0	75ce31116890e2077f8e3a63119c
user20	1014	297	1271702297498	0	0	75ce31116890e2077f8e3a63119c
user20	1013	295	1271702297506	0	0	75ce31116890e2077f8e3a63119c
user20	1012	294	1271702297514	0	0	75ce31116890e2077f8e3a63119c
user20	1012	293	1271702297522	0	0	75ce31116890e2077f8e3a63119c
user20	1008	293	1271702297634	0	0	75ce31116890e2077f8e3a63119c
user20	1004	295	1271702297642	0	0	75ce31116890e2077f8e3a63119c
user20	999	298	1271702297650	0	0	75ce31116890e2077f8e3a63119c
user20	995	301	1271702297658	0	0	75ce31116890e2077f8e3a63119c
user20	989	306	1271702297666	0	0	75ce31116890e2077f8e3a63119c
user20	983	311	1271702297674	0	0	75ce31116890e2077f8e3a63119c
user20	979	315	1271702297682	0	0	75ce31116890e2077f8e3a63119c
user20	975	319	1271702297690	0	0	75ce31116890e2077f8e3a63119c
user20	973	325	1271702297698	0	0	75ce31116890e2077f8e3a63119c
user20	969	329	1271702297706	0	0	75ce31116890e2077f8e3a63119c
user20	965	333	1271702297714	0	0	75ce31116890e2077f8e3a63119c
user20	961	335	1271702297722	0	0	75ce31116890e2077f8e3a63119c
user20	960	335	1271702297730	0	0	75ce31116890e2077f8e3a63119c
user20	959	335	1271702297746	0	0	75ce31116890e2077f8e3a63119c
user20	957	332	1271702297794	0	0	75ce31116890e2077f8e3a63119c
user20	957	331	1271702297802	0	0	75ce31116890e2077f8e3a63119c
user20	955	328	1271702297810	0	0	75ce31116890e2077f8e3a63119c
user20	955	326	1271702297818	0	0	75ce31116890e2077f8e3a63119c
user20	955	323	1271702297826	0	0	75ce31116890e2077f8e3a63119c
user20	955	320	1271702297835	0	0	75ce31116890e2077f8e3a63119c
user20	955	316	1271702297842	0	0	75ce31116890e2077f8e3a63119c
user20	953	314	1271702297850	0	0	75ce31116890e2077f8e3a63119c
user20	953	308	1271702297858	0	0	75ce31116890e2077f8e3a63119c
user20	951	306	1271702297866	0	0	75ce31116890e2077f8e3a63119c
user20	950	305	1271702297874	0	0	75ce31116890e2077f8e3a63119c
user20	950	304	1271702297890	0	0	75ce31116890e2077f8e3a63119c
user20	950	303	1271702298026	0	0	75ce31116890e2077f8e3a63119c
user20	950	300	1271702298034	0	0	75ce31116890e2077f8e3a63119c
user20	951	296	1271702298042	0	0	75ce31116890e2077f8e3a63119c
user20	951	295	1271702298050	0	0	75ce31116890e2077f8e3a63119c
user20	952	293	1271702298058	0	0	75ce31116890e2077f8e3a63119c
user20	952	289	1271702298066	0	0	75ce31116890e2077f8e3a63119c
user20	952	288	1271702298074	0	0	75ce31116890e2077f8e3a63119c
user20	952	287	1271702298082	0	0	75ce31116890e2077f8e3a63119c
user20	952	286	1271702298098	0	0	75ce31116890e2077f8e3a63119c
user20	952	285	1271702298106	0	0	75ce31116890e2077f8e3a63119c
user20	952	285	1271702298330	1271702298258	1271702298330	75ce31116890e2077f8e3a63119c
user20	657	244	1271702334569	0	0	75ce31116890e2077f8e3a63119c
user20	654	244	1271702334577	0	0	75ce31116890e2077f8e3a63119c
user20	652	244	1271702334584	0	0	75ce31116890e2077f8e3a63119c
user20	651	244	1271702334592	0	0	75ce31116890e2077f8e3a63119c
user20	649	246	1271702334601	0	0	75ce31116890e2077f8e3a63119c
user20	647	246	1271702334608	0	0	75ce31116890e2077f8e3a63119c
user20	646	246	1271702334616	0	0	75ce31116890e2077f8e3a63119c
user20	644	248	1271702334625	0	0	75ce31116890e2077f8e3a63119c
user20	641	249	1271702334632	0	0	75ce31116890e2077f8e3a63119c
user20	640	249	1271702334640	0	0	75ce31116890e2077f8e3a63119c
user20	638	249	1271702334648	0	0	75ce31116890e2077f8e3a63119c
user20	637	249	1271702334656	0	0	75ce31116890e2077f8e3a63119c
user20	636	249	1271702334665	0	0	75ce31116890e2077f8e3a63119c
user20	635	249	1271702334672	0	0	75ce31116890e2077f8e3a63119c
user20	632	249	1271702334680	0	0	75ce31116890e2077f8e3a63119c
user20	631	249	1271702334688	0	0	75ce31116890e2077f8e3a63119c
user20	629	249	1271702334697	0	0	75ce31116890e2077f8e3a63119c
user20	623	250	1271702334705	0	0	75ce31116890e2077f8e3a63119c
user20	619	251	1271702334713	0	0	75ce31116890e2077f8e3a63119c
user20	616	251	1271702334720	0	0	75ce31116890e2077f8e3a63119c
user20	613	251	1271702334728	0	0	75ce31116890e2077f8e3a63119c
user20	610	251	1271702334736	0	0	75ce31116890e2077f8e3a63119c
user20	606	251	1271702334744	0	0	75ce31116890e2077f8e3a63119c
user20	602	251	1271702334752	0	0	75ce31116890e2077f8e3a63119c
user20	600	251	1271702334760	0	0	75ce31116890e2077f8e3a63119c
user20	596	251	1271702334768	0	0	75ce31116890e2077f8e3a63119c
user20	594	251	1271702334776	0	0	75ce31116890e2077f8e3a63119c
user20	592	251	1271702334784	0	0	75ce31116890e2077f8e3a63119c
user20	591	251	1271702334792	0	0	75ce31116890e2077f8e3a63119c
user20	589	249	1271702334800	0	0	75ce31116890e2077f8e3a63119c
user20	588	249	1271702334808	0	0	75ce31116890e2077f8e3a63119c
user20	587	248	1271702334816	0	0	75ce31116890e2077f8e3a63119c
user20	585	245	1271702334825	0	0	75ce31116890e2077f8e3a63119c
user20	583	245	1271702334833	0	0	75ce31116890e2077f8e3a63119c
user20	581	242	1271702334841	0	0	75ce31116890e2077f8e3a63119c
user20	577	238	1271702334849	0	0	75ce31116890e2077f8e3a63119c
user20	573	235	1271702334856	0	0	75ce31116890e2077f8e3a63119c
user20	568	230	1271702334865	0	0	75ce31116890e2077f8e3a63119c
user20	564	224	1271702334873	0	0	75ce31116890e2077f8e3a63119c
user20	558	217	1271702334881	0	0	75ce31116890e2077f8e3a63119c
user20	553	211	1271702334888	0	0	75ce31116890e2077f8e3a63119c
user20	548	205	1271702334896	0	0	75ce31116890e2077f8e3a63119c
user20	546	201	1271702334904	0	0	75ce31116890e2077f8e3a63119c
user20	545	197	1271702334913	0	0	75ce31116890e2077f8e3a63119c
user20	543	195	1271702334920	0	0	75ce31116890e2077f8e3a63119c
user20	542	191	1271702334929	0	0	75ce31116890e2077f8e3a63119c
user20	541	187	1271702334936	0	0	75ce31116890e2077f8e3a63119c
user20	541	183	1271702334944	0	0	75ce31116890e2077f8e3a63119c
user20	539	180	1271702334953	0	0	75ce31116890e2077f8e3a63119c
user20	539	173	1271702334961	0	0	75ce31116890e2077f8e3a63119c
user20	539	167	1271702334969	0	0	75ce31116890e2077f8e3a63119c
user20	539	160	1271702334977	0	0	75ce31116890e2077f8e3a63119c
user20	539	153	1271702334984	0	0	75ce31116890e2077f8e3a63119c
user20	539	146	1271702334992	0	0	75ce31116890e2077f8e3a63119c
user20	539	141	1271702335000	0	0	75ce31116890e2077f8e3a63119c
user20	541	135	1271702335008	0	0	75ce31116890e2077f8e3a63119c
user20	540	135	1271702335016	0	0	75ce31116890e2077f8e3a63119c
user20	540	131	1271702335024	0	0	75ce31116890e2077f8e3a63119c
user20	541	126	1271702335032	0	0	75ce31116890e2077f8e3a63119c
user20	541	121	1271702335041	0	0	75ce31116890e2077f8e3a63119c
user20	541	118	1271702335048	0	0	75ce31116890e2077f8e3a63119c
user20	542	116	1271702335056	0	0	75ce31116890e2077f8e3a63119c
user20	542	114	1271702335064	0	0	75ce31116890e2077f8e3a63119c
user20	542	113	1271702335080	0	0	75ce31116890e2077f8e3a63119c
user20	545	114	1271702335088	0	0	75ce31116890e2077f8e3a63119c
user20	545	113	1271702335353	0	0	75ce31116890e2077f8e3a63119c
user20	544	113	1271702335360	0	0	75ce31116890e2077f8e3a63119c
user20	540	113	1271702335384	0	0	75ce31116890e2077f8e3a63119c
user20	539	112	1271702335392	0	0	75ce31116890e2077f8e3a63119c
user20	538	112	1271702335400	0	0	75ce31116890e2077f8e3a63119c
user20	533	110	1271702335409	0	0	75ce31116890e2077f8e3a63119c
user20	530	109	1271702335416	0	0	75ce31116890e2077f8e3a63119c
user20	526	108	1271702335424	0	0	75ce31116890e2077f8e3a63119c
user20	523	105	1271702335432	0	0	75ce31116890e2077f8e3a63119c
user20	522	104	1271702335440	0	0	75ce31116890e2077f8e3a63119c
user20	520	103	1271702335448	0	0	75ce31116890e2077f8e3a63119c
user20	519	103	1271702335456	0	0	75ce31116890e2077f8e3a63119c
user20	519	100	1271702335465	0	0	75ce31116890e2077f8e3a63119c
user20	519	99	1271702335472	0	0	75ce31116890e2077f8e3a63119c
user20	519	98	1271702335480	0	0	75ce31116890e2077f8e3a63119c
user20	518	97	1271702335488	0	0	75ce31116890e2077f8e3a63119c
user20	516	95	1271702335496	0	0	75ce31116890e2077f8e3a63119c
user20	515	94	1271702335505	0	0	75ce31116890e2077f8e3a63119c
user20	514	92	1271702335512	0	0	75ce31116890e2077f8e3a63119c
user20	514	91	1271702335520	0	0	75ce31116890e2077f8e3a63119c
user20	512	89	1271702335536	0	0	75ce31116890e2077f8e3a63119c
user20	511	86	1271702335552	0	0	75ce31116890e2077f8e3a63119c
user20	511	85	1271702335560	0	0	75ce31116890e2077f8e3a63119c
user20	510	84	1271702335568	0	0	75ce31116890e2077f8e3a63119c
user20	510	82	1271702335576	0	0	75ce31116890e2077f8e3a63119c
user20	509	81	1271702335584	0	0	75ce31116890e2077f8e3a63119c
user20	509	79	1271702335592	0	0	75ce31116890e2077f8e3a63119c
user20	509	77	1271702335600	0	0	75ce31116890e2077f8e3a63119c
user20	509	75	1271702335608	0	0	75ce31116890e2077f8e3a63119c
user20	507	72	1271702335616	0	0	75ce31116890e2077f8e3a63119c
user20	507	69	1271702335624	0	0	75ce31116890e2077f8e3a63119c
user20	507	68	1271702335633	0	0	75ce31116890e2077f8e3a63119c
user20	507	64	1271702335640	0	0	75ce31116890e2077f8e3a63119c
user20	506	63	1271702335648	0	0	75ce31116890e2077f8e3a63119c
user20	506	61	1271702335656	0	0	75ce31116890e2077f8e3a63119c
user20	506	60	1271702335672	0	0	75ce31116890e2077f8e3a63119c
user20	506	60	1271702335913	1271702335833	1271702335913	75ce31116890e2077f8e3a63119c
user20	505	59	1271702339121	0	0	75ce31116890e2077f8e3a63119c
user20	502	59	1271702339128	0	0	75ce31116890e2077f8e3a63119c
user20	499	59	1271702339136	0	0	75ce31116890e2077f8e3a63119c
user20	495	59	1271702339144	0	0	75ce31116890e2077f8e3a63119c
user20	491	59	1271702339153	0	0	75ce31116890e2077f8e3a63119c
user20	489	57	1271702339160	0	0	75ce31116890e2077f8e3a63119c
user20	488	57	1271702339168	0	0	75ce31116890e2077f8e3a63119c
user20	486	57	1271702339176	0	0	75ce31116890e2077f8e3a63119c
user20	483	57	1271702339184	0	0	75ce31116890e2077f8e3a63119c
user20	480	55	1271702339192	0	0	75ce31116890e2077f8e3a63119c
user20	480	54	1271702339200	0	0	75ce31116890e2077f8e3a63119c
user20	479	54	1271702339208	0	0	75ce31116890e2077f8e3a63119c
user20	478	54	1271702339216	0	0	75ce31116890e2077f8e3a63119c
user20	477	54	1271702339344	0	0	75ce31116890e2077f8e3a63119c
user20	473	54	1271702339352	0	0	75ce31116890e2077f8e3a63119c
user20	471	54	1271702339360	0	0	75ce31116890e2077f8e3a63119c
user20	467	54	1271702339368	0	0	75ce31116890e2077f8e3a63119c
user20	463	54	1271702339376	0	0	75ce31116890e2077f8e3a63119c
user20	460	52	1271702339384	0	0	75ce31116890e2077f8e3a63119c
user20	456	52	1271702339393	0	0	75ce31116890e2077f8e3a63119c
user20	452	50	1271702339400	0	0	75ce31116890e2077f8e3a63119c
user20	450	51	1271702339408	0	0	75ce31116890e2077f8e3a63119c
user20	444	51	1271702339416	0	0	75ce31116890e2077f8e3a63119c
user20	439	51	1271702339424	0	0	75ce31116890e2077f8e3a63119c
user20	435	49	1271702339432	0	0	75ce31116890e2077f8e3a63119c
user20	430	49	1271702339440	0	0	75ce31116890e2077f8e3a63119c
user20	426	49	1271702339448	0	0	75ce31116890e2077f8e3a63119c
user20	425	49	1271702339456	0	0	75ce31116890e2077f8e3a63119c
user20	424	49	1271702339464	0	0	75ce31116890e2077f8e3a63119c
user20	423	49	1271702339472	0	0	75ce31116890e2077f8e3a63119c
user20	423	49	1271702339681	1271702339568	1271702339681	75ce31116890e2077f8e3a63119c
user20	430	140	1271702340817	0	0	75ce31116890e2077f8e3a63119c
user20	430	146	1271702340824	0	0	75ce31116890e2077f8e3a63119c
user20	428	155	1271702340832	0	0	75ce31116890e2077f8e3a63119c
user20	425	165	1271702340840	0	0	75ce31116890e2077f8e3a63119c
user20	421	173	1271702340848	0	0	75ce31116890e2077f8e3a63119c
user20	417	181	1271702340856	0	0	75ce31116890e2077f8e3a63119c
user20	414	187	1271702340864	0	0	75ce31116890e2077f8e3a63119c
user20	412	194	1271702340872	0	0	75ce31116890e2077f8e3a63119c
user20	411	200	1271702340880	0	0	75ce31116890e2077f8e3a63119c
user20	408	205	1271702340888	0	0	75ce31116890e2077f8e3a63119c
user20	407	209	1271702340896	0	0	75ce31116890e2077f8e3a63119c
user20	404	213	1271702340904	0	0	75ce31116890e2077f8e3a63119c
user20	403	216	1271702340912	0	0	75ce31116890e2077f8e3a63119c
user20	402	218	1271702340920	0	0	75ce31116890e2077f8e3a63119c
user20	402	219	1271702340928	0	0	75ce31116890e2077f8e3a63119c
user20	402	220	1271702340936	0	0	75ce31116890e2077f8e3a63119c
user20	401	220	1271702340944	0	0	75ce31116890e2077f8e3a63119c
user20	401	221	1271702340962	0	0	75ce31116890e2077f8e3a63119c
user20	401	222	1271702340976	0	0	75ce31116890e2077f8e3a63119c
user20	401	223	1271702341064	0	0	75ce31116890e2077f8e3a63119c
user20	401	224	1271702341088	0	0	75ce31116890e2077f8e3a63119c
user20	400	225	1271702341097	0	0	75ce31116890e2077f8e3a63119c
user20	399	226	1271702341104	0	0	75ce31116890e2077f8e3a63119c
user20	399	229	1271702341112	0	0	75ce31116890e2077f8e3a63119c
user20	397	231	1271702341120	0	0	75ce31116890e2077f8e3a63119c
user20	395	235	1271702341128	0	0	75ce31116890e2077f8e3a63119c
user20	395	240	1271702341136	0	0	75ce31116890e2077f8e3a63119c
user20	393	245	1271702341144	0	0	75ce31116890e2077f8e3a63119c
user20	392	249	1271702341152	0	0	75ce31116890e2077f8e3a63119c
user20	391	255	1271702341160	0	0	75ce31116890e2077f8e3a63119c
user20	388	259	1271702341168	0	0	75ce31116890e2077f8e3a63119c
user20	388	262	1271702341176	0	0	75ce31116890e2077f8e3a63119c
user20	385	265	1271702341184	0	0	75ce31116890e2077f8e3a63119c
user20	385	269	1271702341192	0	0	75ce31116890e2077f8e3a63119c
user20	384	270	1271702341200	0	0	75ce31116890e2077f8e3a63119c
user20	382	273	1271702341208	0	0	75ce31116890e2077f8e3a63119c
user20	381	274	1271702341216	0	0	75ce31116890e2077f8e3a63119c
user20	379	276	1271702341224	0	0	75ce31116890e2077f8e3a63119c
user20	378	279	1271702341232	0	0	75ce31116890e2077f8e3a63119c
user20	376	280	1271702341241	0	0	75ce31116890e2077f8e3a63119c
user20	373	284	1271702341248	0	0	75ce31116890e2077f8e3a63119c
user20	370	288	1271702341256	0	0	75ce31116890e2077f8e3a63119c
user20	368	290	1271702341264	0	0	75ce31116890e2077f8e3a63119c
user20	367	294	1271702341272	0	0	75ce31116890e2077f8e3a63119c
user20	364	295	1271702341280	0	0	75ce31116890e2077f8e3a63119c
user20	362	298	1271702341289	0	0	75ce31116890e2077f8e3a63119c
user20	361	299	1271702341296	0	0	75ce31116890e2077f8e3a63119c
user20	360	299	1271702341304	0	0	75ce31116890e2077f8e3a63119c
user20	359	299	1271702341312	0	0	75ce31116890e2077f8e3a63119c
user20	357	299	1271702341320	0	0	75ce31116890e2077f8e3a63119c
user20	356	299	1271702341328	0	0	75ce31116890e2077f8e3a63119c
user20	355	299	1271702341336	0	0	75ce31116890e2077f8e3a63119c
user20	354	300	1271702341344	0	0	75ce31116890e2077f8e3a63119c
user20	353	301	1271702341352	0	0	75ce31116890e2077f8e3a63119c
user20	352	302	1271702341360	0	0	75ce31116890e2077f8e3a63119c
user20	349	302	1271702341368	0	0	75ce31116890e2077f8e3a63119c
user20	347	304	1271702341376	0	0	75ce31116890e2077f8e3a63119c
user20	345	305	1271702341385	0	0	75ce31116890e2077f8e3a63119c
user20	344	305	1271702341392	0	0	75ce31116890e2077f8e3a63119c
user20	343	305	1271702341400	0	0	75ce31116890e2077f8e3a63119c
user20	340	305	1271702341408	0	0	75ce31116890e2077f8e3a63119c
user20	339	305	1271702341416	0	0	75ce31116890e2077f8e3a63119c
user20	337	306	1271702341424	0	0	75ce31116890e2077f8e3a63119c
user20	336	306	1271702341432	0	0	75ce31116890e2077f8e3a63119c
user20	335	306	1271702341440	0	0	75ce31116890e2077f8e3a63119c
user20	334	306	1271702341448	0	0	75ce31116890e2077f8e3a63119c
user20	333	306	1271702341456	0	0	75ce31116890e2077f8e3a63119c
user20	332	306	1271702341472	0	0	75ce31116890e2077f8e3a63119c
user20	331	306	1271702341480	0	0	75ce31116890e2077f8e3a63119c
user20	330	306	1271702341504	0	0	75ce31116890e2077f8e3a63119c
user20	330	305	1271702341632	0	0	75ce31116890e2077f8e3a63119c
user20	329	305	1271702341640	0	0	75ce31116890e2077f8e3a63119c
user20	328	305	1271702341648	0	0	75ce31116890e2077f8e3a63119c
user20	328	304	1271702341656	0	0	75ce31116890e2077f8e3a63119c
user20	327	304	1271702341672	0	0	75ce31116890e2077f8e3a63119c
user20	327	303	1271702341680	0	0	75ce31116890e2077f8e3a63119c
user20	326	303	1271702341688	0	0	75ce31116890e2077f8e3a63119c
user20	326	302	1271702341704	0	0	75ce31116890e2077f8e3a63119c
user20	326	301	1271702341720	0	0	75ce31116890e2077f8e3a63119c
user20	325	301	1271702341728	0	0	75ce31116890e2077f8e3a63119c
user20	324	300	1271702341776	0	0	75ce31116890e2077f8e3a63119c
user20	324	299	1271702341808	0	0	75ce31116890e2077f8e3a63119c
user20	323	299	1271702342048	0	0	75ce31116890e2077f8e3a63119c
user20	320	299	1271702342056	0	0	75ce31116890e2077f8e3a63119c
user20	319	299	1271702342064	0	0	75ce31116890e2077f8e3a63119c
user20	317	299	1271702342072	0	0	75ce31116890e2077f8e3a63119c
user20	315	299	1271702342080	0	0	75ce31116890e2077f8e3a63119c
user20	311	299	1271702342088	0	0	75ce31116890e2077f8e3a63119c
user20	309	299	1271702342096	0	0	75ce31116890e2077f8e3a63119c
user20	307	299	1271702342104	0	0	75ce31116890e2077f8e3a63119c
user20	305	299	1271702342112	0	0	75ce31116890e2077f8e3a63119c
user20	302	299	1271702342120	0	0	75ce31116890e2077f8e3a63119c
user20	301	298	1271702342128	0	0	75ce31116890e2077f8e3a63119c
user20	300	298	1271702342136	0	0	75ce31116890e2077f8e3a63119c
user20	299	298	1271702342144	0	0	75ce31116890e2077f8e3a63119c
user20	299	301	1271702343152	0	0	75ce31116890e2077f8e3a63119c
user20	299	303	1271702343160	0	0	75ce31116890e2077f8e3a63119c
user20	299	304	1271702343168	0	0	75ce31116890e2077f8e3a63119c
user20	299	305	1271702343176	0	0	75ce31116890e2077f8e3a63119c
user20	299	306	1271702343192	0	0	75ce31116890e2077f8e3a63119c
user20	299	308	1271702343200	0	0	75ce31116890e2077f8e3a63119c
user20	299	309	1271702343216	0	0	75ce31116890e2077f8e3a63119c
user20	299	310	1271702343248	0	0	75ce31116890e2077f8e3a63119c
user20	299	311	1271702343264	0	0	75ce31116890e2077f8e3a63119c
user20	298	311	1271702343624	0	0	75ce31116890e2077f8e3a63119c
user20	295	311	1271702343632	0	0	75ce31116890e2077f8e3a63119c
user20	294	311	1271702343640	0	0	75ce31116890e2077f8e3a63119c
user20	292	311	1271702343648	0	0	75ce31116890e2077f8e3a63119c
user20	291	311	1271702343656	0	0	75ce31116890e2077f8e3a63119c
user20	290	311	1271702343664	0	0	75ce31116890e2077f8e3a63119c
user20	289	311	1271702343672	0	0	75ce31116890e2077f8e3a63119c
user20	287	311	1271702343680	0	0	75ce31116890e2077f8e3a63119c
user20	286	310	1271702343688	0	0	75ce31116890e2077f8e3a63119c
user20	285	310	1271702343696	0	0	75ce31116890e2077f8e3a63119c
user20	284	310	1271702343704	0	0	75ce31116890e2077f8e3a63119c
user20	282	310	1271702343712	0	0	75ce31116890e2077f8e3a63119c
user20	281	310	1271702343720	0	0	75ce31116890e2077f8e3a63119c
user20	280	310	1271702343728	0	0	75ce31116890e2077f8e3a63119c
user20	279	310	1271702343736	0	0	75ce31116890e2077f8e3a63119c
user20	278	310	1271702343752	0	0	75ce31116890e2077f8e3a63119c
user20	276	310	1271702343768	0	0	75ce31116890e2077f8e3a63119c
user20	275	310	1271702343776	0	0	75ce31116890e2077f8e3a63119c
user20	274	310	1271702343784	0	0	75ce31116890e2077f8e3a63119c
user20	273	310	1271702343792	0	0	75ce31116890e2077f8e3a63119c
user20	271	310	1271702343800	0	0	75ce31116890e2077f8e3a63119c
user20	270	309	1271702343808	0	0	75ce31116890e2077f8e3a63119c
user20	269	309	1271702343816	0	0	75ce31116890e2077f8e3a63119c
user20	268	309	1271702343824	0	0	75ce31116890e2077f8e3a63119c
user20	266	307	1271702343832	0	0	75ce31116890e2077f8e3a63119c
user20	265	307	1271702343840	0	0	75ce31116890e2077f8e3a63119c
user20	264	307	1271702343848	0	0	75ce31116890e2077f8e3a63119c
user20	263	307	1271702343856	0	0	75ce31116890e2077f8e3a63119c
user20	262	307	1271702343880	0	0	75ce31116890e2077f8e3a63119c
user20	263	307	1271702344560	0	0	75ce31116890e2077f8e3a63119c
user20	264	307	1271702344584	0	0	75ce31116890e2077f8e3a63119c
user20	265	307	1271702344600	0	0	75ce31116890e2077f8e3a63119c
user20	266	307	1271702344624	0	0	75ce31116890e2077f8e3a63119c
user20	267	307	1271702344632	0	0	75ce31116890e2077f8e3a63119c
user20	268	307	1271702344640	0	0	75ce31116890e2077f8e3a63119c
user20	269	307	1271702344648	0	0	75ce31116890e2077f8e3a63119c
user20	270	307	1271702344656	0	0	75ce31116890e2077f8e3a63119c
user20	271	307	1271702344664	0	0	75ce31116890e2077f8e3a63119c
user20	272	307	1271702344688	0	0	75ce31116890e2077f8e3a63119c
user20	273	307	1271702344704	0	0	75ce31116890e2077f8e3a63119c
user20	274	307	1271702344712	0	0	75ce31116890e2077f8e3a63119c
user20	275	307	1271702344728	0	0	75ce31116890e2077f8e3a63119c
user20	278	307	1271702344736	0	0	75ce31116890e2077f8e3a63119c
user20	279	307	1271702344744	0	0	75ce31116890e2077f8e3a63119c
user20	280	307	1271702344752	0	0	75ce31116890e2077f8e3a63119c
user20	281	307	1271702344768	0	0	75ce31116890e2077f8e3a63119c
user20	282	307	1271702344776	0	0	75ce31116890e2077f8e3a63119c
user20	283	307	1271702344784	0	0	75ce31116890e2077f8e3a63119c
user20	284	307	1271702344792	0	0	75ce31116890e2077f8e3a63119c
user20	285	307	1271702344800	0	0	75ce31116890e2077f8e3a63119c
user20	286	307	1271702344808	0	0	75ce31116890e2077f8e3a63119c
user20	288	307	1271702344816	0	0	75ce31116890e2077f8e3a63119c
user20	289	307	1271702344824	0	0	75ce31116890e2077f8e3a63119c
user20	290	307	1271702344832	0	0	75ce31116890e2077f8e3a63119c
user20	291	307	1271702344840	0	0	75ce31116890e2077f8e3a63119c
user20	293	307	1271702344848	0	0	75ce31116890e2077f8e3a63119c
user20	294	307	1271702344856	0	0	75ce31116890e2077f8e3a63119c
user20	295	307	1271702344864	0	0	75ce31116890e2077f8e3a63119c
user20	297	308	1271702344872	0	0	75ce31116890e2077f8e3a63119c
user20	298	308	1271702344880	0	0	75ce31116890e2077f8e3a63119c
user20	299	308	1271702344888	0	0	75ce31116890e2077f8e3a63119c
user20	301	308	1271702344896	0	0	75ce31116890e2077f8e3a63119c
user20	302	308	1271702344904	0	0	75ce31116890e2077f8e3a63119c
user20	305	308	1271702344912	0	0	75ce31116890e2077f8e3a63119c
user20	309	308	1271702344920	0	0	75ce31116890e2077f8e3a63119c
user20	310	308	1271702344928	0	0	75ce31116890e2077f8e3a63119c
user20	312	308	1271702344936	0	0	75ce31116890e2077f8e3a63119c
user20	314	308	1271702344944	0	0	75ce31116890e2077f8e3a63119c
user20	317	308	1271702344952	0	0	75ce31116890e2077f8e3a63119c
user20	320	308	1271702344960	0	0	75ce31116890e2077f8e3a63119c
user20	323	308	1271702344968	0	0	75ce31116890e2077f8e3a63119c
user20	324	308	1271702344976	0	0	75ce31116890e2077f8e3a63119c
user20	326	308	1271702344984	0	0	75ce31116890e2077f8e3a63119c
user20	327	308	1271702344992	0	0	75ce31116890e2077f8e3a63119c
user20	328	308	1271702345008	0	0	75ce31116890e2077f8e3a63119c
user20	329	308	1271702345024	0	0	75ce31116890e2077f8e3a63119c
user20	332	308	1271702345184	0	0	75ce31116890e2077f8e3a63119c
user20	333	308	1271702345192	0	0	75ce31116890e2077f8e3a63119c
user20	334	308	1271702345200	0	0	75ce31116890e2077f8e3a63119c
user20	336	308	1271702345208	0	0	75ce31116890e2077f8e3a63119c
user20	338	306	1271702345216	0	0	75ce31116890e2077f8e3a63119c
user20	341	306	1271702345224	0	0	75ce31116890e2077f8e3a63119c
user20	342	306	1271702345232	0	0	75ce31116890e2077f8e3a63119c
user20	343	306	1271702345240	0	0	75ce31116890e2077f8e3a63119c
user20	344	306	1271702345248	0	0	75ce31116890e2077f8e3a63119c
user20	346	306	1271702345256	0	0	75ce31116890e2077f8e3a63119c
user20	347	306	1271702345264	0	0	75ce31116890e2077f8e3a63119c
user20	348	306	1271702345272	0	0	75ce31116890e2077f8e3a63119c
user20	349	306	1271702345280	0	0	75ce31116890e2077f8e3a63119c
user20	350	306	1271702345288	0	0	75ce31116890e2077f8e3a63119c
user20	351	306	1271702345320	0	0	75ce31116890e2077f8e3a63119c
user20	352	306	1271702345344	0	0	75ce31116890e2077f8e3a63119c
user20	353	306	1271702345360	0	0	75ce31116890e2077f8e3a63119c
user20	354	306	1271702345377	0	0	75ce31116890e2077f8e3a63119c
user20	356	306	1271702345384	0	0	75ce31116890e2077f8e3a63119c
user20	357	306	1271702345392	0	0	75ce31116890e2077f8e3a63119c
user20	358	306	1271702345400	0	0	75ce31116890e2077f8e3a63119c
user20	359	306	1271702345408	0	0	75ce31116890e2077f8e3a63119c
user20	361	306	1271702345416	0	0	75ce31116890e2077f8e3a63119c
user20	362	306	1271702345424	0	0	75ce31116890e2077f8e3a63119c
user20	363	306	1271702345432	0	0	75ce31116890e2077f8e3a63119c
user20	364	306	1271702345440	0	0	75ce31116890e2077f8e3a63119c
user20	365	306	1271702345448	0	0	75ce31116890e2077f8e3a63119c
user20	366	306	1271702345456	0	0	75ce31116890e2077f8e3a63119c
user20	367	306	1271702345464	0	0	75ce31116890e2077f8e3a63119c
user20	368	306	1271702345473	0	0	75ce31116890e2077f8e3a63119c
user20	369	306	1271702345480	0	0	75ce31116890e2077f8e3a63119c
user20	370	306	1271702345488	0	0	75ce31116890e2077f8e3a63119c
user20	372	306	1271702345496	0	0	75ce31116890e2077f8e3a63119c
user20	373	306	1271702345504	0	0	75ce31116890e2077f8e3a63119c
user20	374	306	1271702345513	0	0	75ce31116890e2077f8e3a63119c
user20	376	306	1271702345520	0	0	75ce31116890e2077f8e3a63119c
user20	377	306	1271702345528	0	0	75ce31116890e2077f8e3a63119c
user20	379	306	1271702345536	0	0	75ce31116890e2077f8e3a63119c
user20	381	306	1271702345544	0	0	75ce31116890e2077f8e3a63119c
user20	384	306	1271702345552	0	0	75ce31116890e2077f8e3a63119c
user20	385	306	1271702345560	0	0	75ce31116890e2077f8e3a63119c
user20	387	307	1271702345568	0	0	75ce31116890e2077f8e3a63119c
user20	388	307	1271702345576	0	0	75ce31116890e2077f8e3a63119c
user20	389	307	1271702345584	0	0	75ce31116890e2077f8e3a63119c
user20	390	307	1271702345600	0	0	75ce31116890e2077f8e3a63119c
user20	391	307	1271702345608	0	0	75ce31116890e2077f8e3a63119c
user20	392	307	1271702345664	0	0	75ce31116890e2077f8e3a63119c
user20	393	307	1271702345704	0	0	75ce31116890e2077f8e3a63119c
user20	394	307	1271702345712	0	0	75ce31116890e2077f8e3a63119c
user20	395	307	1271702345720	0	0	75ce31116890e2077f8e3a63119c
user20	396	307	1271702345728	0	0	75ce31116890e2077f8e3a63119c
user20	397	307	1271702345736	0	0	75ce31116890e2077f8e3a63119c
user20	399	307	1271702345744	0	0	75ce31116890e2077f8e3a63119c
user20	400	307	1271702345752	0	0	75ce31116890e2077f8e3a63119c
user20	401	307	1271702345760	0	0	75ce31116890e2077f8e3a63119c
user20	402	307	1271702345768	0	0	75ce31116890e2077f8e3a63119c
user20	403	307	1271702345776	0	0	75ce31116890e2077f8e3a63119c
user20	404	307	1271702345784	0	0	75ce31116890e2077f8e3a63119c
user20	405	307	1271702345792	0	0	75ce31116890e2077f8e3a63119c
user20	406	307	1271702345800	0	0	75ce31116890e2077f8e3a63119c
user20	407	307	1271702345808	0	0	75ce31116890e2077f8e3a63119c
user20	408	307	1271702345816	0	0	75ce31116890e2077f8e3a63119c
user20	409	307	1271702345824	0	0	75ce31116890e2077f8e3a63119c
user20	410	307	1271702345840	0	0	75ce31116890e2077f8e3a63119c
user20	411	307	1271702345864	0	0	75ce31116890e2077f8e3a63119c
user20	412	307	1271702346016	0	0	75ce31116890e2077f8e3a63119c
user20	415	307	1271702346024	0	0	75ce31116890e2077f8e3a63119c
user20	416	307	1271702346032	0	0	75ce31116890e2077f8e3a63119c
user20	418	308	1271702346040	0	0	75ce31116890e2077f8e3a63119c
user20	421	308	1271702346048	0	0	75ce31116890e2077f8e3a63119c
user20	423	308	1271702346056	0	0	75ce31116890e2077f8e3a63119c
user20	425	308	1271702346064	0	0	75ce31116890e2077f8e3a63119c
user20	429	308	1271702346072	0	0	75ce31116890e2077f8e3a63119c
user20	431	308	1271702346080	0	0	75ce31116890e2077f8e3a63119c
user20	432	308	1271702346088	0	0	75ce31116890e2077f8e3a63119c
user20	434	308	1271702346096	0	0	75ce31116890e2077f8e3a63119c
user20	436	308	1271702346104	0	0	75ce31116890e2077f8e3a63119c
user20	437	308	1271702346112	0	0	75ce31116890e2077f8e3a63119c
user20	440	309	1271702346120	0	0	75ce31116890e2077f8e3a63119c
user20	441	309	1271702346136	0	0	75ce31116890e2077f8e3a63119c
user20	442	309	1271702346144	0	0	75ce31116890e2077f8e3a63119c
user20	443	309	1271702346336	0	0	75ce31116890e2077f8e3a63119c
user20	445	310	1271702346344	0	0	75ce31116890e2077f8e3a63119c
user20	447	310	1271702346352	0	0	75ce31116890e2077f8e3a63119c
user20	451	310	1271702346360	0	0	75ce31116890e2077f8e3a63119c
user20	453	310	1271702346368	0	0	75ce31116890e2077f8e3a63119c
user20	455	310	1271702346376	0	0	75ce31116890e2077f8e3a63119c
user20	459	310	1271702346384	0	0	75ce31116890e2077f8e3a63119c
user20	463	310	1271702346392	0	0	75ce31116890e2077f8e3a63119c
user20	468	310	1271702346400	0	0	75ce31116890e2077f8e3a63119c
user20	470	310	1271702346408	0	0	75ce31116890e2077f8e3a63119c
user20	474	310	1271702346416	0	0	75ce31116890e2077f8e3a63119c
user20	476	310	1271702346424	0	0	75ce31116890e2077f8e3a63119c
user20	477	310	1271702346432	0	0	75ce31116890e2077f8e3a63119c
user20	478	310	1271702346440	0	0	75ce31116890e2077f8e3a63119c
user20	478	313	1271702350008	0	0	75ce31116890e2077f8e3a63119c
user20	478	315	1271702350016	0	0	75ce31116890e2077f8e3a63119c
user20	478	317	1271702350024	0	0	75ce31116890e2077f8e3a63119c
user20	478	318	1271702350032	0	0	75ce31116890e2077f8e3a63119c
user20	478	319	1271702350040	0	0	75ce31116890e2077f8e3a63119c
user20	478	320	1271702350048	0	0	75ce31116890e2077f8e3a63119c
user20	478	321	1271702350056	0	0	75ce31116890e2077f8e3a63119c
user20	478	322	1271702350080	0	0	75ce31116890e2077f8e3a63119c
user20	478	323	1271702350088	0	0	75ce31116890e2077f8e3a63119c
user20	478	324	1271702350104	0	0	75ce31116890e2077f8e3a63119c
user20	478	325	1271702350112	0	0	75ce31116890e2077f8e3a63119c
user20	478	327	1271702350120	0	0	75ce31116890e2077f8e3a63119c
user20	478	328	1271702350128	0	0	75ce31116890e2077f8e3a63119c
user20	478	329	1271702350136	0	0	75ce31116890e2077f8e3a63119c
user20	478	330	1271702350144	0	0	75ce31116890e2077f8e3a63119c
user20	478	331	1271702350152	0	0	75ce31116890e2077f8e3a63119c
user20	478	332	1271702350160	0	0	75ce31116890e2077f8e3a63119c
user20	478	333	1271702350168	0	0	75ce31116890e2077f8e3a63119c
user20	478	334	1271702350176	0	0	75ce31116890e2077f8e3a63119c
user20	478	335	1271702350184	0	0	75ce31116890e2077f8e3a63119c
user20	478	336	1271702350200	0	0	75ce31116890e2077f8e3a63119c
user20	478	337	1271702350208	0	0	75ce31116890e2077f8e3a63119c
user20	478	339	1271702350216	0	0	75ce31116890e2077f8e3a63119c
user20	478	340	1271702350224	0	0	75ce31116890e2077f8e3a63119c
user20	478	341	1271702350232	0	0	75ce31116890e2077f8e3a63119c
user20	478	342	1271702350240	0	0	75ce31116890e2077f8e3a63119c
user20	478	343	1271702350248	0	0	75ce31116890e2077f8e3a63119c
user20	477	344	1271702350256	0	0	75ce31116890e2077f8e3a63119c
user20	477	345	1271702350272	0	0	75ce31116890e2077f8e3a63119c
user20	477	346	1271702350288	0	0	75ce31116890e2077f8e3a63119c
user20	477	347	1271702350296	0	0	75ce31116890e2077f8e3a63119c
user20	477	348	1271702350312	0	0	75ce31116890e2077f8e3a63119c
user20	477	349	1271702350320	0	0	75ce31116890e2077f8e3a63119c
user20	477	350	1271702350336	0	0	75ce31116890e2077f8e3a63119c
user20	477	351	1271702350368	0	0	75ce31116890e2077f8e3a63119c
user20	477	352	1271702350384	0	0	75ce31116890e2077f8e3a63119c
user20	477	353	1271702350408	0	0	75ce31116890e2077f8e3a63119c
user20	477	354	1271702350432	0	0	75ce31116890e2077f8e3a63119c
user20	477	355	1271702350448	0	0	75ce31116890e2077f8e3a63119c
user20	477	356	1271702350456	0	0	75ce31116890e2077f8e3a63119c
user20	477	357	1271702350488	0	0	75ce31116890e2077f8e3a63119c
user20	477	358	1271702350504	0	0	75ce31116890e2077f8e3a63119c
user20	477	359	1271702350544	0	0	75ce31116890e2077f8e3a63119c
user20	477	360	1271702350576	0	0	75ce31116890e2077f8e3a63119c
user20	476	360	1271702350608	0	0	75ce31116890e2077f8e3a63119c
user20	476	361	1271702351000	0	0	75ce31116890e2077f8e3a63119c
user20	475	362	1271702351040	0	0	75ce31116890e2077f8e3a63119c
user20	475	363	1271702351160	0	0	75ce31116890e2077f8e3a63119c
user20	475	364	1271702351176	0	0	75ce31116890e2077f8e3a63119c
user20	475	365	1271702351192	0	0	75ce31116890e2077f8e3a63119c
user20	475	366	1271702351208	0	0	75ce31116890e2077f8e3a63119c
user20	475	367	1271702351224	0	0	75ce31116890e2077f8e3a63119c
user20	475	368	1271702351248	0	0	75ce31116890e2077f8e3a63119c
user20	475	369	1271702351256	0	0	75ce31116890e2077f8e3a63119c
user20	475	370	1271702351264	0	0	75ce31116890e2077f8e3a63119c
user20	475	371	1271702351272	0	0	75ce31116890e2077f8e3a63119c
user20	475	372	1271702351288	0	0	75ce31116890e2077f8e3a63119c
user20	475	373	1271702351304	0	0	75ce31116890e2077f8e3a63119c
user20	475	374	1271702351312	0	0	75ce31116890e2077f8e3a63119c
user20	475	375	1271702351320	0	0	75ce31116890e2077f8e3a63119c
user20	475	376	1271702351328	0	0	75ce31116890e2077f8e3a63119c
user20	473	379	1271702351344	0	0	75ce31116890e2077f8e3a63119c
user20	473	380	1271702351408	0	0	75ce31116890e2077f8e3a63119c
user20	473	381	1271702351424	0	0	75ce31116890e2077f8e3a63119c
user20	473	382	1271702351448	0	0	75ce31116890e2077f8e3a63119c
user20	473	383	1271702351464	0	0	75ce31116890e2077f8e3a63119c
user20	473	382	1271702352216	0	0	75ce31116890e2077f8e3a63119c
user20	473	381	1271702352224	0	0	75ce31116890e2077f8e3a63119c
user20	473	380	1271702352240	0	0	75ce31116890e2077f8e3a63119c
user20	473	379	1271702352248	0	0	75ce31116890e2077f8e3a63119c
user20	473	378	1271702352256	0	0	75ce31116890e2077f8e3a63119c
user20	473	377	1271702352264	0	0	75ce31116890e2077f8e3a63119c
user20	473	376	1271702352272	0	0	75ce31116890e2077f8e3a63119c
user20	473	373	1271702352288	0	0	75ce31116890e2077f8e3a63119c
user20	473	372	1271702352296	0	0	75ce31116890e2077f8e3a63119c
user20	473	371	1271702352304	0	0	75ce31116890e2077f8e3a63119c
user20	473	370	1271702352312	0	0	75ce31116890e2077f8e3a63119c
user20	473	369	1271702352320	0	0	75ce31116890e2077f8e3a63119c
user20	473	368	1271702352328	0	0	75ce31116890e2077f8e3a63119c
user20	473	367	1271702352344	0	0	75ce31116890e2077f8e3a63119c
user20	473	366	1271702352352	0	0	75ce31116890e2077f8e3a63119c
user20	473	365	1271702352368	0	0	75ce31116890e2077f8e3a63119c
user20	473	364	1271702352376	0	0	75ce31116890e2077f8e3a63119c
user20	473	363	1271702352384	0	0	75ce31116890e2077f8e3a63119c
user20	473	362	1271702352400	0	0	75ce31116890e2077f8e3a63119c
user20	473	361	1271702352416	0	0	75ce31116890e2077f8e3a63119c
user20	473	360	1271702352440	0	0	75ce31116890e2077f8e3a63119c
user20	473	360	1271702353080	1271702344360	1271702353080	75ce31116890e2077f8e3a63119c
user20	473	363	1271702353216	0	0	75ce31116890e2077f8e3a63119c
user20	471	367	1271702353224	0	0	75ce31116890e2077f8e3a63119c
user20	471	370	1271702353232	0	0	75ce31116890e2077f8e3a63119c
user20	469	374	1271702353240	0	0	75ce31116890e2077f8e3a63119c
user20	469	377	1271702353248	0	0	75ce31116890e2077f8e3a63119c
user20	469	380	1271702353257	0	0	75ce31116890e2077f8e3a63119c
user20	469	381	1271702353264	0	0	75ce31116890e2077f8e3a63119c
user20	469	382	1271702353272	0	0	75ce31116890e2077f8e3a63119c
user20	468	383	1271702353280	0	0	75ce31116890e2077f8e3a63119c
user20	468	384	1271702353288	0	0	75ce31116890e2077f8e3a63119c
user20	468	383	1271702354016	0	0	75ce31116890e2077f8e3a63119c
user20	468	382	1271702354040	0	0	75ce31116890e2077f8e3a63119c
user20	468	381	1271702354056	0	0	75ce31116890e2077f8e3a63119c
user20	467	381	1271702354080	0	0	75ce31116890e2077f8e3a63119c
user20	467	380	1271702354088	0	0	75ce31116890e2077f8e3a63119c
user20	467	379	1271702354112	0	0	75ce31116890e2077f8e3a63119c
user20	467	378	1271702354136	0	0	75ce31116890e2077f8e3a63119c
user20	467	378	1271702354432	1271702354312	1271702354432	75ce31116890e2077f8e3a63119c
user20	467	377	1271702354848	0	0	75ce31116890e2077f8e3a63119c
user20	467	374	1271702354856	0	0	75ce31116890e2077f8e3a63119c
user20	467	373	1271702354864	0	0	75ce31116890e2077f8e3a63119c
user20	467	372	1271702354872	0	0	75ce31116890e2077f8e3a63119c
user20	467	371	1271702354880	0	0	75ce31116890e2077f8e3a63119c
user20	467	370	1271702354888	0	0	75ce31116890e2077f8e3a63119c
user20	467	369	1271702354896	0	0	75ce31116890e2077f8e3a63119c
user20	467	368	1271702354912	0	0	75ce31116890e2077f8e3a63119c
user20	467	367	1271702354928	0	0	75ce31116890e2077f8e3a63119c
user20	467	364	1271702354944	0	0	75ce31116890e2077f8e3a63119c
user20	467	363	1271702354952	0	0	75ce31116890e2077f8e3a63119c
user20	467	361	1271702354960	0	0	75ce31116890e2077f8e3a63119c
user20	467	360	1271702354968	0	0	75ce31116890e2077f8e3a63119c
user20	467	358	1271702354976	0	0	75ce31116890e2077f8e3a63119c
user20	467	356	1271702354984	0	0	75ce31116890e2077f8e3a63119c
user20	467	355	1271702354992	0	0	75ce31116890e2077f8e3a63119c
user20	467	353	1271702355000	0	0	75ce31116890e2077f8e3a63119c
user20	467	352	1271702355008	0	0	75ce31116890e2077f8e3a63119c
user20	467	351	1271702355016	0	0	75ce31116890e2077f8e3a63119c
user20	467	350	1271702355024	0	0	75ce31116890e2077f8e3a63119c
user20	467	349	1271702355032	0	0	75ce31116890e2077f8e3a63119c
user20	468	348	1271702355048	0	0	75ce31116890e2077f8e3a63119c
user20	468	347	1271702355064	0	0	75ce31116890e2077f8e3a63119c
user20	468	346	1271702355072	0	0	75ce31116890e2077f8e3a63119c
user20	468	345	1271702355080	0	0	75ce31116890e2077f8e3a63119c
user20	468	344	1271702355096	0	0	75ce31116890e2077f8e3a63119c
user20	468	343	1271702355120	0	0	75ce31116890e2077f8e3a63119c
user20	468	342	1271702355152	0	0	75ce31116890e2077f8e3a63119c
user20	468	341	1271702355344	0	0	75ce31116890e2077f8e3a63119c
user20	468	340	1271702355384	0	0	75ce31116890e2077f8e3a63119c
user20	468	339	1271702356256	0	0	75ce31116890e2077f8e3a63119c
user20	468	338	1271702356264	0	0	75ce31116890e2077f8e3a63119c
user20	468	337	1271702356288	0	0	75ce31116890e2077f8e3a63119c
user20	468	336	1271702356304	0	0	75ce31116890e2077f8e3a63119c
user20	468	335	1271702356312	0	0	75ce31116890e2077f8e3a63119c
user20	468	334	1271702356320	0	0	75ce31116890e2077f8e3a63119c
user20	468	333	1271702356328	0	0	75ce31116890e2077f8e3a63119c
user20	468	332	1271702356336	0	0	75ce31116890e2077f8e3a63119c
user20	468	331	1271702356344	0	0	75ce31116890e2077f8e3a63119c
user20	468	330	1271702356352	0	0	75ce31116890e2077f8e3a63119c
user20	468	329	1271702356360	0	0	75ce31116890e2077f8e3a63119c
user20	468	327	1271702356368	0	0	75ce31116890e2077f8e3a63119c
user20	468	326	1271702356376	0	0	75ce31116890e2077f8e3a63119c
user20	468	324	1271702356384	0	0	75ce31116890e2077f8e3a63119c
user20	466	320	1271702356392	0	0	75ce31116890e2077f8e3a63119c
user20	466	315	1271702356400	0	0	75ce31116890e2077f8e3a63119c
user20	466	308	1271702356408	0	0	75ce31116890e2077f8e3a63119c
user20	466	304	1271702356416	0	0	75ce31116890e2077f8e3a63119c
user20	466	299	1271702356424	0	0	75ce31116890e2077f8e3a63119c
user20	466	293	1271702356432	0	0	75ce31116890e2077f8e3a63119c
user20	466	286	1271702356440	0	0	75ce31116890e2077f8e3a63119c
user20	466	279	1271702356448	0	0	75ce31116890e2077f8e3a63119c
user20	466	267	1271702356456	0	0	75ce31116890e2077f8e3a63119c
user20	466	256	1271702356464	0	0	75ce31116890e2077f8e3a63119c
user20	466	244	1271702356472	0	0	75ce31116890e2077f8e3a63119c
user20	464	230	1271702356480	0	0	75ce31116890e2077f8e3a63119c
user20	464	218	1271702356488	0	0	75ce31116890e2077f8e3a63119c
user20	464	204	1271702356496	0	0	75ce31116890e2077f8e3a63119c
user20	464	194	1271702356504	0	0	75ce31116890e2077f8e3a63119c
user20	464	183	1271702356512	0	0	75ce31116890e2077f8e3a63119c
user20	464	175	1271702356520	0	0	75ce31116890e2077f8e3a63119c
user20	464	166	1271702356528	0	0	75ce31116890e2077f8e3a63119c
user20	464	159	1271702356536	0	0	75ce31116890e2077f8e3a63119c
user20	462	149	1271702356544	0	0	75ce31116890e2077f8e3a63119c
user20	462	144	1271702356552	0	0	75ce31116890e2077f8e3a63119c
user20	462	137	1271702356560	0	0	75ce31116890e2077f8e3a63119c
user20	460	129	1271702356568	0	0	75ce31116890e2077f8e3a63119c
user20	460	125	1271702356576	0	0	75ce31116890e2077f8e3a63119c
user20	460	122	1271702356584	0	0	75ce31116890e2077f8e3a63119c
user20	460	118	1271702356592	0	0	75ce31116890e2077f8e3a63119c
user20	458	114	1271702356600	0	0	75ce31116890e2077f8e3a63119c
user20	458	112	1271702356608	0	0	75ce31116890e2077f8e3a63119c
user20	458	108	1271702356616	0	0	75ce31116890e2077f8e3a63119c
user20	458	104	1271702356624	0	0	75ce31116890e2077f8e3a63119c
user20	458	101	1271702356632	0	0	75ce31116890e2077f8e3a63119c
user20	458	95	1271702356640	0	0	75ce31116890e2077f8e3a63119c
user20	458	93	1271702356648	0	0	75ce31116890e2077f8e3a63119c
user20	458	88	1271702356656	0	0	75ce31116890e2077f8e3a63119c
user20	458	84	1271702356664	0	0	75ce31116890e2077f8e3a63119c
user20	458	79	1271702356672	0	0	75ce31116890e2077f8e3a63119c
user20	458	75	1271702356680	0	0	75ce31116890e2077f8e3a63119c
user20	458	73	1271702356688	0	0	75ce31116890e2077f8e3a63119c
user20	458	72	1271702356696	0	0	75ce31116890e2077f8e3a63119c
user20	458	71	1271702356704	0	0	75ce31116890e2077f8e3a63119c
user20	458	70	1271702356712	0	0	75ce31116890e2077f8e3a63119c
user20	458	68	1271702356720	0	0	75ce31116890e2077f8e3a63119c
user20	458	65	1271702356762	0	0	75ce31116890e2077f8e3a63119c
user20	458	64	1271702356768	0	0	75ce31116890e2077f8e3a63119c
user20	458	63	1271702356776	0	0	75ce31116890e2077f8e3a63119c
user20	458	61	1271702356784	0	0	75ce31116890e2077f8e3a63119c
user20	458	58	1271702356792	0	0	75ce31116890e2077f8e3a63119c
user20	458	57	1271702356800	0	0	75ce31116890e2077f8e3a63119c
user20	458	55	1271702356808	0	0	75ce31116890e2077f8e3a63119c
user20	458	54	1271702356816	0	0	75ce31116890e2077f8e3a63119c
user20	459	53	1271702356832	0	0	75ce31116890e2077f8e3a63119c
user20	459	52	1271702356880	0	0	75ce31116890e2077f8e3a63119c
user20	460	52	1271702356912	0	0	75ce31116890e2077f8e3a63119c
user20	461	52	1271702356928	0	0	75ce31116890e2077f8e3a63119c
user20	462	52	1271702356960	0	0	75ce31116890e2077f8e3a63119c
user20	463	52	1271702356968	0	0	75ce31116890e2077f8e3a63119c
user20	464	52	1271702356980	0	0	75ce31116890e2077f8e3a63119c
user20	465	52	1271702356984	0	0	75ce31116890e2077f8e3a63119c
user20	466	52	1271702356992	0	0	75ce31116890e2077f8e3a63119c
user20	467	52	1271702357000	0	0	75ce31116890e2077f8e3a63119c
user20	468	52	1271702357008	0	0	75ce31116890e2077f8e3a63119c
user20	469	52	1271702357016	0	0	75ce31116890e2077f8e3a63119c
user20	470	52	1271702357024	0	0	75ce31116890e2077f8e3a63119c
user20	471	52	1271702357040	0	0	75ce31116890e2077f8e3a63119c
user20	472	52	1271702357056	0	0	75ce31116890e2077f8e3a63119c
user20	473	52	1271702357064	0	0	75ce31116890e2077f8e3a63119c
user20	474	52	1271702357080	0	0	75ce31116890e2077f8e3a63119c
user20	475	52	1271702357088	0	0	75ce31116890e2077f8e3a63119c
user20	476	52	1271702357096	0	0	75ce31116890e2077f8e3a63119c
user20	477	53	1271702357112	0	0	75ce31116890e2077f8e3a63119c
user20	478	53	1271702357120	0	0	75ce31116890e2077f8e3a63119c
user20	479	53	1271702357128	0	0	75ce31116890e2077f8e3a63119c
user20	480	53	1271702357144	0	0	75ce31116890e2077f8e3a63119c
user20	481	53	1271702357160	0	0	75ce31116890e2077f8e3a63119c
user20	482	53	1271702357168	0	0	75ce31116890e2077f8e3a63119c
user20	483	53	1271702357184	0	0	75ce31116890e2077f8e3a63119c
user20	483	53	1271702357424	1271702357328	1271702357424	75ce31116890e2077f8e3a63119c
user20	315	592	1271702396799	0	0	75ce31116890e2077f8e3a63119c
user20	317	588	1271702396807	0	0	75ce31116890e2077f8e3a63119c
user20	320	584	1271702396815	0	0	75ce31116890e2077f8e3a63119c
user20	322	583	1271702396822	0	0	75ce31116890e2077f8e3a63119c
user20	324	580	1271702396830	0	0	75ce31116890e2077f8e3a63119c
user20	324	579	1271702396838	0	0	75ce31116890e2077f8e3a63119c
user20	325	577	1271702396847	0	0	75ce31116890e2077f8e3a63119c
user20	326	577	1271702396855	0	0	75ce31116890e2077f8e3a63119c
user20	326	576	1271702396863	0	0	75ce31116890e2077f8e3a63119c
user20	326	575	1271702396871	0	0	75ce31116890e2077f8e3a63119c
user20	326	574	1271702396879	0	0	75ce31116890e2077f8e3a63119c
user20	326	573	1271702396911	0	0	75ce31116890e2077f8e3a63119c
user20	326	572	1271702396934	0	0	75ce31116890e2077f8e3a63119c
user20	327	571	1271702408679	0	0	75ce31116890e2077f8e3a63119c
user20	330	566	1271702408686	0	0	75ce31116890e2077f8e3a63119c
user20	335	557	1271702408694	0	0	75ce31116890e2077f8e3a63119c
user20	336	550	1271702408702	0	0	75ce31116890e2077f8e3a63119c
user20	338	544	1271702408710	0	0	75ce31116890e2077f8e3a63119c
user20	339	539	1271702408718	0	0	75ce31116890e2077f8e3a63119c
user20	340	535	1271702408726	0	0	75ce31116890e2077f8e3a63119c
user20	340	530	1271702408734	0	0	75ce31116890e2077f8e3a63119c
user20	341	523	1271702408742	0	0	75ce31116890e2077f8e3a63119c
user20	342	517	1271702408750	0	0	75ce31116890e2077f8e3a63119c
user20	344	510	1271702408758	0	0	75ce31116890e2077f8e3a63119c
user20	345	504	1271702408766	0	0	75ce31116890e2077f8e3a63119c
user20	347	499	1271702408774	0	0	75ce31116890e2077f8e3a63119c
user20	347	494	1271702408782	0	0	75ce31116890e2077f8e3a63119c
user20	347	487	1271702408790	0	0	75ce31116890e2077f8e3a63119c
user20	347	482	1271702408798	0	0	75ce31116890e2077f8e3a63119c
user20	347	475	1271702408806	0	0	75ce31116890e2077f8e3a63119c
user20	347	471	1271702408814	0	0	75ce31116890e2077f8e3a63119c
user20	348	465	1271702408822	0	0	75ce31116890e2077f8e3a63119c
user20	348	460	1271702408830	0	0	75ce31116890e2077f8e3a63119c
user20	348	453	1271702408838	0	0	75ce31116890e2077f8e3a63119c
user20	348	446	1271702408846	0	0	75ce31116890e2077f8e3a63119c
user20	349	438	1271702408854	0	0	75ce31116890e2077f8e3a63119c
user20	349	433	1271702408862	0	0	75ce31116890e2077f8e3a63119c
user20	349	428	1271702408870	0	0	75ce31116890e2077f8e3a63119c
user20	349	423	1271702408878	0	0	75ce31116890e2077f8e3a63119c
user20	349	420	1271702408886	0	0	75ce31116890e2077f8e3a63119c
user20	350	417	1271702408894	0	0	75ce31116890e2077f8e3a63119c
user20	350	411	1271702408902	0	0	75ce31116890e2077f8e3a63119c
user20	351	406	1271702408910	0	0	75ce31116890e2077f8e3a63119c
user20	352	401	1271702408918	0	0	75ce31116890e2077f8e3a63119c
user20	354	393	1271702408926	0	0	75ce31116890e2077f8e3a63119c
user20	354	381	1271702408934	0	0	75ce31116890e2077f8e3a63119c
user20	355	371	1271702408942	0	0	75ce31116890e2077f8e3a63119c
user20	355	362	1271702408950	0	0	75ce31116890e2077f8e3a63119c
user20	356	352	1271702408958	0	0	75ce31116890e2077f8e3a63119c
user20	356	345	1271702408966	0	0	75ce31116890e2077f8e3a63119c
user20	359	335	1271702408974	0	0	75ce31116890e2077f8e3a63119c
user20	359	330	1271702408982	0	0	75ce31116890e2077f8e3a63119c
user20	359	326	1271702408990	0	0	75ce31116890e2077f8e3a63119c
user20	360	322	1271702408998	0	0	75ce31116890e2077f8e3a63119c
user20	360	317	1271702409006	0	0	75ce31116890e2077f8e3a63119c
user20	360	313	1271702409014	0	0	75ce31116890e2077f8e3a63119c
user20	361	311	1271702409022	0	0	75ce31116890e2077f8e3a63119c
user20	361	307	1271702409030	0	0	75ce31116890e2077f8e3a63119c
user20	361	306	1271702409038	0	0	75ce31116890e2077f8e3a63119c
user20	361	305	1271702409046	0	0	75ce31116890e2077f8e3a63119c
user20	359	303	1271702409054	0	0	75ce31116890e2077f8e3a63119c
user20	360	300	1271702409062	0	0	75ce31116890e2077f8e3a63119c
user20	360	297	1271702409070	0	0	75ce31116890e2077f8e3a63119c
user20	360	294	1271702409078	0	0	75ce31116890e2077f8e3a63119c
user20	360	293	1271702409094	0	0	75ce31116890e2077f8e3a63119c
user20	360	292	1271702409111	0	0	75ce31116890e2077f8e3a63119c
user20	360	292	1271702409447	1271702409294	1271702409447	75ce31116890e2077f8e3a63119c
user20	360	292	1271702410334	1271702410223	1271702410334	75ce31116890e2077f8e3a63119c
user20	360	292	1271702411159	1271702411046	1271702411159	75ce31116890e2077f8e3a63119c
user20	360	292	1271702412294	1271702412166	1271702412294	75ce31116890e2077f8e3a63119c
user20	360	292	1271702413838	1271702413678	1271702413838	75ce31116890e2077f8e3a63119c
user20	360	293	1271702418462	0	0	75ce31116890e2077f8e3a63119c
user20	361	294	1271702418470	0	0	75ce31116890e2077f8e3a63119c
user20	364	297	1271702418478	0	0	75ce31116890e2077f8e3a63119c
user20	368	301	1271702418486	0	0	75ce31116890e2077f8e3a63119c
user20	374	304	1271702418494	0	0	75ce31116890e2077f8e3a63119c
user20	376	305	1271702418502	0	0	75ce31116890e2077f8e3a63119c
user20	382	308	1271702418510	0	0	75ce31116890e2077f8e3a63119c
user20	385	309	1271702418518	0	0	75ce31116890e2077f8e3a63119c
user20	389	309	1271702418526	0	0	75ce31116890e2077f8e3a63119c
user20	396	309	1271702418534	0	0	75ce31116890e2077f8e3a63119c
user20	401	310	1271702418542	0	0	75ce31116890e2077f8e3a63119c
user20	409	311	1271702418550	0	0	75ce31116890e2077f8e3a63119c
user20	414	311	1271702418558	0	0	75ce31116890e2077f8e3a63119c
user20	420	312	1271702418566	0	0	75ce31116890e2077f8e3a63119c
user20	425	312	1271702418574	0	0	75ce31116890e2077f8e3a63119c
user20	429	313	1271702418582	0	0	75ce31116890e2077f8e3a63119c
user20	434	314	1271702418590	0	0	75ce31116890e2077f8e3a63119c
user20	438	315	1271702418598	0	0	75ce31116890e2077f8e3a63119c
user20	443	317	1271702418606	0	0	75ce31116890e2077f8e3a63119c
user20	447	318	1271702418614	0	0	75ce31116890e2077f8e3a63119c
user20	450	321	1271702418622	0	0	75ce31116890e2077f8e3a63119c
user20	453	321	1271702418630	0	0	75ce31116890e2077f8e3a63119c
user20	457	322	1271702418638	0	0	75ce31116890e2077f8e3a63119c
user20	463	325	1271702418646	0	0	75ce31116890e2077f8e3a63119c
user20	467	325	1271702418654	0	0	75ce31116890e2077f8e3a63119c
user20	472	326	1271702418662	0	0	75ce31116890e2077f8e3a63119c
user20	478	329	1271702418670	0	0	75ce31116890e2077f8e3a63119c
user20	485	330	1271702418678	0	0	75ce31116890e2077f8e3a63119c
user20	491	335	1271702418686	0	0	75ce31116890e2077f8e3a63119c
user20	497	338	1271702418694	0	0	75ce31116890e2077f8e3a63119c
user20	503	339	1271702418702	0	0	75ce31116890e2077f8e3a63119c
user20	508	340	1271702418710	0	0	75ce31116890e2077f8e3a63119c
user20	512	342	1271702418718	0	0	75ce31116890e2077f8e3a63119c
user20	516	343	1271702418726	0	0	75ce31116890e2077f8e3a63119c
user20	518	344	1271702418734	0	0	75ce31116890e2077f8e3a63119c
user20	522	344	1271702418742	0	0	75ce31116890e2077f8e3a63119c
user20	526	346	1271702418750	0	0	75ce31116890e2077f8e3a63119c
user20	531	347	1271702418758	0	0	75ce31116890e2077f8e3a63119c
user20	535	350	1271702418766	0	0	75ce31116890e2077f8e3a63119c
user20	539	353	1271702418774	0	0	75ce31116890e2077f8e3a63119c
user20	541	355	1271702418782	0	0	75ce31116890e2077f8e3a63119c
user20	545	356	1271702418790	0	0	75ce31116890e2077f8e3a63119c
user20	552	356	1271702418798	0	0	75ce31116890e2077f8e3a63119c
user20	554	356	1271702418806	0	0	75ce31116890e2077f8e3a63119c
user20	558	357	1271702418814	0	0	75ce31116890e2077f8e3a63119c
user20	562	357	1271702418822	0	0	75ce31116890e2077f8e3a63119c
user20	566	357	1271702418830	0	0	75ce31116890e2077f8e3a63119c
user20	567	357	1271702418838	0	0	75ce31116890e2077f8e3a63119c
user20	570	357	1271702418846	0	0	75ce31116890e2077f8e3a63119c
user20	571	357	1271702418854	0	0	75ce31116890e2077f8e3a63119c
user20	573	357	1271702418862	0	0	75ce31116890e2077f8e3a63119c
user20	577	355	1271702418870	0	0	75ce31116890e2077f8e3a63119c
user20	579	355	1271702418878	0	0	75ce31116890e2077f8e3a63119c
user20	580	355	1271702418886	0	0	75ce31116890e2077f8e3a63119c
user20	583	353	1271702418894	0	0	75ce31116890e2077f8e3a63119c
user20	585	352	1271702418902	0	0	75ce31116890e2077f8e3a63119c
user20	586	352	1271702418910	0	0	75ce31116890e2077f8e3a63119c
user20	587	351	1271702418918	0	0	75ce31116890e2077f8e3a63119c
user20	588	351	1271702418926	0	0	75ce31116890e2077f8e3a63119c
user20	589	350	1271702418942	0	0	75ce31116890e2077f8e3a63119c
user20	589	349	1271702418950	0	0	75ce31116890e2077f8e3a63119c
user20	589	348	1271702418958	0	0	75ce31116890e2077f8e3a63119c
user20	591	345	1271702418974	0	0	75ce31116890e2077f8e3a63119c
user20	593	341	1271702419014	0	0	75ce31116890e2077f8e3a63119c
user20	593	341	1271702419246	1271702419126	1271702419246	75ce31116890e2077f8e3a63119c
user20	593	338	1271702422783	0	0	75ce31116890e2077f8e3a63119c
user20	593	329	1271702422790	0	0	75ce31116890e2077f8e3a63119c
user20	593	317	1271702422798	0	0	75ce31116890e2077f8e3a63119c
user20	593	301	1271702422806	0	0	75ce31116890e2077f8e3a63119c
user20	593	282	1271702422814	0	0	75ce31116890e2077f8e3a63119c
user20	593	261	1271702422822	0	0	75ce31116890e2077f8e3a63119c
user20	591	245	1271702422830	0	0	75ce31116890e2077f8e3a63119c
user20	591	233	1271702422838	0	0	75ce31116890e2077f8e3a63119c
user20	591	217	1271702422846	0	0	75ce31116890e2077f8e3a63119c
user20	591	202	1271702422854	0	0	75ce31116890e2077f8e3a63119c
user20	591	193	1271702422862	0	0	75ce31116890e2077f8e3a63119c
user20	591	184	1271702422870	0	0	75ce31116890e2077f8e3a63119c
user20	591	176	1271702422878	0	0	75ce31116890e2077f8e3a63119c
user20	591	171	1271702422886	0	0	75ce31116890e2077f8e3a63119c
user20	591	166	1271702422894	0	0	75ce31116890e2077f8e3a63119c
user20	591	164	1271702422902	0	0	75ce31116890e2077f8e3a63119c
user20	591	161	1271702422910	0	0	75ce31116890e2077f8e3a63119c
user20	592	157	1271702422918	0	0	75ce31116890e2077f8e3a63119c
user20	592	155	1271702422926	0	0	75ce31116890e2077f8e3a63119c
user20	592	153	1271702422934	0	0	75ce31116890e2077f8e3a63119c
user20	592	149	1271702422942	0	0	75ce31116890e2077f8e3a63119c
user20	592	147	1271702422950	0	0	75ce31116890e2077f8e3a63119c
user20	592	145	1271702422958	0	0	75ce31116890e2077f8e3a63119c
user20	592	143	1271702422966	0	0	75ce31116890e2077f8e3a63119c
user20	592	142	1271702422974	0	0	75ce31116890e2077f8e3a63119c
user20	592	141	1271702422982	0	0	75ce31116890e2077f8e3a63119c
user20	592	140	1271702422990	0	0	75ce31116890e2077f8e3a63119c
user20	592	139	1271702422998	0	0	75ce31116890e2077f8e3a63119c
user20	592	138	1271702423006	0	0	75ce31116890e2077f8e3a63119c
user20	592	137	1271702423014	0	0	75ce31116890e2077f8e3a63119c
user20	592	134	1271702423022	0	0	75ce31116890e2077f8e3a63119c
user20	592	132	1271702423030	0	0	75ce31116890e2077f8e3a63119c
user20	592	128	1271702423038	0	0	75ce31116890e2077f8e3a63119c
user20	592	125	1271702423046	0	0	75ce31116890e2077f8e3a63119c
user20	592	121	1271702423054	0	0	75ce31116890e2077f8e3a63119c
user20	592	119	1271702423062	0	0	75ce31116890e2077f8e3a63119c
user20	590	115	1271702423070	0	0	75ce31116890e2077f8e3a63119c
user20	590	111	1271702423078	0	0	75ce31116890e2077f8e3a63119c
user20	590	110	1271702423086	0	0	75ce31116890e2077f8e3a63119c
user20	590	107	1271702423094	0	0	75ce31116890e2077f8e3a63119c
user20	590	105	1271702423102	0	0	75ce31116890e2077f8e3a63119c
user20	590	102	1271702423110	0	0	75ce31116890e2077f8e3a63119c
user20	590	100	1271702423118	0	0	75ce31116890e2077f8e3a63119c
user20	590	96	1271702423126	0	0	75ce31116890e2077f8e3a63119c
user20	590	94	1271702423134	0	0	75ce31116890e2077f8e3a63119c
user20	590	92	1271702423142	0	0	75ce31116890e2077f8e3a63119c
user20	590	90	1271702423150	0	0	75ce31116890e2077f8e3a63119c
user20	590	87	1271702423158	0	0	75ce31116890e2077f8e3a63119c
user20	590	85	1271702423166	0	0	75ce31116890e2077f8e3a63119c
user20	588	83	1271702423174	0	0	75ce31116890e2077f8e3a63119c
user20	588	81	1271702423182	0	0	75ce31116890e2077f8e3a63119c
user20	588	80	1271702423198	0	0	75ce31116890e2077f8e3a63119c
user20	588	79	1271702423206	0	0	75ce31116890e2077f8e3a63119c
user20	588	78	1271702423214	0	0	75ce31116890e2077f8e3a63119c
user20	588	77	1271702423230	0	0	75ce31116890e2077f8e3a63119c
user20	588	76	1271702423246	0	0	75ce31116890e2077f8e3a63119c
user20	588	75	1271702423262	0	0	75ce31116890e2077f8e3a63119c
user20	588	72	1271702423270	0	0	75ce31116890e2077f8e3a63119c
user20	588	71	1271702423278	0	0	75ce31116890e2077f8e3a63119c
user20	588	70	1271702423286	0	0	75ce31116890e2077f8e3a63119c
user20	588	68	1271702423294	0	0	75ce31116890e2077f8e3a63119c
user20	588	67	1271702423302	0	0	75ce31116890e2077f8e3a63119c
user20	588	66	1271702423318	0	0	75ce31116890e2077f8e3a63119c
user20	588	65	1271702423350	0	0	75ce31116890e2077f8e3a63119c
user20	588	64	1271702423406	0	0	75ce31116890e2077f8e3a63119c
user20	588	63	1271702423414	0	0	75ce31116890e2077f8e3a63119c
user20	588	62	1271702423422	0	0	75ce31116890e2077f8e3a63119c
user20	588	61	1271702423430	0	0	75ce31116890e2077f8e3a63119c
user20	588	60	1271702423446	0	0	75ce31116890e2077f8e3a63119c
user20	588	60	1271702423622	1271702423526	1271702423622	75ce31116890e2077f8e3a63119c
user20	563	198	1271702427646	0	0	75ce31116890e2077f8e3a63119c
user20	562	199	1271702427654	0	0	75ce31116890e2077f8e3a63119c
user20	558	200	1271702427662	0	0	75ce31116890e2077f8e3a63119c
user20	552	201	1271702427670	0	0	75ce31116890e2077f8e3a63119c
user20	545	201	1271702427678	0	0	75ce31116890e2077f8e3a63119c
user20	536	201	1271702427686	0	0	75ce31116890e2077f8e3a63119c
user20	528	201	1271702427694	0	0	75ce31116890e2077f8e3a63119c
user20	517	201	1271702427702	0	0	75ce31116890e2077f8e3a63119c
user20	502	202	1271702427710	0	0	75ce31116890e2077f8e3a63119c
user20	492	200	1271702427718	0	0	75ce31116890e2077f8e3a63119c
user20	478	200	1271702427726	0	0	75ce31116890e2077f8e3a63119c
user20	464	200	1271702427734	0	0	75ce31116890e2077f8e3a63119c
user20	453	200	1271702427742	0	0	75ce31116890e2077f8e3a63119c
user20	441	198	1271702427750	0	0	75ce31116890e2077f8e3a63119c
user20	431	198	1271702427758	0	0	75ce31116890e2077f8e3a63119c
user20	422	198	1271702427766	0	0	75ce31116890e2077f8e3a63119c
user20	416	198	1271702427774	0	0	75ce31116890e2077f8e3a63119c
user20	412	196	1271702427782	0	0	75ce31116890e2077f8e3a63119c
user20	407	195	1271702427790	0	0	75ce31116890e2077f8e3a63119c
user20	405	195	1271702427798	0	0	75ce31116890e2077f8e3a63119c
user20	403	195	1271702427806	0	0	75ce31116890e2077f8e3a63119c
user20	402	194	1271702427822	0	0	75ce31116890e2077f8e3a63119c
user20	401	194	1271702427838	0	0	75ce31116890e2077f8e3a63119c
user20	401	191	1271702427974	0	0	75ce31116890e2077f8e3a63119c
user20	401	189	1271702427982	0	0	75ce31116890e2077f8e3a63119c
user20	402	187	1271702427990	0	0	75ce31116890e2077f8e3a63119c
user20	404	184	1271702427998	0	0	75ce31116890e2077f8e3a63119c
user20	405	182	1271702428006	0	0	75ce31116890e2077f8e3a63119c
user20	407	179	1271702428014	0	0	75ce31116890e2077f8e3a63119c
user20	408	177	1271702428022	0	0	75ce31116890e2077f8e3a63119c
user20	410	173	1271702428030	0	0	75ce31116890e2077f8e3a63119c
user20	410	171	1271702428038	0	0	75ce31116890e2077f8e3a63119c
user20	411	169	1271702428046	0	0	75ce31116890e2077f8e3a63119c
user20	412	165	1271702428054	0	0	75ce31116890e2077f8e3a63119c
user20	414	162	1271702428062	0	0	75ce31116890e2077f8e3a63119c
user20	415	161	1271702428070	0	0	75ce31116890e2077f8e3a63119c
user20	417	159	1271702428078	0	0	75ce31116890e2077f8e3a63119c
user20	417	157	1271702428086	0	0	75ce31116890e2077f8e3a63119c
user20	417	156	1271702428094	0	0	75ce31116890e2077f8e3a63119c
user20	417	155	1271702428102	0	0	75ce31116890e2077f8e3a63119c
user20	417	154	1271702428110	0	0	75ce31116890e2077f8e3a63119c
user20	417	159	1271702428886	0	0	75ce31116890e2077f8e3a63119c
user20	417	168	1271702428894	0	0	75ce31116890e2077f8e3a63119c
user20	417	180	1271702428902	0	0	75ce31116890e2077f8e3a63119c
user20	417	192	1271702428910	0	0	75ce31116890e2077f8e3a63119c
user20	417	203	1271702428918	0	0	75ce31116890e2077f8e3a63119c
user20	417	213	1271702428926	0	0	75ce31116890e2077f8e3a63119c
user20	417	220	1271702428934	0	0	75ce31116890e2077f8e3a63119c
user20	415	228	1271702428942	0	0	75ce31116890e2077f8e3a63119c
user20	415	233	1271702428950	0	0	75ce31116890e2077f8e3a63119c
user20	415	238	1271702428958	0	0	75ce31116890e2077f8e3a63119c
user20	415	242	1271702428966	0	0	75ce31116890e2077f8e3a63119c
user20	415	246	1271702428974	0	0	75ce31116890e2077f8e3a63119c
user20	415	249	1271702428982	0	0	75ce31116890e2077f8e3a63119c
user20	415	252	1271702428990	0	0	75ce31116890e2077f8e3a63119c
user20	415	254	1271702428998	0	0	75ce31116890e2077f8e3a63119c
user20	415	256	1271702429006	0	0	75ce31116890e2077f8e3a63119c
user20	415	258	1271702429014	0	0	75ce31116890e2077f8e3a63119c
user20	415	260	1271702429022	0	0	75ce31116890e2077f8e3a63119c
user20	415	263	1271702429030	0	0	75ce31116890e2077f8e3a63119c
user20	410	267	1271702429038	0	0	75ce31116890e2077f8e3a63119c
user20	410	269	1271702429046	0	0	75ce31116890e2077f8e3a63119c
user20	410	270	1271702429054	0	0	75ce31116890e2077f8e3a63119c
user20	409	271	1271702429062	0	0	75ce31116890e2077f8e3a63119c
user20	409	272	1271702429070	0	0	75ce31116890e2077f8e3a63119c
user20	409	274	1271702429078	0	0	75ce31116890e2077f8e3a63119c
user20	409	278	1271702429086	0	0	75ce31116890e2077f8e3a63119c
user20	409	280	1271702429094	0	0	75ce31116890e2077f8e3a63119c
user20	409	285	1271702429102	0	0	75ce31116890e2077f8e3a63119c
user20	409	292	1271702429110	0	0	75ce31116890e2077f8e3a63119c
user20	407	298	1271702429118	0	0	75ce31116890e2077f8e3a63119c
user20	407	305	1271702429126	0	0	75ce31116890e2077f8e3a63119c
user20	407	310	1271702429134	0	0	75ce31116890e2077f8e3a63119c
user20	407	315	1271702429142	0	0	75ce31116890e2077f8e3a63119c
user20	407	321	1271702429150	0	0	75ce31116890e2077f8e3a63119c
user20	405	324	1271702429158	0	0	75ce31116890e2077f8e3a63119c
user20	405	328	1271702429166	0	0	75ce31116890e2077f8e3a63119c
user20	403	334	1271702429174	0	0	75ce31116890e2077f8e3a63119c
user20	403	341	1271702429182	0	0	75ce31116890e2077f8e3a63119c
user20	403	350	1271702429190	0	0	75ce31116890e2077f8e3a63119c
user20	401	365	1271702429198	0	0	75ce31116890e2077f8e3a63119c
user20	401	381	1271702429206	0	0	75ce31116890e2077f8e3a63119c
user20	399	397	1271702429214	0	0	75ce31116890e2077f8e3a63119c
user20	399	409	1271702429222	0	0	75ce31116890e2077f8e3a63119c
user20	395	426	1271702429230	0	0	75ce31116890e2077f8e3a63119c
user20	395	438	1271702429238	0	0	75ce31116890e2077f8e3a63119c
user20	393	443	1271702429246	0	0	75ce31116890e2077f8e3a63119c
user20	392	448	1271702429254	0	0	75ce31116890e2077f8e3a63119c
user20	390	454	1271702429262	0	0	75ce31116890e2077f8e3a63119c
user20	390	459	1271702429270	0	0	75ce31116890e2077f8e3a63119c
user20	390	463	1271702429278	0	0	75ce31116890e2077f8e3a63119c
user20	388	468	1271702429286	0	0	75ce31116890e2077f8e3a63119c
user20	387	476	1271702429294	0	0	75ce31116890e2077f8e3a63119c
user20	387	480	1271702429302	0	0	75ce31116890e2077f8e3a63119c
user20	385	485	1271702429310	0	0	75ce31116890e2077f8e3a63119c
user20	380	493	1271702429318	0	0	75ce31116890e2077f8e3a63119c
user20	379	497	1271702429326	0	0	75ce31116890e2077f8e3a63119c
user20	376	503	1271702429334	0	0	75ce31116890e2077f8e3a63119c
user20	375	508	1271702429342	0	0	75ce31116890e2077f8e3a63119c
user20	372	512	1271702429350	0	0	75ce31116890e2077f8e3a63119c
user20	371	513	1271702429358	0	0	75ce31116890e2077f8e3a63119c
user20	370	515	1271702429366	0	0	75ce31116890e2077f8e3a63119c
user20	370	516	1271702429374	0	0	75ce31116890e2077f8e3a63119c
user20	369	517	1271702429390	0	0	75ce31116890e2077f8e3a63119c
user20	366	517	1271702429406	0	0	75ce31116890e2077f8e3a63119c
user20	365	517	1271702429422	0	0	75ce31116890e2077f8e3a63119c
user20	365	520	1271702429438	0	0	75ce31116890e2077f8e3a63119c
user20	363	522	1271702429446	0	0	75ce31116890e2077f8e3a63119c
user20	362	524	1271702429454	0	0	75ce31116890e2077f8e3a63119c
user20	362	527	1271702429462	0	0	75ce31116890e2077f8e3a63119c
user20	360	529	1271702429470	0	0	75ce31116890e2077f8e3a63119c
user20	360	530	1271702429478	0	0	75ce31116890e2077f8e3a63119c
user20	359	531	1271702429486	0	0	75ce31116890e2077f8e3a63119c
user20	356	533	1271702429494	0	0	75ce31116890e2077f8e3a63119c
user20	355	534	1271702429502	0	0	75ce31116890e2077f8e3a63119c
user20	353	535	1271702429510	0	0	75ce31116890e2077f8e3a63119c
user20	351	538	1271702429518	0	0	75ce31116890e2077f8e3a63119c
user20	351	539	1271702429526	0	0	75ce31116890e2077f8e3a63119c
user20	348	542	1271702429534	0	0	75ce31116890e2077f8e3a63119c
user20	346	545	1271702429542	0	0	75ce31116890e2077f8e3a63119c
user20	345	547	1271702429550	0	0	75ce31116890e2077f8e3a63119c
user20	342	551	1271702429558	0	0	75ce31116890e2077f8e3a63119c
user20	339	554	1271702429566	0	0	75ce31116890e2077f8e3a63119c
user20	338	556	1271702429574	0	0	75ce31116890e2077f8e3a63119c
user20	337	557	1271702429582	0	0	75ce31116890e2077f8e3a63119c
user20	335	558	1271702429590	0	0	75ce31116890e2077f8e3a63119c
user20	334	559	1271702429598	0	0	75ce31116890e2077f8e3a63119c
user20	333	560	1271702429606	0	0	75ce31116890e2077f8e3a63119c
user20	332	560	1271702429614	0	0	75ce31116890e2077f8e3a63119c
user20	331	560	1271702429630	0	0	75ce31116890e2077f8e3a63119c
user20	330	560	1271702429646	0	0	75ce31116890e2077f8e3a63119c
user20	329	560	1271702429662	0	0	75ce31116890e2077f8e3a63119c
user20	327	560	1271702429670	0	0	75ce31116890e2077f8e3a63119c
user20	326	560	1271702429678	0	0	75ce31116890e2077f8e3a63119c
user20	324	557	1271702429686	0	0	75ce31116890e2077f8e3a63119c
user20	324	555	1271702429694	0	0	75ce31116890e2077f8e3a63119c
user20	322	550	1271702429702	0	0	75ce31116890e2077f8e3a63119c
user20	322	540	1271702429710	0	0	75ce31116890e2077f8e3a63119c
user20	322	528	1271702429717	0	0	75ce31116890e2077f8e3a63119c
user20	322	514	1271702429726	0	0	75ce31116890e2077f8e3a63119c
user20	322	503	1271702429734	0	0	75ce31116890e2077f8e3a63119c
user20	322	484	1271702429742	0	0	75ce31116890e2077f8e3a63119c
user20	325	463	1271702429750	0	0	75ce31116890e2077f8e3a63119c
user20	329	442	1271702429758	0	0	75ce31116890e2077f8e3a63119c
user20	333	418	1271702429766	0	0	75ce31116890e2077f8e3a63119c
user20	337	397	1271702429774	0	0	75ce31116890e2077f8e3a63119c
user20	343	376	1271702429782	0	0	75ce31116890e2077f8e3a63119c
user20	351	348	1271702429790	0	0	75ce31116890e2077f8e3a63119c
user20	360	323	1271702429798	0	0	75ce31116890e2077f8e3a63119c
user20	365	302	1271702429806	0	0	75ce31116890e2077f8e3a63119c
user20	377	282	1271702429814	0	0	75ce31116890e2077f8e3a63119c
user20	389	265	1271702429822	0	0	75ce31116890e2077f8e3a63119c
user20	398	254	1271702429829	0	0	75ce31116890e2077f8e3a63119c
user20	404	248	1271702429838	0	0	75ce31116890e2077f8e3a63119c
user20	412	241	1271702429846	0	0	75ce31116890e2077f8e3a63119c
user20	421	233	1271702429854	0	0	75ce31116890e2077f8e3a63119c
user20	427	226	1271702429862	0	0	75ce31116890e2077f8e3a63119c
user20	436	218	1271702429870	0	0	75ce31116890e2077f8e3a63119c
user20	442	211	1271702429878	0	0	75ce31116890e2077f8e3a63119c
user20	453	202	1271702429886	0	0	75ce31116890e2077f8e3a63119c
user20	457	196	1271702429894	0	0	75ce31116890e2077f8e3a63119c
user20	464	190	1271702429902	0	0	75ce31116890e2077f8e3a63119c
user20	468	184	1271702429910	0	0	75ce31116890e2077f8e3a63119c
user20	474	179	1271702429918	0	0	75ce31116890e2077f8e3a63119c
user20	478	175	1271702429926	0	0	75ce31116890e2077f8e3a63119c
user20	482	173	1271702429934	0	0	75ce31116890e2077f8e3a63119c
user20	485	170	1271702429942	0	0	75ce31116890e2077f8e3a63119c
user20	487	168	1271702429950	0	0	75ce31116890e2077f8e3a63119c
user20	488	167	1271702429958	0	0	75ce31116890e2077f8e3a63119c
user20	491	164	1271702429966	0	0	75ce31116890e2077f8e3a63119c
user20	493	161	1271702429974	0	0	75ce31116890e2077f8e3a63119c
user20	497	156	1271702429982	0	0	75ce31116890e2077f8e3a63119c
user20	500	153	1271702429990	0	0	75ce31116890e2077f8e3a63119c
user20	504	149	1271702429998	0	0	75ce31116890e2077f8e3a63119c
user20	507	141	1271702430006	0	0	75ce31116890e2077f8e3a63119c
user20	510	137	1271702430015	0	0	75ce31116890e2077f8e3a63119c
user20	512	133	1271702430022	0	0	75ce31116890e2077f8e3a63119c
user20	516	129	1271702430030	0	0	75ce31116890e2077f8e3a63119c
user20	521	123	1271702430038	0	0	75ce31116890e2077f8e3a63119c
user20	523	120	1271702430046	0	0	75ce31116890e2077f8e3a63119c
user20	526	115	1271702430054	0	0	75ce31116890e2077f8e3a63119c
user20	529	113	1271702430062	0	0	75ce31116890e2077f8e3a63119c
user20	533	109	1271702430070	0	0	75ce31116890e2077f8e3a63119c
user20	535	104	1271702430078	0	0	75ce31116890e2077f8e3a63119c
user20	537	101	1271702430086	0	0	75ce31116890e2077f8e3a63119c
user20	539	96	1271702430094	0	0	75ce31116890e2077f8e3a63119c
user20	539	93	1271702430102	0	0	75ce31116890e2077f8e3a63119c
user20	540	90	1271702430109	0	0	75ce31116890e2077f8e3a63119c
user20	541	86	1271702430118	0	0	75ce31116890e2077f8e3a63119c
user20	541	82	1271702430126	0	0	75ce31116890e2077f8e3a63119c
user20	543	79	1271702430134	0	0	75ce31116890e2077f8e3a63119c
user20	546	76	1271702430141	0	0	75ce31116890e2077f8e3a63119c
user20	547	73	1271702430150	0	0	75ce31116890e2077f8e3a63119c
user20	548	71	1271702430158	0	0	75ce31116890e2077f8e3a63119c
user20	548	70	1271702430166	0	0	75ce31116890e2077f8e3a63119c
user20	549	68	1271702430174	0	0	75ce31116890e2077f8e3a63119c
user20	549	67	1271702430182	0	0	75ce31116890e2077f8e3a63119c
user20	550	64	1271702430190	0	0	75ce31116890e2077f8e3a63119c
user20	552	63	1271702430198	0	0	75ce31116890e2077f8e3a63119c
user20	552	62	1271702430207	0	0	75ce31116890e2077f8e3a63119c
user20	552	61	1271702430214	0	0	75ce31116890e2077f8e3a63119c
user20	555	54	1271702430329	0	0	75ce31116890e2077f8e3a63119c
user20	556	54	1271702430350	0	0	75ce31116890e2077f8e3a63119c
user20	557	54	1271702430366	0	0	75ce31116890e2077f8e3a63119c
user20	558	54	1271702430382	0	0	75ce31116890e2077f8e3a63119c
user20	559	54	1271702430389	0	0	75ce31116890e2077f8e3a63119c
user20	560	54	1271702430398	0	0	75ce31116890e2077f8e3a63119c
user20	561	54	1271702430405	0	0	75ce31116890e2077f8e3a63119c
user20	562	54	1271702430430	0	0	75ce31116890e2077f8e3a63119c
user20	563	54	1271702430437	0	0	75ce31116890e2077f8e3a63119c
user20	564	54	1271702430446	0	0	75ce31116890e2077f8e3a63119c
user20	565	54	1271702430462	0	0	75ce31116890e2077f8e3a63119c
user20	566	54	1271702430478	0	0	75ce31116890e2077f8e3a63119c
user20	567	54	1271702430486	0	0	75ce31116890e2077f8e3a63119c
user20	567	54	1271702430734	1271702430638	1271702430734	75ce31116890e2077f8e3a63119c
user20	592	314	1271702436271	0	0	75ce31116890e2077f8e3a63119c
user20	592	318	1271702436288	0	0	75ce31116890e2077f8e3a63119c
user20	590	320	1271702436293	0	0	75ce31116890e2077f8e3a63119c
user20	590	321	1271702436301	0	0	75ce31116890e2077f8e3a63119c
user20	590	324	1271702436309	0	0	75ce31116890e2077f8e3a63119c
user20	590	326	1271702436325	0	0	75ce31116890e2077f8e3a63119c
user20	589	327	1271702436333	0	0	75ce31116890e2077f8e3a63119c
user20	589	329	1271702436341	0	0	75ce31116890e2077f8e3a63119c
user20	589	330	1271702436349	0	0	75ce31116890e2077f8e3a63119c
user20	589	331	1271702436357	0	0	75ce31116890e2077f8e3a63119c
user20	588	332	1271702436365	0	0	75ce31116890e2077f8e3a63119c
user20	588	333	1271702436373	0	0	75ce31116890e2077f8e3a63119c
user20	587	334	1271702436381	0	0	75ce31116890e2077f8e3a63119c
user20	587	335	1271702436389	0	0	75ce31116890e2077f8e3a63119c
user20	587	336	1271702436397	0	0	75ce31116890e2077f8e3a63119c
user20	586	337	1271702436413	0	0	75ce31116890e2077f8e3a63119c
user20	586	338	1271702436430	0	0	75ce31116890e2077f8e3a63119c
user20	585	338	1271702436637	0	0	75ce31116890e2077f8e3a63119c
user20	583	340	1271702436645	0	0	75ce31116890e2077f8e3a63119c
user20	581	341	1271702436653	0	0	75ce31116890e2077f8e3a63119c
user20	580	342	1271702436661	0	0	75ce31116890e2077f8e3a63119c
user20	579	342	1271702436669	0	0	75ce31116890e2077f8e3a63119c
user20	578	342	1271702436677	0	0	75ce31116890e2077f8e3a63119c
user20	577	342	1271702436813	0	0	75ce31116890e2077f8e3a63119c
user20	576	342	1271702436829	0	0	75ce31116890e2077f8e3a63119c
user20	575	342	1271702436853	0	0	75ce31116890e2077f8e3a63119c
user20	574	342	1271702436869	0	0	75ce31116890e2077f8e3a63119c
user20	573	342	1271702436877	0	0	75ce31116890e2077f8e3a63119c
user20	572	342	1271702436893	0	0	75ce31116890e2077f8e3a63119c
user20	571	342	1271702446661	0	0	75ce31116890e2077f8e3a63119c
user20	564	348	1271702446669	0	0	75ce31116890e2077f8e3a63119c
user20	558	354	1271702446677	0	0	75ce31116890e2077f8e3a63119c
user20	551	361	1271702446685	0	0	75ce31116890e2077f8e3a63119c
user20	547	362	1271702446693	0	0	75ce31116890e2077f8e3a63119c
user20	543	363	1271702446701	0	0	75ce31116890e2077f8e3a63119c
user20	538	366	1271702446709	0	0	75ce31116890e2077f8e3a63119c
user20	534	366	1271702446717	0	0	75ce31116890e2077f8e3a63119c
user20	530	367	1271702446725	0	0	75ce31116890e2077f8e3a63119c
user20	527	367	1271702446733	0	0	75ce31116890e2077f8e3a63119c
user20	524	368	1271702446741	0	0	75ce31116890e2077f8e3a63119c
user20	519	368	1271702446749	0	0	75ce31116890e2077f8e3a63119c
user20	515	368	1271702446757	0	0	75ce31116890e2077f8e3a63119c
user20	511	368	1271702446765	0	0	75ce31116890e2077f8e3a63119c
user20	510	368	1271702446773	0	0	75ce31116890e2077f8e3a63119c
user20	509	368	1271702446781	0	0	75ce31116890e2077f8e3a63119c
user20	508	368	1271702446789	0	0	75ce31116890e2077f8e3a63119c
user20	507	368	1271702446821	0	0	75ce31116890e2077f8e3a63119c
user20	505	368	1271702446837	0	0	75ce31116890e2077f8e3a63119c
user20	504	368	1271702446845	0	0	75ce31116890e2077f8e3a63119c
user20	502	366	1271702446853	0	0	75ce31116890e2077f8e3a63119c
user20	501	365	1271702446861	0	0	75ce31116890e2077f8e3a63119c
user20	498	364	1271702446869	0	0	75ce31116890e2077f8e3a63119c
user20	497	364	1271702446877	0	0	75ce31116890e2077f8e3a63119c
user20	493	362	1271702446885	0	0	75ce31116890e2077f8e3a63119c
user20	491	361	1271702446893	0	0	75ce31116890e2077f8e3a63119c
user20	489	360	1271702446901	0	0	75ce31116890e2077f8e3a63119c
user20	488	359	1271702446909	0	0	75ce31116890e2077f8e3a63119c
user20	487	359	1271702446917	0	0	75ce31116890e2077f8e3a63119c
user20	484	359	1271702446925	0	0	75ce31116890e2077f8e3a63119c
user20	483	359	1271702446941	0	0	75ce31116890e2077f8e3a63119c
user20	482	359	1271702447165	0	0	75ce31116890e2077f8e3a63119c
user20	480	359	1271702447173	0	0	75ce31116890e2077f8e3a63119c
user20	477	359	1271702447181	0	0	75ce31116890e2077f8e3a63119c
user20	471	359	1271702447189	0	0	75ce31116890e2077f8e3a63119c
user20	466	359	1271702447197	0	0	75ce31116890e2077f8e3a63119c
user20	461	359	1271702447205	0	0	75ce31116890e2077f8e3a63119c
user20	457	359	1271702447213	0	0	75ce31116890e2077f8e3a63119c
user20	452	359	1271702447221	0	0	75ce31116890e2077f8e3a63119c
user20	445	359	1271702447229	0	0	75ce31116890e2077f8e3a63119c
user20	438	359	1271702447237	0	0	75ce31116890e2077f8e3a63119c
user20	431	359	1271702447245	0	0	75ce31116890e2077f8e3a63119c
user20	423	359	1271702447253	0	0	75ce31116890e2077f8e3a63119c
user20	418	359	1271702447261	0	0	75ce31116890e2077f8e3a63119c
user20	414	359	1271702447269	0	0	75ce31116890e2077f8e3a63119c
user20	409	359	1271702447277	0	0	75ce31116890e2077f8e3a63119c
user20	408	359	1271702447285	0	0	75ce31116890e2077f8e3a63119c
user20	405	359	1271702447293	0	0	75ce31116890e2077f8e3a63119c
user20	403	359	1271702447301	0	0	75ce31116890e2077f8e3a63119c
user20	402	359	1271702447317	0	0	75ce31116890e2077f8e3a63119c
user20	402	352	1271702447845	0	0	75ce31116890e2077f8e3a63119c
user20	400	349	1271702447853	0	0	75ce31116890e2077f8e3a63119c
user20	400	343	1271702447861	0	0	75ce31116890e2077f8e3a63119c
user20	400	334	1271702447869	0	0	75ce31116890e2077f8e3a63119c
user20	400	327	1271702447877	0	0	75ce31116890e2077f8e3a63119c
user20	400	320	1271702447885	0	0	75ce31116890e2077f8e3a63119c
user20	400	315	1271702447893	0	0	75ce31116890e2077f8e3a63119c
user20	400	310	1271702447901	0	0	75ce31116890e2077f8e3a63119c
user20	400	306	1271702447909	0	0	75ce31116890e2077f8e3a63119c
user20	400	302	1271702447917	0	0	75ce31116890e2077f8e3a63119c
user20	400	300	1271702447925	0	0	75ce31116890e2077f8e3a63119c
user20	400	298	1271702447933	0	0	75ce31116890e2077f8e3a63119c
user20	400	295	1271702447941	0	0	75ce31116890e2077f8e3a63119c
user20	400	294	1271702447949	0	0	75ce31116890e2077f8e3a63119c
user20	400	291	1271702447957	0	0	75ce31116890e2077f8e3a63119c
user20	400	289	1271702447965	0	0	75ce31116890e2077f8e3a63119c
user20	400	285	1271702447973	0	0	75ce31116890e2077f8e3a63119c
user20	401	278	1271702447981	0	0	75ce31116890e2077f8e3a63119c
user20	399	274	1271702447989	0	0	75ce31116890e2077f8e3a63119c
user20	399	270	1271702447997	0	0	75ce31116890e2077f8e3a63119c
user20	399	267	1271702448005	0	0	75ce31116890e2077f8e3a63119c
user20	399	263	1271702448013	0	0	75ce31116890e2077f8e3a63119c
user20	399	259	1271702448021	0	0	75ce31116890e2077f8e3a63119c
user20	399	257	1271702448029	0	0	75ce31116890e2077f8e3a63119c
user20	399	256	1271702448037	0	0	75ce31116890e2077f8e3a63119c
user20	399	255	1271702448045	0	0	75ce31116890e2077f8e3a63119c
user20	399	254	1271702448053	0	0	75ce31116890e2077f8e3a63119c
user20	399	253	1271702448069	0	0	75ce31116890e2077f8e3a63119c
user20	399	253	1271702448325	1271702448221	1271702448325	75ce31116890e2077f8e3a63119c
user20	399	253	1271702453677	1271702453525	1271702453677	75ce31116890e2077f8e3a63119c
user20	399	253	1271702454477	1271702454365	1271702454477	75ce31116890e2077f8e3a63119c
user20	401	253	1271702456701	0	0	75ce31116890e2077f8e3a63119c
user20	402	253	1271702456709	0	0	75ce31116890e2077f8e3a63119c
user20	405	253	1271702456717	0	0	75ce31116890e2077f8e3a63119c
user20	412	253	1271702456725	0	0	75ce31116890e2077f8e3a63119c
user20	417	253	1271702456733	0	0	75ce31116890e2077f8e3a63119c
user20	424	253	1271702456741	0	0	75ce31116890e2077f8e3a63119c
user20	429	253	1271702456749	0	0	75ce31116890e2077f8e3a63119c
user20	435	253	1271702456757	0	0	75ce31116890e2077f8e3a63119c
user20	442	253	1271702456765	0	0	75ce31116890e2077f8e3a63119c
user20	447	254	1271702456773	0	0	75ce31116890e2077f8e3a63119c
user20	452	254	1271702456781	0	0	75ce31116890e2077f8e3a63119c
user20	459	254	1271702456789	0	0	75ce31116890e2077f8e3a63119c
user20	464	254	1271702456797	0	0	75ce31116890e2077f8e3a63119c
user20	472	255	1271702456805	0	0	75ce31116890e2077f8e3a63119c
user20	479	256	1271702456813	0	0	75ce31116890e2077f8e3a63119c
user20	487	260	1271702456821	0	0	75ce31116890e2077f8e3a63119c
user20	497	261	1271702456829	0	0	75ce31116890e2077f8e3a63119c
user20	505	263	1271702456837	0	0	75ce31116890e2077f8e3a63119c
user20	512	263	1271702456845	0	0	75ce31116890e2077f8e3a63119c
user20	519	264	1271702456853	0	0	75ce31116890e2077f8e3a63119c
user20	525	264	1271702456861	0	0	75ce31116890e2077f8e3a63119c
user20	532	264	1271702456869	0	0	75ce31116890e2077f8e3a63119c
user20	537	264	1271702456877	0	0	75ce31116890e2077f8e3a63119c
user20	541	265	1271702456885	0	0	75ce31116890e2077f8e3a63119c
user20	544	265	1271702456893	0	0	75ce31116890e2077f8e3a63119c
user20	547	266	1271702456901	0	0	75ce31116890e2077f8e3a63119c
user20	548	266	1271702456909	0	0	75ce31116890e2077f8e3a63119c
user20	549	266	1271702456917	0	0	75ce31116890e2077f8e3a63119c
user20	550	266	1271702456925	0	0	75ce31116890e2077f8e3a63119c
user20	551	266	1271702456933	0	0	75ce31116890e2077f8e3a63119c
user20	552	266	1271702456941	0	0	75ce31116890e2077f8e3a63119c
user20	553	266	1271702456949	0	0	75ce31116890e2077f8e3a63119c
user20	554	266	1271702456957	0	0	75ce31116890e2077f8e3a63119c
user20	556	267	1271702456965	0	0	75ce31116890e2077f8e3a63119c
user20	558	267	1271702456973	0	0	75ce31116890e2077f8e3a63119c
user20	559	267	1271702456981	0	0	75ce31116890e2077f8e3a63119c
user20	561	267	1271702456989	0	0	75ce31116890e2077f8e3a63119c
user20	565	268	1271702456997	0	0	75ce31116890e2077f8e3a63119c
user20	566	268	1271702457005	0	0	75ce31116890e2077f8e3a63119c
user20	568	268	1271702457013	0	0	75ce31116890e2077f8e3a63119c
user20	571	268	1271702457021	0	0	75ce31116890e2077f8e3a63119c
user20	572	268	1271702457029	0	0	75ce31116890e2077f8e3a63119c
user20	573	267	1271702457037	0	0	75ce31116890e2077f8e3a63119c
user20	574	267	1271702457045	0	0	75ce31116890e2077f8e3a63119c
user20	575	267	1271702457109	0	0	75ce31116890e2077f8e3a63119c
user20	576	267	1271702457157	0	0	75ce31116890e2077f8e3a63119c
user20	576	269	1271702457165	0	0	75ce31116890e2077f8e3a63119c
user20	577	269	1271702457181	0	0	75ce31116890e2077f8e3a63119c
user20	578	269	1271702457189	0	0	75ce31116890e2077f8e3a63119c
user20	579	272	1271702457205	0	0	75ce31116890e2077f8e3a63119c
user20	579	273	1271702457213	0	0	75ce31116890e2077f8e3a63119c
user20	579	275	1271702457221	0	0	75ce31116890e2077f8e3a63119c
user20	579	276	1271702457229	0	0	75ce31116890e2077f8e3a63119c
user20	579	277	1271702457253	0	0	75ce31116890e2077f8e3a63119c
user20	580	277	1271702457293	0	0	75ce31116890e2077f8e3a63119c
user20	580	277	1271702457509	1271702457453	1271702457509	75ce31116890e2077f8e3a63119c
