User	X	Y	MouseTimeStamp	MouseDownTimeStamp	MouseUpTimeStamp	SessionID
user5	956	30	1272474160165	0	0	55ea293151838d493214cc0263eb
user5	995	21	1272474160779	0	0	55ea293151838d493214cc0263eb
user5	981	46	1272474160785	0	0	55ea293151838d493214cc0263eb
user5	969	67	1272474160800	0	0	55ea293151838d493214cc0263eb
user5	953	89	1272474160800	0	0	55ea293151838d493214cc0263eb
user5	940	108	1272474160816	0	0	55ea293151838d493214cc0263eb
user5	931	124	1272474160832	0	0	55ea293151838d493214cc0263eb
user5	919	143	1272474160833	0	0	55ea293151838d493214cc0263eb
user5	910	156	1272474160847	0	0	55ea293151838d493214cc0263eb
user5	905	166	1272474160847	0	0	55ea293151838d493214cc0263eb
user5	901	173	1272474160857	0	0	55ea293151838d493214cc0263eb
user5	900	179	1272474160878	0	0	55ea293151838d493214cc0263eb
user5	899	185	1272474160878	0	0	55ea293151838d493214cc0263eb
user5	899	188	1272474160894	0	0	55ea293151838d493214cc0263eb
user5	898	191	1272474160910	0	0	55ea293151838d493214cc0263eb
user5	898	193	1272474161012	0	0	55ea293151838d493214cc0263eb
user5	898	192	1272474161013	0	0	55ea293151838d493214cc0263eb
user5	896	177	1272474163019	0	0	55ea293151838d493214cc0263eb
user5	896	177	1272474163022	1272474163019	1272474163022	55ea293151838d493214cc0263eb
user5	888	173	1272474163022	0	0	55ea293151838d493214cc0263eb
user5	888	173	1272474163023	1272474163022	1272474163023	55ea293151838d493214cc0263eb
user5	821	175	1272474163023	0	0	55ea293151838d493214cc0263eb
user5	821	175	1272474163023	1272474163023	1272474163023	55ea293151838d493214cc0263eb
user5	820	175	1272474173131	0	0	55ea293151838d493214cc0263eb
user5	819	175	1272474173132	0	0	55ea293151838d493214cc0263eb
user5	818	175	1272474173147	0	0	55ea293151838d493214cc0263eb
user5	817	175	1272474173207	0	0	55ea293151838d493214cc0263eb
user5	816	175	1272474173254	0	0	55ea293151838d493214cc0263eb
user5	815	175	1272474173753	0	0	55ea293151838d493214cc0263eb
user5	815	176	1272474173803	0	0	55ea293151838d493214cc0263eb
user5	816	176	1272474173962	0	0	55ea293151838d493214cc0263eb
user5	817	176	1272474173973	0	0	55ea293151838d493214cc0263eb
user5	819	176	1272474173988	0	0	55ea293151838d493214cc0263eb
user5	823	176	1272474174003	0	0	55ea293151838d493214cc0263eb
user5	831	176	1272474174003	0	0	55ea293151838d493214cc0263eb
user5	839	176	1272474174019	0	0	55ea293151838d493214cc0263eb
user5	847	177	1272474174029	0	0	55ea293151838d493214cc0263eb
user5	855	177	1272474174035	0	0	55ea293151838d493214cc0263eb
user5	862	177	1272474174050	0	0	55ea293151838d493214cc0263eb
user5	869	177	1272474174050	0	0	55ea293151838d493214cc0263eb
user5	875	177	1272474174066	0	0	55ea293151838d493214cc0263eb
user5	879	178	1272474174076	0	0	55ea293151838d493214cc0263eb
user5	882	179	1272474174082	0	0	55ea293151838d493214cc0263eb
user5	886	179	1272474174092	0	0	55ea293151838d493214cc0263eb
user5	889	179	1272474174097	0	0	55ea293151838d493214cc0263eb
user5	892	179	1272474174113	0	0	55ea293151838d493214cc0263eb
user5	894	179	1272474174128	0	0	55ea293151838d493214cc0263eb
user5	896	179	1272474174128	0	0	55ea293151838d493214cc0263eb
user5	895	180	1272474174207	0	0	55ea293151838d493214cc0263eb
user5	894	183	1272474174222	0	0	55ea293151838d493214cc0263eb
user5	892	185	1272474174229	0	0	55ea293151838d493214cc0263eb
user5	890	189	1272474174238	0	0	55ea293151838d493214cc0263eb
user5	887	193	1272474174253	0	0	55ea293151838d493214cc0263eb
user5	885	197	1272474174263	0	0	55ea293151838d493214cc0263eb
user5	882	201	1272474174273	0	0	55ea293151838d493214cc0263eb
user5	879	206	1272474174283	0	0	55ea293151838d493214cc0263eb
user5	876	209	1272474174293	0	0	55ea293151838d493214cc0263eb
user5	872	214	1272474174300	0	0	55ea293151838d493214cc0263eb
user5	868	218	1272474174316	0	0	55ea293151838d493214cc0263eb
user5	865	221	1272474174316	0	0	55ea293151838d493214cc0263eb
user5	860	226	1272474174332	0	0	55ea293151838d493214cc0263eb
user5	856	229	1272474174347	0	0	55ea293151838d493214cc0263eb
user5	853	232	1272474174357	0	0	55ea293151838d493214cc0263eb
user5	850	235	1272474174363	0	0	55ea293151838d493214cc0263eb
user5	848	236	1272474174368	0	0	55ea293151838d493214cc0263eb
user5	846	239	1272474174378	0	0	55ea293151838d493214cc0263eb
user5	844	240	1272474174388	0	0	55ea293151838d493214cc0263eb
user5	843	241	1272474174410	0	0	55ea293151838d493214cc0263eb
user5	842	242	1272474174410	0	0	55ea293151838d493214cc0263eb
user5	842	243	1272474174425	0	0	55ea293151838d493214cc0263eb
user5	841	244	1272474174425	0	0	55ea293151838d493214cc0263eb
user5	840	244	1272474174445	0	0	55ea293151838d493214cc0263eb
user5	840	245	1272474174535	0	0	55ea293151838d493214cc0263eb
user5	841	246	1272474174544	0	0	55ea293151838d493214cc0263eb
user5	842	247	1272474174555	0	0	55ea293151838d493214cc0263eb
user5	843	248	1272474174582	0	0	55ea293151838d493214cc0263eb
user5	845	249	1272474174582	0	0	55ea293151838d493214cc0263eb
user5	846	251	1272474174597	0	0	55ea293151838d493214cc0263eb
user5	848	252	1272474174602	0	0	55ea293151838d493214cc0263eb
user5	851	254	1272474174607	0	0	55ea293151838d493214cc0263eb
user5	854	255	1272474174612	0	0	55ea293151838d493214cc0263eb
user5	856	257	1272474174644	0	0	55ea293151838d493214cc0263eb
user5	858	258	1272474174664	0	0	55ea293151838d493214cc0263eb
user5	860	259	1272474174664	0	0	55ea293151838d493214cc0263eb
user5	862	260	1272474174665	0	0	55ea293151838d493214cc0263eb
user5	863	261	1272474174665	0	0	55ea293151838d493214cc0263eb
user5	864	261	1272474174691	0	0	55ea293151838d493214cc0263eb
user5	866	261	1272474174691	0	0	55ea293151838d493214cc0263eb
user5	867	262	1272474174695	0	0	55ea293151838d493214cc0263eb
user5	869	263	1272474174722	0	0	55ea293151838d493214cc0263eb
user5	870	264	1272474174730	0	0	55ea293151838d493214cc0263eb
user5	872	264	1272474174738	0	0	55ea293151838d493214cc0263eb
user5	873	264	1272474174769	0	0	55ea293151838d493214cc0263eb
user5	874	264	1272474174783	0	0	55ea293151838d493214cc0263eb
user5	875	264	1272474174800	0	0	55ea293151838d493214cc0263eb
user5	876	265	1272474174816	0	0	55ea293151838d493214cc0263eb
user5	877	265	1272474174826	0	0	55ea293151838d493214cc0263eb
user5	877	266	1272474174836	0	0	55ea293151838d493214cc0263eb
user5	878	267	1272474174847	0	0	55ea293151838d493214cc0263eb
user5	878	268	1272474174863	0	0	55ea293151838d493214cc0263eb
user5	879	268	1272474174883	0	0	55ea293151838d493214cc0263eb
user5	879	269	1272474174894	0	0	55ea293151838d493214cc0263eb
user5	879	270	1272474174910	0	0	55ea293151838d493214cc0263eb
user5	879	271	1272474174941	0	0	55ea293151838d493214cc0263eb
user5	879	271	1272474175144	1272474175035	1272474175144	55ea293151838d493214cc0263eb
user5	660	182	1272474180238	0	0	55ea293151838d493214cc0263eb
user5	647	182	1272474180253	0	0	55ea293151838d493214cc0263eb
user5	617	182	1272474180253	0	0	55ea293151838d493214cc0263eb
user5	562	183	1272474180269	0	0	55ea293151838d493214cc0263eb
user5	494	186	1272474180285	0	0	55ea293151838d493214cc0263eb
user5	421	190	1272474180294	0	0	55ea293151838d493214cc0263eb
user5	352	198	1272474180300	0	0	55ea293151838d493214cc0263eb
user5	294	204	1272474180313	0	0	55ea293151838d493214cc0263eb
user5	252	211	1272474180320	0	0	55ea293151838d493214cc0263eb
user5	230	217	1272474180332	0	0	55ea293151838d493214cc0263eb
user5	219	219	1272474180332	0	0	55ea293151838d493214cc0263eb
user5	214	221	1272474180347	0	0	55ea293151838d493214cc0263eb
user5	209	222	1272474180363	0	0	55ea293151838d493214cc0263eb
user5	206	224	1272474180363	0	0	55ea293151838d493214cc0263eb
user5	204	224	1272474180378	0	0	55ea293151838d493214cc0263eb
user5	203	224	1272474180394	0	0	55ea293151838d493214cc0263eb
user5	203	225	1272474180453	0	0	55ea293151838d493214cc0263eb
user5	205	227	1272474180463	0	0	55ea293151838d493214cc0263eb
user5	208	228	1272474180473	0	0	55ea293151838d493214cc0263eb
user5	212	231	1272474180483	0	0	55ea293151838d493214cc0263eb
user5	216	232	1272474180493	0	0	55ea293151838d493214cc0263eb
user5	219	233	1272474180503	0	0	55ea293151838d493214cc0263eb
user5	224	233	1272474180503	0	0	55ea293151838d493214cc0263eb
user5	226	233	1272474180519	0	0	55ea293151838d493214cc0263eb
user5	228	233	1272474180519	0	0	55ea293151838d493214cc0263eb
user5	229	233	1272474180529	0	0	55ea293151838d493214cc0263eb
user5	232	233	1272474180539	0	0	55ea293151838d493214cc0263eb
user5	234	233	1272474180566	0	0	55ea293151838d493214cc0263eb
user5	238	233	1272474180566	0	0	55ea293151838d493214cc0263eb
user5	243	232	1272474180582	0	0	55ea293151838d493214cc0263eb
user5	247	232	1272474180592	0	0	55ea293151838d493214cc0263eb
user5	250	231	1272474180598	0	0	55ea293151838d493214cc0263eb
user5	253	231	1272474180604	0	0	55ea293151838d493214cc0263eb
user5	255	230	1272474180609	0	0	55ea293151838d493214cc0263eb
user5	257	230	1272474180629	0	0	55ea293151838d493214cc0263eb
user5	259	229	1272474180633	0	0	55ea293151838d493214cc0263eb
user5	259	228	1272474180644	0	0	55ea293151838d493214cc0263eb
user5	259	228	1272474181372	1272474180691	1272474181372	55ea293151838d493214cc0263eb
user5	257	223	1272474181378	0	0	55ea293151838d493214cc0263eb
user5	259	220	1272474186269	0	0	55ea293151838d493214cc0263eb
user5	264	219	1272474186269	0	0	55ea293151838d493214cc0263eb
user5	270	219	1272474186285	0	0	55ea293151838d493214cc0263eb
user5	278	219	1272474186293	0	0	55ea293151838d493214cc0263eb
user5	288	221	1272474186300	0	0	55ea293151838d493214cc0263eb
user5	298	226	1272474186316	0	0	55ea293151838d493214cc0263eb
user5	303	232	1272474186325	0	0	55ea293151838d493214cc0263eb
user5	306	241	1272474186336	0	0	55ea293151838d493214cc0263eb
user5	307	251	1272474186347	0	0	55ea293151838d493214cc0263eb
user5	307	266	1272474186347	0	0	55ea293151838d493214cc0263eb
user5	305	279	1272474186363	0	0	55ea293151838d493214cc0263eb
user5	301	291	1272474186378	0	0	55ea293151838d493214cc0263eb
user5	297	299	1272474186388	0	0	55ea293151838d493214cc0263eb
user5	295	302	1272474186398	0	0	55ea293151838d493214cc0263eb
user5	294	303	1272474186408	0	0	55ea293151838d493214cc0263eb
user5	294	304	1272474186418	0	0	55ea293151838d493214cc0263eb
user5	294	305	1272474186428	0	0	55ea293151838d493214cc0263eb
user5	294	306	1272474186488	0	0	55ea293151838d493214cc0263eb
user5	293	306	1272474186497	0	0	55ea293151838d493214cc0263eb
user5	292	307	1272474186519	0	0	55ea293151838d493214cc0263eb
user5	292	309	1272474186519	0	0	55ea293151838d493214cc0263eb
user5	291	311	1272474186536	0	0	55ea293151838d493214cc0263eb
user5	289	313	1272474186550	0	0	55ea293151838d493214cc0263eb
user5	289	315	1272474186550	0	0	55ea293151838d493214cc0263eb
user5	288	318	1272474186582	0	0	55ea293151838d493214cc0263eb
user5	288	320	1272474186582	0	0	55ea293151838d493214cc0263eb
user5	288	320	1272474186785	1272474186661	1272474186785	55ea293151838d493214cc0263eb
user5	679	18	1272474195519	0	0	55ea293151838d493214cc0263eb
user5	622	40	1272474195519	0	0	55ea293151838d493214cc0263eb
user5	554	64	1272474195530	0	0	55ea293151838d493214cc0263eb
user5	486	85	1272474195550	0	0	55ea293151838d493214cc0263eb
user5	429	105	1272474195550	0	0	55ea293151838d493214cc0263eb
user5	387	124	1272474195563	0	0	55ea293151838d493214cc0263eb
user5	362	141	1272474195570	0	0	55ea293151838d493214cc0263eb
user5	350	152	1272474195582	0	0	55ea293151838d493214cc0263eb
user5	345	160	1272474195597	0	0	55ea293151838d493214cc0263eb
user5	340	168	1272474195613	0	0	55ea293151838d493214cc0263eb
user5	339	171	1272474195613	0	0	55ea293151838d493214cc0263eb
user5	339	172	1272474195628	0	0	55ea293151838d493214cc0263eb
user5	339	173	1272474195629	0	0	55ea293151838d493214cc0263eb
user5	340	171	1272474195691	0	0	55ea293151838d493214cc0263eb
user5	340	169	1272474195711	0	0	55ea293151838d493214cc0263eb
user5	340	167	1272474195724	0	0	55ea293151838d493214cc0263eb
user5	340	166	1272474195738	0	0	55ea293151838d493214cc0263eb
user5	340	165	1272474195747	0	0	55ea293151838d493214cc0263eb
user5	340	163	1272474195753	0	0	55ea293151838d493214cc0263eb
user5	340	162	1272474195753	0	0	55ea293151838d493214cc0263eb
user5	340	160	1272474195769	0	0	55ea293151838d493214cc0263eb
user5	341	159	1272474195785	0	0	55ea293151838d493214cc0263eb
user5	342	156	1272474195792	0	0	55ea293151838d493214cc0263eb
user5	342	154	1272474195800	0	0	55ea293151838d493214cc0263eb
user5	344	152	1272474195810	0	0	55ea293151838d493214cc0263eb
user5	345	149	1272474195820	0	0	55ea293151838d493214cc0263eb
user5	345	147	1272474195832	0	0	55ea293151838d493214cc0263eb
user5	345	144	1272474195844	0	0	55ea293151838d493214cc0263eb
user5	345	142	1272474195852	0	0	55ea293151838d493214cc0263eb
user5	346	140	1272474195863	0	0	55ea293151838d493214cc0263eb
user5	347	138	1272474195863	0	0	55ea293151838d493214cc0263eb
user5	347	135	1272474195878	0	0	55ea293151838d493214cc0263eb
user5	348	133	1272474195894	0	0	55ea293151838d493214cc0263eb
user5	350	131	1272474195910	0	0	55ea293151838d493214cc0263eb
user5	350	129	1272474195910	0	0	55ea293151838d493214cc0263eb
user5	352	128	1272474195920	0	0	55ea293151838d493214cc0263eb
user5	353	125	1272474195930	0	0	55ea293151838d493214cc0263eb
user5	353	123	1272474195941	0	0	55ea293151838d493214cc0263eb
user5	354	123	1272474195951	0	0	55ea293151838d493214cc0263eb
user5	354	121	1272474195957	0	0	55ea293151838d493214cc0263eb
user5	354	119	1272474195972	0	0	55ea293151838d493214cc0263eb
user5	355	117	1272474195972	0	0	55ea293151838d493214cc0263eb
user5	356	115	1272474195988	0	0	55ea293151838d493214cc0263eb
user5	357	114	1272474195997	0	0	55ea293151838d493214cc0263eb
user5	358	112	1272474196003	0	0	55ea293151838d493214cc0263eb
user5	358	111	1272474196019	0	0	55ea293151838d493214cc0263eb
user5	359	109	1272474196029	0	0	55ea293151838d493214cc0263eb
user5	360	109	1272474196035	0	0	55ea293151838d493214cc0263eb
user5	360	110	1272474196238	0	0	55ea293151838d493214cc0263eb
user5	359	111	1272474196248	0	0	55ea293151838d493214cc0263eb
user5	359	112	1272474196258	0	0	55ea293151838d493214cc0263eb
user5	358	114	1272474196269	0	0	55ea293151838d493214cc0263eb
user5	358	117	1272474196274	0	0	55ea293151838d493214cc0263eb
user5	357	120	1272474196285	0	0	55ea293151838d493214cc0263eb
user5	356	125	1272474196300	0	0	55ea293151838d493214cc0263eb
user5	356	130	1272474196310	0	0	55ea293151838d493214cc0263eb
user5	355	137	1272474196316	0	0	55ea293151838d493214cc0263eb
user5	353	145	1272474196326	0	0	55ea293151838d493214cc0263eb
user5	353	153	1272474196336	0	0	55ea293151838d493214cc0263eb
user5	352	160	1272474196347	0	0	55ea293151838d493214cc0263eb
user5	350	168	1272474196363	0	0	55ea293151838d493214cc0263eb
user5	329	244	1272474196550	0	0	55ea293151838d493214cc0263eb
user5	327	245	1272474196550	0	0	55ea293151838d493214cc0263eb
user5	326	246	1272474196566	0	0	55ea293151838d493214cc0263eb
user5	324	247	1272474196582	0	0	55ea293151838d493214cc0263eb
user5	322	248	1272474196582	0	0	55ea293151838d493214cc0263eb
user5	321	250	1272474196591	0	0	55ea293151838d493214cc0263eb
user5	319	250	1272474196597	0	0	55ea293151838d493214cc0263eb
user5	316	250	1272474196607	0	0	55ea293151838d493214cc0263eb
user5	315	250	1272474196617	0	0	55ea293151838d493214cc0263eb
user5	314	250	1272474196628	0	0	55ea293151838d493214cc0263eb
user5	313	249	1272474196644	0	0	55ea293151838d493214cc0263eb
user5	312	248	1272474196653	0	0	55ea293151838d493214cc0263eb
user5	311	247	1272474196660	0	0	55ea293151838d493214cc0263eb
user5	310	245	1272474196675	0	0	55ea293151838d493214cc0263eb
user5	309	243	1272474196691	0	0	55ea293151838d493214cc0263eb
user5	308	238	1272474196691	0	0	55ea293151838d493214cc0263eb
user5	308	234	1272474196707	0	0	55ea293151838d493214cc0263eb
user5	308	229	1272474196707	0	0	55ea293151838d493214cc0263eb
user5	308	223	1272474196722	0	0	55ea293151838d493214cc0263eb
user5	308	218	1272474196738	0	0	55ea293151838d493214cc0263eb
user5	309	212	1272474196738	0	0	55ea293151838d493214cc0263eb
user5	313	204	1272474196748	0	0	55ea293151838d493214cc0263eb
user5	316	195	1272474196758	0	0	55ea293151838d493214cc0263eb
user5	320	184	1272474196769	0	0	55ea293151838d493214cc0263eb
user5	325	173	1272474196785	0	0	55ea293151838d493214cc0263eb
user5	330	159	1272474196800	0	0	55ea293151838d493214cc0263eb
user5	336	147	1272474196800	0	0	55ea293151838d493214cc0263eb
user5	342	133	1272474196816	0	0	55ea293151838d493214cc0263eb
user5	346	122	1272474196824	0	0	55ea293151838d493214cc0263eb
user5	352	112	1272474196832	0	0	55ea293151838d493214cc0263eb
user5	356	102	1272474196847	0	0	55ea293151838d493214cc0263eb
user5	360	94	1272474196847	0	0	55ea293151838d493214cc0263eb
user5	364	88	1272474196863	0	0	55ea293151838d493214cc0263eb
user5	367	84	1272474196868	0	0	55ea293151838d493214cc0263eb
user5	368	83	1272474196878	0	0	55ea293151838d493214cc0263eb
user5	370	82	1272474196894	0	0	55ea293151838d493214cc0263eb
user5	371	82	1272474196925	0	0	55ea293151838d493214cc0263eb
user5	372	82	1272474196935	0	0	55ea293151838d493214cc0263eb
user5	372	81	1272474196957	0	0	55ea293151838d493214cc0263eb
user5	373	81	1272474196957	0	0	55ea293151838d493214cc0263eb
user5	375	81	1272474196972	0	0	55ea293151838d493214cc0263eb
user5	376	80	1272474196977	0	0	55ea293151838d493214cc0263eb
user5	377	80	1272474196988	0	0	55ea293151838d493214cc0263eb
user5	379	80	1272474197003	0	0	55ea293151838d493214cc0263eb
user5	382	80	1272474197006	0	0	55ea293151838d493214cc0263eb
user5	383	80	1272474197035	0	0	55ea293151838d493214cc0263eb
user5	385	80	1272474197050	0	0	55ea293151838d493214cc0263eb
user5	387	80	1272474197050	0	0	55ea293151838d493214cc0263eb
user5	391	78	1272474197066	0	0	55ea293151838d493214cc0263eb
user5	397	75	1272474197071	0	0	55ea293151838d493214cc0263eb
user5	404	72	1272474197076	0	0	55ea293151838d493214cc0263eb
user5	411	68	1272474197097	0	0	55ea293151838d493214cc0263eb
user5	419	64	1272474197165	0	0	55ea293151838d493214cc0263eb
user5	425	58	1272474197166	0	0	55ea293151838d493214cc0263eb
user5	430	53	1272474197166	0	0	55ea293151838d493214cc0263eb
user5	432	51	1272474197167	0	0	55ea293151838d493214cc0263eb
user5	433	50	1272474197167	0	0	55ea293151838d493214cc0263eb
user5	434	48	1272474197175	0	0	55ea293151838d493214cc0263eb
user5	435	47	1272474197175	0	0	55ea293151838d493214cc0263eb
user5	436	46	1272474197210	0	0	55ea293151838d493214cc0263eb
user5	436	45	1272474197222	0	0	55ea293151838d493214cc0263eb
user5	436	45	1272474197335	1272474197223	1272474197335	55ea293151838d493214cc0263eb
user5	435	45	1272474197503	0	0	55ea293151838d493214cc0263eb
user5	434	45	1272474197519	0	0	55ea293151838d493214cc0263eb
user5	434	46	1272474197535	0	0	55ea293151838d493214cc0263eb
user5	433	46	1272474197550	0	0	55ea293151838d493214cc0263eb
user5	432	46	1272474197582	0	0	55ea293151838d493214cc0263eb
user5	431	46	1272474197613	0	0	55ea293151838d493214cc0263eb
user5	430	46	1272474197628	0	0	55ea293151838d493214cc0263eb
user5	429	46	1272474197644	0	0	55ea293151838d493214cc0263eb
user5	428	46	1272474197696	0	0	55ea293151838d493214cc0263eb
user5	427	46	1272474197697	0	0	55ea293151838d493214cc0263eb
user5	426	46	1272474197702	0	0	55ea293151838d493214cc0263eb
user5	425	46	1272474197722	0	0	55ea293151838d493214cc0263eb
user5	424	46	1272474197753	0	0	55ea293151838d493214cc0263eb
user5	423	47	1272474197800	0	0	55ea293151838d493214cc0263eb
user5	422	47	1272474197810	0	0	55ea293151838d493214cc0263eb
user5	421	48	1272474197847	0	0	55ea293151838d493214cc0263eb
user5	420	48	1272474197855	0	0	55ea293151838d493214cc0263eb
user5	420	49	1272474197878	0	0	55ea293151838d493214cc0263eb
user5	419	49	1272474197894	0	0	55ea293151838d493214cc0263eb
user5	418	49	1272474197904	0	0	55ea293151838d493214cc0263eb
user5	417	49	1272474197925	0	0	55ea293151838d493214cc0263eb
user5	416	50	1272474197941	0	0	55ea293151838d493214cc0263eb
user5	415	50	1272474198003	0	0	55ea293151838d493214cc0263eb
user5	414	50	1272474198052	0	0	55ea293151838d493214cc0263eb
user5	413	50	1272474198128	0	0	55ea293151838d493214cc0263eb
user5	412	50	1272474198257	0	0	55ea293151838d493214cc0263eb
user5	411	50	1272474198269	0	0	55ea293151838d493214cc0263eb
user5	408	50	1272474198284	0	0	55ea293151838d493214cc0263eb
user5	405	50	1272474198285	0	0	55ea293151838d493214cc0263eb
user5	401	51	1272474198300	0	0	55ea293151838d493214cc0263eb
user5	395	52	1272474198310	0	0	55ea293151838d493214cc0263eb
user5	391	54	1272474198320	0	0	55ea293151838d493214cc0263eb
user5	385	55	1272474198332	0	0	55ea293151838d493214cc0263eb
user5	381	56	1272474198343	0	0	55ea293151838d493214cc0263eb
user5	378	56	1272474198347	0	0	55ea293151838d493214cc0263eb
user5	375	56	1272474198363	0	0	55ea293151838d493214cc0263eb
user5	373	56	1272474198378	0	0	55ea293151838d493214cc0263eb
user5	372	56	1272474198394	0	0	55ea293151838d493214cc0263eb
user5	372	55	1272474198535	0	0	55ea293151838d493214cc0263eb
user5	371	55	1272474198535	0	0	55ea293151838d493214cc0263eb
user5	370	55	1272474198575	0	0	55ea293151838d493214cc0263eb
user5	370	54	1272474198607	0	0	55ea293151838d493214cc0263eb
user5	369	54	1272474198628	0	0	55ea293151838d493214cc0263eb
user5	368	54	1272474198628	0	0	55ea293151838d493214cc0263eb
user5	367	54	1272474198644	0	0	55ea293151838d493214cc0263eb
user5	365	54	1272474198644	0	0	55ea293151838d493214cc0263eb
user5	362	54	1272474198660	0	0	55ea293151838d493214cc0263eb
user5	361	54	1272474198675	0	0	55ea293151838d493214cc0263eb
user5	360	54	1272474198681	0	0	55ea293151838d493214cc0263eb
user5	359	54	1272474198691	0	0	55ea293151838d493214cc0263eb
user5	357	54	1272474198707	0	0	55ea293151838d493214cc0263eb
user5	356	54	1272474198722	0	0	55ea293151838d493214cc0263eb
user5	355	54	1272474198722	0	0	55ea293151838d493214cc0263eb
user5	354	54	1272474198738	0	0	55ea293151838d493214cc0263eb
user5	353	54	1272474198770	0	0	55ea293151838d493214cc0263eb
user5	352	54	1272474198797	0	0	55ea293151838d493214cc0263eb
user5	351	54	1272474198847	0	0	55ea293151838d493214cc0263eb
user5	350	54	1272474198857	0	0	55ea293151838d493214cc0263eb
user5	349	54	1272474198863	0	0	55ea293151838d493214cc0263eb
user5	347	54	1272474198894	0	0	55ea293151838d493214cc0263eb
user5	346	54	1272474198894	0	0	55ea293151838d493214cc0263eb
user5	345	54	1272474198910	0	0	55ea293151838d493214cc0263eb
user5	343	54	1272474198919	0	0	55ea293151838d493214cc0263eb
user5	342	55	1272474198941	0	0	55ea293151838d493214cc0263eb
user5	341	55	1272474198941	0	0	55ea293151838d493214cc0263eb
user5	340	56	1272474198972	0	0	55ea293151838d493214cc0263eb
user5	339	56	1272474198979	0	0	55ea293151838d493214cc0263eb
user5	339	57	1272474198988	0	0	55ea293151838d493214cc0263eb
user5	338	57	1272474199003	0	0	55ea293151838d493214cc0263eb
user5	338	58	1272474199019	0	0	55ea293151838d493214cc0263eb
user5	337	58	1272474199028	0	0	55ea293151838d493214cc0263eb
user5	336	59	1272474199066	0	0	55ea293151838d493214cc0263eb
user5	336	59	1272474199238	1272474199082	1272474199238	55ea293151838d493214cc0263eb
