User	X	Y	MouseTimeStamp	MouseDownTimeStamp	MouseUpTimeStamp	SessionID
user10	177	330	1270656335882	0	0	904e88ecdbb5906c62361166e03a
user10	178	330	1270656336022	0	0	904e88ecdbb5906c62361166e03a
user10	179	330	1270656336022	0	0	904e88ecdbb5906c62361166e03a
user10	179	331	1270656336038	0	0	904e88ecdbb5906c62361166e03a
user10	180	331	1270656336038	0	0	904e88ecdbb5906c62361166e03a
user10	181	331	1270656336053	0	0	904e88ecdbb5906c62361166e03a
user10	182	332	1270656336053	0	0	904e88ecdbb5906c62361166e03a
user10	184	332	1270656336069	0	0	904e88ecdbb5906c62361166e03a
user10	185	332	1270656336100	0	0	904e88ecdbb5906c62361166e03a
user10	185	331	1270656336116	0	0	904e88ecdbb5906c62361166e03a
user10	186	330	1270656336131	0	0	904e88ecdbb5906c62361166e03a
user10	188	330	1270656336147	0	0	904e88ecdbb5906c62361166e03a
user10	190	329	1270656336162	0	0	904e88ecdbb5906c62361166e03a
user10	192	328	1270656336162	0	0	904e88ecdbb5906c62361166e03a
user10	195	328	1270656336178	0	0	904e88ecdbb5906c62361166e03a
user10	199	327	1270656336178	0	0	904e88ecdbb5906c62361166e03a
user10	205	325	1270656336194	0	0	904e88ecdbb5906c62361166e03a
user10	212	324	1270656336194	0	0	904e88ecdbb5906c62361166e03a
user10	220	322	1270656336209	0	0	904e88ecdbb5906c62361166e03a
user10	231	320	1270656336209	0	0	904e88ecdbb5906c62361166e03a
user10	242	317	1270656336225	0	0	904e88ecdbb5906c62361166e03a
user10	255	315	1270656336225	0	0	904e88ecdbb5906c62361166e03a
user10	269	314	1270656336240	0	0	904e88ecdbb5906c62361166e03a
user10	284	312	1270656336240	0	0	904e88ecdbb5906c62361166e03a
user10	304	309	1270656336256	0	0	904e88ecdbb5906c62361166e03a
user10	327	306	1270656336272	0	0	904e88ecdbb5906c62361166e03a
user10	347	305	1270656336272	0	0	904e88ecdbb5906c62361166e03a
user10	379	300	1270656336287	0	0	904e88ecdbb5906c62361166e03a
user10	379	300	1270656336287	0	0	904e88ecdbb5906c62361166e03a
user10	413	293	1270656336287	0	0	904e88ecdbb5906c62361166e03a
user10	447	288	1270656336303	0	0	904e88ecdbb5906c62361166e03a
user10	493	278	1270656336303	0	0	904e88ecdbb5906c62361166e03a
user10	533	271	1270656336318	0	0	904e88ecdbb5906c62361166e03a
user10	581	257	1270656336318	0	0	904e88ecdbb5906c62361166e03a
user10	632	244	1270656336334	0	0	904e88ecdbb5906c62361166e03a
user10	678	232	1270656336334	0	0	904e88ecdbb5906c62361166e03a
user10	717	227	1270656336350	0	0	904e88ecdbb5906c62361166e03a
user10	752	220	1270656336350	0	0	904e88ecdbb5906c62361166e03a
user10	781	215	1270656336365	0	0	904e88ecdbb5906c62361166e03a
user10	801	212	1270656336365	0	0	904e88ecdbb5906c62361166e03a
user10	818	212	1270656336381	0	0	904e88ecdbb5906c62361166e03a
user10	830	211	1270656336381	0	0	904e88ecdbb5906c62361166e03a
user10	839	210	1270656336396	0	0	904e88ecdbb5906c62361166e03a
user10	848	208	1270656336396	0	0	904e88ecdbb5906c62361166e03a
user10	854	205	1270656336412	0	0	904e88ecdbb5906c62361166e03a
user10	858	203	1270656336412	0	0	904e88ecdbb5906c62361166e03a
user10	860	203	1270656336428	0	0	904e88ecdbb5906c62361166e03a
user10	863	200	1270656336428	0	0	904e88ecdbb5906c62361166e03a
user10	863	199	1270656336443	0	0	904e88ecdbb5906c62361166e03a
user10	865	198	1270656336443	0	0	904e88ecdbb5906c62361166e03a
user10	865	195	1270656336459	0	0	904e88ecdbb5906c62361166e03a
user10	866	193	1270656336459	0	0	904e88ecdbb5906c62361166e03a
user10	867	191	1270656336474	0	0	904e88ecdbb5906c62361166e03a
user10	868	190	1270656336474	0	0	904e88ecdbb5906c62361166e03a
user10	868	187	1270656336490	0	0	904e88ecdbb5906c62361166e03a
user10	869	186	1270656336490	0	0	904e88ecdbb5906c62361166e03a
user10	870	184	1270656336506	0	0	904e88ecdbb5906c62361166e03a
user10	870	183	1270656336506	0	0	904e88ecdbb5906c62361166e03a
user10	871	182	1270656336521	0	0	904e88ecdbb5906c62361166e03a
user10	872	182	1270656336521	0	0	904e88ecdbb5906c62361166e03a
user10	872	181	1270656336552	0	0	904e88ecdbb5906c62361166e03a
user10	873	181	1270656336568	0	0	904e88ecdbb5906c62361166e03a
user10	874	181	1270656336584	0	0	904e88ecdbb5906c62361166e03a
user10	874	180	1270656336599	0	0	904e88ecdbb5906c62361166e03a
user10	875	180	1270656336599	0	0	904e88ecdbb5906c62361166e03a
user10	876	180	1270656336615	0	0	904e88ecdbb5906c62361166e03a
user10	877	180	1270656336615	0	0	904e88ecdbb5906c62361166e03a
user10	878	180	1270656336630	0	0	904e88ecdbb5906c62361166e03a
user10	880	180	1270656336630	0	0	904e88ecdbb5906c62361166e03a
user10	881	182	1270656336646	0	0	904e88ecdbb5906c62361166e03a
user10	885	183	1270656336646	0	0	904e88ecdbb5906c62361166e03a
user10	890	185	1270656336662	0	0	904e88ecdbb5906c62361166e03a
user10	894	186	1270656336662	0	0	904e88ecdbb5906c62361166e03a
user10	900	187	1270656336677	0	0	904e88ecdbb5906c62361166e03a
user10	904	187	1270656336677	0	0	904e88ecdbb5906c62361166e03a
user10	909	187	1270656336693	0	0	904e88ecdbb5906c62361166e03a
user10	915	187	1270656336693	0	0	904e88ecdbb5906c62361166e03a
user10	917	187	1270656336708	0	0	904e88ecdbb5906c62361166e03a
user10	919	186	1270656336708	0	0	904e88ecdbb5906c62361166e03a
user10	921	185	1270656336724	0	0	904e88ecdbb5906c62361166e03a
user10	923	184	1270656336724	0	0	904e88ecdbb5906c62361166e03a
user10	924	182	1270656336740	0	0	904e88ecdbb5906c62361166e03a
user10	925	182	1270656336740	0	0	904e88ecdbb5906c62361166e03a
user10	927	181	1270656336755	0	0	904e88ecdbb5906c62361166e03a
user10	928	181	1270656336755	0	0	904e88ecdbb5906c62361166e03a
user10	929	179	1270656336771	0	0	904e88ecdbb5906c62361166e03a
user10	931	179	1270656336771	0	0	904e88ecdbb5906c62361166e03a
user10	933	178	1270656336786	0	0	904e88ecdbb5906c62361166e03a
user10	934	177	1270656336786	0	0	904e88ecdbb5906c62361166e03a
user10	937	177	1270656336802	0	0	904e88ecdbb5906c62361166e03a
user10	938	176	1270656336802	0	0	904e88ecdbb5906c62361166e03a
user10	939	176	1270656336818	0	0	904e88ecdbb5906c62361166e03a
user10	940	175	1270656336818	0	0	904e88ecdbb5906c62361166e03a
user10	940	174	1270656336833	0	0	904e88ecdbb5906c62361166e03a
user10	941	174	1270656336849	0	0	904e88ecdbb5906c62361166e03a
user10	941	173	1270656336849	0	0	904e88ecdbb5906c62361166e03a
user10	941	172	1270656336864	0	0	904e88ecdbb5906c62361166e03a
user10	942	172	1270656336880	0	0	904e88ecdbb5906c62361166e03a
user10	942	172	1270656336989	1270656336911	1270656336989	904e88ecdbb5906c62361166e03a
user10	941	171	1270656337052	0	0	904e88ecdbb5906c62361166e03a
user10	940	169	1270656337067	0	0	904e88ecdbb5906c62361166e03a
user10	940	167	1270656337067	0	0	904e88ecdbb5906c62361166e03a
user10	940	166	1270656337083	0	0	904e88ecdbb5906c62361166e03a
user10	941	167	1270656343760	0	0	904e88ecdbb5906c62361166e03a
user10	943	170	1270656343775	0	0	904e88ecdbb5906c62361166e03a
user10	947	176	1270656343775	0	0	904e88ecdbb5906c62361166e03a
user10	953	182	1270656343791	0	0	904e88ecdbb5906c62361166e03a
user10	957	190	1270656343791	0	0	904e88ecdbb5906c62361166e03a
user10	959	195	1270656343806	0	0	904e88ecdbb5906c62361166e03a
user10	961	202	1270656343806	0	0	904e88ecdbb5906c62361166e03a
user10	963	209	1270656343822	0	0	904e88ecdbb5906c62361166e03a
user10	964	216	1270656343822	0	0	904e88ecdbb5906c62361166e03a
user10	968	224	1270656343838	0	0	904e88ecdbb5906c62361166e03a
user10	971	232	1270656343838	0	0	904e88ecdbb5906c62361166e03a
user10	974	238	1270656343853	0	0	904e88ecdbb5906c62361166e03a
user10	977	245	1270656343853	0	0	904e88ecdbb5906c62361166e03a
user10	979	252	1270656343869	0	0	904e88ecdbb5906c62361166e03a
user10	981	258	1270656343869	0	0	904e88ecdbb5906c62361166e03a
user10	983	264	1270656343884	0	0	904e88ecdbb5906c62361166e03a
user10	983	267	1270656343884	0	0	904e88ecdbb5906c62361166e03a
user10	985	269	1270656343900	0	0	904e88ecdbb5906c62361166e03a
user10	986	271	1270656343900	0	0	904e88ecdbb5906c62361166e03a
user10	987	273	1270656343916	0	0	904e88ecdbb5906c62361166e03a
user10	989	275	1270656343916	0	0	904e88ecdbb5906c62361166e03a
user10	992	277	1270656343931	0	0	904e88ecdbb5906c62361166e03a
user10	994	279	1270656343931	0	0	904e88ecdbb5906c62361166e03a
user10	997	280	1270656343947	0	0	904e88ecdbb5906c62361166e03a
user10	1000	281	1270656343947	0	0	904e88ecdbb5906c62361166e03a
user10	1004	283	1270656343962	0	0	904e88ecdbb5906c62361166e03a
user10	1009	285	1270656343962	0	0	904e88ecdbb5906c62361166e03a
user10	1014	287	1270656343978	0	0	904e88ecdbb5906c62361166e03a
user10	1019	289	1270656343978	0	0	904e88ecdbb5906c62361166e03a
user10	1023	292	1270656343994	0	0	904e88ecdbb5906c62361166e03a
user10	1029	294	1270656343994	0	0	904e88ecdbb5906c62361166e03a
user10	1033	296	1270656344009	0	0	904e88ecdbb5906c62361166e03a
user10	1036	298	1270656344009	0	0	904e88ecdbb5906c62361166e03a
user10	1039	299	1270656344025	0	0	904e88ecdbb5906c62361166e03a
user10	1040	299	1270656344025	0	0	904e88ecdbb5906c62361166e03a
user10	1041	299	1270656344040	0	0	904e88ecdbb5906c62361166e03a
user10	1041	300	1270656344056	0	0	904e88ecdbb5906c62361166e03a
user10	1041	301	1270656344087	0	0	904e88ecdbb5906c62361166e03a
user10	1039	301	1270656344087	0	0	904e88ecdbb5906c62361166e03a
user10	1038	301	1270656344103	0	0	904e88ecdbb5906c62361166e03a
user10	1037	301	1270656344118	0	0	904e88ecdbb5906c62361166e03a
user10	1036	301	1270656344134	0	0	904e88ecdbb5906c62361166e03a
user10	1034	300	1270656344134	0	0	904e88ecdbb5906c62361166e03a
user10	1032	298	1270656344150	0	0	904e88ecdbb5906c62361166e03a
user10	1030	298	1270656344150	0	0	904e88ecdbb5906c62361166e03a
user10	1029	296	1270656344165	0	0	904e88ecdbb5906c62361166e03a
user10	1026	295	1270656344165	0	0	904e88ecdbb5906c62361166e03a
user10	1025	295	1270656344181	0	0	904e88ecdbb5906c62361166e03a
user10	1024	294	1270656344181	0	0	904e88ecdbb5906c62361166e03a
user10	1021	293	1270656344196	0	0	904e88ecdbb5906c62361166e03a
user10	1020	293	1270656344196	0	0	904e88ecdbb5906c62361166e03a
user10	1019	292	1270656344212	0	0	904e88ecdbb5906c62361166e03a
user10	1018	292	1270656344228	0	0	904e88ecdbb5906c62361166e03a
user10	1017	292	1270656344228	0	0	904e88ecdbb5906c62361166e03a
user10	1017	291	1270656344243	0	0	904e88ecdbb5906c62361166e03a
user10	1016	290	1270656344259	0	0	904e88ecdbb5906c62361166e03a
user10	1015	290	1270656344259	0	0	904e88ecdbb5906c62361166e03a
user10	1015	289	1270656344274	0	0	904e88ecdbb5906c62361166e03a
user10	1014	289	1270656344274	0	0	904e88ecdbb5906c62361166e03a
user10	1014	287	1270656344290	0	0	904e88ecdbb5906c62361166e03a
user10	1013	287	1270656344306	0	0	904e88ecdbb5906c62361166e03a
user10	1012	286	1270656344306	0	0	904e88ecdbb5906c62361166e03a
user10	1011	285	1270656344321	0	0	904e88ecdbb5906c62361166e03a
user10	1011	285	1270656344477	1270656344384	1270656344477	904e88ecdbb5906c62361166e03a
user10	1008	281	1270656348018	0	0	904e88ecdbb5906c62361166e03a
user10	1008	281	1270656348518	0	0	904e88ecdbb5906c62361166e03a
user10	1007	281	1270656348705	0	0	904e88ecdbb5906c62361166e03a
user10	1006	281	1270656348720	0	0	904e88ecdbb5906c62361166e03a
user10	1005	281	1270656348736	0	0	904e88ecdbb5906c62361166e03a
user10	1004	281	1270656348736	0	0	904e88ecdbb5906c62361166e03a
user10	1002	281	1270656348752	0	0	904e88ecdbb5906c62361166e03a
user10	1000	281	1270656348752	0	0	904e88ecdbb5906c62361166e03a
user10	993	279	1270656348767	0	0	904e88ecdbb5906c62361166e03a
user10	986	275	1270656348783	0	0	904e88ecdbb5906c62361166e03a
user10	977	271	1270656348783	0	0	904e88ecdbb5906c62361166e03a
user10	956	261	1270656348798	0	0	904e88ecdbb5906c62361166e03a
user10	931	247	1270656348814	0	0	904e88ecdbb5906c62361166e03a
user10	904	231	1270656348830	0	0	904e88ecdbb5906c62361166e03a
user10	865	211	1270656348845	0	0	904e88ecdbb5906c62361166e03a
user10	840	199	1270656348861	0	0	904e88ecdbb5906c62361166e03a
user10	789	189	1270656348876	0	0	904e88ecdbb5906c62361166e03a
user10	765	184	1270656348892	0	0	904e88ecdbb5906c62361166e03a
user10	741	178	1270656348892	0	0	904e88ecdbb5906c62361166e03a
user10	723	176	1270656348892	0	0	904e88ecdbb5906c62361166e03a
user10	707	172	1270656348908	0	0	904e88ecdbb5906c62361166e03a
user10	678	166	1270656348923	0	0	904e88ecdbb5906c62361166e03a
user10	663	164	1270656348939	0	0	904e88ecdbb5906c62361166e03a
user10	650	162	1270656348939	0	0	904e88ecdbb5906c62361166e03a
user10	637	161	1270656348939	0	0	904e88ecdbb5906c62361166e03a
user10	625	160	1270656348954	0	0	904e88ecdbb5906c62361166e03a
user10	614	158	1270656348970	0	0	904e88ecdbb5906c62361166e03a
user10	607	158	1270656348970	0	0	904e88ecdbb5906c62361166e03a
user10	601	158	1270656348986	0	0	904e88ecdbb5906c62361166e03a
user10	595	158	1270656348986	0	0	904e88ecdbb5906c62361166e03a
user10	590	158	1270656349001	0	0	904e88ecdbb5906c62361166e03a
user10	589	158	1270656349017	0	0	904e88ecdbb5906c62361166e03a
user10	587	158	1270656349017	0	0	904e88ecdbb5906c62361166e03a
user10	586	159	1270656349032	0	0	904e88ecdbb5906c62361166e03a
user10	585	159	1270656349032	0	0	904e88ecdbb5906c62361166e03a
user10	584	159	1270656349048	0	0	904e88ecdbb5906c62361166e03a
user10	583	160	1270656349048	0	0	904e88ecdbb5906c62361166e03a
user10	581	160	1270656349064	0	0	904e88ecdbb5906c62361166e03a
user10	580	160	1270656349064	0	0	904e88ecdbb5906c62361166e03a
user10	578	160	1270656349079	0	0	904e88ecdbb5906c62361166e03a
user10	573	160	1270656349095	0	0	904e88ecdbb5906c62361166e03a
user10	571	159	1270656349095	0	0	904e88ecdbb5906c62361166e03a
user10	568	158	1270656349110	0	0	904e88ecdbb5906c62361166e03a
user10	562	157	1270656349126	0	0	904e88ecdbb5906c62361166e03a
user10	557	153	1270656349142	0	0	904e88ecdbb5906c62361166e03a
user10	555	151	1270656349157	0	0	904e88ecdbb5906c62361166e03a
user10	551	147	1270656349157	0	0	904e88ecdbb5906c62361166e03a
user10	543	138	1270656349173	0	0	904e88ecdbb5906c62361166e03a
user10	542	133	1270656349173	0	0	904e88ecdbb5906c62361166e03a
user10	537	124	1270656349188	0	0	904e88ecdbb5906c62361166e03a
user10	534	117	1270656349204	0	0	904e88ecdbb5906c62361166e03a
user10	530	110	1270656349220	0	0	904e88ecdbb5906c62361166e03a
user10	527	104	1270656349220	0	0	904e88ecdbb5906c62361166e03a
user10	524	98	1270656349220	0	0	904e88ecdbb5906c62361166e03a
user10	522	92	1270656349235	0	0	904e88ecdbb5906c62361166e03a
user10	520	89	1270656349235	0	0	904e88ecdbb5906c62361166e03a
user10	519	85	1270656349251	0	0	904e88ecdbb5906c62361166e03a
user10	519	82	1270656349266	0	0	904e88ecdbb5906c62361166e03a
user10	519	81	1270656349266	0	0	904e88ecdbb5906c62361166e03a
user10	519	79	1270656349282	0	0	904e88ecdbb5906c62361166e03a
user10	520	78	1270656349298	0	0	904e88ecdbb5906c62361166e03a
user10	522	74	1270656349298	0	0	904e88ecdbb5906c62361166e03a
user10	523	72	1270656349313	0	0	904e88ecdbb5906c62361166e03a
user10	525	71	1270656349329	0	0	904e88ecdbb5906c62361166e03a
user10	528	68	1270656349344	0	0	904e88ecdbb5906c62361166e03a
user10	529	66	1270656349360	0	0	904e88ecdbb5906c62361166e03a
user10	530	65	1270656349360	0	0	904e88ecdbb5906c62361166e03a
user10	531	64	1270656349376	0	0	904e88ecdbb5906c62361166e03a
user10	531	63	1270656349391	0	0	904e88ecdbb5906c62361166e03a
user10	531	62	1270656349407	0	0	904e88ecdbb5906c62361166e03a
user10	532	62	1270656349422	0	0	904e88ecdbb5906c62361166e03a
user10	532	61	1270656349422	0	0	904e88ecdbb5906c62361166e03a
user10	532	59	1270656349438	0	0	904e88ecdbb5906c62361166e03a
user10	533	57	1270656349454	0	0	904e88ecdbb5906c62361166e03a
user10	533	56	1270656349469	0	0	904e88ecdbb5906c62361166e03a
user10	533	54	1270656349485	0	0	904e88ecdbb5906c62361166e03a
user10	534	54	1270656349485	0	0	904e88ecdbb5906c62361166e03a
user10	535	53	1270656349500	0	0	904e88ecdbb5906c62361166e03a
user10	535	52	1270656349500	0	0	904e88ecdbb5906c62361166e03a
user10	536	51	1270656349516	0	0	904e88ecdbb5906c62361166e03a
user10	536	51	1270656349610	1270656349547	1270656349610	904e88ecdbb5906c62361166e03a
user10	654	548	1270656369484	0	0	904e88ecdbb5906c62361166e03a
user10	654	548	1270656369983	0	0	904e88ecdbb5906c62361166e03a
user10	654	547	1270656370342	0	0	904e88ecdbb5906c62361166e03a
user10	654	546	1270656370358	0	0	904e88ecdbb5906c62361166e03a
user10	657	540	1270656370373	0	0	904e88ecdbb5906c62361166e03a
user10	660	534	1270656370373	0	0	904e88ecdbb5906c62361166e03a
user10	667	521	1270656370389	0	0	904e88ecdbb5906c62361166e03a
user10	672	510	1270656370404	0	0	904e88ecdbb5906c62361166e03a
user10	678	498	1270656370404	0	0	904e88ecdbb5906c62361166e03a
user10	688	467	1270656370420	0	0	904e88ecdbb5906c62361166e03a
user10	693	438	1270656370436	0	0	904e88ecdbb5906c62361166e03a
user10	695	425	1270656370451	0	0	904e88ecdbb5906c62361166e03a
user10	697	394	1270656370467	0	0	904e88ecdbb5906c62361166e03a
user10	698	360	1270656370482	0	0	904e88ecdbb5906c62361166e03a
user10	702	333	1270656370498	0	0	904e88ecdbb5906c62361166e03a
user10	704	322	1270656370514	0	0	904e88ecdbb5906c62361166e03a
user10	708	305	1270656370529	0	0	904e88ecdbb5906c62361166e03a
user10	712	295	1270656370545	0	0	904e88ecdbb5906c62361166e03a
user10	713	291	1270656370545	0	0	904e88ecdbb5906c62361166e03a
user10	714	285	1270656370560	0	0	904e88ecdbb5906c62361166e03a
user10	715	281	1270656370560	0	0	904e88ecdbb5906c62361166e03a
user10	715	274	1270656370576	0	0	904e88ecdbb5906c62361166e03a
user10	715	269	1270656370576	0	0	904e88ecdbb5906c62361166e03a
user10	715	258	1270656370592	0	0	904e88ecdbb5906c62361166e03a
user10	715	252	1270656370607	0	0	904e88ecdbb5906c62361166e03a
user10	715	249	1270656370607	0	0	904e88ecdbb5906c62361166e03a
user10	715	246	1270656370623	0	0	904e88ecdbb5906c62361166e03a
user10	715	245	1270656370638	0	0	904e88ecdbb5906c62361166e03a
user10	715	244	1270656370654	0	0	904e88ecdbb5906c62361166e03a
user10	715	243	1270656370654	0	0	904e88ecdbb5906c62361166e03a
user10	715	242	1270656370670	0	0	904e88ecdbb5906c62361166e03a
user10	715	240	1270656370670	0	0	904e88ecdbb5906c62361166e03a
user10	715	239	1270656370685	0	0	904e88ecdbb5906c62361166e03a
user10	716	238	1270656370685	0	0	904e88ecdbb5906c62361166e03a
user10	717	235	1270656370701	0	0	904e88ecdbb5906c62361166e03a
user10	717	232	1270656370716	0	0	904e88ecdbb5906c62361166e03a
user10	717	226	1270656370716	0	0	904e88ecdbb5906c62361166e03a
user10	717	221	1270656370732	0	0	904e88ecdbb5906c62361166e03a
user10	717	217	1270656370732	0	0	904e88ecdbb5906c62361166e03a
user10	717	212	1270656370748	0	0	904e88ecdbb5906c62361166e03a
user10	717	208	1270656370763	0	0	904e88ecdbb5906c62361166e03a
user10	717	204	1270656370763	0	0	904e88ecdbb5906c62361166e03a
user10	717	201	1270656370779	0	0	904e88ecdbb5906c62361166e03a
user10	717	196	1270656370779	0	0	904e88ecdbb5906c62361166e03a
user10	718	194	1270656370794	0	0	904e88ecdbb5906c62361166e03a
user10	718	193	1270656370810	0	0	904e88ecdbb5906c62361166e03a
user10	718	190	1270656370810	0	0	904e88ecdbb5906c62361166e03a
user10	718	188	1270656370826	0	0	904e88ecdbb5906c62361166e03a
user10	718	187	1270656370826	0	0	904e88ecdbb5906c62361166e03a
user10	718	185	1270656370841	0	0	904e88ecdbb5906c62361166e03a
user10	718	184	1270656370841	0	0	904e88ecdbb5906c62361166e03a
user10	718	181	1270656370857	0	0	904e88ecdbb5906c62361166e03a
user10	718	179	1270656370872	0	0	904e88ecdbb5906c62361166e03a
user10	717	177	1270656370872	0	0	904e88ecdbb5906c62361166e03a
user10	717	176	1270656370888	0	0	904e88ecdbb5906c62361166e03a
user10	717	174	1270656370904	0	0	904e88ecdbb5906c62361166e03a
user10	717	173	1270656370904	0	0	904e88ecdbb5906c62361166e03a
user10	715	170	1270656370919	0	0	904e88ecdbb5906c62361166e03a
user10	715	169	1270656370935	0	0	904e88ecdbb5906c62361166e03a
user10	715	168	1270656370950	0	0	904e88ecdbb5906c62361166e03a
user10	715	167	1270656370950	0	0	904e88ecdbb5906c62361166e03a
user10	715	167	1270656371247	1270656371106	1270656371247	904e88ecdbb5906c62361166e03a
user10	715	167	1270656372620	0	0	904e88ecdbb5906c62361166e03a
user10	714	167	1270656373072	0	0	904e88ecdbb5906c62361166e03a
user10	712	167	1270656373088	0	0	904e88ecdbb5906c62361166e03a
user10	710	168	1270656373088	0	0	904e88ecdbb5906c62361166e03a
user10	706	169	1270656373103	0	0	904e88ecdbb5906c62361166e03a
user10	699	169	1270656373119	0	0	904e88ecdbb5906c62361166e03a
user10	692	169	1270656373134	0	0	904e88ecdbb5906c62361166e03a
user10	685	169	1270656373150	0	0	904e88ecdbb5906c62361166e03a
user10	679	169	1270656373181	0	0	904e88ecdbb5906c62361166e03a
user10	676	169	1270656373181	0	0	904e88ecdbb5906c62361166e03a
user10	673	169	1270656373197	0	0	904e88ecdbb5906c62361166e03a
user10	669	168	1270656373212	0	0	904e88ecdbb5906c62361166e03a
user10	665	166	1270656373228	0	0	904e88ecdbb5906c62361166e03a
user10	661	164	1270656373244	0	0	904e88ecdbb5906c62361166e03a
user10	655	162	1270656373259	0	0	904e88ecdbb5906c62361166e03a
user10	652	160	1270656373275	0	0	904e88ecdbb5906c62361166e03a
user10	650	160	1270656373290	0	0	904e88ecdbb5906c62361166e03a
user10	649	160	1270656373290	0	0	904e88ecdbb5906c62361166e03a
user10	648	160	1270656373306	0	0	904e88ecdbb5906c62361166e03a
user10	648	160	1270656373322	0	0	904e88ecdbb5906c62361166e03a
user10	648	160	1270656373462	1270656373353	1270656373462	904e88ecdbb5906c62361166e03a
user10	648	160	1270656374008	0	0	904e88ecdbb5906c62361166e03a
user10	648	160	1270656374507	0	0	904e88ecdbb5906c62361166e03a
user10	648	162	1270656375116	0	0	904e88ecdbb5906c62361166e03a
user10	648	165	1270656375131	0	0	904e88ecdbb5906c62361166e03a
user10	648	168	1270656375131	0	0	904e88ecdbb5906c62361166e03a
user10	648	176	1270656375147	0	0	904e88ecdbb5906c62361166e03a
user10	648	182	1270656375162	0	0	904e88ecdbb5906c62361166e03a
user10	648	192	1270656375178	0	0	904e88ecdbb5906c62361166e03a
user10	648	196	1270656375178	0	0	904e88ecdbb5906c62361166e03a
user10	648	201	1270656375194	0	0	904e88ecdbb5906c62361166e03a
user10	648	203	1270656375209	0	0	904e88ecdbb5906c62361166e03a
user10	647	213	1270656375225	0	0	904e88ecdbb5906c62361166e03a
user10	647	223	1270656375240	0	0	904e88ecdbb5906c62361166e03a
user10	647	236	1270656375256	0	0	904e88ecdbb5906c62361166e03a
user10	646	242	1270656375256	0	0	904e88ecdbb5906c62361166e03a
user10	645	249	1270656375272	0	0	904e88ecdbb5906c62361166e03a
user10	644	253	1270656375272	0	0	904e88ecdbb5906c62361166e03a
user10	644	257	1270656375287	0	0	904e88ecdbb5906c62361166e03a
user10	644	260	1270656375287	0	0	904e88ecdbb5906c62361166e03a
user10	644	264	1270656375303	0	0	904e88ecdbb5906c62361166e03a
user10	644	265	1270656375318	0	0	904e88ecdbb5906c62361166e03a
user10	644	266	1270656375334	0	0	904e88ecdbb5906c62361166e03a
user10	644	267	1270656375350	0	0	904e88ecdbb5906c62361166e03a
user10	644	267	1270656376364	1270656376208	1270656376364	904e88ecdbb5906c62361166e03a
user10	642	267	1270656376629	0	0	904e88ecdbb5906c62361166e03a
user10	639	267	1270656376644	0	0	904e88ecdbb5906c62361166e03a
user10	636	267	1270656376644	0	0	904e88ecdbb5906c62361166e03a
user10	629	267	1270656376660	0	0	904e88ecdbb5906c62361166e03a
user10	617	267	1270656376676	0	0	904e88ecdbb5906c62361166e03a
user10	611	267	1270656376676	0	0	904e88ecdbb5906c62361166e03a
user10	596	267	1270656376691	0	0	904e88ecdbb5906c62361166e03a
user10	582	267	1270656376707	0	0	904e88ecdbb5906c62361166e03a
user10	573	267	1270656376722	0	0	904e88ecdbb5906c62361166e03a
user10	565	265	1270656376738	0	0	904e88ecdbb5906c62361166e03a
user10	561	265	1270656376754	0	0	904e88ecdbb5906c62361166e03a
user10	560	265	1270656376769	0	0	904e88ecdbb5906c62361166e03a
user10	559	265	1270656376785	0	0	904e88ecdbb5906c62361166e03a
user10	558	265	1270656376785	0	0	904e88ecdbb5906c62361166e03a
user10	557	265	1270656376800	0	0	904e88ecdbb5906c62361166e03a
user10	557	265	1270656377159	1270656377034	1270656377159	904e88ecdbb5906c62361166e03a
user10	557	265	1270656377159	0	0	904e88ecdbb5906c62361166e03a
user10	557	266	1270656377768	0	0	904e88ecdbb5906c62361166e03a
user10	558	268	1270656377783	0	0	904e88ecdbb5906c62361166e03a
user10	560	268	1270656377783	0	0	904e88ecdbb5906c62361166e03a
user10	565	271	1270656377799	0	0	904e88ecdbb5906c62361166e03a
user10	575	272	1270656377814	0	0	904e88ecdbb5906c62361166e03a
user10	593	273	1270656377830	0	0	904e88ecdbb5906c62361166e03a
user10	617	273	1270656377846	0	0	904e88ecdbb5906c62361166e03a
user10	647	273	1270656377861	0	0	904e88ecdbb5906c62361166e03a
user10	675	273	1270656377877	0	0	904e88ecdbb5906c62361166e03a
user10	687	273	1270656377892	0	0	904e88ecdbb5906c62361166e03a
user10	690	273	1270656377924	0	0	904e88ecdbb5906c62361166e03a
user10	690	274	1270656378329	0	0	904e88ecdbb5906c62361166e03a
user10	690	275	1270656378345	0	0	904e88ecdbb5906c62361166e03a
user10	690	276	1270656378360	0	0	904e88ecdbb5906c62361166e03a
user10	690	278	1270656378376	0	0	904e88ecdbb5906c62361166e03a
user10	690	279	1270656378392	0	0	904e88ecdbb5906c62361166e03a
user10	690	280	1270656378407	0	0	904e88ecdbb5906c62361166e03a
user10	690	281	1270656378423	0	0	904e88ecdbb5906c62361166e03a
user10	690	283	1270656378438	0	0	904e88ecdbb5906c62361166e03a
user10	689	285	1270656378454	0	0	904e88ecdbb5906c62361166e03a
user10	689	286	1270656378470	0	0	904e88ecdbb5906c62361166e03a
user10	689	288	1270656378485	0	0	904e88ecdbb5906c62361166e03a
user10	689	289	1270656378516	0	0	904e88ecdbb5906c62361166e03a
user10	689	290	1270656378563	0	0	904e88ecdbb5906c62361166e03a
user10	690	290	1270656378579	0	0	904e88ecdbb5906c62361166e03a
user10	689	290	1270656378735	0	0	904e88ecdbb5906c62361166e03a
user10	688	290	1270656378782	0	0	904e88ecdbb5906c62361166e03a
user10	687	290	1270656378844	0	0	904e88ecdbb5906c62361166e03a
user10	686	290	1270656378860	0	0	904e88ecdbb5906c62361166e03a
user10	685	290	1270656378891	0	0	904e88ecdbb5906c62361166e03a
user10	684	290	1270656378906	0	0	904e88ecdbb5906c62361166e03a
user10	683	290	1270656378938	0	0	904e88ecdbb5906c62361166e03a
user10	682	290	1270656378984	0	0	904e88ecdbb5906c62361166e03a
user10	681	290	1270656379016	0	0	904e88ecdbb5906c62361166e03a
user10	680	290	1270656379016	0	0	904e88ecdbb5906c62361166e03a
user10	679	290	1270656379031	0	0	904e88ecdbb5906c62361166e03a
user10	677	290	1270656379047	0	0	904e88ecdbb5906c62361166e03a
user10	677	289	1270656379062	0	0	904e88ecdbb5906c62361166e03a
user10	675	289	1270656379078	0	0	904e88ecdbb5906c62361166e03a
user10	674	289	1270656379094	0	0	904e88ecdbb5906c62361166e03a
user10	673	289	1270656379109	0	0	904e88ecdbb5906c62361166e03a
user10	672	289	1270656379109	0	0	904e88ecdbb5906c62361166e03a
user10	671	289	1270656379125	0	0	904e88ecdbb5906c62361166e03a
user10	670	289	1270656379140	0	0	904e88ecdbb5906c62361166e03a
user10	669	289	1270656379172	0	0	904e88ecdbb5906c62361166e03a
user10	669	288	1270656379172	0	0	904e88ecdbb5906c62361166e03a
user10	668	288	1270656379203	0	0	904e88ecdbb5906c62361166e03a
user10	667	288	1270656379218	0	0	904e88ecdbb5906c62361166e03a
user10	666	288	1270656379234	0	0	904e88ecdbb5906c62361166e03a
user10	666	287	1270656379250	0	0	904e88ecdbb5906c62361166e03a
user10	665	286	1270656379265	0	0	904e88ecdbb5906c62361166e03a
user10	665	284	1270656379265	0	0	904e88ecdbb5906c62361166e03a
user10	665	283	1270656379281	0	0	904e88ecdbb5906c62361166e03a
user10	665	280	1270656379296	0	0	904e88ecdbb5906c62361166e03a
user10	665	277	1270656379296	0	0	904e88ecdbb5906c62361166e03a
user10	664	272	1270656379312	0	0	904e88ecdbb5906c62361166e03a
user10	664	260	1270656379328	0	0	904e88ecdbb5906c62361166e03a
user10	664	253	1270656379328	0	0	904e88ecdbb5906c62361166e03a
user10	664	245	1270656379343	0	0	904e88ecdbb5906c62361166e03a
user10	664	236	1270656379343	0	0	904e88ecdbb5906c62361166e03a
user10	665	227	1270656379359	0	0	904e88ecdbb5906c62361166e03a
user10	665	218	1270656379359	0	0	904e88ecdbb5906c62361166e03a
user10	665	210	1270656379374	0	0	904e88ecdbb5906c62361166e03a
user10	665	202	1270656379390	0	0	904e88ecdbb5906c62361166e03a
user10	665	194	1270656379390	0	0	904e88ecdbb5906c62361166e03a
user10	665	187	1270656379406	0	0	904e88ecdbb5906c62361166e03a
user10	665	181	1270656379406	0	0	904e88ecdbb5906c62361166e03a
user10	665	174	1270656379421	0	0	904e88ecdbb5906c62361166e03a
user10	665	168	1270656379421	0	0	904e88ecdbb5906c62361166e03a
user10	665	167	1270656379437	0	0	904e88ecdbb5906c62361166e03a
user10	665	165	1270656379437	0	0	904e88ecdbb5906c62361166e03a
user10	665	164	1270656379452	0	0	904e88ecdbb5906c62361166e03a
user10	664	164	1270656379593	0	0	904e88ecdbb5906c62361166e03a
user10	664	164	1270656379936	1270656379780	1270656379936	904e88ecdbb5906c62361166e03a
user10	648	170	1270656382292	0	0	904e88ecdbb5906c62361166e03a
user10	648	170	1270656383040	0	0	904e88ecdbb5906c62361166e03a
user10	648	170	1270656385084	1270656384990	1270656385084	904e88ecdbb5906c62361166e03a
user10	648	170	1270656385521	0	0	904e88ecdbb5906c62361166e03a
user10	648	170	1270656386020	0	0	904e88ecdbb5906c62361166e03a
user10	648	170	1270656386316	1270656386207	1270656386316	904e88ecdbb5906c62361166e03a
