User	X	Y	MouseTimeStamp	MouseDownTimeStamp	MouseUpTimeStamp	SessionID
user15	1525	16	1272257302614	0	0	87187751320b4c05e1a86fb0c170
user15	1516	22	1272257302630	0	0	87187751320b4c05e1a86fb0c170
user15	1503	33	1272257302630	0	0	87187751320b4c05e1a86fb0c170
user15	1487	46	1272257302646	0	0	87187751320b4c05e1a86fb0c170
user15	1471	62	1272257302646	0	0	87187751320b4c05e1a86fb0c170
user15	1435	90	1272257302662	0	0	87187751320b4c05e1a86fb0c170
user15	1391	121	1272257302679	0	0	87187751320b4c05e1a86fb0c170
user15	1348	156	1272257302694	0	0	87187751320b4c05e1a86fb0c170
user15	1310	189	1272257302711	0	0	87187751320b4c05e1a86fb0c170
user15	1277	219	1272257302726	0	0	87187751320b4c05e1a86fb0c170
user15	1251	243	1272257302743	0	0	87187751320b4c05e1a86fb0c170
user15	1230	259	1272257302759	0	0	87187751320b4c05e1a86fb0c170
user15	1218	269	1272257302779	0	0	87187751320b4c05e1a86fb0c170
user15	1213	273	1272257302790	0	0	87187751320b4c05e1a86fb0c170
user15	1207	278	1272257302799	0	0	87187751320b4c05e1a86fb0c170
user15	1205	280	1272257302814	0	0	87187751320b4c05e1a86fb0c170
user15	1203	282	1272257302816	0	0	87187751320b4c05e1a86fb0c170
user15	1201	282	1272257302832	0	0	87187751320b4c05e1a86fb0c170
user15	1200	280	1272257302854	0	0	87187751320b4c05e1a86fb0c170
user15	1199	279	1272257302870	0	0	87187751320b4c05e1a86fb0c170
user15	1197	275	1272257302886	0	0	87187751320b4c05e1a86fb0c170
user15	1193	269	1272257302902	0	0	87187751320b4c05e1a86fb0c170
user15	1190	262	1272257302918	0	0	87187751320b4c05e1a86fb0c170
user15	1185	252	1272257302934	0	0	87187751320b4c05e1a86fb0c170
user15	1183	249	1272257302950	0	0	87187751320b4c05e1a86fb0c170
user15	1181	246	1272257302950	0	0	87187751320b4c05e1a86fb0c170
user15	1177	241	1272257302966	0	0	87187751320b4c05e1a86fb0c170
user15	1174	238	1272257302982	0	0	87187751320b4c05e1a86fb0c170
user15	1172	235	1272257302998	0	0	87187751320b4c05e1a86fb0c170
user15	1170	234	1272257303014	0	0	87187751320b4c05e1a86fb0c170
user15	1169	232	1272257303030	0	0	87187751320b4c05e1a86fb0c170
user15	1168	231	1272257303054	0	0	87187751320b4c05e1a86fb0c170
user15	1167	231	1272257303112	0	0	87187751320b4c05e1a86fb0c170
user15	1167	232	1272257303143	0	0	87187751320b4c05e1a86fb0c170
user15	1167	233	1272257303143	0	0	87187751320b4c05e1a86fb0c170
user15	1166	235	1272257303158	0	0	87187751320b4c05e1a86fb0c170
user15	1166	238	1272257303174	0	0	87187751320b4c05e1a86fb0c170
user15	1166	241	1272257303175	0	0	87187751320b4c05e1a86fb0c170
user15	1164	244	1272257303190	0	0	87187751320b4c05e1a86fb0c170
user15	1164	246	1272257303190	0	0	87187751320b4c05e1a86fb0c170
user15	1164	252	1272257303207	0	0	87187751320b4c05e1a86fb0c170
user15	1163	254	1272257303222	0	0	87187751320b4c05e1a86fb0c170
user15	1162	259	1272257303222	0	0	87187751320b4c05e1a86fb0c170
user15	1162	262	1272257303238	0	0	87187751320b4c05e1a86fb0c170
user15	1162	265	1272257303239	0	0	87187751320b4c05e1a86fb0c170
user15	1161	270	1272257303254	0	0	87187751320b4c05e1a86fb0c170
user15	1160	274	1272257303255	0	0	87187751320b4c05e1a86fb0c170
user15	1160	278	1272257303270	0	0	87187751320b4c05e1a86fb0c170
user15	1159	280	1272257303270	0	0	87187751320b4c05e1a86fb0c170
user15	1159	284	1272257303286	0	0	87187751320b4c05e1a86fb0c170
user15	1159	286	1272257303302	0	0	87187751320b4c05e1a86fb0c170
user15	1159	287	1272257303319	0	0	87187751320b4c05e1a86fb0c170
user15	1159	286	1272257303425	0	0	87187751320b4c05e1a86fb0c170
user15	1159	285	1272257303439	0	0	87187751320b4c05e1a86fb0c170
user15	1159	284	1272257303455	0	0	87187751320b4c05e1a86fb0c170
user15	1159	283	1272257303471	0	0	87187751320b4c05e1a86fb0c170
user15	1160	282	1272257303487	0	0	87187751320b4c05e1a86fb0c170
user15	1160	281	1272257303511	0	0	87187751320b4c05e1a86fb0c170
user15	1160	280	1272257303559	0	0	87187751320b4c05e1a86fb0c170
user15	1159	280	1272257303670	0	0	87187751320b4c05e1a86fb0c170
user15	1159	280	1272257303671	1272257303592	1272257303671	87187751320b4c05e1a86fb0c170
user15	1164	280	1272257306823	0	0	87187751320b4c05e1a86fb0c170
user15	1171	279	1272257306838	0	0	87187751320b4c05e1a86fb0c170
user15	1180	277	1272257306854	0	0	87187751320b4c05e1a86fb0c170
user15	1189	273	1272257306870	0	0	87187751320b4c05e1a86fb0c170
user15	1201	268	1272257306886	0	0	87187751320b4c05e1a86fb0c170
user15	1212	264	1272257306902	0	0	87187751320b4c05e1a86fb0c170
user15	1263	240	1272257306999	0	0	87187751320b4c05e1a86fb0c170
user15	1268	238	1272257307014	0	0	87187751320b4c05e1a86fb0c170
user15	1271	237	1272257307030	0	0	87187751320b4c05e1a86fb0c170
user15	1274	236	1272257307031	0	0	87187751320b4c05e1a86fb0c170
user15	1276	235	1272257307046	0	0	87187751320b4c05e1a86fb0c170
user15	1278	235	1272257307047	0	0	87187751320b4c05e1a86fb0c170
user15	1278	234	1272257307074	0	0	87187751320b4c05e1a86fb0c170
user15	1278	235	1272257307142	0	0	87187751320b4c05e1a86fb0c170
user15	1278	238	1272257307158	0	0	87187751320b4c05e1a86fb0c170
user15	1279	238	1272257307190	0	0	87187751320b4c05e1a86fb0c170
user15	1281	238	1272257307206	0	0	87187751320b4c05e1a86fb0c170
user15	1284	238	1272257307222	0	0	87187751320b4c05e1a86fb0c170
user15	1283	238	1272257307310	0	0	87187751320b4c05e1a86fb0c170
user15	1282	237	1272257307335	0	0	87187751320b4c05e1a86fb0c170
user15	1281	236	1272257307350	0	0	87187751320b4c05e1a86fb0c170
user15	1280	235	1272257307368	0	0	87187751320b4c05e1a86fb0c170
user15	1278	234	1272257307382	0	0	87187751320b4c05e1a86fb0c170
user15	1278	233	1272257307398	0	0	87187751320b4c05e1a86fb0c170
user15	1275	233	1272257307414	0	0	87187751320b4c05e1a86fb0c170
user15	1274	232	1272257307430	0	0	87187751320b4c05e1a86fb0c170
user15	1272	230	1272257307446	0	0	87187751320b4c05e1a86fb0c170
user15	1270	229	1272257307462	0	0	87187751320b4c05e1a86fb0c170
user15	1269	229	1272257307478	0	0	87187751320b4c05e1a86fb0c170
user15	1268	228	1272257307479	0	0	87187751320b4c05e1a86fb0c170
user15	1266	227	1272257307495	0	0	87187751320b4c05e1a86fb0c170
user15	1263	227	1272257307510	0	0	87187751320b4c05e1a86fb0c170
user15	1258	227	1272257307529	0	0	87187751320b4c05e1a86fb0c170
user15	1254	227	1272257307542	0	0	87187751320b4c05e1a86fb0c170
user15	1249	226	1272257307550	0	0	87187751320b4c05e1a86fb0c170
user15	1240	226	1272257307551	0	0	87187751320b4c05e1a86fb0c170
user15	1232	226	1272257307566	0	0	87187751320b4c05e1a86fb0c170
user15	1221	226	1272257307567	0	0	87187751320b4c05e1a86fb0c170
user15	1200	228	1272257307583	0	0	87187751320b4c05e1a86fb0c170
user15	1178	233	1272257307598	0	0	87187751320b4c05e1a86fb0c170
user15	1157	241	1272257307614	0	0	87187751320b4c05e1a86fb0c170
user15	1140	248	1272257307630	0	0	87187751320b4c05e1a86fb0c170
user15	1134	252	1272257307646	0	0	87187751320b4c05e1a86fb0c170
user15	1130	255	1272257307647	0	0	87187751320b4c05e1a86fb0c170
user15	1125	259	1272257307662	0	0	87187751320b4c05e1a86fb0c170
user15	1124	260	1272257307678	0	0	87187751320b4c05e1a86fb0c170
user15	1124	261	1272257307679	0	0	87187751320b4c05e1a86fb0c170
user15	1124	262	1272257307695	0	0	87187751320b4c05e1a86fb0c170
user15	1125	263	1272257307696	0	0	87187751320b4c05e1a86fb0c170
user15	1126	265	1272257307710	0	0	87187751320b4c05e1a86fb0c170
user15	1128	265	1272257307726	0	0	87187751320b4c05e1a86fb0c170
user15	1130	265	1272257307743	0	0	87187751320b4c05e1a86fb0c170
user15	1131	265	1272257307759	0	0	87187751320b4c05e1a86fb0c170
user15	1132	265	1272257307774	0	0	87187751320b4c05e1a86fb0c170
user15	1133	265	1272257307776	0	0	87187751320b4c05e1a86fb0c170
user15	1134	265	1272257307790	0	0	87187751320b4c05e1a86fb0c170
user15	1135	265	1272257307823	0	0	87187751320b4c05e1a86fb0c170
user15	1136	265	1272257307846	0	0	87187751320b4c05e1a86fb0c170
user15	1137	265	1272257307863	0	0	87187751320b4c05e1a86fb0c170
user15	1138	265	1272257307878	0	0	87187751320b4c05e1a86fb0c170
user15	1139	265	1272257307894	0	0	87187751320b4c05e1a86fb0c170
user15	1140	265	1272257307910	0	0	87187751320b4c05e1a86fb0c170
user15	1141	264	1272257307926	0	0	87187751320b4c05e1a86fb0c170
user15	1141	263	1272257307950	0	0	87187751320b4c05e1a86fb0c170
user15	1141	262	1272257307966	0	0	87187751320b4c05e1a86fb0c170
user15	1141	261	1272257307998	0	0	87187751320b4c05e1a86fb0c170
user15	1141	260	1272257308014	0	0	87187751320b4c05e1a86fb0c170
user15	1141	259	1272257308030	0	0	87187751320b4c05e1a86fb0c170
user15	1141	258	1272257308046	0	0	87187751320b4c05e1a86fb0c170
user15	1141	257	1272257308070	0	0	87187751320b4c05e1a86fb0c170
user15	1141	256	1272257308086	0	0	87187751320b4c05e1a86fb0c170
user15	1141	255	1272257308102	0	0	87187751320b4c05e1a86fb0c170
user15	1141	254	1272257308118	0	0	87187751320b4c05e1a86fb0c170
user15	1139	252	1272257308136	0	0	87187751320b4c05e1a86fb0c170
user15	1139	251	1272257308150	0	0	87187751320b4c05e1a86fb0c170
user15	1138	249	1272257308151	0	0	87187751320b4c05e1a86fb0c170
user15	1137	247	1272257308166	0	0	87187751320b4c05e1a86fb0c170
user15	1136	246	1272257308182	0	0	87187751320b4c05e1a86fb0c170
user15	1135	245	1272257308183	0	0	87187751320b4c05e1a86fb0c170
user15	1135	244	1272257308199	0	0	87187751320b4c05e1a86fb0c170
user15	1134	244	1272257308200	0	0	87187751320b4c05e1a86fb0c170
user15	1133	243	1272257308214	0	0	87187751320b4c05e1a86fb0c170
user15	1133	242	1272257308215	0	0	87187751320b4c05e1a86fb0c170
user15	1131	242	1272257308230	0	0	87187751320b4c05e1a86fb0c170
user15	1131	241	1272257308231	0	0	87187751320b4c05e1a86fb0c170
user15	1130	240	1272257308246	0	0	87187751320b4c05e1a86fb0c170
user15	1130	239	1272257308262	0	0	87187751320b4c05e1a86fb0c170
user15	1128	238	1272257308278	0	0	87187751320b4c05e1a86fb0c170
user15	1127	237	1272257308294	0	0	87187751320b4c05e1a86fb0c170
user15	1123	235	1272257308310	0	0	87187751320b4c05e1a86fb0c170
user15	1121	235	1272257308326	0	0	87187751320b4c05e1a86fb0c170
user15	1115	232	1272257308336	0	0	87187751320b4c05e1a86fb0c170
user15	1107	230	1272257308352	0	0	87187751320b4c05e1a86fb0c170
user15	1098	228	1272257308366	0	0	87187751320b4c05e1a86fb0c170
user15	1087	228	1272257308382	0	0	87187751320b4c05e1a86fb0c170
user15	1069	228	1272257308398	0	0	87187751320b4c05e1a86fb0c170
user15	1047	228	1272257308414	0	0	87187751320b4c05e1a86fb0c170
user15	1013	237	1272257308430	0	0	87187751320b4c05e1a86fb0c170
user15	975	249	1272257308446	0	0	87187751320b4c05e1a86fb0c170
user15	947	255	1272257308463	0	0	87187751320b4c05e1a86fb0c170
user15	925	262	1272257308478	0	0	87187751320b4c05e1a86fb0c170
user15	911	269	1272257308494	0	0	87187751320b4c05e1a86fb0c170
user15	908	270	1272257308510	0	0	87187751320b4c05e1a86fb0c170
user15	908	271	1272257308542	0	0	87187751320b4c05e1a86fb0c170
user15	910	271	1272257308790	0	0	87187751320b4c05e1a86fb0c170
user15	911	271	1272257308806	0	0	87187751320b4c05e1a86fb0c170
user15	914	269	1272257308807	0	0	87187751320b4c05e1a86fb0c170
user15	917	267	1272257308822	0	0	87187751320b4c05e1a86fb0c170
user15	920	266	1272257308838	0	0	87187751320b4c05e1a86fb0c170
user15	925	264	1272257308855	0	0	87187751320b4c05e1a86fb0c170
user15	926	263	1272257308870	0	0	87187751320b4c05e1a86fb0c170
user15	929	261	1272257308878	0	0	87187751320b4c05e1a86fb0c170
user15	931	259	1272257308894	0	0	87187751320b4c05e1a86fb0c170
user15	935	257	1272257308910	0	0	87187751320b4c05e1a86fb0c170
user15	940	255	1272257308926	0	0	87187751320b4c05e1a86fb0c170
user15	944	253	1272257308942	0	0	87187751320b4c05e1a86fb0c170
user15	950	251	1272257308943	0	0	87187751320b4c05e1a86fb0c170
user15	955	248	1272257308958	0	0	87187751320b4c05e1a86fb0c170
user15	959	247	1272257308966	0	0	87187751320b4c05e1a86fb0c170
user15	966	244	1272257308967	0	0	87187751320b4c05e1a86fb0c170
user15	974	242	1272257308982	0	0	87187751320b4c05e1a86fb0c170
user15	981	239	1272257308983	0	0	87187751320b4c05e1a86fb0c170
user15	989	237	1272257308998	0	0	87187751320b4c05e1a86fb0c170
user15	995	232	1272257308999	0	0	87187751320b4c05e1a86fb0c170
user15	1003	231	1272257309014	0	0	87187751320b4c05e1a86fb0c170
user15	1009	227	1272257309015	0	0	87187751320b4c05e1a86fb0c170
user15	1023	223	1272257309030	0	0	87187751320b4c05e1a86fb0c170
user15	1034	219	1272257309046	0	0	87187751320b4c05e1a86fb0c170
user15	1038	218	1272257309062	0	0	87187751320b4c05e1a86fb0c170
user15	1042	216	1272257309063	0	0	87187751320b4c05e1a86fb0c170
user15	1048	213	1272257309078	0	0	87187751320b4c05e1a86fb0c170
user15	1053	211	1272257309094	0	0	87187751320b4c05e1a86fb0c170
user15	1055	210	1272257309110	0	0	87187751320b4c05e1a86fb0c170
user15	1058	209	1272257309115	0	0	87187751320b4c05e1a86fb0c170
user15	1062	206	1272257309126	0	0	87187751320b4c05e1a86fb0c170
user15	1065	205	1272257309142	0	0	87187751320b4c05e1a86fb0c170
user15	1066	205	1272257309143	0	0	87187751320b4c05e1a86fb0c170
user15	1068	203	1272257309158	0	0	87187751320b4c05e1a86fb0c170
user15	1070	203	1272257309159	0	0	87187751320b4c05e1a86fb0c170
user15	1071	201	1272257309174	0	0	87187751320b4c05e1a86fb0c170
user15	1072	201	1272257309190	0	0	87187751320b4c05e1a86fb0c170
user15	1074	200	1272257309191	0	0	87187751320b4c05e1a86fb0c170
user15	1074	199	1272257309206	0	0	87187751320b4c05e1a86fb0c170
user15	1075	198	1272257309224	0	0	87187751320b4c05e1a86fb0c170
user15	1075	197	1272257309256	0	0	87187751320b4c05e1a86fb0c170
user15	1075	196	1272257309270	0	0	87187751320b4c05e1a86fb0c170
user15	1075	195	1272257309310	0	0	87187751320b4c05e1a86fb0c170
user15	1076	194	1272257309326	0	0	87187751320b4c05e1a86fb0c170
user15	1077	192	1272257309342	0	0	87187751320b4c05e1a86fb0c170
user15	1079	191	1272257309358	0	0	87187751320b4c05e1a86fb0c170
user15	1080	190	1272257309374	0	0	87187751320b4c05e1a86fb0c170
user15	1082	189	1272257309382	0	0	87187751320b4c05e1a86fb0c170
user15	1084	189	1272257309383	0	0	87187751320b4c05e1a86fb0c170
user15	1086	188	1272257309398	0	0	87187751320b4c05e1a86fb0c170
user15	1088	187	1272257309399	0	0	87187751320b4c05e1a86fb0c170
user15	1105	181	1272257309469	0	0	87187751320b4c05e1a86fb0c170
user15	1108	179	1272257309478	0	0	87187751320b4c05e1a86fb0c170
user15	1111	178	1272257309494	0	0	87187751320b4c05e1a86fb0c170
user15	1112	178	1272257309510	0	0	87187751320b4c05e1a86fb0c170
user15	1112	177	1272257309526	0	0	87187751320b4c05e1a86fb0c170
user15	1112	176	1272257309592	0	0	87187751320b4c05e1a86fb0c170
user15	1111	175	1272257309631	0	0	87187751320b4c05e1a86fb0c170
user15	1110	174	1272257309646	0	0	87187751320b4c05e1a86fb0c170
user15	1105	172	1272257309663	0	0	87187751320b4c05e1a86fb0c170
user15	1097	169	1272257309679	0	0	87187751320b4c05e1a86fb0c170
user15	1080	167	1272257309695	0	0	87187751320b4c05e1a86fb0c170
user15	1069	167	1272257309712	0	0	87187751320b4c05e1a86fb0c170
user15	1047	168	1272257309719	0	0	87187751320b4c05e1a86fb0c170
user15	1009	170	1272257309734	0	0	87187751320b4c05e1a86fb0c170
user15	959	177	1272257309751	0	0	87187751320b4c05e1a86fb0c170
user15	893	187	1272257309767	0	0	87187751320b4c05e1a86fb0c170
user15	829	194	1272257309784	0	0	87187751320b4c05e1a86fb0c170
user15	763	197	1272257309800	0	0	87187751320b4c05e1a86fb0c170
user15	706	204	1272257309815	0	0	87187751320b4c05e1a86fb0c170
user15	659	217	1272257309833	0	0	87187751320b4c05e1a86fb0c170
user15	625	224	1272257309847	0	0	87187751320b4c05e1a86fb0c170
user15	602	227	1272257309863	0	0	87187751320b4c05e1a86fb0c170
user15	581	227	1272257309885	0	0	87187751320b4c05e1a86fb0c170
user15	568	227	1272257309895	0	0	87187751320b4c05e1a86fb0c170
user15	556	227	1272257309911	0	0	87187751320b4c05e1a86fb0c170
user15	548	227	1272257309927	0	0	87187751320b4c05e1a86fb0c170
user15	542	228	1272257309943	0	0	87187751320b4c05e1a86fb0c170
user15	539	228	1272257309959	0	0	87187751320b4c05e1a86fb0c170
user15	538	228	1272257310007	0	0	87187751320b4c05e1a86fb0c170
user15	538	227	1272257310023	0	0	87187751320b4c05e1a86fb0c170
user15	538	226	1272257310039	0	0	87187751320b4c05e1a86fb0c170
user15	539	225	1272257310055	0	0	87187751320b4c05e1a86fb0c170
user15	539	224	1272257310071	0	0	87187751320b4c05e1a86fb0c170
user15	540	223	1272257310087	0	0	87187751320b4c05e1a86fb0c170
user15	541	223	1272257310104	0	0	87187751320b4c05e1a86fb0c170
user15	542	222	1272257310119	0	0	87187751320b4c05e1a86fb0c170
user15	543	222	1272257310134	0	0	87187751320b4c05e1a86fb0c170
user15	544	221	1272257310135	0	0	87187751320b4c05e1a86fb0c170
user15	545	221	1272257310150	0	0	87187751320b4c05e1a86fb0c170
user15	546	220	1272257310151	0	0	87187751320b4c05e1a86fb0c170
user15	548	219	1272257310166	0	0	87187751320b4c05e1a86fb0c170
user15	550	219	1272257310167	0	0	87187751320b4c05e1a86fb0c170
user15	552	218	1272257310182	0	0	87187751320b4c05e1a86fb0c170
user15	554	217	1272257310182	0	0	87187751320b4c05e1a86fb0c170
user15	558	216	1272257310198	0	0	87187751320b4c05e1a86fb0c170
user15	559	216	1272257310214	0	0	87187751320b4c05e1a86fb0c170
user15	561	215	1272257310215	0	0	87187751320b4c05e1a86fb0c170
user15	563	215	1272257310230	0	0	87187751320b4c05e1a86fb0c170
user15	564	215	1272257310231	0	0	87187751320b4c05e1a86fb0c170
user15	567	215	1272257310246	0	0	87187751320b4c05e1a86fb0c170
user15	569	215	1272257310262	0	0	87187751320b4c05e1a86fb0c170
user15	570	215	1272257310278	0	0	87187751320b4c05e1a86fb0c170
user15	571	215	1272257310294	0	0	87187751320b4c05e1a86fb0c170
user15	571	214	1272257310326	0	0	87187751320b4c05e1a86fb0c170
user15	571	214	1272257310487	1272257310374	1272257310487	87187751320b4c05e1a86fb0c170
user15	571	215	1272257314998	0	0	87187751320b4c05e1a86fb0c170
user15	571	216	1272257314999	0	0	87187751320b4c05e1a86fb0c170
user15	571	217	1272257315014	0	0	87187751320b4c05e1a86fb0c170
user15	571	218	1272257315038	0	0	87187751320b4c05e1a86fb0c170
user15	583	218	1272257332327	0	0	87187751320b4c05e1a86fb0c170
user15	613	219	1272257332343	0	0	87187751320b4c05e1a86fb0c170
user15	652	223	1272257332359	0	0	87187751320b4c05e1a86fb0c170
user15	680	226	1272257332375	0	0	87187751320b4c05e1a86fb0c170
user15	701	233	1272257332391	0	0	87187751320b4c05e1a86fb0c170
user15	724	243	1272257332410	0	0	87187751320b4c05e1a86fb0c170
user15	745	254	1272257332422	0	0	87187751320b4c05e1a86fb0c170
user15	756	259	1272257332438	0	0	87187751320b4c05e1a86fb0c170
user15	757	260	1272257332455	0	0	87187751320b4c05e1a86fb0c170
user15	758	260	1272257332470	0	0	87187751320b4c05e1a86fb0c170
user15	759	260	1272257332486	0	0	87187751320b4c05e1a86fb0c170
user15	760	260	1272257332502	0	0	87187751320b4c05e1a86fb0c170
user15	761	260	1272257332518	0	0	87187751320b4c05e1a86fb0c170
user15	762	260	1272257332526	0	0	87187751320b4c05e1a86fb0c170
user15	763	260	1272257332542	0	0	87187751320b4c05e1a86fb0c170
user15	763	259	1272257332543	0	0	87187751320b4c05e1a86fb0c170
user15	765	258	1272257332558	0	0	87187751320b4c05e1a86fb0c170
user15	766	258	1272257332574	0	0	87187751320b4c05e1a86fb0c170
user15	767	257	1272257332575	0	0	87187751320b4c05e1a86fb0c170
user15	770	256	1272257332590	0	0	87187751320b4c05e1a86fb0c170
user15	771	254	1272257332606	0	0	87187751320b4c05e1a86fb0c170
user15	773	253	1272257332607	0	0	87187751320b4c05e1a86fb0c170
user15	774	253	1272257332622	0	0	87187751320b4c05e1a86fb0c170
user15	776	252	1272257332623	0	0	87187751320b4c05e1a86fb0c170
user15	778	251	1272257332638	0	0	87187751320b4c05e1a86fb0c170
user15	780	250	1272257332639	0	0	87187751320b4c05e1a86fb0c170
user15	781	249	1272257332654	0	0	87187751320b4c05e1a86fb0c170
user15	782	248	1272257332654	0	0	87187751320b4c05e1a86fb0c170
user15	785	247	1272257332670	0	0	87187751320b4c05e1a86fb0c170
user15	788	246	1272257332686	0	0	87187751320b4c05e1a86fb0c170
user15	790	246	1272257332702	0	0	87187751320b4c05e1a86fb0c170
user15	791	245	1272257332718	0	0	87187751320b4c05e1a86fb0c170
user15	792	245	1272257332718	0	0	87187751320b4c05e1a86fb0c170
user15	795	245	1272257332734	0	0	87187751320b4c05e1a86fb0c170
user15	796	245	1272257332750	0	0	87187751320b4c05e1a86fb0c170
user15	797	245	1272257332751	0	0	87187751320b4c05e1a86fb0c170
user15	800	245	1272257332766	0	0	87187751320b4c05e1a86fb0c170
user15	801	245	1272257332782	0	0	87187751320b4c05e1a86fb0c170
user15	803	245	1272257332798	0	0	87187751320b4c05e1a86fb0c170
user15	804	245	1272257332814	0	0	87187751320b4c05e1a86fb0c170
user15	805	245	1272257332838	0	0	87187751320b4c05e1a86fb0c170
user15	806	245	1272257332854	0	0	87187751320b4c05e1a86fb0c170
user15	807	245	1272257332870	0	0	87187751320b4c05e1a86fb0c170
user15	808	245	1272257332886	0	0	87187751320b4c05e1a86fb0c170
user15	809	245	1272257332902	0	0	87187751320b4c05e1a86fb0c170
user15	810	245	1272257332910	0	0	87187751320b4c05e1a86fb0c170
user15	812	245	1272257332926	0	0	87187751320b4c05e1a86fb0c170
user15	813	245	1272257332943	0	0	87187751320b4c05e1a86fb0c170
user15	813	245	1272257333104	1272257332992	1272257333104	87187751320b4c05e1a86fb0c170
user15	1248	303	1272257386487	0	0	87187751320b4c05e1a86fb0c170
user15	1312	246	1272257386502	0	0	87187751320b4c05e1a86fb0c170
user15	1359	211	1272257386518	0	0	87187751320b4c05e1a86fb0c170
user15	1389	186	1272257386534	0	0	87187751320b4c05e1a86fb0c170
user15	1406	173	1272257386552	0	0	87187751320b4c05e1a86fb0c170
user15	1412	168	1272257386566	0	0	87187751320b4c05e1a86fb0c170
user15	1413	165	1272257386582	0	0	87187751320b4c05e1a86fb0c170
user15	1414	164	1272257386598	0	0	87187751320b4c05e1a86fb0c170
user15	1414	163	1272257386663	0	0	87187751320b4c05e1a86fb0c170
user15	1415	163	1272257386686	0	0	87187751320b4c05e1a86fb0c170
user15	1415	163	1272257386841	1272257386766	1272257386841	87187751320b4c05e1a86fb0c170
user15	1430	147	1272257386977	0	0	87187751320b4c05e1a86fb0c170
user15	1435	140	1272257386982	0	0	87187751320b4c05e1a86fb0c170
user15	1439	133	1272257386982	0	0	87187751320b4c05e1a86fb0c170
user15	1442	128	1272257386998	0	0	87187751320b4c05e1a86fb0c170
user15	1446	121	1272257386998	0	0	87187751320b4c05e1a86fb0c170
user15	1450	115	1272257387013	0	0	87187751320b4c05e1a86fb0c170
user15	1453	108	1272257387022	0	0	87187751320b4c05e1a86fb0c170
user15	1457	101	1272257387022	0	0	87187751320b4c05e1a86fb0c170
user15	1459	94	1272257387038	0	0	87187751320b4c05e1a86fb0c170
user15	1462	89	1272257387038	0	0	87187751320b4c05e1a86fb0c170
user15	1465	82	1272257387054	0	0	87187751320b4c05e1a86fb0c170
user15	1468	74	1272257387054	0	0	87187751320b4c05e1a86fb0c170
user15	1472	63	1272257387070	0	0	87187751320b4c05e1a86fb0c170
user15	1476	56	1272257387086	0	0	87187751320b4c05e1a86fb0c170
user15	1480	50	1272257387102	0	0	87187751320b4c05e1a86fb0c170
user15	1481	47	1272257387118	0	0	87187751320b4c05e1a86fb0c170
user15	1482	45	1272257387118	0	0	87187751320b4c05e1a86fb0c170
user15	1482	43	1272257387134	0	0	87187751320b4c05e1a86fb0c170
user15	1482	41	1272257387134	0	0	87187751320b4c05e1a86fb0c170
user15	1482	38	1272257387150	0	0	87187751320b4c05e1a86fb0c170
user15	1482	36	1272257387166	0	0	87187751320b4c05e1a86fb0c170
user15	1482	35	1272257387182	0	0	87187751320b4c05e1a86fb0c170
user15	1482	34	1272257387199	0	0	87187751320b4c05e1a86fb0c170
user15	1482	33	1272257387214	0	0	87187751320b4c05e1a86fb0c170
user15	1482	31	1272257387230	0	0	87187751320b4c05e1a86fb0c170
user15	1482	30	1272257387246	0	0	87187751320b4c05e1a86fb0c170
user15	1483	28	1272257387246	0	0	87187751320b4c05e1a86fb0c170
user15	1485	25	1272257387262	0	0	87187751320b4c05e1a86fb0c170
user15	1488	20	1272257387278	0	0	87187751320b4c05e1a86fb0c170
user15	1489	16	1272257387294	0	0	87187751320b4c05e1a86fb0c170
user15	1490	14	1272257387310	0	0	87187751320b4c05e1a86fb0c170
user15	1530	16	1272257387975	0	0	87187751320b4c05e1a86fb0c170
user15	1530	19	1272257388001	0	0	87187751320b4c05e1a86fb0c170
user15	1524	21	1272257388166	0	0	87187751320b4c05e1a86fb0c170
user15	1520	21	1272257388182	0	0	87187751320b4c05e1a86fb0c170
user15	1515	21	1272257388182	0	0	87187751320b4c05e1a86fb0c170
user15	1508	21	1272257388198	0	0	87187751320b4c05e1a86fb0c170
user15	1500	21	1272257388206	0	0	87187751320b4c05e1a86fb0c170
user15	1494	21	1272257388222	0	0	87187751320b4c05e1a86fb0c170
user15	1490	21	1272257388238	0	0	87187751320b4c05e1a86fb0c170
user15	1486	22	1272257388254	0	0	87187751320b4c05e1a86fb0c170
user15	1484	24	1272257388270	0	0	87187751320b4c05e1a86fb0c170
user15	1480	25	1272257388270	0	0	87187751320b4c05e1a86fb0c170
user15	1476	26	1272257388286	0	0	87187751320b4c05e1a86fb0c170
user15	1472	27	1272257388286	0	0	87187751320b4c05e1a86fb0c170
user15	1470	28	1272257388303	0	0	87187751320b4c05e1a86fb0c170
user15	1459	33	1272257388310	0	0	87187751320b4c05e1a86fb0c170
user15	1446	37	1272257388326	0	0	87187751320b4c05e1a86fb0c170
user15	1429	44	1272257388342	0	0	87187751320b4c05e1a86fb0c170
user15	1403	53	1272257388359	0	0	87187751320b4c05e1a86fb0c170
user15	1361	66	1272257388374	0	0	87187751320b4c05e1a86fb0c170
user15	1334	76	1272257388390	0	0	87187751320b4c05e1a86fb0c170
user15	1269	98	1272257388399	0	0	87187751320b4c05e1a86fb0c170
user15	1202	125	1272257388415	0	0	87187751320b4c05e1a86fb0c170
user15	1129	160	1272257388431	0	0	87187751320b4c05e1a86fb0c170
user15	1053	191	1272257388449	0	0	87187751320b4c05e1a86fb0c170
user15	979	219	1272257388463	0	0	87187751320b4c05e1a86fb0c170
user15	902	249	1272257388479	0	0	87187751320b4c05e1a86fb0c170
user15	867	256	1272257388494	0	0	87187751320b4c05e1a86fb0c170
user15	837	264	1272257388495	0	0	87187751320b4c05e1a86fb0c170
user15	786	276	1272257388510	0	0	87187751320b4c05e1a86fb0c170
user15	753	285	1272257388528	0	0	87187751320b4c05e1a86fb0c170
user15	739	288	1272257388542	0	0	87187751320b4c05e1a86fb0c170
user15	734	288	1272257388558	0	0	87187751320b4c05e1a86fb0c170
user15	730	288	1272257388558	0	0	87187751320b4c05e1a86fb0c170
user15	729	288	1272257388574	0	0	87187751320b4c05e1a86fb0c170
user15	728	288	1272257388574	0	0	87187751320b4c05e1a86fb0c170
user15	728	287	1272257388630	0	0	87187751320b4c05e1a86fb0c170
user15	728	286	1272257388647	0	0	87187751320b4c05e1a86fb0c170
user15	728	285	1272257388662	0	0	87187751320b4c05e1a86fb0c170
user15	728	284	1272257388662	0	0	87187751320b4c05e1a86fb0c170
user15	728	282	1272257388678	0	0	87187751320b4c05e1a86fb0c170
user15	728	279	1272257388694	0	0	87187751320b4c05e1a86fb0c170
user15	728	278	1272257388710	0	0	87187751320b4c05e1a86fb0c170
user15	728	277	1272257388710	0	0	87187751320b4c05e1a86fb0c170
user15	728	275	1272257388726	0	0	87187751320b4c05e1a86fb0c170
user15	728	274	1272257388743	0	0	87187751320b4c05e1a86fb0c170
user15	728	273	1272257388745	0	0	87187751320b4c05e1a86fb0c170
user15	727	270	1272257388760	0	0	87187751320b4c05e1a86fb0c170
user15	726	266	1272257388774	0	0	87187751320b4c05e1a86fb0c170
user15	725	263	1272257388791	0	0	87187751320b4c05e1a86fb0c170
user15	722	258	1272257388806	0	0	87187751320b4c05e1a86fb0c170
user15	721	254	1272257388822	0	0	87187751320b4c05e1a86fb0c170
user15	720	249	1272257388838	0	0	87187751320b4c05e1a86fb0c170
user15	720	246	1272257388854	0	0	87187751320b4c05e1a86fb0c170
user15	723	243	1272257388870	0	0	87187751320b4c05e1a86fb0c170
user15	732	242	1272257388886	0	0	87187751320b4c05e1a86fb0c170
user15	745	243	1272257388902	0	0	87187751320b4c05e1a86fb0c170
user15	750	248	1272257388918	0	0	87187751320b4c05e1a86fb0c170
user15	758	252	1272257388918	0	0	87187751320b4c05e1a86fb0c170
user15	762	253	1272257388934	0	0	87187751320b4c05e1a86fb0c170
user15	762	254	1272257388951	0	0	87187751320b4c05e1a86fb0c170
user15	762	252	1272257389143	0	0	87187751320b4c05e1a86fb0c170
user15	762	251	1272257389158	0	0	87187751320b4c05e1a86fb0c170
user15	762	249	1272257389158	0	0	87187751320b4c05e1a86fb0c170
user15	762	241	1272257389174	0	0	87187751320b4c05e1a86fb0c170
user15	762	234	1272257389191	0	0	87187751320b4c05e1a86fb0c170
user15	762	228	1272257389191	0	0	87187751320b4c05e1a86fb0c170
user15	762	221	1272257389206	0	0	87187751320b4c05e1a86fb0c170
user15	762	213	1272257389207	0	0	87187751320b4c05e1a86fb0c170
user15	762	202	1272257389222	0	0	87187751320b4c05e1a86fb0c170
user15	762	193	1272257389230	0	0	87187751320b4c05e1a86fb0c170
user15	762	182	1272257389230	0	0	87187751320b4c05e1a86fb0c170
user15	762	172	1272257389246	0	0	87187751320b4c05e1a86fb0c170
user15	762	161	1272257389247	0	0	87187751320b4c05e1a86fb0c170
user15	762	140	1272257389262	0	0	87187751320b4c05e1a86fb0c170
user15	762	129	1272257389278	0	0	87187751320b4c05e1a86fb0c170
user15	762	119	1272257389278	0	0	87187751320b4c05e1a86fb0c170
user15	760	98	1272257389294	0	0	87187751320b4c05e1a86fb0c170
user15	758	91	1272257389310	0	0	87187751320b4c05e1a86fb0c170
user15	756	86	1272257389310	0	0	87187751320b4c05e1a86fb0c170
user15	753	82	1272257389326	0	0	87187751320b4c05e1a86fb0c170
user15	752	81	1272257389326	0	0	87187751320b4c05e1a86fb0c170
user15	750	80	1272257389342	0	0	87187751320b4c05e1a86fb0c170
user15	750	79	1272257389343	0	0	87187751320b4c05e1a86fb0c170
user15	749	79	1272257389369	0	0	87187751320b4c05e1a86fb0c170
user15	748	79	1272257389430	0	0	87187751320b4c05e1a86fb0c170
user15	747	79	1272257389448	0	0	87187751320b4c05e1a86fb0c170
user15	744	79	1272257389462	0	0	87187751320b4c05e1a86fb0c170
user15	741	79	1272257389478	0	0	87187751320b4c05e1a86fb0c170
user15	737	79	1272257389494	0	0	87187751320b4c05e1a86fb0c170
user15	734	79	1272257389510	0	0	87187751320b4c05e1a86fb0c170
user15	730	79	1272257389526	0	0	87187751320b4c05e1a86fb0c170
user15	729	78	1272257389542	0	0	87187751320b4c05e1a86fb0c170
user15	727	77	1272257389542	0	0	87187751320b4c05e1a86fb0c170
user15	726	76	1272257389558	0	0	87187751320b4c05e1a86fb0c170
user15	724	74	1272257389574	0	0	87187751320b4c05e1a86fb0c170
user15	723	73	1272257389590	0	0	87187751320b4c05e1a86fb0c170
user15	721	72	1272257389606	0	0	87187751320b4c05e1a86fb0c170
user15	721	71	1272257389622	0	0	87187751320b4c05e1a86fb0c170
user15	720	70	1272257389623	0	0	87187751320b4c05e1a86fb0c170
user15	719	69	1272257389638	0	0	87187751320b4c05e1a86fb0c170
user15	719	67	1272257389655	0	0	87187751320b4c05e1a86fb0c170
user15	718	66	1272257389670	0	0	87187751320b4c05e1a86fb0c170
user15	717	65	1272257389686	0	0	87187751320b4c05e1a86fb0c170
user15	716	64	1272257389710	0	0	87187751320b4c05e1a86fb0c170
user15	715	64	1272257389886	0	0	87187751320b4c05e1a86fb0c170
user15	714	63	1272257389902	0	0	87187751320b4c05e1a86fb0c170
user15	713	62	1272257389918	0	0	87187751320b4c05e1a86fb0c170
user15	713	61	1272257389934	0	0	87187751320b4c05e1a86fb0c170
user15	712	60	1272257389959	0	0	87187751320b4c05e1a86fb0c170
user15	711	60	1272257389983	0	0	87187751320b4c05e1a86fb0c170
user15	711	59	1272257389998	0	0	87187751320b4c05e1a86fb0c170
user15	710	59	1272257389999	0	0	87187751320b4c05e1a86fb0c170
user15	710	58	1272257390031	0	0	87187751320b4c05e1a86fb0c170
user15	713	57	1272257390078	0	0	87187751320b4c05e1a86fb0c170
user15	730	56	1272257390094	0	0	87187751320b4c05e1a86fb0c170
user15	766	46	1272257390111	0	0	87187751320b4c05e1a86fb0c170
user15	800	40	1272257390126	0	0	87187751320b4c05e1a86fb0c170
user15	836	31	1272257390127	0	0	87187751320b4c05e1a86fb0c170
user15	874	25	1272257390142	0	0	87187751320b4c05e1a86fb0c170
user15	913	17	1272257390150	0	0	87187751320b4c05e1a86fb0c170
user15	957	11	1272257390151	0	0	87187751320b4c05e1a86fb0c170
user15	1559	33	1272257654670	0	0	87187751320b4c05e1a86fb0c170
user15	1549	72	1272257654686	0	0	87187751320b4c05e1a86fb0c170
user15	1536	120	1272257654702	0	0	87187751320b4c05e1a86fb0c170
user15	1532	169	1272257654718	0	0	87187751320b4c05e1a86fb0c170
user15	1529	210	1272257654734	0	0	87187751320b4c05e1a86fb0c170
user15	1528	225	1272257654751	0	0	87187751320b4c05e1a86fb0c170
user15	1528	236	1272257654753	0	0	87187751320b4c05e1a86fb0c170
user15	1528	247	1272257654766	0	0	87187751320b4c05e1a86fb0c170
user15	1527	255	1272257654766	0	0	87187751320b4c05e1a86fb0c170
user15	1527	261	1272257654782	0	0	87187751320b4c05e1a86fb0c170
user15	1526	266	1272257654790	0	0	87187751320b4c05e1a86fb0c170
user15	1524	272	1272257654790	0	0	87187751320b4c05e1a86fb0c170
user15	1523	275	1272257654806	0	0	87187751320b4c05e1a86fb0c170
user15	1522	280	1272257654806	0	0	87187751320b4c05e1a86fb0c170
user15	1522	281	1272257654834	0	0	87187751320b4c05e1a86fb0c170
user15	1523	280	1272257654991	0	0	87187751320b4c05e1a86fb0c170
user15	1524	279	1272257655006	0	0	87187751320b4c05e1a86fb0c170
user15	1526	276	1272257655023	0	0	87187751320b4c05e1a86fb0c170
user15	1528	273	1272257655039	0	0	87187751320b4c05e1a86fb0c170
user15	1534	264	1272257655056	0	0	87187751320b4c05e1a86fb0c170
user15	1536	259	1272257655070	0	0	87187751320b4c05e1a86fb0c170
user15	1539	254	1272257655073	0	0	87187751320b4c05e1a86fb0c170
user15	1548	244	1272257655087	0	0	87187751320b4c05e1a86fb0c170
user15	1556	231	1272257655103	0	0	87187751320b4c05e1a86fb0c170
user15	1565	212	1272257655118	0	0	87187751320b4c05e1a86fb0c170
user15	1570	200	1272257655135	0	0	87187751320b4c05e1a86fb0c170
user15	1575	189	1272257655136	0	0	87187751320b4c05e1a86fb0c170
user15	1581	166	1272257655151	0	0	87187751320b4c05e1a86fb0c170
user15	1587	135	1272257655167	0	0	87187751320b4c05e1a86fb0c170
user15	1591	110	1272257655185	0	0	87187751320b4c05e1a86fb0c170
user15	1594	92	1272257655199	0	0	87187751320b4c05e1a86fb0c170
user15	1596	86	1272257655214	0	0	87187751320b4c05e1a86fb0c170
user15	1597	82	1272257655215	0	0	87187751320b4c05e1a86fb0c170
user15	1597	74	1272257655230	0	0	87187751320b4c05e1a86fb0c170
user15	1598	67	1272257655247	0	0	87187751320b4c05e1a86fb0c170
user15	1599	64	1272257655262	0	0	87187751320b4c05e1a86fb0c170
user15	1601	60	1272257655263	0	0	87187751320b4c05e1a86fb0c170
user15	1605	54	1272257655278	0	0	87187751320b4c05e1a86fb0c170
user15	1609	51	1272257655294	0	0	87187751320b4c05e1a86fb0c170
user15	1612	47	1272257655310	0	0	87187751320b4c05e1a86fb0c170
user15	1614	46	1272257655326	0	0	87187751320b4c05e1a86fb0c170
user15	1614	45	1272257655342	0	0	87187751320b4c05e1a86fb0c170
user15	1615	44	1272257655343	0	0	87187751320b4c05e1a86fb0c170
user15	1618	41	1272257655358	0	0	87187751320b4c05e1a86fb0c170
user15	1621	38	1272257655374	0	0	87187751320b4c05e1a86fb0c170
user15	1624	36	1272257655390	0	0	87187751320b4c05e1a86fb0c170
user15	1625	34	1272257655391	0	0	87187751320b4c05e1a86fb0c170
user15	1626	33	1272257655406	0	0	87187751320b4c05e1a86fb0c170
user15	1630	29	1272257655414	0	0	87187751320b4c05e1a86fb0c170
user15	1631	27	1272257655430	0	0	87187751320b4c05e1a86fb0c170
user15	1632	26	1272257655431	0	0	87187751320b4c05e1a86fb0c170
user15	1635	23	1272257655446	0	0	87187751320b4c05e1a86fb0c170
user15	1635	22	1272257655462	0	0	87187751320b4c05e1a86fb0c170
user15	1638	18	1272257655470	0	0	87187751320b4c05e1a86fb0c170
user15	1640	15	1272257655486	0	0	87187751320b4c05e1a86fb0c170
user15	1039	23	1272257655807	0	0	87187751320b4c05e1a86fb0c170
user15	770	149	1272257655874	0	0	87187751320b4c05e1a86fb0c170
user15	745	177	1272257655879	0	0	87187751320b4c05e1a86fb0c170
user15	741	189	1272257655895	0	0	87187751320b4c05e1a86fb0c170
user15	741	199	1272257655896	0	0	87187751320b4c05e1a86fb0c170
user15	747	219	1272257655911	0	0	87187751320b4c05e1a86fb0c170
user15	764	239	1272257655927	0	0	87187751320b4c05e1a86fb0c170
user15	792	256	1272257655943	0	0	87187751320b4c05e1a86fb0c170
user15	800	259	1272257655959	0	0	87187751320b4c05e1a86fb0c170
user15	800	255	1272257656207	0	0	87187751320b4c05e1a86fb0c170
user15	800	254	1272257656222	0	0	87187751320b4c05e1a86fb0c170
user15	797	249	1272257656238	0	0	87187751320b4c05e1a86fb0c170
user15	795	249	1272257656254	0	0	87187751320b4c05e1a86fb0c170
user15	794	250	1272257656270	0	0	87187751320b4c05e1a86fb0c170
user15	793	254	1272257656270	0	0	87187751320b4c05e1a86fb0c170
user15	792	261	1272257656286	0	0	87187751320b4c05e1a86fb0c170
user15	792	272	1272257656294	0	0	87187751320b4c05e1a86fb0c170
user15	789	292	1272257656294	0	0	87187751320b4c05e1a86fb0c170
user15	780	369	1272257656310	0	0	87187751320b4c05e1a86fb0c170
user15	770	423	1272257656326	0	0	87187751320b4c05e1a86fb0c170
user15	765	480	1272257656326	0	0	87187751320b4c05e1a86fb0c170
user15	765	536	1272257656342	0	0	87187751320b4c05e1a86fb0c170
user15	765	588	1272257656343	0	0	87187751320b4c05e1a86fb0c170
user15	765	670	1272257656358	0	0	87187751320b4c05e1a86fb0c170
user15	767	703	1272257656374	0	0	87187751320b4c05e1a86fb0c170
user15	773	721	1272257656374	0	0	87187751320b4c05e1a86fb0c170
user15	778	728	1272257656390	0	0	87187751320b4c05e1a86fb0c170
user15	781	731	1272257656391	0	0	87187751320b4c05e1a86fb0c170
user15	785	736	1272257656406	0	0	87187751320b4c05e1a86fb0c170
user15	786	736	1272257656422	0	0	87187751320b4c05e1a86fb0c170
user15	788	737	1272257656422	0	0	87187751320b4c05e1a86fb0c170
user15	790	739	1272257656438	0	0	87187751320b4c05e1a86fb0c170
user15	793	739	1272257656454	0	0	87187751320b4c05e1a86fb0c170
user15	794	739	1272257656470	0	0	87187751320b4c05e1a86fb0c170
user15	796	737	1272257656470	0	0	87187751320b4c05e1a86fb0c170
user15	796	733	1272257656713	0	0	87187751320b4c05e1a86fb0c170
user15	796	731	1272257656740	0	0	87187751320b4c05e1a86fb0c170
user15	794	730	1272257656767	0	0	87187751320b4c05e1a86fb0c170
user15	792	731	1272257656782	0	0	87187751320b4c05e1a86fb0c170
user15	791	736	1272257656798	0	0	87187751320b4c05e1a86fb0c170
user15	791	746	1272257656814	0	0	87187751320b4c05e1a86fb0c170
user15	801	762	1272257656830	0	0	87187751320b4c05e1a86fb0c170
user15	806	771	1272257656846	0	0	87187751320b4c05e1a86fb0c170
user15	816	784	1272257656846	0	0	87187751320b4c05e1a86fb0c170
user15	826	794	1272257656862	0	0	87187751320b4c05e1a86fb0c170
user15	833	803	1272257656862	0	0	87187751320b4c05e1a86fb0c170
user15	846	816	1272257656878	0	0	87187751320b4c05e1a86fb0c170
user15	853	822	1272257656878	0	0	87187751320b4c05e1a86fb0c170
user15	869	834	1272257656894	0	0	87187751320b4c05e1a86fb0c170
user15	1020	822	1272257657111	0	0	87187751320b4c05e1a86fb0c170
user15	1035	808	1272257657126	0	0	87187751320b4c05e1a86fb0c170
user15	1049	793	1272257657126	0	0	87187751320b4c05e1a86fb0c170
user15	1064	777	1272257657142	0	0	87187751320b4c05e1a86fb0c170
user15	1078	761	1272257657142	0	0	87187751320b4c05e1a86fb0c170
user15	1092	741	1272257657158	0	0	87187751320b4c05e1a86fb0c170
user15	1124	685	1272257657166	0	0	87187751320b4c05e1a86fb0c170
user15	1136	652	1272257657182	0	0	87187751320b4c05e1a86fb0c170
user15	1145	618	1272257657183	0	0	87187751320b4c05e1a86fb0c170
user15	1154	544	1272257657198	0	0	87187751320b4c05e1a86fb0c170
user15	1154	475	1272257657214	0	0	87187751320b4c05e1a86fb0c170
user15	1149	423	1272257657230	0	0	87187751320b4c05e1a86fb0c170
user15	1139	406	1272257657246	0	0	87187751320b4c05e1a86fb0c170
user15	1134	394	1272257657254	0	0	87187751320b4c05e1a86fb0c170
user15	1130	384	1272257657254	0	0	87187751320b4c05e1a86fb0c170
user15	1125	366	1272257657270	0	0	87187751320b4c05e1a86fb0c170
user15	1124	355	1272257657286	0	0	87187751320b4c05e1a86fb0c170
user15	1124	345	1272257657287	0	0	87187751320b4c05e1a86fb0c170
user15	1122	335	1272257657302	0	0	87187751320b4c05e1a86fb0c170
user15	1117	326	1272257657302	0	0	87187751320b4c05e1a86fb0c170
user15	1107	315	1272257657318	0	0	87187751320b4c05e1a86fb0c170
user15	1098	309	1272257657351	0	0	87187751320b4c05e1a86fb0c170
user15	1097	309	1272257657558	0	0	87187751320b4c05e1a86fb0c170
user15	1100	309	1272257657574	0	0	87187751320b4c05e1a86fb0c170
user15	1102	307	1272257657593	0	0	87187751320b4c05e1a86fb0c170
user15	1106	306	1272257657606	0	0	87187751320b4c05e1a86fb0c170
user15	1113	299	1272257657622	0	0	87187751320b4c05e1a86fb0c170
user15	1118	293	1272257657638	0	0	87187751320b4c05e1a86fb0c170
user15	1124	284	1272257657639	0	0	87187751320b4c05e1a86fb0c170
user15	1135	272	1272257657654	0	0	87187751320b4c05e1a86fb0c170
user15	1144	257	1272257657655	0	0	87187751320b4c05e1a86fb0c170
user15	1158	239	1272257657670	0	0	87187751320b4c05e1a86fb0c170
user15	1171	219	1272257657671	0	0	87187751320b4c05e1a86fb0c170
user15	1204	159	1272257657686	0	0	87187751320b4c05e1a86fb0c170
user15	1243	89	1272257657705	0	0	87187751320b4c05e1a86fb0c170
user15	1260	63	1272257657718	0	0	87187751320b4c05e1a86fb0c170
user15	1277	41	1272257657719	0	0	87187751320b4c05e1a86fb0c170
user15	1306	12	1272257657734	0	0	87187751320b4c05e1a86fb0c170
user15	1464	26	1272258168382	0	0	87187751320b4c05e1a86fb0c170
user15	1457	62	1272258168398	0	0	87187751320b4c05e1a86fb0c170
user15	1456	104	1272258168414	0	0	87187751320b4c05e1a86fb0c170
user15	1456	125	1272258168430	0	0	87187751320b4c05e1a86fb0c170
user15	1458	146	1272258168430	0	0	87187751320b4c05e1a86fb0c170
user15	1460	178	1272258168446	0	0	87187751320b4c05e1a86fb0c170
user15	1463	197	1272258168461	0	0	87187751320b4c05e1a86fb0c170
user15	1466	209	1272258168478	0	0	87187751320b4c05e1a86fb0c170
user15	1466	207	1272258168791	0	0	87187751320b4c05e1a86fb0c170
user15	1466	204	1272258168806	0	0	87187751320b4c05e1a86fb0c170
user15	1466	200	1272258168822	0	0	87187751320b4c05e1a86fb0c170
user15	1466	197	1272258168838	0	0	87187751320b4c05e1a86fb0c170
user15	1466	192	1272258168854	0	0	87187751320b4c05e1a86fb0c170
user15	1467	184	1272258168870	0	0	87187751320b4c05e1a86fb0c170
user15	1467	175	1272258168886	0	0	87187751320b4c05e1a86fb0c170
user15	1464	160	1272258168902	0	0	87187751320b4c05e1a86fb0c170
user15	1458	138	1272258168918	0	0	87187751320b4c05e1a86fb0c170
user15	1457	124	1272258168933	0	0	87187751320b4c05e1a86fb0c170
user15	1450	108	1272258168934	0	0	87187751320b4c05e1a86fb0c170
user15	1443	92	1272258168949	0	0	87187751320b4c05e1a86fb0c170
user15	1437	76	1272258168950	0	0	87187751320b4c05e1a86fb0c170
user15	1431	64	1272258168965	0	0	87187751320b4c05e1a86fb0c170
user15	1425	52	1272258168966	0	0	87187751320b4c05e1a86fb0c170
user15	1419	41	1272258168981	0	0	87187751320b4c05e1a86fb0c170
user15	1414	32	1272258168982	0	0	87187751320b4c05e1a86fb0c170
user15	1409	27	1272258168997	0	0	87187751320b4c05e1a86fb0c170
user15	1404	22	1272258168998	0	0	87187751320b4c05e1a86fb0c170
user15	1395	13	1272258169014	0	0	87187751320b4c05e1a86fb0c170
user15	1136	38	1272270470726	0	0	87187751320b4c05e1a86fb0c170
user15	1073	59	1272270470741	0	0	87187751320b4c05e1a86fb0c170
user15	1012	80	1272270470741	0	0	87187751320b4c05e1a86fb0c170
user15	962	100	1272270470757	0	0	87187751320b4c05e1a86fb0c170
user15	919	120	1272270470757	0	0	87187751320b4c05e1a86fb0c170
user15	882	137	1272270470773	0	0	87187751320b4c05e1a86fb0c170
user15	848	152	1272270470773	0	0	87187751320b4c05e1a86fb0c170
user15	827	164	1272270470789	0	0	87187751320b4c05e1a86fb0c170
user15	810	174	1272270470790	0	0	87187751320b4c05e1a86fb0c170
user15	794	182	1272270470805	0	0	87187751320b4c05e1a86fb0c170
user15	790	184	1272270470821	0	0	87187751320b4c05e1a86fb0c170
user15	789	185	1272270470821	0	0	87187751320b4c05e1a86fb0c170
user15	790	184	1272270470861	0	0	87187751320b4c05e1a86fb0c170
user15	791	182	1272270470862	0	0	87187751320b4c05e1a86fb0c170
user15	793	177	1272270470877	0	0	87187751320b4c05e1a86fb0c170
user15	795	171	1272270470878	0	0	87187751320b4c05e1a86fb0c170
user15	800	159	1272270470893	0	0	87187751320b4c05e1a86fb0c170
user15	802	148	1272270470909	0	0	87187751320b4c05e1a86fb0c170
user15	802	133	1272270470925	0	0	87187751320b4c05e1a86fb0c170
user15	802	125	1272270470942	0	0	87187751320b4c05e1a86fb0c170
user15	801	117	1272270470949	0	0	87187751320b4c05e1a86fb0c170
user15	801	109	1272270470957	0	0	87187751320b4c05e1a86fb0c170
user15	799	103	1272270470957	0	0	87187751320b4c05e1a86fb0c170
user15	793	93	1272270470973	0	0	87187751320b4c05e1a86fb0c170
user15	788	88	1272270470989	0	0	87187751320b4c05e1a86fb0c170
user15	786	86	1272270471005	0	0	87187751320b4c05e1a86fb0c170
user15	783	85	1272270471005	0	0	87187751320b4c05e1a86fb0c170
user15	777	84	1272270471021	0	0	87187751320b4c05e1a86fb0c170
user15	774	84	1272270471037	0	0	87187751320b4c05e1a86fb0c170
user15	772	84	1272270471037	0	0	87187751320b4c05e1a86fb0c170
user15	768	84	1272270471053	0	0	87187751320b4c05e1a86fb0c170
user15	763	84	1272270471053	0	0	87187751320b4c05e1a86fb0c170
user15	756	82	1272270471069	0	0	87187751320b4c05e1a86fb0c170
user15	746	78	1272270471085	0	0	87187751320b4c05e1a86fb0c170
user15	734	74	1272270471101	0	0	87187751320b4c05e1a86fb0c170
user15	720	67	1272270471119	0	0	87187751320b4c05e1a86fb0c170
user15	710	61	1272270471133	0	0	87187751320b4c05e1a86fb0c170
user15	702	55	1272270471149	0	0	87187751320b4c05e1a86fb0c170
user15	698	51	1272270471165	0	0	87187751320b4c05e1a86fb0c170
user15	697	50	1272270471181	0	0	87187751320b4c05e1a86fb0c170
user15	697	49	1272270471182	0	0	87187751320b4c05e1a86fb0c170
user15	697	48	1272270471197	0	0	87187751320b4c05e1a86fb0c170
user15	697	47	1272270471213	0	0	87187751320b4c05e1a86fb0c170
user15	697	46	1272270471237	0	0	87187751320b4c05e1a86fb0c170
user15	697	46	1272270471391	1272270471295	1272270471391	87187751320b4c05e1a86fb0c170
user15	701	206	1272270474262	0	0	87187751320b4c05e1a86fb0c170
user15	708	215	1272270474280	0	0	87187751320b4c05e1a86fb0c170
user15	710	218	1272270474293	0	0	87187751320b4c05e1a86fb0c170
user15	710	217	1272270474768	0	0	87187751320b4c05e1a86fb0c170
user15	709	217	1272270474789	0	0	87187751320b4c05e1a86fb0c170
user15	707	217	1272270474805	0	0	87187751320b4c05e1a86fb0c170
user15	704	218	1272270474822	0	0	87187751320b4c05e1a86fb0c170
user15	699	222	1272270474838	0	0	87187751320b4c05e1a86fb0c170
user15	692	231	1272270474854	0	0	87187751320b4c05e1a86fb0c170
user15	682	241	1272270474870	0	0	87187751320b4c05e1a86fb0c170
user15	672	253	1272270474886	0	0	87187751320b4c05e1a86fb0c170
user15	664	265	1272270474902	0	0	87187751320b4c05e1a86fb0c170
user15	657	274	1272270474918	0	0	87187751320b4c05e1a86fb0c170
user15	651	284	1272270474934	0	0	87187751320b4c05e1a86fb0c170
user15	646	289	1272270474950	0	0	87187751320b4c05e1a86fb0c170
user15	642	293	1272270474965	0	0	87187751320b4c05e1a86fb0c170
user15	639	296	1272270474983	0	0	87187751320b4c05e1a86fb0c170
user15	638	297	1272270474997	0	0	87187751320b4c05e1a86fb0c170
user15	636	297	1272270474998	0	0	87187751320b4c05e1a86fb0c170
user15	635	297	1272270475013	0	0	87187751320b4c05e1a86fb0c170
user15	634	297	1272270475037	0	0	87187751320b4c05e1a86fb0c170
user15	633	297	1272270475061	0	0	87187751320b4c05e1a86fb0c170
user15	632	299	1272270475077	0	0	87187751320b4c05e1a86fb0c170
user15	630	303	1272270475094	0	0	87187751320b4c05e1a86fb0c170
user15	628	308	1272270475109	0	0	87187751320b4c05e1a86fb0c170
user15	624	315	1272270475125	0	0	87187751320b4c05e1a86fb0c170
user15	623	317	1272270475141	0	0	87187751320b4c05e1a86fb0c170
user15	622	322	1272270475142	0	0	87187751320b4c05e1a86fb0c170
user15	621	330	1272270475157	0	0	87187751320b4c05e1a86fb0c170
user15	620	335	1272270475173	0	0	87187751320b4c05e1a86fb0c170
user15	619	340	1272270475189	0	0	87187751320b4c05e1a86fb0c170
user15	619	344	1272270475207	0	0	87187751320b4c05e1a86fb0c170
user15	619	346	1272270475221	0	0	87187751320b4c05e1a86fb0c170
user15	619	347	1272270475237	0	0	87187751320b4c05e1a86fb0c170
user15	619	348	1272270475253	0	0	87187751320b4c05e1a86fb0c170
user15	619	347	1272270475325	0	0	87187751320b4c05e1a86fb0c170
user15	619	345	1272270475341	0	0	87187751320b4c05e1a86fb0c170
user15	621	344	1272270475357	0	0	87187751320b4c05e1a86fb0c170
user15	621	342	1272270475358	0	0	87187751320b4c05e1a86fb0c170
user15	623	335	1272270475373	0	0	87187751320b4c05e1a86fb0c170
user15	625	332	1272270475389	0	0	87187751320b4c05e1a86fb0c170
user15	627	328	1272270475390	0	0	87187751320b4c05e1a86fb0c170
user15	629	323	1272270475405	0	0	87187751320b4c05e1a86fb0c170
user15	633	319	1272270475413	0	0	87187751320b4c05e1a86fb0c170
user15	636	314	1272270475413	0	0	87187751320b4c05e1a86fb0c170
user15	641	309	1272270475429	0	0	87187751320b4c05e1a86fb0c170
user15	645	303	1272270475430	0	0	87187751320b4c05e1a86fb0c170
user15	650	295	1272270475445	0	0	87187751320b4c05e1a86fb0c170
user15	660	286	1272270475446	0	0	87187751320b4c05e1a86fb0c170
user15	669	275	1272270475461	0	0	87187751320b4c05e1a86fb0c170
user15	679	265	1272270475462	0	0	87187751320b4c05e1a86fb0c170
user15	706	236	1272270475477	0	0	87187751320b4c05e1a86fb0c170
user15	720	222	1272270475493	0	0	87187751320b4c05e1a86fb0c170
user15	735	207	1272270475493	0	0	87187751320b4c05e1a86fb0c170
user15	756	187	1272270475510	0	0	87187751320b4c05e1a86fb0c170
user15	766	176	1272270475526	0	0	87187751320b4c05e1a86fb0c170
user15	771	171	1272270475544	0	0	87187751320b4c05e1a86fb0c170
user15	774	167	1272270475558	0	0	87187751320b4c05e1a86fb0c170
user15	774	164	1272270475574	0	0	87187751320b4c05e1a86fb0c170
user15	774	161	1272270475590	0	0	87187751320b4c05e1a86fb0c170
user15	773	159	1272270475606	0	0	87187751320b4c05e1a86fb0c170
user15	771	156	1272270475623	0	0	87187751320b4c05e1a86fb0c170
user15	768	153	1272270475638	0	0	87187751320b4c05e1a86fb0c170
user15	764	149	1272270475653	0	0	87187751320b4c05e1a86fb0c170
user15	761	146	1272270475669	0	0	87187751320b4c05e1a86fb0c170
user15	758	143	1272270475669	0	0	87187751320b4c05e1a86fb0c170
user15	755	141	1272270475685	0	0	87187751320b4c05e1a86fb0c170
user15	751	137	1272270475685	0	0	87187751320b4c05e1a86fb0c170
user15	748	133	1272270475701	0	0	87187751320b4c05e1a86fb0c170
user15	743	129	1272270475701	0	0	87187751320b4c05e1a86fb0c170
user15	741	126	1272270475717	0	0	87187751320b4c05e1a86fb0c170
user15	737	123	1272270475718	0	0	87187751320b4c05e1a86fb0c170
user15	734	120	1272270475733	0	0	87187751320b4c05e1a86fb0c170
user15	732	117	1272270475733	0	0	87187751320b4c05e1a86fb0c170
user15	730	112	1272270475750	0	0	87187751320b4c05e1a86fb0c170
user15	729	111	1272270475765	0	0	87187751320b4c05e1a86fb0c170
user15	729	109	1272270475766	0	0	87187751320b4c05e1a86fb0c170
user15	729	106	1272270475781	0	0	87187751320b4c05e1a86fb0c170
user15	729	105	1272270475797	0	0	87187751320b4c05e1a86fb0c170
user15	730	103	1272270475797	0	0	87187751320b4c05e1a86fb0c170
user15	733	100	1272270475813	0	0	87187751320b4c05e1a86fb0c170
user15	734	98	1272270475829	0	0	87187751320b4c05e1a86fb0c170
user15	737	96	1272270475829	0	0	87187751320b4c05e1a86fb0c170
user15	739	95	1272270475845	0	0	87187751320b4c05e1a86fb0c170
user15	741	92	1272270475846	0	0	87187751320b4c05e1a86fb0c170
user15	745	88	1272270475862	0	0	87187751320b4c05e1a86fb0c170
user15	747	86	1272270475877	0	0	87187751320b4c05e1a86fb0c170
user15	749	84	1272270475877	0	0	87187751320b4c05e1a86fb0c170
user15	753	81	1272270475893	0	0	87187751320b4c05e1a86fb0c170
user15	755	80	1272270475909	0	0	87187751320b4c05e1a86fb0c170
user15	758	77	1272270475917	0	0	87187751320b4c05e1a86fb0c170
user15	760	76	1272270475933	0	0	87187751320b4c05e1a86fb0c170
user15	761	76	1272270475933	0	0	87187751320b4c05e1a86fb0c170
user15	764	74	1272270475949	0	0	87187751320b4c05e1a86fb0c170
user15	767	73	1272270475965	0	0	87187751320b4c05e1a86fb0c170
user15	769	72	1272270475981	0	0	87187751320b4c05e1a86fb0c170
user15	770	72	1272270475982	0	0	87187751320b4c05e1a86fb0c170
user15	773	70	1272270475997	0	0	87187751320b4c05e1a86fb0c170
user15	775	70	1272270476013	0	0	87187751320b4c05e1a86fb0c170
user15	777	68	1272270476014	0	0	87187751320b4c05e1a86fb0c170
user15	780	67	1272270476029	0	0	87187751320b4c05e1a86fb0c170
user15	783	64	1272270476045	0	0	87187751320b4c05e1a86fb0c170
user15	786	61	1272270476061	0	0	87187751320b4c05e1a86fb0c170
user15	788	61	1272270476077	0	0	87187751320b4c05e1a86fb0c170
user15	789	60	1272270476078	0	0	87187751320b4c05e1a86fb0c170
user15	790	58	1272270476093	0	0	87187751320b4c05e1a86fb0c170
user15	791	57	1272270476109	0	0	87187751320b4c05e1a86fb0c170
user15	791	56	1272270476117	0	0	87187751320b4c05e1a86fb0c170
user15	791	55	1272270476117	0	0	87187751320b4c05e1a86fb0c170
user15	791	54	1272270476149	0	0	87187751320b4c05e1a86fb0c170
user15	791	53	1272270476183	0	0	87187751320b4c05e1a86fb0c170
user15	791	53	1272270476319	1272270476150	1272270476319	87187751320b4c05e1a86fb0c170
