User	X	Y	MouseTimeStamp	MouseDownTimeStamp	MouseUpTimeStamp	SessionID
user4	865	81	1272900028856	0	0	ec0d6c01acf93cc2c3adc4eab7eb
user4	865	81	1272900029341	0	0	ec0d6c01acf93cc2c3adc4eab7eb
user4	864	81	1272900029622	0	0	ec0d6c01acf93cc2c3adc4eab7eb
user4	863	82	1272900029653	0	0	ec0d6c01acf93cc2c3adc4eab7eb
user4	862	83	1272900029669	0	0	ec0d6c01acf93cc2c3adc4eab7eb
user4	860	84	1272900029700	0	0	ec0d6c01acf93cc2c3adc4eab7eb
user4	859	86	1272900029716	0	0	ec0d6c01acf93cc2c3adc4eab7eb
user4	858	87	1272900029731	0	0	ec0d6c01acf93cc2c3adc4eab7eb
user4	857	88	1272900029747	0	0	ec0d6c01acf93cc2c3adc4eab7eb
user4	855	90	1272900029763	0	0	ec0d6c01acf93cc2c3adc4eab7eb
user4	854	92	1272900029794	0	0	ec0d6c01acf93cc2c3adc4eab7eb
user4	852	96	1272900029809	0	0	ec0d6c01acf93cc2c3adc4eab7eb
user4	849	99	1272900029809	0	0	ec0d6c01acf93cc2c3adc4eab7eb
user4	847	101	1272900029825	0	0	ec0d6c01acf93cc2c3adc4eab7eb
user4	845	103	1272900029841	0	0	ec0d6c01acf93cc2c3adc4eab7eb
user4	844	106	1272900029856	0	0	ec0d6c01acf93cc2c3adc4eab7eb
user4	842	108	1272900029888	0	0	ec0d6c01acf93cc2c3adc4eab7eb
user4	842	109	1272900029888	0	0	ec0d6c01acf93cc2c3adc4eab7eb
user4	839	112	1272900029903	0	0	ec0d6c01acf93cc2c3adc4eab7eb
user4	837	115	1272900029919	0	0	ec0d6c01acf93cc2c3adc4eab7eb
user4	835	117	1272900029934	0	0	ec0d6c01acf93cc2c3adc4eab7eb
user4	833	119	1272900029950	0	0	ec0d6c01acf93cc2c3adc4eab7eb
user4	832	121	1272900029966	0	0	ec0d6c01acf93cc2c3adc4eab7eb
user4	830	123	1272900029981	0	0	ec0d6c01acf93cc2c3adc4eab7eb
user4	828	124	1272900029997	0	0	ec0d6c01acf93cc2c3adc4eab7eb
user4	826	127	1272900030012	0	0	ec0d6c01acf93cc2c3adc4eab7eb
user4	824	129	1272900030028	0	0	ec0d6c01acf93cc2c3adc4eab7eb
user4	822	132	1272900030044	0	0	ec0d6c01acf93cc2c3adc4eab7eb
user4	819	134	1272900030059	0	0	ec0d6c01acf93cc2c3adc4eab7eb
user4	817	136	1272900030091	0	0	ec0d6c01acf93cc2c3adc4eab7eb
user4	816	138	1272900030106	0	0	ec0d6c01acf93cc2c3adc4eab7eb
user4	814	139	1272900030122	0	0	ec0d6c01acf93cc2c3adc4eab7eb
user4	812	141	1272900030137	0	0	ec0d6c01acf93cc2c3adc4eab7eb
user4	811	143	1272900030153	0	0	ec0d6c01acf93cc2c3adc4eab7eb
user4	809	144	1272900030169	0	0	ec0d6c01acf93cc2c3adc4eab7eb
user4	807	146	1272900030184	0	0	ec0d6c01acf93cc2c3adc4eab7eb
user4	805	147	1272900030200	0	0	ec0d6c01acf93cc2c3adc4eab7eb
user4	804	149	1272900030216	0	0	ec0d6c01acf93cc2c3adc4eab7eb
user4	802	150	1272900030231	0	0	ec0d6c01acf93cc2c3adc4eab7eb
user4	800	152	1272900030262	0	0	ec0d6c01acf93cc2c3adc4eab7eb
user4	798	154	1272900030278	0	0	ec0d6c01acf93cc2c3adc4eab7eb
user4	797	155	1272900030294	0	0	ec0d6c01acf93cc2c3adc4eab7eb
user4	795	157	1272900030309	0	0	ec0d6c01acf93cc2c3adc4eab7eb
user4	794	158	1272900030325	0	0	ec0d6c01acf93cc2c3adc4eab7eb
user4	792	160	1272900030341	0	0	ec0d6c01acf93cc2c3adc4eab7eb
user4	791	162	1272900030356	0	0	ec0d6c01acf93cc2c3adc4eab7eb
user4	790	163	1272900030372	0	0	ec0d6c01acf93cc2c3adc4eab7eb
user4	788	165	1272900030403	0	0	ec0d6c01acf93cc2c3adc4eab7eb
user4	787	166	1272900030434	0	0	ec0d6c01acf93cc2c3adc4eab7eb
user4	786	167	1272900030466	0	0	ec0d6c01acf93cc2c3adc4eab7eb
user4	785	168	1272900030512	0	0	ec0d6c01acf93cc2c3adc4eab7eb
user4	783	169	1272900030559	0	0	ec0d6c01acf93cc2c3adc4eab7eb
user4	782	170	1272900030606	0	0	ec0d6c01acf93cc2c3adc4eab7eb
user4	781	171	1272900030637	0	0	ec0d6c01acf93cc2c3adc4eab7eb
user4	780	171	1272900030653	0	0	ec0d6c01acf93cc2c3adc4eab7eb
user4	779	172	1272900030684	0	0	ec0d6c01acf93cc2c3adc4eab7eb
user4	778	173	1272900030700	0	0	ec0d6c01acf93cc2c3adc4eab7eb
user4	777	173	1272900030715	0	0	ec0d6c01acf93cc2c3adc4eab7eb
user4	776	173	1272900030747	0	0	ec0d6c01acf93cc2c3adc4eab7eb
user4	775	173	1272900030762	0	0	ec0d6c01acf93cc2c3adc4eab7eb
user4	774	173	1272900030778	0	0	ec0d6c01acf93cc2c3adc4eab7eb
user4	771	174	1272900030794	0	0	ec0d6c01acf93cc2c3adc4eab7eb
user4	770	174	1272900030809	0	0	ec0d6c01acf93cc2c3adc4eab7eb
user4	769	174	1272900030825	0	0	ec0d6c01acf93cc2c3adc4eab7eb
user4	767	174	1272900030825	0	0	ec0d6c01acf93cc2c3adc4eab7eb
user4	765	174	1272900030856	0	0	ec0d6c01acf93cc2c3adc4eab7eb
user4	762	174	1272900030872	0	0	ec0d6c01acf93cc2c3adc4eab7eb
user4	761	174	1272900030903	0	0	ec0d6c01acf93cc2c3adc4eab7eb
user4	759	174	1272900030903	0	0	ec0d6c01acf93cc2c3adc4eab7eb
user4	758	174	1272900030934	0	0	ec0d6c01acf93cc2c3adc4eab7eb
user4	756	174	1272900030934	0	0	ec0d6c01acf93cc2c3adc4eab7eb
user4	755	174	1272900030950	0	0	ec0d6c01acf93cc2c3adc4eab7eb
user4	754	174	1272900030965	0	0	ec0d6c01acf93cc2c3adc4eab7eb
user4	752	175	1272900030997	0	0	ec0d6c01acf93cc2c3adc4eab7eb
user4	750	177	1272900031028	0	0	ec0d6c01acf93cc2c3adc4eab7eb
user4	748	179	1272900031059	0	0	ec0d6c01acf93cc2c3adc4eab7eb
user4	747	180	1272900031090	0	0	ec0d6c01acf93cc2c3adc4eab7eb
user4	746	181	1272900031137	0	0	ec0d6c01acf93cc2c3adc4eab7eb
user4	746	181	1272900031340	1272900031184	1272900031340	ec0d6c01acf93cc2c3adc4eab7eb
user4	746	182	1272900031340	0	0	ec0d6c01acf93cc2c3adc4eab7eb
user4	748	185	1272900031356	0	0	ec0d6c01acf93cc2c3adc4eab7eb
user4	755	190	1272900031372	0	0	ec0d6c01acf93cc2c3adc4eab7eb
user4	767	198	1272900031387	0	0	ec0d6c01acf93cc2c3adc4eab7eb
user4	777	202	1272900031403	0	0	ec0d6c01acf93cc2c3adc4eab7eb
user4	780	203	1272900031418	0	0	ec0d6c01acf93cc2c3adc4eab7eb
user4	778	202	1272900031481	0	0	ec0d6c01acf93cc2c3adc4eab7eb
user4	777	202	1272900031528	0	0	ec0d6c01acf93cc2c3adc4eab7eb
user4	776	202	1272900031559	0	0	ec0d6c01acf93cc2c3adc4eab7eb
user4	776	202	1272900032418	0	0	ec0d6c01acf93cc2c3adc4eab7eb
user4	776	202	1272900032418	0	0	ec0d6c01acf93cc2c3adc4eab7eb
user4	776	202	1272900032418	0	0	ec0d6c01acf93cc2c3adc4eab7eb
user4	776	202	1272900032418	0	0	ec0d6c01acf93cc2c3adc4eab7eb
user4	776	202	1272900035261	0	0	ec0d6c01acf93cc2c3adc4eab7eb
user4	776	202	1272900035261	0	0	ec0d6c01acf93cc2c3adc4eab7eb
user4	776	202	1272900035261	0	0	ec0d6c01acf93cc2c3adc4eab7eb
user4	776	202	1272900035261	0	0	ec0d6c01acf93cc2c3adc4eab7eb
user4	778	201	1272900044197	0	0	ec0d6c01acf93cc2c3adc4eab7eb
user4	784	201	1272900044213	0	0	ec0d6c01acf93cc2c3adc4eab7eb
user4	792	207	1272900044228	0	0	ec0d6c01acf93cc2c3adc4eab7eb
user4	800	218	1272900044244	0	0	ec0d6c01acf93cc2c3adc4eab7eb
user4	808	233	1272900044259	0	0	ec0d6c01acf93cc2c3adc4eab7eb
user4	811	244	1272900044275	0	0	ec0d6c01acf93cc2c3adc4eab7eb
user4	812	248	1272900044291	0	0	ec0d6c01acf93cc2c3adc4eab7eb
user4	813	252	1272900044306	0	0	ec0d6c01acf93cc2c3adc4eab7eb
user4	814	256	1272900044322	0	0	ec0d6c01acf93cc2c3adc4eab7eb
user4	817	261	1272900044337	0	0	ec0d6c01acf93cc2c3adc4eab7eb
user4	819	267	1272900044353	0	0	ec0d6c01acf93cc2c3adc4eab7eb
user4	820	271	1272900044369	0	0	ec0d6c01acf93cc2c3adc4eab7eb
user4	821	273	1272900044384	0	0	ec0d6c01acf93cc2c3adc4eab7eb
user4	821	274	1272900044447	0	0	ec0d6c01acf93cc2c3adc4eab7eb
user4	821	275	1272900044462	0	0	ec0d6c01acf93cc2c3adc4eab7eb
user4	819	277	1272900044478	0	0	ec0d6c01acf93cc2c3adc4eab7eb
user4	818	282	1272900044494	0	0	ec0d6c01acf93cc2c3adc4eab7eb
user4	816	286	1272900044509	0	0	ec0d6c01acf93cc2c3adc4eab7eb
user4	813	291	1272900044525	0	0	ec0d6c01acf93cc2c3adc4eab7eb
user4	813	293	1272900044556	0	0	ec0d6c01acf93cc2c3adc4eab7eb
user4	812	294	1272900044556	0	0	ec0d6c01acf93cc2c3adc4eab7eb
user4	812	292	1272900044791	0	0	ec0d6c01acf93cc2c3adc4eab7eb
user4	812	289	1272900044806	0	0	ec0d6c01acf93cc2c3adc4eab7eb
user4	812	287	1272900044837	0	0	ec0d6c01acf93cc2c3adc4eab7eb
user4	812	287	1272900045275	1272900045134	1272900045275	ec0d6c01acf93cc2c3adc4eab7eb
user4	748	338	1272900049711	0	0	ec0d6c01acf93cc2c3adc4eab7eb
user4	745	338	1272900052180	0	0	ec0d6c01acf93cc2c3adc4eab7eb
user4	743	339	1272900052195	0	0	ec0d6c01acf93cc2c3adc4eab7eb
user4	729	340	1272900052211	0	0	ec0d6c01acf93cc2c3adc4eab7eb
user4	707	338	1272900052226	0	0	ec0d6c01acf93cc2c3adc4eab7eb
user4	685	331	1272900052242	0	0	ec0d6c01acf93cc2c3adc4eab7eb
user4	661	321	1272900052258	0	0	ec0d6c01acf93cc2c3adc4eab7eb
user4	634	310	1272900052273	0	0	ec0d6c01acf93cc2c3adc4eab7eb
user4	600	299	1272900052289	0	0	ec0d6c01acf93cc2c3adc4eab7eb
user4	560	283	1272900052305	0	0	ec0d6c01acf93cc2c3adc4eab7eb
user4	543	275	1272900052320	0	0	ec0d6c01acf93cc2c3adc4eab7eb
user4	523	268	1272900052320	0	0	ec0d6c01acf93cc2c3adc4eab7eb
user4	493	254	1272900052336	0	0	ec0d6c01acf93cc2c3adc4eab7eb
user4	468	246	1272900052351	0	0	ec0d6c01acf93cc2c3adc4eab7eb
user4	449	242	1272900052367	0	0	ec0d6c01acf93cc2c3adc4eab7eb
user4	430	238	1272900052383	0	0	ec0d6c01acf93cc2c3adc4eab7eb
user4	408	236	1272900052398	0	0	ec0d6c01acf93cc2c3adc4eab7eb
user4	384	236	1272900052414	0	0	ec0d6c01acf93cc2c3adc4eab7eb
user4	361	236	1272900052429	0	0	ec0d6c01acf93cc2c3adc4eab7eb
user4	338	238	1272900052445	0	0	ec0d6c01acf93cc2c3adc4eab7eb
user4	317	240	1272900052461	0	0	ec0d6c01acf93cc2c3adc4eab7eb
user4	297	240	1272900052476	0	0	ec0d6c01acf93cc2c3adc4eab7eb
user4	288	240	1272900052492	0	0	ec0d6c01acf93cc2c3adc4eab7eb
user4	280	240	1272900052508	0	0	ec0d6c01acf93cc2c3adc4eab7eb
user4	265	240	1272900052508	0	0	ec0d6c01acf93cc2c3adc4eab7eb
user4	257	238	1272900052539	0	0	ec0d6c01acf93cc2c3adc4eab7eb
user4	250	237	1272900052539	0	0	ec0d6c01acf93cc2c3adc4eab7eb
user4	238	236	1272900052554	0	0	ec0d6c01acf93cc2c3adc4eab7eb
user4	229	236	1272900052570	0	0	ec0d6c01acf93cc2c3adc4eab7eb
user4	224	236	1272900052586	0	0	ec0d6c01acf93cc2c3adc4eab7eb
user4	221	237	1272900052601	0	0	ec0d6c01acf93cc2c3adc4eab7eb
user4	220	238	1272900052617	0	0	ec0d6c01acf93cc2c3adc4eab7eb
user4	217	240	1272900052633	0	0	ec0d6c01acf93cc2c3adc4eab7eb
user4	213	242	1272900052648	0	0	ec0d6c01acf93cc2c3adc4eab7eb
user4	210	245	1272900052664	0	0	ec0d6c01acf93cc2c3adc4eab7eb
user4	205	247	1272900052679	0	0	ec0d6c01acf93cc2c3adc4eab7eb
user4	201	249	1272900052695	0	0	ec0d6c01acf93cc2c3adc4eab7eb
user4	197	250	1272900052711	0	0	ec0d6c01acf93cc2c3adc4eab7eb
user4	195	251	1272900052726	0	0	ec0d6c01acf93cc2c3adc4eab7eb
user4	194	251	1272900052742	0	0	ec0d6c01acf93cc2c3adc4eab7eb
user4	193	252	1272900052804	0	0	ec0d6c01acf93cc2c3adc4eab7eb
user4	192	252	1272900052820	0	0	ec0d6c01acf93cc2c3adc4eab7eb
user4	190	252	1272900052836	0	0	ec0d6c01acf93cc2c3adc4eab7eb
user4	187	253	1272900052851	0	0	ec0d6c01acf93cc2c3adc4eab7eb
user4	186	253	1272900052867	0	0	ec0d6c01acf93cc2c3adc4eab7eb
user4	185	254	1272900052898	0	0	ec0d6c01acf93cc2c3adc4eab7eb
user4	184	254	1272900052961	0	0	ec0d6c01acf93cc2c3adc4eab7eb
user4	184	254	1272900053086	1272900052961	1272900053086	ec0d6c01acf93cc2c3adc4eab7eb
user4	179	251	1272900085461	0	0	ec0d6c01acf93cc2c3adc4eab7eb
user4	174	249	1272900085477	0	0	ec0d6c01acf93cc2c3adc4eab7eb
user4	169	249	1272900085492	0	0	ec0d6c01acf93cc2c3adc4eab7eb
user4	165	249	1272900085508	0	0	ec0d6c01acf93cc2c3adc4eab7eb
user4	162	251	1272900085524	0	0	ec0d6c01acf93cc2c3adc4eab7eb
user4	157	254	1272900085539	0	0	ec0d6c01acf93cc2c3adc4eab7eb
user4	153	257	1272900085555	0	0	ec0d6c01acf93cc2c3adc4eab7eb
user4	150	259	1272900085570	0	0	ec0d6c01acf93cc2c3adc4eab7eb
user4	148	260	1272900085586	0	0	ec0d6c01acf93cc2c3adc4eab7eb
user4	145	260	1272900085617	0	0	ec0d6c01acf93cc2c3adc4eab7eb
user4	143	262	1272900085633	0	0	ec0d6c01acf93cc2c3adc4eab7eb
user4	139	262	1272900085649	0	0	ec0d6c01acf93cc2c3adc4eab7eb
user4	136	263	1272900085664	0	0	ec0d6c01acf93cc2c3adc4eab7eb
user4	134	264	1272900085680	0	0	ec0d6c01acf93cc2c3adc4eab7eb
user4	131	266	1272900085695	0	0	ec0d6c01acf93cc2c3adc4eab7eb
user4	127	267	1272900085711	0	0	ec0d6c01acf93cc2c3adc4eab7eb
user4	124	269	1272900085727	0	0	ec0d6c01acf93cc2c3adc4eab7eb
user4	120	271	1272900085742	0	0	ec0d6c01acf93cc2c3adc4eab7eb
user4	117	273	1272900085758	0	0	ec0d6c01acf93cc2c3adc4eab7eb
user4	114	273	1272900085774	0	0	ec0d6c01acf93cc2c3adc4eab7eb
user4	112	273	1272900085805	0	0	ec0d6c01acf93cc2c3adc4eab7eb
user4	111	273	1272900085820	0	0	ec0d6c01acf93cc2c3adc4eab7eb
user4	110	273	1272900085836	0	0	ec0d6c01acf93cc2c3adc4eab7eb
user4	108	273	1272900085852	0	0	ec0d6c01acf93cc2c3adc4eab7eb
user4	107	273	1272900085883	0	0	ec0d6c01acf93cc2c3adc4eab7eb
user4	107	271	1272900085977	0	0	ec0d6c01acf93cc2c3adc4eab7eb
user4	106	270	1272900086024	0	0	ec0d6c01acf93cc2c3adc4eab7eb
user4	105	269	1272900086039	0	0	ec0d6c01acf93cc2c3adc4eab7eb
user4	104	268	1272900086055	0	0	ec0d6c01acf93cc2c3adc4eab7eb
user4	103	267	1272900086086	0	0	ec0d6c01acf93cc2c3adc4eab7eb
user4	101	267	1272900086086	0	0	ec0d6c01acf93cc2c3adc4eab7eb
user4	99	266	1272900086102	0	0	ec0d6c01acf93cc2c3adc4eab7eb
user4	97	266	1272900086133	0	0	ec0d6c01acf93cc2c3adc4eab7eb
user4	97	265	1272900086539	0	0	ec0d6c01acf93cc2c3adc4eab7eb
user4	97	265	1272900086680	1272900086539	1272900086680	ec0d6c01acf93cc2c3adc4eab7eb
user4	99	267	1272900086696	0	0	ec0d6c01acf93cc2c3adc4eab7eb
user4	104	270	1272900086711	0	0	ec0d6c01acf93cc2c3adc4eab7eb
user4	112	276	1272900086727	0	0	ec0d6c01acf93cc2c3adc4eab7eb
user4	124	284	1272900086742	0	0	ec0d6c01acf93cc2c3adc4eab7eb
user4	140	293	1272900086758	0	0	ec0d6c01acf93cc2c3adc4eab7eb
user4	157	298	1272900086774	0	0	ec0d6c01acf93cc2c3adc4eab7eb
user4	167	300	1272900086789	0	0	ec0d6c01acf93cc2c3adc4eab7eb
user4	169	300	1272900086821	0	0	ec0d6c01acf93cc2c3adc4eab7eb
user4	171	299	1272900087743	0	0	ec0d6c01acf93cc2c3adc4eab7eb
user4	172	298	1272900087758	0	0	ec0d6c01acf93cc2c3adc4eab7eb
user4	172	297	1272900087758	0	0	ec0d6c01acf93cc2c3adc4eab7eb
user4	174	297	1272900087774	0	0	ec0d6c01acf93cc2c3adc4eab7eb
user4	176	296	1272900087821	0	0	ec0d6c01acf93cc2c3adc4eab7eb
user4	182	295	1272900087836	0	0	ec0d6c01acf93cc2c3adc4eab7eb
user4	192	293	1272900087852	0	0	ec0d6c01acf93cc2c3adc4eab7eb
user4	205	290	1272900087868	0	0	ec0d6c01acf93cc2c3adc4eab7eb
user4	212	287	1272900087883	0	0	ec0d6c01acf93cc2c3adc4eab7eb
user4	219	283	1272900087899	0	0	ec0d6c01acf93cc2c3adc4eab7eb
user4	226	278	1272900087914	0	0	ec0d6c01acf93cc2c3adc4eab7eb
user4	232	274	1272900087930	0	0	ec0d6c01acf93cc2c3adc4eab7eb
user4	235	271	1272900087946	0	0	ec0d6c01acf93cc2c3adc4eab7eb
user4	238	270	1272900087977	0	0	ec0d6c01acf93cc2c3adc4eab7eb
user4	240	268	1272900088086	0	0	ec0d6c01acf93cc2c3adc4eab7eb
user4	241	268	1272900088102	0	0	ec0d6c01acf93cc2c3adc4eab7eb
user4	243	268	1272900088118	0	0	ec0d6c01acf93cc2c3adc4eab7eb
user4	244	267	1272900088133	0	0	ec0d6c01acf93cc2c3adc4eab7eb
user4	246	267	1272900088149	0	0	ec0d6c01acf93cc2c3adc4eab7eb
user4	248	267	1272900088164	0	0	ec0d6c01acf93cc2c3adc4eab7eb
user4	252	266	1272900088180	0	0	ec0d6c01acf93cc2c3adc4eab7eb
user4	254	266	1272900088211	0	0	ec0d6c01acf93cc2c3adc4eab7eb
user4	256	266	1272900088227	0	0	ec0d6c01acf93cc2c3adc4eab7eb
user4	259	265	1272900088227	0	0	ec0d6c01acf93cc2c3adc4eab7eb
user4	262	265	1272900088243	0	0	ec0d6c01acf93cc2c3adc4eab7eb
user4	266	264	1272900088258	0	0	ec0d6c01acf93cc2c3adc4eab7eb
user4	269	263	1272900088274	0	0	ec0d6c01acf93cc2c3adc4eab7eb
user4	271	263	1272900088289	0	0	ec0d6c01acf93cc2c3adc4eab7eb
user4	273	262	1272900088305	0	0	ec0d6c01acf93cc2c3adc4eab7eb
user4	275	262	1272900088321	0	0	ec0d6c01acf93cc2c3adc4eab7eb
user4	276	261	1272900088336	0	0	ec0d6c01acf93cc2c3adc4eab7eb
user4	278	261	1272900088352	0	0	ec0d6c01acf93cc2c3adc4eab7eb
user4	280	261	1272900088368	0	0	ec0d6c01acf93cc2c3adc4eab7eb
user4	281	261	1272900088383	0	0	ec0d6c01acf93cc2c3adc4eab7eb
user4	282	261	1272900088399	0	0	ec0d6c01acf93cc2c3adc4eab7eb
user4	284	261	1272900088399	0	0	ec0d6c01acf93cc2c3adc4eab7eb
user4	285	261	1272900088414	0	0	ec0d6c01acf93cc2c3adc4eab7eb
user4	286	261	1272900088446	0	0	ec0d6c01acf93cc2c3adc4eab7eb
user4	285	262	1272900088586	0	0	ec0d6c01acf93cc2c3adc4eab7eb
user4	283	264	1272900088618	0	0	ec0d6c01acf93cc2c3adc4eab7eb
user4	280	265	1272900088633	0	0	ec0d6c01acf93cc2c3adc4eab7eb
user4	278	266	1272900088649	0	0	ec0d6c01acf93cc2c3adc4eab7eb
user4	277	266	1272900088664	0	0	ec0d6c01acf93cc2c3adc4eab7eb
user4	275	266	1272900088680	0	0	ec0d6c01acf93cc2c3adc4eab7eb
user4	274	266	1272900088727	0	0	ec0d6c01acf93cc2c3adc4eab7eb
user4	272	266	1272900088758	0	0	ec0d6c01acf93cc2c3adc4eab7eb
user4	271	266	1272900088961	0	0	ec0d6c01acf93cc2c3adc4eab7eb
user4	270	266	1272900088977	0	0	ec0d6c01acf93cc2c3adc4eab7eb
user4	266	266	1272900088993	0	0	ec0d6c01acf93cc2c3adc4eab7eb
user4	261	266	1272900089008	0	0	ec0d6c01acf93cc2c3adc4eab7eb
user4	254	267	1272900089024	0	0	ec0d6c01acf93cc2c3adc4eab7eb
user4	244	267	1272900089040	0	0	ec0d6c01acf93cc2c3adc4eab7eb
user4	234	267	1272900089055	0	0	ec0d6c01acf93cc2c3adc4eab7eb
user4	231	267	1272900089071	0	0	ec0d6c01acf93cc2c3adc4eab7eb
user4	225	267	1272900089071	0	0	ec0d6c01acf93cc2c3adc4eab7eb
user4	220	267	1272900089086	0	0	ec0d6c01acf93cc2c3adc4eab7eb
user4	215	266	1272900089102	0	0	ec0d6c01acf93cc2c3adc4eab7eb
user4	210	265	1272900089118	0	0	ec0d6c01acf93cc2c3adc4eab7eb
user4	205	265	1272900089133	0	0	ec0d6c01acf93cc2c3adc4eab7eb
user4	201	265	1272900089149	0	0	ec0d6c01acf93cc2c3adc4eab7eb
user4	199	265	1272900089165	0	0	ec0d6c01acf93cc2c3adc4eab7eb
user4	196	265	1272900089180	0	0	ec0d6c01acf93cc2c3adc4eab7eb
user4	193	265	1272900089180	0	0	ec0d6c01acf93cc2c3adc4eab7eb
user4	190	265	1272900089196	0	0	ec0d6c01acf93cc2c3adc4eab7eb
user4	182	265	1272900089211	0	0	ec0d6c01acf93cc2c3adc4eab7eb
user4	176	265	1272900089227	0	0	ec0d6c01acf93cc2c3adc4eab7eb
user4	171	265	1272900089227	0	0	ec0d6c01acf93cc2c3adc4eab7eb
user4	161	265	1272900089243	0	0	ec0d6c01acf93cc2c3adc4eab7eb
user4	153	265	1272900089258	0	0	ec0d6c01acf93cc2c3adc4eab7eb
user4	147	265	1272900089274	0	0	ec0d6c01acf93cc2c3adc4eab7eb
user4	142	265	1272900089290	0	0	ec0d6c01acf93cc2c3adc4eab7eb
user4	139	264	1272900089305	0	0	ec0d6c01acf93cc2c3adc4eab7eb
user4	136	264	1272900089321	0	0	ec0d6c01acf93cc2c3adc4eab7eb
user4	136	262	1272900089493	0	0	ec0d6c01acf93cc2c3adc4eab7eb
user4	137	262	1272900089602	0	0	ec0d6c01acf93cc2c3adc4eab7eb
user4	138	261	1272900089618	0	0	ec0d6c01acf93cc2c3adc4eab7eb
user4	140	261	1272900089633	0	0	ec0d6c01acf93cc2c3adc4eab7eb
user4	141	260	1272900089649	0	0	ec0d6c01acf93cc2c3adc4eab7eb
user4	142	260	1272900089665	0	0	ec0d6c01acf93cc2c3adc4eab7eb
user4	144	260	1272900089696	0	0	ec0d6c01acf93cc2c3adc4eab7eb
user4	145	260	1272900089821	0	0	ec0d6c01acf93cc2c3adc4eab7eb
user4	145	260	1272900090118	1272900089993	1272900090118	ec0d6c01acf93cc2c3adc4eab7eb
user4	145	262	1272900090149	0	0	ec0d6c01acf93cc2c3adc4eab7eb
user4	146	266	1272900090165	0	0	ec0d6c01acf93cc2c3adc4eab7eb
user4	150	271	1272900090180	0	0	ec0d6c01acf93cc2c3adc4eab7eb
user4	157	279	1272900090212	0	0	ec0d6c01acf93cc2c3adc4eab7eb
user4	162	283	1272900090227	0	0	ec0d6c01acf93cc2c3adc4eab7eb
user4	168	286	1272900090227	0	0	ec0d6c01acf93cc2c3adc4eab7eb
user4	174	289	1272900090243	0	0	ec0d6c01acf93cc2c3adc4eab7eb
user4	181	293	1272900090243	0	0	ec0d6c01acf93cc2c3adc4eab7eb
user4	184	293	1272900091274	0	0	ec0d6c01acf93cc2c3adc4eab7eb
user4	189	291	1272900091290	0	0	ec0d6c01acf93cc2c3adc4eab7eb
user4	200	290	1272900091305	0	0	ec0d6c01acf93cc2c3adc4eab7eb
user4	220	290	1272900091321	0	0	ec0d6c01acf93cc2c3adc4eab7eb
user4	243	292	1272900091337	0	0	ec0d6c01acf93cc2c3adc4eab7eb
user4	255	295	1272900091352	0	0	ec0d6c01acf93cc2c3adc4eab7eb
user4	267	299	1272900091368	0	0	ec0d6c01acf93cc2c3adc4eab7eb
user4	290	305	1272900091368	0	0	ec0d6c01acf93cc2c3adc4eab7eb
user4	310	305	1272900091384	0	0	ec0d6c01acf93cc2c3adc4eab7eb
user4	328	299	1272900091399	0	0	ec0d6c01acf93cc2c3adc4eab7eb
user4	340	292	1272900091415	0	0	ec0d6c01acf93cc2c3adc4eab7eb
user4	345	287	1272900091430	0	0	ec0d6c01acf93cc2c3adc4eab7eb
user4	347	285	1272900091446	0	0	ec0d6c01acf93cc2c3adc4eab7eb
user4	347	284	1272900091477	0	0	ec0d6c01acf93cc2c3adc4eab7eb
user4	347	283	1272900091540	0	0	ec0d6c01acf93cc2c3adc4eab7eb
user4	347	279	1272900091555	0	0	ec0d6c01acf93cc2c3adc4eab7eb
user4	344	275	1272900091571	0	0	ec0d6c01acf93cc2c3adc4eab7eb
user4	341	271	1272900091587	0	0	ec0d6c01acf93cc2c3adc4eab7eb
user4	339	269	1272900091602	0	0	ec0d6c01acf93cc2c3adc4eab7eb
user4	336	266	1272900091602	0	0	ec0d6c01acf93cc2c3adc4eab7eb
user4	328	262	1272900091618	0	0	ec0d6c01acf93cc2c3adc4eab7eb
user4	320	258	1272900091634	0	0	ec0d6c01acf93cc2c3adc4eab7eb
user4	313	256	1272900091649	0	0	ec0d6c01acf93cc2c3adc4eab7eb
user4	309	254	1272900091665	0	0	ec0d6c01acf93cc2c3adc4eab7eb
user4	307	254	1272900091680	0	0	ec0d6c01acf93cc2c3adc4eab7eb
user4	306	254	1272900091680	0	0	ec0d6c01acf93cc2c3adc4eab7eb
user4	304	253	1272900091696	0	0	ec0d6c01acf93cc2c3adc4eab7eb
user4	302	253	1272900091727	0	0	ec0d6c01acf93cc2c3adc4eab7eb
user4	302	253	1272900091977	1272900091837	1272900091977	ec0d6c01acf93cc2c3adc4eab7eb
user4	302	255	1272900092790	0	0	ec0d6c01acf93cc2c3adc4eab7eb
user4	301	258	1272900092806	0	0	ec0d6c01acf93cc2c3adc4eab7eb
user4	299	261	1272900092821	0	0	ec0d6c01acf93cc2c3adc4eab7eb
user4	298	264	1272900092837	0	0	ec0d6c01acf93cc2c3adc4eab7eb
user4	297	266	1272900092852	0	0	ec0d6c01acf93cc2c3adc4eab7eb
user4	297	266	1272900092868	0	0	ec0d6c01acf93cc2c3adc4eab7eb
user4	297	266	1272900092868	0	0	ec0d6c01acf93cc2c3adc4eab7eb
user4	297	266	1272900092868	0	0	ec0d6c01acf93cc2c3adc4eab7eb
user4	297	266	1272900092868	0	0	ec0d6c01acf93cc2c3adc4eab7eb
user4	295	268	1272900092868	0	0	ec0d6c01acf93cc2c3adc4eab7eb
user4	294	270	1272900092899	0	0	ec0d6c01acf93cc2c3adc4eab7eb
user4	294	270	1272900093149	1272900093071	1272900093149	ec0d6c01acf93cc2c3adc4eab7eb
user4	294	270	1272900095712	0	0	ec0d6c01acf93cc2c3adc4eab7eb
user4	294	270	1272900095712	0	0	ec0d6c01acf93cc2c3adc4eab7eb
user4	748	338	1272900049711	0	0	ec0d6c01acf93cc2c3adc4eab7eb
user4	745	338	1272900052180	0	0	ec0d6c01acf93cc2c3adc4eab7eb
user4	743	339	1272900052195	0	0	ec0d6c01acf93cc2c3adc4eab7eb
user4	729	340	1272900052211	0	0	ec0d6c01acf93cc2c3adc4eab7eb
user4	707	338	1272900052226	0	0	ec0d6c01acf93cc2c3adc4eab7eb
user4	685	331	1272900052242	0	0	ec0d6c01acf93cc2c3adc4eab7eb
user4	661	321	1272900052258	0	0	ec0d6c01acf93cc2c3adc4eab7eb
user4	634	310	1272900052273	0	0	ec0d6c01acf93cc2c3adc4eab7eb
user4	600	299	1272900052289	0	0	ec0d6c01acf93cc2c3adc4eab7eb
user4	560	283	1272900052305	0	0	ec0d6c01acf93cc2c3adc4eab7eb
user4	543	275	1272900052320	0	0	ec0d6c01acf93cc2c3adc4eab7eb
user4	523	268	1272900052320	0	0	ec0d6c01acf93cc2c3adc4eab7eb
user4	493	254	1272900052336	0	0	ec0d6c01acf93cc2c3adc4eab7eb
user4	468	246	1272900052351	0	0	ec0d6c01acf93cc2c3adc4eab7eb
user4	449	242	1272900052367	0	0	ec0d6c01acf93cc2c3adc4eab7eb
user4	430	238	1272900052383	0	0	ec0d6c01acf93cc2c3adc4eab7eb
user4	408	236	1272900052398	0	0	ec0d6c01acf93cc2c3adc4eab7eb
user4	384	236	1272900052414	0	0	ec0d6c01acf93cc2c3adc4eab7eb
user4	361	236	1272900052429	0	0	ec0d6c01acf93cc2c3adc4eab7eb
user4	338	238	1272900052445	0	0	ec0d6c01acf93cc2c3adc4eab7eb
user4	317	240	1272900052461	0	0	ec0d6c01acf93cc2c3adc4eab7eb
user4	297	240	1272900052476	0	0	ec0d6c01acf93cc2c3adc4eab7eb
user4	288	240	1272900052492	0	0	ec0d6c01acf93cc2c3adc4eab7eb
user4	280	240	1272900052508	0	0	ec0d6c01acf93cc2c3adc4eab7eb
user4	265	240	1272900052508	0	0	ec0d6c01acf93cc2c3adc4eab7eb
user4	257	238	1272900052539	0	0	ec0d6c01acf93cc2c3adc4eab7eb
user4	250	237	1272900052539	0	0	ec0d6c01acf93cc2c3adc4eab7eb
user4	238	236	1272900052554	0	0	ec0d6c01acf93cc2c3adc4eab7eb
user4	229	236	1272900052570	0	0	ec0d6c01acf93cc2c3adc4eab7eb
user4	224	236	1272900052586	0	0	ec0d6c01acf93cc2c3adc4eab7eb
user4	221	237	1272900052601	0	0	ec0d6c01acf93cc2c3adc4eab7eb
user4	220	238	1272900052617	0	0	ec0d6c01acf93cc2c3adc4eab7eb
user4	217	240	1272900052633	0	0	ec0d6c01acf93cc2c3adc4eab7eb
user4	213	242	1272900052648	0	0	ec0d6c01acf93cc2c3adc4eab7eb
user4	210	245	1272900052664	0	0	ec0d6c01acf93cc2c3adc4eab7eb
user4	205	247	1272900052679	0	0	ec0d6c01acf93cc2c3adc4eab7eb
user4	201	249	1272900052695	0	0	ec0d6c01acf93cc2c3adc4eab7eb
user4	197	250	1272900052711	0	0	ec0d6c01acf93cc2c3adc4eab7eb
user4	195	251	1272900052726	0	0	ec0d6c01acf93cc2c3adc4eab7eb
user4	194	251	1272900052742	0	0	ec0d6c01acf93cc2c3adc4eab7eb
user4	193	252	1272900052804	0	0	ec0d6c01acf93cc2c3adc4eab7eb
user4	192	252	1272900052820	0	0	ec0d6c01acf93cc2c3adc4eab7eb
user4	190	252	1272900052836	0	0	ec0d6c01acf93cc2c3adc4eab7eb
user4	187	253	1272900052851	0	0	ec0d6c01acf93cc2c3adc4eab7eb
user4	186	253	1272900052867	0	0	ec0d6c01acf93cc2c3adc4eab7eb
user4	185	254	1272900052898	0	0	ec0d6c01acf93cc2c3adc4eab7eb
user4	184	254	1272900052961	0	0	ec0d6c01acf93cc2c3adc4eab7eb
user4	184	254	1272900053086	1272900052961	1272900053086	ec0d6c01acf93cc2c3adc4eab7eb
user4	179	251	1272900085461	0	0	ec0d6c01acf93cc2c3adc4eab7eb
user4	174	249	1272900085477	0	0	ec0d6c01acf93cc2c3adc4eab7eb
user4	169	249	1272900085492	0	0	ec0d6c01acf93cc2c3adc4eab7eb
user4	165	249	1272900085508	0	0	ec0d6c01acf93cc2c3adc4eab7eb
user4	162	251	1272900085524	0	0	ec0d6c01acf93cc2c3adc4eab7eb
user4	157	254	1272900085539	0	0	ec0d6c01acf93cc2c3adc4eab7eb
user4	153	257	1272900085555	0	0	ec0d6c01acf93cc2c3adc4eab7eb
user4	150	259	1272900085570	0	0	ec0d6c01acf93cc2c3adc4eab7eb
user4	148	260	1272900085586	0	0	ec0d6c01acf93cc2c3adc4eab7eb
user4	145	260	1272900085617	0	0	ec0d6c01acf93cc2c3adc4eab7eb
user4	143	262	1272900085633	0	0	ec0d6c01acf93cc2c3adc4eab7eb
user4	139	262	1272900085649	0	0	ec0d6c01acf93cc2c3adc4eab7eb
user4	136	263	1272900085664	0	0	ec0d6c01acf93cc2c3adc4eab7eb
user4	134	264	1272900085680	0	0	ec0d6c01acf93cc2c3adc4eab7eb
user4	131	266	1272900085695	0	0	ec0d6c01acf93cc2c3adc4eab7eb
user4	127	267	1272900085711	0	0	ec0d6c01acf93cc2c3adc4eab7eb
user4	124	269	1272900085727	0	0	ec0d6c01acf93cc2c3adc4eab7eb
user4	120	271	1272900085742	0	0	ec0d6c01acf93cc2c3adc4eab7eb
user4	117	273	1272900085758	0	0	ec0d6c01acf93cc2c3adc4eab7eb
user4	114	273	1272900085774	0	0	ec0d6c01acf93cc2c3adc4eab7eb
user4	112	273	1272900085805	0	0	ec0d6c01acf93cc2c3adc4eab7eb
user4	111	273	1272900085820	0	0	ec0d6c01acf93cc2c3adc4eab7eb
user4	110	273	1272900085836	0	0	ec0d6c01acf93cc2c3adc4eab7eb
user4	108	273	1272900085852	0	0	ec0d6c01acf93cc2c3adc4eab7eb
user4	107	273	1272900085883	0	0	ec0d6c01acf93cc2c3adc4eab7eb
user4	107	271	1272900085977	0	0	ec0d6c01acf93cc2c3adc4eab7eb
user4	106	270	1272900086024	0	0	ec0d6c01acf93cc2c3adc4eab7eb
user4	105	269	1272900086039	0	0	ec0d6c01acf93cc2c3adc4eab7eb
user4	104	268	1272900086055	0	0	ec0d6c01acf93cc2c3adc4eab7eb
user4	103	267	1272900086086	0	0	ec0d6c01acf93cc2c3adc4eab7eb
user4	101	267	1272900086086	0	0	ec0d6c01acf93cc2c3adc4eab7eb
user4	99	266	1272900086102	0	0	ec0d6c01acf93cc2c3adc4eab7eb
user4	97	266	1272900086133	0	0	ec0d6c01acf93cc2c3adc4eab7eb
user4	97	265	1272900086539	0	0	ec0d6c01acf93cc2c3adc4eab7eb
user4	97	265	1272900086680	1272900086539	1272900086680	ec0d6c01acf93cc2c3adc4eab7eb
user4	99	267	1272900086696	0	0	ec0d6c01acf93cc2c3adc4eab7eb
user4	104	270	1272900086711	0	0	ec0d6c01acf93cc2c3adc4eab7eb
user4	112	276	1272900086727	0	0	ec0d6c01acf93cc2c3adc4eab7eb
user4	124	284	1272900086742	0	0	ec0d6c01acf93cc2c3adc4eab7eb
user4	140	293	1272900086758	0	0	ec0d6c01acf93cc2c3adc4eab7eb
user4	157	298	1272900086774	0	0	ec0d6c01acf93cc2c3adc4eab7eb
user4	167	300	1272900086789	0	0	ec0d6c01acf93cc2c3adc4eab7eb
user4	169	300	1272900086821	0	0	ec0d6c01acf93cc2c3adc4eab7eb
user4	171	299	1272900087743	0	0	ec0d6c01acf93cc2c3adc4eab7eb
user4	172	298	1272900087758	0	0	ec0d6c01acf93cc2c3adc4eab7eb
user4	172	297	1272900087758	0	0	ec0d6c01acf93cc2c3adc4eab7eb
user4	174	297	1272900087774	0	0	ec0d6c01acf93cc2c3adc4eab7eb
user4	176	296	1272900087821	0	0	ec0d6c01acf93cc2c3adc4eab7eb
user4	182	295	1272900087836	0	0	ec0d6c01acf93cc2c3adc4eab7eb
user4	192	293	1272900087852	0	0	ec0d6c01acf93cc2c3adc4eab7eb
user4	205	290	1272900087868	0	0	ec0d6c01acf93cc2c3adc4eab7eb
user4	212	287	1272900087883	0	0	ec0d6c01acf93cc2c3adc4eab7eb
user4	219	283	1272900087899	0	0	ec0d6c01acf93cc2c3adc4eab7eb
user4	226	278	1272900087914	0	0	ec0d6c01acf93cc2c3adc4eab7eb
user4	232	274	1272900087930	0	0	ec0d6c01acf93cc2c3adc4eab7eb
user4	235	271	1272900087946	0	0	ec0d6c01acf93cc2c3adc4eab7eb
user4	238	270	1272900087977	0	0	ec0d6c01acf93cc2c3adc4eab7eb
user4	240	268	1272900088086	0	0	ec0d6c01acf93cc2c3adc4eab7eb
user4	241	268	1272900088102	0	0	ec0d6c01acf93cc2c3adc4eab7eb
user4	243	268	1272900088118	0	0	ec0d6c01acf93cc2c3adc4eab7eb
user4	244	267	1272900088133	0	0	ec0d6c01acf93cc2c3adc4eab7eb
user4	246	267	1272900088149	0	0	ec0d6c01acf93cc2c3adc4eab7eb
user4	248	267	1272900088164	0	0	ec0d6c01acf93cc2c3adc4eab7eb
user4	252	266	1272900088180	0	0	ec0d6c01acf93cc2c3adc4eab7eb
user4	254	266	1272900088211	0	0	ec0d6c01acf93cc2c3adc4eab7eb
user4	256	266	1272900088227	0	0	ec0d6c01acf93cc2c3adc4eab7eb
user4	259	265	1272900088227	0	0	ec0d6c01acf93cc2c3adc4eab7eb
user4	262	265	1272900088243	0	0	ec0d6c01acf93cc2c3adc4eab7eb
user4	266	264	1272900088258	0	0	ec0d6c01acf93cc2c3adc4eab7eb
user4	269	263	1272900088274	0	0	ec0d6c01acf93cc2c3adc4eab7eb
user4	271	263	1272900088289	0	0	ec0d6c01acf93cc2c3adc4eab7eb
user4	273	262	1272900088305	0	0	ec0d6c01acf93cc2c3adc4eab7eb
user4	275	262	1272900088321	0	0	ec0d6c01acf93cc2c3adc4eab7eb
user4	276	261	1272900088336	0	0	ec0d6c01acf93cc2c3adc4eab7eb
user4	278	261	1272900088352	0	0	ec0d6c01acf93cc2c3adc4eab7eb
user4	280	261	1272900088368	0	0	ec0d6c01acf93cc2c3adc4eab7eb
user4	281	261	1272900088383	0	0	ec0d6c01acf93cc2c3adc4eab7eb
user4	282	261	1272900088399	0	0	ec0d6c01acf93cc2c3adc4eab7eb
user4	284	261	1272900088399	0	0	ec0d6c01acf93cc2c3adc4eab7eb
user4	285	261	1272900088414	0	0	ec0d6c01acf93cc2c3adc4eab7eb
user4	286	261	1272900088446	0	0	ec0d6c01acf93cc2c3adc4eab7eb
user4	285	262	1272900088586	0	0	ec0d6c01acf93cc2c3adc4eab7eb
user4	283	264	1272900088618	0	0	ec0d6c01acf93cc2c3adc4eab7eb
user4	280	265	1272900088633	0	0	ec0d6c01acf93cc2c3adc4eab7eb
user4	278	266	1272900088649	0	0	ec0d6c01acf93cc2c3adc4eab7eb
user4	277	266	1272900088664	0	0	ec0d6c01acf93cc2c3adc4eab7eb
user4	275	266	1272900088680	0	0	ec0d6c01acf93cc2c3adc4eab7eb
user4	274	266	1272900088727	0	0	ec0d6c01acf93cc2c3adc4eab7eb
user4	272	266	1272900088758	0	0	ec0d6c01acf93cc2c3adc4eab7eb
user4	271	266	1272900088961	0	0	ec0d6c01acf93cc2c3adc4eab7eb
user4	270	266	1272900088977	0	0	ec0d6c01acf93cc2c3adc4eab7eb
user4	266	266	1272900088993	0	0	ec0d6c01acf93cc2c3adc4eab7eb
user4	261	266	1272900089008	0	0	ec0d6c01acf93cc2c3adc4eab7eb
user4	254	267	1272900089024	0	0	ec0d6c01acf93cc2c3adc4eab7eb
user4	244	267	1272900089040	0	0	ec0d6c01acf93cc2c3adc4eab7eb
user4	234	267	1272900089055	0	0	ec0d6c01acf93cc2c3adc4eab7eb
user4	231	267	1272900089071	0	0	ec0d6c01acf93cc2c3adc4eab7eb
user4	225	267	1272900089071	0	0	ec0d6c01acf93cc2c3adc4eab7eb
user4	220	267	1272900089086	0	0	ec0d6c01acf93cc2c3adc4eab7eb
user4	215	266	1272900089102	0	0	ec0d6c01acf93cc2c3adc4eab7eb
user4	210	265	1272900089118	0	0	ec0d6c01acf93cc2c3adc4eab7eb
user4	205	265	1272900089133	0	0	ec0d6c01acf93cc2c3adc4eab7eb
user4	201	265	1272900089149	0	0	ec0d6c01acf93cc2c3adc4eab7eb
user4	199	265	1272900089165	0	0	ec0d6c01acf93cc2c3adc4eab7eb
user4	196	265	1272900089180	0	0	ec0d6c01acf93cc2c3adc4eab7eb
user4	193	265	1272900089180	0	0	ec0d6c01acf93cc2c3adc4eab7eb
user4	190	265	1272900089196	0	0	ec0d6c01acf93cc2c3adc4eab7eb
user4	182	265	1272900089211	0	0	ec0d6c01acf93cc2c3adc4eab7eb
user4	176	265	1272900089227	0	0	ec0d6c01acf93cc2c3adc4eab7eb
user4	171	265	1272900089227	0	0	ec0d6c01acf93cc2c3adc4eab7eb
user4	161	265	1272900089243	0	0	ec0d6c01acf93cc2c3adc4eab7eb
user4	153	265	1272900089258	0	0	ec0d6c01acf93cc2c3adc4eab7eb
user4	147	265	1272900089274	0	0	ec0d6c01acf93cc2c3adc4eab7eb
user4	142	265	1272900089290	0	0	ec0d6c01acf93cc2c3adc4eab7eb
user4	139	264	1272900089305	0	0	ec0d6c01acf93cc2c3adc4eab7eb
user4	136	264	1272900089321	0	0	ec0d6c01acf93cc2c3adc4eab7eb
user4	136	262	1272900089493	0	0	ec0d6c01acf93cc2c3adc4eab7eb
user4	137	262	1272900089602	0	0	ec0d6c01acf93cc2c3adc4eab7eb
user4	138	261	1272900089618	0	0	ec0d6c01acf93cc2c3adc4eab7eb
user4	140	261	1272900089633	0	0	ec0d6c01acf93cc2c3adc4eab7eb
user4	141	260	1272900089649	0	0	ec0d6c01acf93cc2c3adc4eab7eb
user4	142	260	1272900089665	0	0	ec0d6c01acf93cc2c3adc4eab7eb
user4	144	260	1272900089696	0	0	ec0d6c01acf93cc2c3adc4eab7eb
user4	145	260	1272900089821	0	0	ec0d6c01acf93cc2c3adc4eab7eb
user4	145	260	1272900090118	1272900089993	1272900090118	ec0d6c01acf93cc2c3adc4eab7eb
user4	145	262	1272900090149	0	0	ec0d6c01acf93cc2c3adc4eab7eb
user4	146	266	1272900090165	0	0	ec0d6c01acf93cc2c3adc4eab7eb
user4	150	271	1272900090180	0	0	ec0d6c01acf93cc2c3adc4eab7eb
user4	157	279	1272900090212	0	0	ec0d6c01acf93cc2c3adc4eab7eb
user4	162	283	1272900090227	0	0	ec0d6c01acf93cc2c3adc4eab7eb
user4	168	286	1272900090227	0	0	ec0d6c01acf93cc2c3adc4eab7eb
user4	174	289	1272900090243	0	0	ec0d6c01acf93cc2c3adc4eab7eb
user4	181	293	1272900090243	0	0	ec0d6c01acf93cc2c3adc4eab7eb
user4	184	293	1272900091274	0	0	ec0d6c01acf93cc2c3adc4eab7eb
user4	189	291	1272900091290	0	0	ec0d6c01acf93cc2c3adc4eab7eb
user4	200	290	1272900091305	0	0	ec0d6c01acf93cc2c3adc4eab7eb
user4	220	290	1272900091321	0	0	ec0d6c01acf93cc2c3adc4eab7eb
user4	243	292	1272900091337	0	0	ec0d6c01acf93cc2c3adc4eab7eb
user4	255	295	1272900091352	0	0	ec0d6c01acf93cc2c3adc4eab7eb
user4	267	299	1272900091368	0	0	ec0d6c01acf93cc2c3adc4eab7eb
user4	290	305	1272900091368	0	0	ec0d6c01acf93cc2c3adc4eab7eb
user4	310	305	1272900091384	0	0	ec0d6c01acf93cc2c3adc4eab7eb
user4	328	299	1272900091399	0	0	ec0d6c01acf93cc2c3adc4eab7eb
user4	340	292	1272900091415	0	0	ec0d6c01acf93cc2c3adc4eab7eb
user4	345	287	1272900091430	0	0	ec0d6c01acf93cc2c3adc4eab7eb
user4	347	285	1272900091446	0	0	ec0d6c01acf93cc2c3adc4eab7eb
user4	347	284	1272900091477	0	0	ec0d6c01acf93cc2c3adc4eab7eb
user4	347	283	1272900091540	0	0	ec0d6c01acf93cc2c3adc4eab7eb
user4	347	279	1272900091555	0	0	ec0d6c01acf93cc2c3adc4eab7eb
user4	344	275	1272900091571	0	0	ec0d6c01acf93cc2c3adc4eab7eb
user4	341	271	1272900091587	0	0	ec0d6c01acf93cc2c3adc4eab7eb
user4	339	269	1272900091602	0	0	ec0d6c01acf93cc2c3adc4eab7eb
user4	336	266	1272900091602	0	0	ec0d6c01acf93cc2c3adc4eab7eb
user4	328	262	1272900091618	0	0	ec0d6c01acf93cc2c3adc4eab7eb
user4	320	258	1272900091634	0	0	ec0d6c01acf93cc2c3adc4eab7eb
user4	313	256	1272900091649	0	0	ec0d6c01acf93cc2c3adc4eab7eb
user4	309	254	1272900091665	0	0	ec0d6c01acf93cc2c3adc4eab7eb
user4	307	254	1272900091680	0	0	ec0d6c01acf93cc2c3adc4eab7eb
user4	306	254	1272900091680	0	0	ec0d6c01acf93cc2c3adc4eab7eb
user4	304	253	1272900091696	0	0	ec0d6c01acf93cc2c3adc4eab7eb
user4	302	253	1272900091727	0	0	ec0d6c01acf93cc2c3adc4eab7eb
user4	302	253	1272900091977	1272900091837	1272900091977	ec0d6c01acf93cc2c3adc4eab7eb
user4	302	255	1272900092790	0	0	ec0d6c01acf93cc2c3adc4eab7eb
user4	301	258	1272900092806	0	0	ec0d6c01acf93cc2c3adc4eab7eb
user4	299	261	1272900092821	0	0	ec0d6c01acf93cc2c3adc4eab7eb
user4	298	264	1272900092837	0	0	ec0d6c01acf93cc2c3adc4eab7eb
user4	297	266	1272900092852	0	0	ec0d6c01acf93cc2c3adc4eab7eb
user4	297	266	1272900092868	0	0	ec0d6c01acf93cc2c3adc4eab7eb
user4	297	266	1272900092868	0	0	ec0d6c01acf93cc2c3adc4eab7eb
user4	297	266	1272900092868	0	0	ec0d6c01acf93cc2c3adc4eab7eb
user4	297	266	1272900092868	0	0	ec0d6c01acf93cc2c3adc4eab7eb
user4	295	268	1272900092868	0	0	ec0d6c01acf93cc2c3adc4eab7eb
user4	294	270	1272900092899	0	0	ec0d6c01acf93cc2c3adc4eab7eb
user4	294	270	1272900093149	1272900093071	1272900093149	ec0d6c01acf93cc2c3adc4eab7eb
user4	294	270	1272900095712	0	0	ec0d6c01acf93cc2c3adc4eab7eb
user4	294	270	1272900095712	0	0	ec0d6c01acf93cc2c3adc4eab7eb
user4	294	270	1272900095712	0	0	ec0d6c01acf93cc2c3adc4eab7eb
user4	294	270	1272900109245	0	0	ec0d6c01acf93cc2c3adc4eab7eb
user4	294	270	1272900109745	0	0	ec0d6c01acf93cc2c3adc4eab7eb
user4	297	269	1272900117605	0	0	ec0d6c01acf93cc2c3adc4eab7eb
user4	308	267	1272900117621	0	0	ec0d6c01acf93cc2c3adc4eab7eb
user4	327	267	1272900117637	0	0	ec0d6c01acf93cc2c3adc4eab7eb
user4	348	269	1272900117652	0	0	ec0d6c01acf93cc2c3adc4eab7eb
user4	364	271	1272900117668	0	0	ec0d6c01acf93cc2c3adc4eab7eb
user4	377	273	1272900117683	0	0	ec0d6c01acf93cc2c3adc4eab7eb
user4	387	273	1272900117699	0	0	ec0d6c01acf93cc2c3adc4eab7eb
user4	394	275	1272900117715	0	0	ec0d6c01acf93cc2c3adc4eab7eb
user4	398	276	1272900117730	0	0	ec0d6c01acf93cc2c3adc4eab7eb
user4	400	276	1272900117746	0	0	ec0d6c01acf93cc2c3adc4eab7eb
user4	401	276	1272900117746	0	0	ec0d6c01acf93cc2c3adc4eab7eb
user4	402	277	1272900117762	0	0	ec0d6c01acf93cc2c3adc4eab7eb
user4	404	277	1272900117762	0	0	ec0d6c01acf93cc2c3adc4eab7eb
user4	405	277	1272900117777	0	0	ec0d6c01acf93cc2c3adc4eab7eb
user4	407	278	1272900117808	0	0	ec0d6c01acf93cc2c3adc4eab7eb
user4	409	278	1272900117840	0	0	ec0d6c01acf93cc2c3adc4eab7eb
user4	411	278	1272900117855	0	0	ec0d6c01acf93cc2c3adc4eab7eb
user4	414	278	1272900117871	0	0	ec0d6c01acf93cc2c3adc4eab7eb
user4	418	280	1272900117887	0	0	ec0d6c01acf93cc2c3adc4eab7eb
user4	424	282	1272900117902	0	0	ec0d6c01acf93cc2c3adc4eab7eb
user4	431	284	1272900117918	0	0	ec0d6c01acf93cc2c3adc4eab7eb
user4	436	286	1272900117933	0	0	ec0d6c01acf93cc2c3adc4eab7eb
user4	441	286	1272900117949	0	0	ec0d6c01acf93cc2c3adc4eab7eb
user4	444	286	1272900117965	0	0	ec0d6c01acf93cc2c3adc4eab7eb
user4	446	286	1272900117980	0	0	ec0d6c01acf93cc2c3adc4eab7eb
user4	448	286	1272900118027	0	0	ec0d6c01acf93cc2c3adc4eab7eb
user4	448	286	1272900118309	1272900118152	1272900118309	ec0d6c01acf93cc2c3adc4eab7eb
user4	557	320	1272900137045	0	0	ec0d6c01acf93cc2c3adc4eab7eb
user4	559	320	1272900137076	0	0	ec0d6c01acf93cc2c3adc4eab7eb
user4	553	320	1272900137123	0	0	ec0d6c01acf93cc2c3adc4eab7eb
user4	536	317	1272900137139	0	0	ec0d6c01acf93cc2c3adc4eab7eb
user4	513	311	1272900137154	0	0	ec0d6c01acf93cc2c3adc4eab7eb
user4	486	305	1272900137170	0	0	ec0d6c01acf93cc2c3adc4eab7eb
user4	460	302	1272900137186	0	0	ec0d6c01acf93cc2c3adc4eab7eb
user4	432	300	1272900137201	0	0	ec0d6c01acf93cc2c3adc4eab7eb
user4	419	298	1272900137217	0	0	ec0d6c01acf93cc2c3adc4eab7eb
user4	392	295	1272900137217	0	0	ec0d6c01acf93cc2c3adc4eab7eb
user4	368	295	1272900137248	0	0	ec0d6c01acf93cc2c3adc4eab7eb
user4	359	295	1272900137264	0	0	ec0d6c01acf93cc2c3adc4eab7eb
user4	339	296	1272900137264	0	0	ec0d6c01acf93cc2c3adc4eab7eb
user4	320	298	1272900137279	0	0	ec0d6c01acf93cc2c3adc4eab7eb
user4	301	299	1272900137295	0	0	ec0d6c01acf93cc2c3adc4eab7eb
user4	294	299	1272900137311	0	0	ec0d6c01acf93cc2c3adc4eab7eb
user4	286	299	1272900137311	0	0	ec0d6c01acf93cc2c3adc4eab7eb
user4	273	299	1272900137326	0	0	ec0d6c01acf93cc2c3adc4eab7eb
user4	265	299	1272900137342	0	0	ec0d6c01acf93cc2c3adc4eab7eb
user4	262	299	1272900137358	0	0	ec0d6c01acf93cc2c3adc4eab7eb
user4	259	299	1272900137358	0	0	ec0d6c01acf93cc2c3adc4eab7eb
user4	253	299	1272900137373	0	0	ec0d6c01acf93cc2c3adc4eab7eb
user4	246	297	1272900137389	0	0	ec0d6c01acf93cc2c3adc4eab7eb
user4	238	295	1272900137404	0	0	ec0d6c01acf93cc2c3adc4eab7eb
user4	229	292	1272900137420	0	0	ec0d6c01acf93cc2c3adc4eab7eb
user4	223	290	1272900137436	0	0	ec0d6c01acf93cc2c3adc4eab7eb
user4	219	288	1272900137451	0	0	ec0d6c01acf93cc2c3adc4eab7eb
user4	217	287	1272900137451	0	0	ec0d6c01acf93cc2c3adc4eab7eb
user4	213	285	1272900137467	0	0	ec0d6c01acf93cc2c3adc4eab7eb
user4	209	282	1272900137483	0	0	ec0d6c01acf93cc2c3adc4eab7eb
user4	206	279	1272900137498	0	0	ec0d6c01acf93cc2c3adc4eab7eb
user4	204	276	1272900137514	0	0	ec0d6c01acf93cc2c3adc4eab7eb
user4	199	270	1272900137545	0	0	ec0d6c01acf93cc2c3adc4eab7eb
user4	193	263	1272900137545	0	0	ec0d6c01acf93cc2c3adc4eab7eb
user4	188	256	1272900137576	0	0	ec0d6c01acf93cc2c3adc4eab7eb
user4	183	251	1272900137592	0	0	ec0d6c01acf93cc2c3adc4eab7eb
user4	181	248	1272900137608	0	0	ec0d6c01acf93cc2c3adc4eab7eb
user4	179	246	1272900137623	0	0	ec0d6c01acf93cc2c3adc4eab7eb
user4	178	246	1272900137670	0	0	ec0d6c01acf93cc2c3adc4eab7eb
user4	178	246	1272900137858	1272900137733	1272900137858	ec0d6c01acf93cc2c3adc4eab7eb
user4	178	246	1272900153094	0	0	ec0d6c01acf93cc2c3adc4eab7eb
user4	178	246	1272900153094	0	0	ec0d6c01acf93cc2c3adc4eab7eb
user4	178	246	1272900153094	0	0	ec0d6c01acf93cc2c3adc4eab7eb
user4	178	246	1272900153094	0	0	ec0d6c01acf93cc2c3adc4eab7eb
user4	178	246	1272900153094	0	0	ec0d6c01acf93cc2c3adc4eab7eb
user4	182	244	1272900154031	0	0	ec0d6c01acf93cc2c3adc4eab7eb
user4	189	243	1272900154047	0	0	ec0d6c01acf93cc2c3adc4eab7eb
user4	202	243	1272900154063	0	0	ec0d6c01acf93cc2c3adc4eab7eb
user4	219	246	1272900154078	0	0	ec0d6c01acf93cc2c3adc4eab7eb
user4	239	253	1272900154094	0	0	ec0d6c01acf93cc2c3adc4eab7eb
user4	253	257	1272900154110	0	0	ec0d6c01acf93cc2c3adc4eab7eb
user4	263	261	1272900154125	0	0	ec0d6c01acf93cc2c3adc4eab7eb
user4	274	265	1272900154141	0	0	ec0d6c01acf93cc2c3adc4eab7eb
user4	288	269	1272900154156	0	0	ec0d6c01acf93cc2c3adc4eab7eb
user4	304	276	1272900154172	0	0	ec0d6c01acf93cc2c3adc4eab7eb
user4	318	282	1272900154188	0	0	ec0d6c01acf93cc2c3adc4eab7eb
user4	332	286	1272900154203	0	0	ec0d6c01acf93cc2c3adc4eab7eb
user4	339	288	1272900154235	0	0	ec0d6c01acf93cc2c3adc4eab7eb
user4	345	290	1272900154235	0	0	ec0d6c01acf93cc2c3adc4eab7eb
user4	357	293	1272900154250	0	0	ec0d6c01acf93cc2c3adc4eab7eb
user4	368	296	1272900154266	0	0	ec0d6c01acf93cc2c3adc4eab7eb
user4	375	296	1272900154281	0	0	ec0d6c01acf93cc2c3adc4eab7eb
user4	382	296	1272900154297	0	0	ec0d6c01acf93cc2c3adc4eab7eb
user4	384	296	1272900154313	0	0	ec0d6c01acf93cc2c3adc4eab7eb
user4	387	296	1272900154313	0	0	ec0d6c01acf93cc2c3adc4eab7eb
user4	391	295	1272900154328	0	0	ec0d6c01acf93cc2c3adc4eab7eb
user4	395	292	1272900154344	0	0	ec0d6c01acf93cc2c3adc4eab7eb
user4	399	291	1272900154360	0	0	ec0d6c01acf93cc2c3adc4eab7eb
user4	404	288	1272900154375	0	0	ec0d6c01acf93cc2c3adc4eab7eb
user4	409	284	1272900154391	0	0	ec0d6c01acf93cc2c3adc4eab7eb
user4	414	280	1272900154406	0	0	ec0d6c01acf93cc2c3adc4eab7eb
user4	420	277	1272900154422	0	0	ec0d6c01acf93cc2c3adc4eab7eb
user4	424	275	1272900154438	0	0	ec0d6c01acf93cc2c3adc4eab7eb
user4	428	274	1272900154453	0	0	ec0d6c01acf93cc2c3adc4eab7eb
user4	429	274	1272900154469	0	0	ec0d6c01acf93cc2c3adc4eab7eb
user4	431	274	1272900154485	0	0	ec0d6c01acf93cc2c3adc4eab7eb
user4	432	274	1272900154500	0	0	ec0d6c01acf93cc2c3adc4eab7eb
user4	434	275	1272900154516	0	0	ec0d6c01acf93cc2c3adc4eab7eb
user4	438	278	1272900154531	0	0	ec0d6c01acf93cc2c3adc4eab7eb
user4	442	281	1272900154563	0	0	ec0d6c01acf93cc2c3adc4eab7eb
user4	445	284	1272900154578	0	0	ec0d6c01acf93cc2c3adc4eab7eb
user4	450	287	1272900154594	0	0	ec0d6c01acf93cc2c3adc4eab7eb
user4	454	290	1272900154610	0	0	ec0d6c01acf93cc2c3adc4eab7eb
user4	457	293	1272900154625	0	0	ec0d6c01acf93cc2c3adc4eab7eb
user4	460	294	1272900154641	0	0	ec0d6c01acf93cc2c3adc4eab7eb
user4	461	295	1272900154672	0	0	ec0d6c01acf93cc2c3adc4eab7eb
user4	463	293	1272900154875	0	0	ec0d6c01acf93cc2c3adc4eab7eb
user4	463	292	1272900154922	0	0	ec0d6c01acf93cc2c3adc4eab7eb
user4	464	292	1272900155016	0	0	ec0d6c01acf93cc2c3adc4eab7eb
user4	464	292	1272900155125	1272900155016	1272900155125	ec0d6c01acf93cc2c3adc4eab7eb
user4	674	348	1272900159485	0	0	ec0d6c01acf93cc2c3adc4eab7eb
user4	669	345	1272900164376	0	0	ec0d6c01acf93cc2c3adc4eab7eb
user4	661	343	1272900164392	0	0	ec0d6c01acf93cc2c3adc4eab7eb
user4	654	340	1272900164408	0	0	ec0d6c01acf93cc2c3adc4eab7eb
user4	648	339	1272900164423	0	0	ec0d6c01acf93cc2c3adc4eab7eb
user4	647	337	1272900164454	0	0	ec0d6c01acf93cc2c3adc4eab7eb
user4	647	336	1272900164454	0	0	ec0d6c01acf93cc2c3adc4eab7eb
user4	647	334	1272900164470	0	0	ec0d6c01acf93cc2c3adc4eab7eb
user4	643	331	1272900164486	0	0	ec0d6c01acf93cc2c3adc4eab7eb
user4	626	319	1272900164501	0	0	ec0d6c01acf93cc2c3adc4eab7eb
user4	595	292	1272900164517	0	0	ec0d6c01acf93cc2c3adc4eab7eb
user4	554	243	1272900164533	0	0	ec0d6c01acf93cc2c3adc4eab7eb
user4	518	203	1272900164548	0	0	ec0d6c01acf93cc2c3adc4eab7eb
user4	490	178	1272900164579	0	0	ec0d6c01acf93cc2c3adc4eab7eb
user4	468	158	1272900164595	0	0	ec0d6c01acf93cc2c3adc4eab7eb
user4	458	150	1272900164611	0	0	ec0d6c01acf93cc2c3adc4eab7eb
user4	445	140	1272900164611	0	0	ec0d6c01acf93cc2c3adc4eab7eb
user4	425	122	1272900164626	0	0	ec0d6c01acf93cc2c3adc4eab7eb
user4	409	108	1272900164642	0	0	ec0d6c01acf93cc2c3adc4eab7eb
user4	396	94	1272900164658	0	0	ec0d6c01acf93cc2c3adc4eab7eb
user4	386	82	1272900164673	0	0	ec0d6c01acf93cc2c3adc4eab7eb
user4	377	71	1272900164689	0	0	ec0d6c01acf93cc2c3adc4eab7eb
user4	371	60	1272900164705	0	0	ec0d6c01acf93cc2c3adc4eab7eb
user4	368	51	1272900164720	0	0	ec0d6c01acf93cc2c3adc4eab7eb
user4	367	44	1272900164736	0	0	ec0d6c01acf93cc2c3adc4eab7eb
user4	367	41	1272900164751	0	0	ec0d6c01acf93cc2c3adc4eab7eb
user4	367	39	1272900164751	0	0	ec0d6c01acf93cc2c3adc4eab7eb
user4	367	35	1272900164767	0	0	ec0d6c01acf93cc2c3adc4eab7eb
user4	369	32	1272900164783	0	0	ec0d6c01acf93cc2c3adc4eab7eb
user4	370	30	1272900164798	0	0	ec0d6c01acf93cc2c3adc4eab7eb
user4	372	29	1272900164814	0	0	ec0d6c01acf93cc2c3adc4eab7eb
user4	373	29	1272900164845	0	0	ec0d6c01acf93cc2c3adc4eab7eb
user4	376	30	1272900164876	0	0	ec0d6c01acf93cc2c3adc4eab7eb
user4	379	31	1272900164892	0	0	ec0d6c01acf93cc2c3adc4eab7eb
user4	382	33	1272900164908	0	0	ec0d6c01acf93cc2c3adc4eab7eb
user4	383	34	1272900164923	0	0	ec0d6c01acf93cc2c3adc4eab7eb
user4	385	36	1272900164939	0	0	ec0d6c01acf93cc2c3adc4eab7eb
user4	388	40	1272900164955	0	0	ec0d6c01acf93cc2c3adc4eab7eb
user4	391	43	1272900164970	0	0	ec0d6c01acf93cc2c3adc4eab7eb
user4	394	46	1272900164986	0	0	ec0d6c01acf93cc2c3adc4eab7eb
user4	396	48	1272900165001	0	0	ec0d6c01acf93cc2c3adc4eab7eb
user4	398	49	1272900165033	0	0	ec0d6c01acf93cc2c3adc4eab7eb
user4	399	51	1272900165048	0	0	ec0d6c01acf93cc2c3adc4eab7eb
user4	401	53	1272900165064	0	0	ec0d6c01acf93cc2c3adc4eab7eb
user4	404	54	1272900165080	0	0	ec0d6c01acf93cc2c3adc4eab7eb
user4	407	56	1272900165095	0	0	ec0d6c01acf93cc2c3adc4eab7eb
user4	412	57	1272900165111	0	0	ec0d6c01acf93cc2c3adc4eab7eb
user4	415	57	1272900165126	0	0	ec0d6c01acf93cc2c3adc4eab7eb
user4	419	57	1272900165142	0	0	ec0d6c01acf93cc2c3adc4eab7eb
user4	421	57	1272900165158	0	0	ec0d6c01acf93cc2c3adc4eab7eb
user4	424	57	1272900165158	0	0	ec0d6c01acf93cc2c3adc4eab7eb
user4	427	56	1272900165173	0	0	ec0d6c01acf93cc2c3adc4eab7eb
user4	430	56	1272900165189	0	0	ec0d6c01acf93cc2c3adc4eab7eb
user4	435	55	1272900165205	0	0	ec0d6c01acf93cc2c3adc4eab7eb
user4	439	54	1272900165220	0	0	ec0d6c01acf93cc2c3adc4eab7eb
user4	443	54	1272900165236	0	0	ec0d6c01acf93cc2c3adc4eab7eb
user4	445	53	1272900165267	0	0	ec0d6c01acf93cc2c3adc4eab7eb
user4	446	53	1272900165314	0	0	ec0d6c01acf93cc2c3adc4eab7eb
user4	446	53	1272900165642	1272900165517	1272900165642	ec0d6c01acf93cc2c3adc4eab7eb
user4	330	376	1272900175643	0	0	ec0d6c01acf93cc2c3adc4eab7eb
user4	332	376	1272900175940	0	0	ec0d6c01acf93cc2c3adc4eab7eb
user4	334	375	1272900175971	0	0	ec0d6c01acf93cc2c3adc4eab7eb
user4	336	375	1272900175987	0	0	ec0d6c01acf93cc2c3adc4eab7eb
user4	337	375	1272900176003	0	0	ec0d6c01acf93cc2c3adc4eab7eb
user4	339	374	1272900176034	0	0	ec0d6c01acf93cc2c3adc4eab7eb
user4	340	374	1272900176050	0	0	ec0d6c01acf93cc2c3adc4eab7eb
user4	342	374	1272900176081	0	0	ec0d6c01acf93cc2c3adc4eab7eb
user4	343	373	1272900176096	0	0	ec0d6c01acf93cc2c3adc4eab7eb
user4	344	373	1272900176112	0	0	ec0d6c01acf93cc2c3adc4eab7eb
user4	344	373	1272900176128	0	0	ec0d6c01acf93cc2c3adc4eab7eb
user4	347	372	1272900176128	0	0	ec0d6c01acf93cc2c3adc4eab7eb
user4	350	371	1272900176143	0	0	ec0d6c01acf93cc2c3adc4eab7eb
user4	355	370	1272900176159	0	0	ec0d6c01acf93cc2c3adc4eab7eb
user4	359	370	1272900176175	0	0	ec0d6c01acf93cc2c3adc4eab7eb
user4	363	369	1272900176190	0	0	ec0d6c01acf93cc2c3adc4eab7eb
user4	366	368	1272900176206	0	0	ec0d6c01acf93cc2c3adc4eab7eb
user4	367	368	1272900176206	0	0	ec0d6c01acf93cc2c3adc4eab7eb
user4	368	367	1272900176221	0	0	ec0d6c01acf93cc2c3adc4eab7eb
user4	370	367	1272900176221	0	0	ec0d6c01acf93cc2c3adc4eab7eb
user4	374	366	1272900176237	0	0	ec0d6c01acf93cc2c3adc4eab7eb
user4	377	365	1272900176253	0	0	ec0d6c01acf93cc2c3adc4eab7eb
user4	380	363	1272900176268	0	0	ec0d6c01acf93cc2c3adc4eab7eb
user4	384	362	1272900176284	0	0	ec0d6c01acf93cc2c3adc4eab7eb
user4	388	359	1272900176300	0	0	ec0d6c01acf93cc2c3adc4eab7eb
user4	392	358	1272900176315	0	0	ec0d6c01acf93cc2c3adc4eab7eb
user4	395	356	1272900176331	0	0	ec0d6c01acf93cc2c3adc4eab7eb
user4	400	353	1272900176346	0	0	ec0d6c01acf93cc2c3adc4eab7eb
user4	404	349	1272900176362	0	0	ec0d6c01acf93cc2c3adc4eab7eb
user4	409	345	1272900176378	0	0	ec0d6c01acf93cc2c3adc4eab7eb
user4	414	341	1272900176393	0	0	ec0d6c01acf93cc2c3adc4eab7eb
user4	418	336	1272900176409	0	0	ec0d6c01acf93cc2c3adc4eab7eb
user4	425	328	1272900176425	0	0	ec0d6c01acf93cc2c3adc4eab7eb
user4	430	320	1272900176440	0	0	ec0d6c01acf93cc2c3adc4eab7eb
user4	435	313	1272900176456	0	0	ec0d6c01acf93cc2c3adc4eab7eb
user4	441	306	1272900176471	0	0	ec0d6c01acf93cc2c3adc4eab7eb
user4	445	301	1272900176487	0	0	ec0d6c01acf93cc2c3adc4eab7eb
user4	449	295	1272900176503	0	0	ec0d6c01acf93cc2c3adc4eab7eb
user4	452	291	1272900176518	0	0	ec0d6c01acf93cc2c3adc4eab7eb
user4	455	285	1272900176534	0	0	ec0d6c01acf93cc2c3adc4eab7eb
user4	458	282	1272900176550	0	0	ec0d6c01acf93cc2c3adc4eab7eb
user4	460	279	1272900176565	0	0	ec0d6c01acf93cc2c3adc4eab7eb
user4	461	276	1272900176597	0	0	ec0d6c01acf93cc2c3adc4eab7eb
user4	462	276	1272900176643	0	0	ec0d6c01acf93cc2c3adc4eab7eb
user4	462	275	1272900176675	0	0	ec0d6c01acf93cc2c3adc4eab7eb
user4	463	274	1272900176722	0	0	ec0d6c01acf93cc2c3adc4eab7eb
user4	465	274	1272900176737	0	0	ec0d6c01acf93cc2c3adc4eab7eb
user4	466	273	1272900176753	0	0	ec0d6c01acf93cc2c3adc4eab7eb
user4	467	272	1272900176768	0	0	ec0d6c01acf93cc2c3adc4eab7eb
user4	469	271	1272900176784	0	0	ec0d6c01acf93cc2c3adc4eab7eb
user4	470	270	1272900176800	0	0	ec0d6c01acf93cc2c3adc4eab7eb
user4	471	269	1272900176815	0	0	ec0d6c01acf93cc2c3adc4eab7eb
user4	472	268	1272900176878	0	0	ec0d6c01acf93cc2c3adc4eab7eb
user4	470	266	1272900176893	0	0	ec0d6c01acf93cc2c3adc4eab7eb
user4	467	264	1272900176925	0	0	ec0d6c01acf93cc2c3adc4eab7eb
user4	467	265	1272900177378	0	0	ec0d6c01acf93cc2c3adc4eab7eb
user4	467	266	1272900177769	0	0	ec0d6c01acf93cc2c3adc4eab7eb
user4	467	267	1272900177847	0	0	ec0d6c01acf93cc2c3adc4eab7eb
user4	467	268	1272900177925	0	0	ec0d6c01acf93cc2c3adc4eab7eb
user4	467	269	1272900178175	0	0	ec0d6c01acf93cc2c3adc4eab7eb
user4	467	270	1272900178315	0	0	ec0d6c01acf93cc2c3adc4eab7eb
user4	467	271	1272900178472	0	0	ec0d6c01acf93cc2c3adc4eab7eb
user4	467	272	1272900178487	0	0	ec0d6c01acf93cc2c3adc4eab7eb
user4	467	273	1272900178878	0	0	ec0d6c01acf93cc2c3adc4eab7eb
user4	467	274	1272900178941	0	0	ec0d6c01acf93cc2c3adc4eab7eb
user4	467	275	1272900179347	0	0	ec0d6c01acf93cc2c3adc4eab7eb
user4	467	277	1272900179691	0	0	ec0d6c01acf93cc2c3adc4eab7eb
user4	467	278	1272900182035	0	0	ec0d6c01acf93cc2c3adc4eab7eb
user4	467	279	1272900184347	0	0	ec0d6c01acf93cc2c3adc4eab7eb
user4	467	280	1272900185222	0	0	ec0d6c01acf93cc2c3adc4eab7eb
user4	467	281	1272900185269	0	0	ec0d6c01acf93cc2c3adc4eab7eb
user4	467	279	1272900189332	0	0	ec0d6c01acf93cc2c3adc4eab7eb
user4	467	278	1272900190426	0	0	ec0d6c01acf93cc2c3adc4eab7eb
user4	466	278	1272900191676	0	0	ec0d6c01acf93cc2c3adc4eab7eb
user4	465	278	1272900191708	0	0	ec0d6c01acf93cc2c3adc4eab7eb
user4	465	277	1272900192005	0	0	ec0d6c01acf93cc2c3adc4eab7eb
user4	465	276	1272900192020	0	0	ec0d6c01acf93cc2c3adc4eab7eb
user4	466	275	1272900192098	0	0	ec0d6c01acf93cc2c3adc4eab7eb
user4	467	275	1272900194692	0	0	ec0d6c01acf93cc2c3adc4eab7eb
user4	465	275	1272900195286	0	0	ec0d6c01acf93cc2c3adc4eab7eb
user4	463	275	1272900195317	0	0	ec0d6c01acf93cc2c3adc4eab7eb
user4	461	276	1272900195349	0	0	ec0d6c01acf93cc2c3adc4eab7eb
user4	459	276	1272900195380	0	0	ec0d6c01acf93cc2c3adc4eab7eb
user4	459	277	1272900195427	0	0	ec0d6c01acf93cc2c3adc4eab7eb
user4	458	277	1272900195458	0	0	ec0d6c01acf93cc2c3adc4eab7eb
user4	457	277	1272900195614	0	0	ec0d6c01acf93cc2c3adc4eab7eb
user4	454	277	1272900195614	0	0	ec0d6c01acf93cc2c3adc4eab7eb
user4	450	277	1272900195630	0	0	ec0d6c01acf93cc2c3adc4eab7eb
user4	446	276	1272900195646	0	0	ec0d6c01acf93cc2c3adc4eab7eb
user4	440	275	1272900195661	0	0	ec0d6c01acf93cc2c3adc4eab7eb
user4	435	274	1272900195677	0	0	ec0d6c01acf93cc2c3adc4eab7eb
user4	432	274	1272900195692	0	0	ec0d6c01acf93cc2c3adc4eab7eb
user4	430	273	1272900195708	0	0	ec0d6c01acf93cc2c3adc4eab7eb
user4	429	273	1272900195864	0	0	ec0d6c01acf93cc2c3adc4eab7eb
user4	426	274	1272900196271	0	0	ec0d6c01acf93cc2c3adc4eab7eb
user4	423	275	1272900196286	0	0	ec0d6c01acf93cc2c3adc4eab7eb
user4	421	277	1272900196286	0	0	ec0d6c01acf93cc2c3adc4eab7eb
user4	413	280	1272900196302	0	0	ec0d6c01acf93cc2c3adc4eab7eb
user4	405	284	1272900196318	0	0	ec0d6c01acf93cc2c3adc4eab7eb
user4	395	288	1272900196333	0	0	ec0d6c01acf93cc2c3adc4eab7eb
user4	386	291	1272900196349	0	0	ec0d6c01acf93cc2c3adc4eab7eb
user4	382	293	1272900196364	0	0	ec0d6c01acf93cc2c3adc4eab7eb
user4	378	294	1272900196364	0	0	ec0d6c01acf93cc2c3adc4eab7eb
user4	374	295	1272900196380	0	0	ec0d6c01acf93cc2c3adc4eab7eb
user4	372	295	1272900196396	0	0	ec0d6c01acf93cc2c3adc4eab7eb
user4	371	294	1272900196521	0	0	ec0d6c01acf93cc2c3adc4eab7eb
user4	370	293	1272900196536	0	0	ec0d6c01acf93cc2c3adc4eab7eb
user4	369	292	1272900196552	0	0	ec0d6c01acf93cc2c3adc4eab7eb
user4	367	289	1272900196568	0	0	ec0d6c01acf93cc2c3adc4eab7eb
user4	366	288	1272900196599	0	0	ec0d6c01acf93cc2c3adc4eab7eb
user4	365	285	1272900196614	0	0	ec0d6c01acf93cc2c3adc4eab7eb
user4	365	284	1272900196630	0	0	ec0d6c01acf93cc2c3adc4eab7eb
user4	365	282	1272900196646	0	0	ec0d6c01acf93cc2c3adc4eab7eb
user4	365	279	1272900196661	0	0	ec0d6c01acf93cc2c3adc4eab7eb
user4	365	276	1272900196677	0	0	ec0d6c01acf93cc2c3adc4eab7eb
user4	365	274	1272900196693	0	0	ec0d6c01acf93cc2c3adc4eab7eb
user4	364	272	1272900196708	0	0	ec0d6c01acf93cc2c3adc4eab7eb
user4	363	270	1272900196724	0	0	ec0d6c01acf93cc2c3adc4eab7eb
user4	363	270	1272900197193	1272900196974	1272900197193	ec0d6c01acf93cc2c3adc4eab7eb
user4	363	268	1272900197349	0	0	ec0d6c01acf93cc2c3adc4eab7eb
user4	363	267	1272900197380	0	0	ec0d6c01acf93cc2c3adc4eab7eb
user4	363	266	1272900197443	0	0	ec0d6c01acf93cc2c3adc4eab7eb
user4	363	265	1272900197505	0	0	ec0d6c01acf93cc2c3adc4eab7eb
user4	363	264	1272900197615	0	0	ec0d6c01acf93cc2c3adc4eab7eb
user4	363	263	1272900198662	0	0	ec0d6c01acf93cc2c3adc4eab7eb
user4	363	261	1272900200052	0	0	ec0d6c01acf93cc2c3adc4eab7eb
user4	363	260	1272900200068	0	0	ec0d6c01acf93cc2c3adc4eab7eb
user4	363	259	1272900200084	0	0	ec0d6c01acf93cc2c3adc4eab7eb
user4	361	256	1272900200115	0	0	ec0d6c01acf93cc2c3adc4eab7eb
user4	360	253	1272900200146	0	0	ec0d6c01acf93cc2c3adc4eab7eb
user4	358	250	1272900200177	0	0	ec0d6c01acf93cc2c3adc4eab7eb
user4	357	248	1272900200209	0	0	ec0d6c01acf93cc2c3adc4eab7eb
user4	356	246	1272900200224	0	0	ec0d6c01acf93cc2c3adc4eab7eb
user4	355	244	1272900200240	0	0	ec0d6c01acf93cc2c3adc4eab7eb
user4	355	241	1272900200271	0	0	ec0d6c01acf93cc2c3adc4eab7eb
user4	354	240	1272900200287	0	0	ec0d6c01acf93cc2c3adc4eab7eb
user4	354	238	1272900200287	0	0	ec0d6c01acf93cc2c3adc4eab7eb
user4	353	233	1272900200302	0	0	ec0d6c01acf93cc2c3adc4eab7eb
user4	352	227	1272900200318	0	0	ec0d6c01acf93cc2c3adc4eab7eb
user4	352	220	1272900200334	0	0	ec0d6c01acf93cc2c3adc4eab7eb
user4	351	212	1272900200349	0	0	ec0d6c01acf93cc2c3adc4eab7eb
user4	351	200	1272900200365	0	0	ec0d6c01acf93cc2c3adc4eab7eb
user4	353	185	1272900200380	0	0	ec0d6c01acf93cc2c3adc4eab7eb
user4	354	169	1272900200396	0	0	ec0d6c01acf93cc2c3adc4eab7eb
user4	354	155	1272900200412	0	0	ec0d6c01acf93cc2c3adc4eab7eb
user4	354	143	1272900200427	0	0	ec0d6c01acf93cc2c3adc4eab7eb
user4	353	131	1272900200443	0	0	ec0d6c01acf93cc2c3adc4eab7eb
user4	351	122	1272900200459	0	0	ec0d6c01acf93cc2c3adc4eab7eb
user4	350	116	1272900200474	0	0	ec0d6c01acf93cc2c3adc4eab7eb
user4	350	108	1272900200490	0	0	ec0d6c01acf93cc2c3adc4eab7eb
user4	350	100	1272900200506	0	0	ec0d6c01acf93cc2c3adc4eab7eb
user4	350	97	1272900200521	0	0	ec0d6c01acf93cc2c3adc4eab7eb
user4	351	96	1272900200521	0	0	ec0d6c01acf93cc2c3adc4eab7eb
user4	351	92	1272900200537	0	0	ec0d6c01acf93cc2c3adc4eab7eb
user4	353	89	1272900200552	0	0	ec0d6c01acf93cc2c3adc4eab7eb
user4	354	86	1272900200568	0	0	ec0d6c01acf93cc2c3adc4eab7eb
user4	355	84	1272900200584	0	0	ec0d6c01acf93cc2c3adc4eab7eb
user4	357	82	1272900200615	0	0	ec0d6c01acf93cc2c3adc4eab7eb
user4	357	81	1272900200631	0	0	ec0d6c01acf93cc2c3adc4eab7eb
user4	358	79	1272900200631	0	0	ec0d6c01acf93cc2c3adc4eab7eb
user4	360	78	1272900200646	0	0	ec0d6c01acf93cc2c3adc4eab7eb
user4	363	76	1272900200662	0	0	ec0d6c01acf93cc2c3adc4eab7eb
user4	366	74	1272900200677	0	0	ec0d6c01acf93cc2c3adc4eab7eb
user4	372	71	1272900200693	0	0	ec0d6c01acf93cc2c3adc4eab7eb
user4	378	67	1272900200709	0	0	ec0d6c01acf93cc2c3adc4eab7eb
user4	383	66	1272900200724	0	0	ec0d6c01acf93cc2c3adc4eab7eb
user4	392	63	1272900200740	0	0	ec0d6c01acf93cc2c3adc4eab7eb
user4	398	61	1272900200756	0	0	ec0d6c01acf93cc2c3adc4eab7eb
user4	403	60	1272900200756	0	0	ec0d6c01acf93cc2c3adc4eab7eb
user4	416	57	1272900200771	0	0	ec0d6c01acf93cc2c3adc4eab7eb
user4	428	55	1272900200787	0	0	ec0d6c01acf93cc2c3adc4eab7eb
user4	439	54	1272900200802	0	0	ec0d6c01acf93cc2c3adc4eab7eb
user4	449	54	1272900200818	0	0	ec0d6c01acf93cc2c3adc4eab7eb
user4	456	54	1272900200834	0	0	ec0d6c01acf93cc2c3adc4eab7eb
user4	461	54	1272900200849	0	0	ec0d6c01acf93cc2c3adc4eab7eb
user4	465	54	1272900200865	0	0	ec0d6c01acf93cc2c3adc4eab7eb
user4	466	54	1272900200912	0	0	ec0d6c01acf93cc2c3adc4eab7eb
user4	467	54	1272900201209	0	0	ec0d6c01acf93cc2c3adc4eab7eb
user4	467	54	1272900201396	1272900201209	1272900201396	ec0d6c01acf93cc2c3adc4eab7eb
user4	547	289	1272900213695	0	0	ec0d6c01acf93cc2c3adc4eab7eb
user4	543	290	1272900213929	0	0	ec0d6c01acf93cc2c3adc4eab7eb
user4	533	293	1272900213945	0	0	ec0d6c01acf93cc2c3adc4eab7eb
user4	518	297	1272900213960	0	0	ec0d6c01acf93cc2c3adc4eab7eb
user4	503	301	1272900213976	0	0	ec0d6c01acf93cc2c3adc4eab7eb
user4	489	305	1272900213991	0	0	ec0d6c01acf93cc2c3adc4eab7eb
user4	475	308	1272900214007	0	0	ec0d6c01acf93cc2c3adc4eab7eb
user4	464	308	1272900214023	0	0	ec0d6c01acf93cc2c3adc4eab7eb
user4	459	309	1272900214038	0	0	ec0d6c01acf93cc2c3adc4eab7eb
user4	454	309	1272900214054	0	0	ec0d6c01acf93cc2c3adc4eab7eb
user4	451	309	1272900214070	0	0	ec0d6c01acf93cc2c3adc4eab7eb
user4	450	309	1272900214085	0	0	ec0d6c01acf93cc2c3adc4eab7eb
user4	450	309	1272900214179	0	0	ec0d6c01acf93cc2c3adc4eab7eb
user4	452	308	1272900214335	0	0	ec0d6c01acf93cc2c3adc4eab7eb
user4	454	307	1272900214351	0	0	ec0d6c01acf93cc2c3adc4eab7eb
user4	456	307	1272900214366	0	0	ec0d6c01acf93cc2c3adc4eab7eb
user4	459	306	1272900214382	0	0	ec0d6c01acf93cc2c3adc4eab7eb
user4	462	306	1272900214398	0	0	ec0d6c01acf93cc2c3adc4eab7eb
user4	465	305	1272900214413	0	0	ec0d6c01acf93cc2c3adc4eab7eb
user4	469	305	1272900214429	0	0	ec0d6c01acf93cc2c3adc4eab7eb
user4	470	305	1272900214445	0	0	ec0d6c01acf93cc2c3adc4eab7eb
user4	472	304	1272900214476	0	0	ec0d6c01acf93cc2c3adc4eab7eb
user4	474	304	1272900214491	0	0	ec0d6c01acf93cc2c3adc4eab7eb
user4	476	304	1272900216789	0	0	ec0d6c01acf93cc2c3adc4eab7eb
user4	482	304	1272900216804	0	0	ec0d6c01acf93cc2c3adc4eab7eb
user4	490	305	1272900216820	0	0	ec0d6c01acf93cc2c3adc4eab7eb
user4	499	306	1272900216836	0	0	ec0d6c01acf93cc2c3adc4eab7eb
user4	511	308	1272900216851	0	0	ec0d6c01acf93cc2c3adc4eab7eb
user4	519	310	1272900216867	0	0	ec0d6c01acf93cc2c3adc4eab7eb
user4	527	311	1272900216882	0	0	ec0d6c01acf93cc2c3adc4eab7eb
user4	530	311	1272900216898	0	0	ec0d6c01acf93cc2c3adc4eab7eb
user4	532	311	1272900216929	0	0	ec0d6c01acf93cc2c3adc4eab7eb
user4	531	311	1272900218836	0	0	ec0d6c01acf93cc2c3adc4eab7eb
user4	530	311	1272900219070	0	0	ec0d6c01acf93cc2c3adc4eab7eb
user4	529	311	1272900219117	0	0	ec0d6c01acf93cc2c3adc4eab7eb
user4	527	311	1272900219133	0	0	ec0d6c01acf93cc2c3adc4eab7eb
user4	521	310	1272900219148	0	0	ec0d6c01acf93cc2c3adc4eab7eb
user4	510	307	1272900219164	0	0	ec0d6c01acf93cc2c3adc4eab7eb
user4	492	303	1272900219180	0	0	ec0d6c01acf93cc2c3adc4eab7eb
user4	469	297	1272900219195	0	0	ec0d6c01acf93cc2c3adc4eab7eb
user4	444	293	1272900219211	0	0	ec0d6c01acf93cc2c3adc4eab7eb
user4	417	287	1272900219226	0	0	ec0d6c01acf93cc2c3adc4eab7eb
user4	390	284	1272900219258	0	0	ec0d6c01acf93cc2c3adc4eab7eb
user4	363	280	1272900219273	0	0	ec0d6c01acf93cc2c3adc4eab7eb
user4	351	279	1272900219289	0	0	ec0d6c01acf93cc2c3adc4eab7eb
user4	340	278	1272900219289	0	0	ec0d6c01acf93cc2c3adc4eab7eb
user4	320	277	1272900219305	0	0	ec0d6c01acf93cc2c3adc4eab7eb
user4	304	277	1272900219320	0	0	ec0d6c01acf93cc2c3adc4eab7eb
user4	289	280	1272900219336	0	0	ec0d6c01acf93cc2c3adc4eab7eb
user4	279	283	1272900219351	0	0	ec0d6c01acf93cc2c3adc4eab7eb
user4	271	289	1272900219367	0	0	ec0d6c01acf93cc2c3adc4eab7eb
user4	268	293	1272900219383	0	0	ec0d6c01acf93cc2c3adc4eab7eb
user4	267	295	1272900219398	0	0	ec0d6c01acf93cc2c3adc4eab7eb
user4	267	298	1272900219414	0	0	ec0d6c01acf93cc2c3adc4eab7eb
user4	267	300	1272900219430	0	0	ec0d6c01acf93cc2c3adc4eab7eb
user4	266	303	1272900219461	0	0	ec0d6c01acf93cc2c3adc4eab7eb
user4	266	304	1272900219492	0	0	ec0d6c01acf93cc2c3adc4eab7eb
user4	266	303	1272900219742	0	0	ec0d6c01acf93cc2c3adc4eab7eb
user4	266	302	1272900220117	0	0	ec0d6c01acf93cc2c3adc4eab7eb
user4	266	302	1272900220305	1272900220117	1272900220305	ec0d6c01acf93cc2c3adc4eab7eb
user4	267	301	1272900220320	0	0	ec0d6c01acf93cc2c3adc4eab7eb
user4	270	298	1272900220336	0	0	ec0d6c01acf93cc2c3adc4eab7eb
user4	277	293	1272900220352	0	0	ec0d6c01acf93cc2c3adc4eab7eb
user4	284	287	1272900220367	0	0	ec0d6c01acf93cc2c3adc4eab7eb
user4	292	280	1272900220383	0	0	ec0d6c01acf93cc2c3adc4eab7eb
user4	302	273	1272900220398	0	0	ec0d6c01acf93cc2c3adc4eab7eb
user4	311	265	1272900220414	0	0	ec0d6c01acf93cc2c3adc4eab7eb
user4	321	259	1272900220430	0	0	ec0d6c01acf93cc2c3adc4eab7eb
user4	329	252	1272900220445	0	0	ec0d6c01acf93cc2c3adc4eab7eb
user4	336	247	1272900220461	0	0	ec0d6c01acf93cc2c3adc4eab7eb
user4	342	243	1272900220477	0	0	ec0d6c01acf93cc2c3adc4eab7eb
user4	346	240	1272900220492	0	0	ec0d6c01acf93cc2c3adc4eab7eb
user4	348	239	1272900220508	0	0	ec0d6c01acf93cc2c3adc4eab7eb
user4	349	238	1272900220508	0	0	ec0d6c01acf93cc2c3adc4eab7eb
user4	352	236	1272900220523	0	0	ec0d6c01acf93cc2c3adc4eab7eb
user4	354	235	1272900220539	0	0	ec0d6c01acf93cc2c3adc4eab7eb
user4	354	234	1272900220602	0	0	ec0d6c01acf93cc2c3adc4eab7eb
user4	355	233	1272900220727	0	0	ec0d6c01acf93cc2c3adc4eab7eb
user4	356	233	1272900220773	0	0	ec0d6c01acf93cc2c3adc4eab7eb
user4	356	233	1272900228196	0	0	ec0d6c01acf93cc2c3adc4eab7eb
user4	356	233	1272900228196	0	0	ec0d6c01acf93cc2c3adc4eab7eb
user4	356	233	1272900228196	0	0	ec0d6c01acf93cc2c3adc4eab7eb
user4	356	233	1272900228196	0	0	ec0d6c01acf93cc2c3adc4eab7eb
user4	356	233	1272900228196	0	0	ec0d6c01acf93cc2c3adc4eab7eb
user4	356	233	1272900231040	0	0	ec0d6c01acf93cc2c3adc4eab7eb
user4	356	233	1272900231040	0	0	ec0d6c01acf93cc2c3adc4eab7eb
user4	356	233	1272900231040	0	0	ec0d6c01acf93cc2c3adc4eab7eb
user4	356	233	1272900231040	0	0	ec0d6c01acf93cc2c3adc4eab7eb
user4	356	233	1272900231743	0	0	ec0d6c01acf93cc2c3adc4eab7eb
user4	356	233	1272900231853	0	0	ec0d6c01acf93cc2c3adc4eab7eb
user4	356	233	1272900231853	0	0	ec0d6c01acf93cc2c3adc4eab7eb
user4	356	233	1272900231853	0	0	ec0d6c01acf93cc2c3adc4eab7eb
user4	356	233	1272900232290	0	0	ec0d6c01acf93cc2c3adc4eab7eb
user4	356	233	1272900232290	0	0	ec0d6c01acf93cc2c3adc4eab7eb
user4	363	238	1272900239291	0	0	ec0d6c01acf93cc2c3adc4eab7eb
user4	372	244	1272900239307	0	0	ec0d6c01acf93cc2c3adc4eab7eb
user4	385	254	1272900239307	0	0	ec0d6c01acf93cc2c3adc4eab7eb
user4	397	263	1272900239322	0	0	ec0d6c01acf93cc2c3adc4eab7eb
user4	408	271	1272900239322	0	0	ec0d6c01acf93cc2c3adc4eab7eb
user4	424	285	1272900239338	0	0	ec0d6c01acf93cc2c3adc4eab7eb
user4	430	290	1272900239354	0	0	ec0d6c01acf93cc2c3adc4eab7eb
user4	435	294	1272900239354	0	0	ec0d6c01acf93cc2c3adc4eab7eb
user4	443	300	1272900239369	0	0	ec0d6c01acf93cc2c3adc4eab7eb
user4	450	305	1272900239385	0	0	ec0d6c01acf93cc2c3adc4eab7eb
user4	456	310	1272900239401	0	0	ec0d6c01acf93cc2c3adc4eab7eb
user4	456	310	1272900239416	0	0	ec0d6c01acf93cc2c3adc4eab7eb
user4	460	314	1272900239416	0	0	ec0d6c01acf93cc2c3adc4eab7eb
user4	462	319	1272900239432	0	0	ec0d6c01acf93cc2c3adc4eab7eb
user4	464	323	1272900239447	0	0	ec0d6c01acf93cc2c3adc4eab7eb
user4	464	327	1272900239463	0	0	ec0d6c01acf93cc2c3adc4eab7eb
user4	464	328	1272900239494	0	0	ec0d6c01acf93cc2c3adc4eab7eb
user4	463	330	1272900239510	0	0	ec0d6c01acf93cc2c3adc4eab7eb
user4	462	332	1272900239541	0	0	ec0d6c01acf93cc2c3adc4eab7eb
user4	461	334	1272900239557	0	0	ec0d6c01acf93cc2c3adc4eab7eb
user4	460	337	1272900239573	0	0	ec0d6c01acf93cc2c3adc4eab7eb
user4	460	337	1272900239885	1272900239776	1272900239885	ec0d6c01acf93cc2c3adc4eab7eb
user4	574	367	1272900244182	0	0	ec0d6c01acf93cc2c3adc4eab7eb
user4	572	369	1272900244479	0	0	ec0d6c01acf93cc2c3adc4eab7eb
user4	571	371	1272900244495	0	0	ec0d6c01acf93cc2c3adc4eab7eb
user4	570	373	1272900244511	0	0	ec0d6c01acf93cc2c3adc4eab7eb
user4	569	375	1272900244526	0	0	ec0d6c01acf93cc2c3adc4eab7eb
user4	568	376	1272900244557	0	0	ec0d6c01acf93cc2c3adc4eab7eb
user4	567	377	1272900244604	0	0	ec0d6c01acf93cc2c3adc4eab7eb
user4	566	378	1272900244651	0	0	ec0d6c01acf93cc2c3adc4eab7eb
user4	565	379	1272900244682	0	0	ec0d6c01acf93cc2c3adc4eab7eb
user4	564	381	1272900244714	0	0	ec0d6c01acf93cc2c3adc4eab7eb
user4	563	383	1272900244729	0	0	ec0d6c01acf93cc2c3adc4eab7eb
user4	560	385	1272900244745	0	0	ec0d6c01acf93cc2c3adc4eab7eb
user4	559	386	1272900244761	0	0	ec0d6c01acf93cc2c3adc4eab7eb
user4	558	388	1272900244761	0	0	ec0d6c01acf93cc2c3adc4eab7eb
user4	555	390	1272900244776	0	0	ec0d6c01acf93cc2c3adc4eab7eb
user4	552	392	1272900244792	0	0	ec0d6c01acf93cc2c3adc4eab7eb
user4	550	394	1272900244807	0	0	ec0d6c01acf93cc2c3adc4eab7eb
user4	547	395	1272900244823	0	0	ec0d6c01acf93cc2c3adc4eab7eb
user4	545	397	1272900244839	0	0	ec0d6c01acf93cc2c3adc4eab7eb
user4	541	399	1272900244854	0	0	ec0d6c01acf93cc2c3adc4eab7eb
user4	538	402	1272900244870	0	0	ec0d6c01acf93cc2c3adc4eab7eb
user4	535	405	1272900244886	0	0	ec0d6c01acf93cc2c3adc4eab7eb
user4	531	407	1272900244901	0	0	ec0d6c01acf93cc2c3adc4eab7eb
user4	528	409	1272900244917	0	0	ec0d6c01acf93cc2c3adc4eab7eb
user4	525	412	1272900244932	0	0	ec0d6c01acf93cc2c3adc4eab7eb
user4	523	414	1272900244964	0	0	ec0d6c01acf93cc2c3adc4eab7eb
user4	522	414	1272900244979	0	0	ec0d6c01acf93cc2c3adc4eab7eb
user4	521	415	1272900244979	0	0	ec0d6c01acf93cc2c3adc4eab7eb
user4	520	416	1272900244995	0	0	ec0d6c01acf93cc2c3adc4eab7eb
user4	520	417	1272900245011	0	0	ec0d6c01acf93cc2c3adc4eab7eb
user4	519	418	1272900245042	0	0	ec0d6c01acf93cc2c3adc4eab7eb
user4	518	419	1272900245058	0	0	ec0d6c01acf93cc2c3adc4eab7eb
user4	516	421	1272900245089	0	0	ec0d6c01acf93cc2c3adc4eab7eb
user4	517	421	1272900245573	0	0	ec0d6c01acf93cc2c3adc4eab7eb
user4	518	419	1272900246511	0	0	ec0d6c01acf93cc2c3adc4eab7eb
user4	519	418	1272900246542	0	0	ec0d6c01acf93cc2c3adc4eab7eb
user4	521	417	1272900246573	0	0	ec0d6c01acf93cc2c3adc4eab7eb
user4	522	416	1272900246636	0	0	ec0d6c01acf93cc2c3adc4eab7eb
user4	523	415	1272900246667	0	0	ec0d6c01acf93cc2c3adc4eab7eb
user4	524	414	1272900246683	0	0	ec0d6c01acf93cc2c3adc4eab7eb
user4	525	413	1272900246714	0	0	ec0d6c01acf93cc2c3adc4eab7eb
user4	526	413	1272900246745	0	0	ec0d6c01acf93cc2c3adc4eab7eb
user4	527	411	1272900246761	0	0	ec0d6c01acf93cc2c3adc4eab7eb
user4	528	410	1272900246776	0	0	ec0d6c01acf93cc2c3adc4eab7eb
user4	530	409	1272900246808	0	0	ec0d6c01acf93cc2c3adc4eab7eb
user4	531	408	1272900246839	0	0	ec0d6c01acf93cc2c3adc4eab7eb
user4	532	407	1272900246855	0	0	ec0d6c01acf93cc2c3adc4eab7eb
user4	535	406	1272900246886	0	0	ec0d6c01acf93cc2c3adc4eab7eb
user4	536	404	1272900246901	0	0	ec0d6c01acf93cc2c3adc4eab7eb
user4	539	401	1272900246917	0	0	ec0d6c01acf93cc2c3adc4eab7eb
user4	543	397	1272900246933	0	0	ec0d6c01acf93cc2c3adc4eab7eb
user4	548	390	1272900246964	0	0	ec0d6c01acf93cc2c3adc4eab7eb
user4	553	385	1272900246980	0	0	ec0d6c01acf93cc2c3adc4eab7eb
user4	557	381	1272900246980	0	0	ec0d6c01acf93cc2c3adc4eab7eb
user4	567	368	1272900246995	0	0	ec0d6c01acf93cc2c3adc4eab7eb
user4	575	355	1272900247011	0	0	ec0d6c01acf93cc2c3adc4eab7eb
user4	583	342	1272900247026	0	0	ec0d6c01acf93cc2c3adc4eab7eb
user4	589	327	1272900247042	0	0	ec0d6c01acf93cc2c3adc4eab7eb
user4	594	313	1272900247058	0	0	ec0d6c01acf93cc2c3adc4eab7eb
user4	598	298	1272900247073	0	0	ec0d6c01acf93cc2c3adc4eab7eb
user4	600	291	1272900247089	0	0	ec0d6c01acf93cc2c3adc4eab7eb
user4	601	283	1272900247089	0	0	ec0d6c01acf93cc2c3adc4eab7eb
user4	601	268	1272900247105	0	0	ec0d6c01acf93cc2c3adc4eab7eb
user4	598	253	1272900247120	0	0	ec0d6c01acf93cc2c3adc4eab7eb
user4	593	238	1272900247136	0	0	ec0d6c01acf93cc2c3adc4eab7eb
user4	588	224	1272900247152	0	0	ec0d6c01acf93cc2c3adc4eab7eb
user4	583	213	1272900247167	0	0	ec0d6c01acf93cc2c3adc4eab7eb
user4	576	202	1272900247183	0	0	ec0d6c01acf93cc2c3adc4eab7eb
user4	571	195	1272900247198	0	0	ec0d6c01acf93cc2c3adc4eab7eb
user4	564	188	1272900247214	0	0	ec0d6c01acf93cc2c3adc4eab7eb
user4	559	182	1272900247230	0	0	ec0d6c01acf93cc2c3adc4eab7eb
user4	552	176	1272900247245	0	0	ec0d6c01acf93cc2c3adc4eab7eb
user4	544	171	1272900247261	0	0	ec0d6c01acf93cc2c3adc4eab7eb
user4	536	165	1272900247277	0	0	ec0d6c01acf93cc2c3adc4eab7eb
user4	528	162	1272900247292	0	0	ec0d6c01acf93cc2c3adc4eab7eb
user4	521	159	1272900247308	0	0	ec0d6c01acf93cc2c3adc4eab7eb
user4	517	158	1272900247323	0	0	ec0d6c01acf93cc2c3adc4eab7eb
user4	514	155	1272900247323	0	0	ec0d6c01acf93cc2c3adc4eab7eb
user4	506	150	1272900247339	0	0	ec0d6c01acf93cc2c3adc4eab7eb
user4	497	144	1272900247355	0	0	ec0d6c01acf93cc2c3adc4eab7eb
user4	488	139	1272900247370	0	0	ec0d6c01acf93cc2c3adc4eab7eb
user4	481	133	1272900247386	0	0	ec0d6c01acf93cc2c3adc4eab7eb
user4	474	128	1272900247402	0	0	ec0d6c01acf93cc2c3adc4eab7eb
user4	467	124	1272900247417	0	0	ec0d6c01acf93cc2c3adc4eab7eb
user4	463	119	1272900247433	0	0	ec0d6c01acf93cc2c3adc4eab7eb
user4	460	115	1272900247448	0	0	ec0d6c01acf93cc2c3adc4eab7eb
user4	458	110	1272900247464	0	0	ec0d6c01acf93cc2c3adc4eab7eb
user4	456	101	1272900247480	0	0	ec0d6c01acf93cc2c3adc4eab7eb
user4	454	92	1272900247495	0	0	ec0d6c01acf93cc2c3adc4eab7eb
user4	454	86	1272900247511	0	0	ec0d6c01acf93cc2c3adc4eab7eb
user4	453	81	1272900247527	0	0	ec0d6c01acf93cc2c3adc4eab7eb
user4	453	76	1272900247542	0	0	ec0d6c01acf93cc2c3adc4eab7eb
user4	453	72	1272900247558	0	0	ec0d6c01acf93cc2c3adc4eab7eb
user4	453	69	1272900247573	0	0	ec0d6c01acf93cc2c3adc4eab7eb
user4	453	67	1272900247589	0	0	ec0d6c01acf93cc2c3adc4eab7eb
user4	453	66	1272900247605	0	0	ec0d6c01acf93cc2c3adc4eab7eb
user4	453	65	1272900247636	0	0	ec0d6c01acf93cc2c3adc4eab7eb
user4	453	64	1272900247652	0	0	ec0d6c01acf93cc2c3adc4eab7eb
user4	453	62	1272900247667	0	0	ec0d6c01acf93cc2c3adc4eab7eb
user4	453	60	1272900247683	0	0	ec0d6c01acf93cc2c3adc4eab7eb
user4	453	60	1272900248011	1272900247823	1272900248011	ec0d6c01acf93cc2c3adc4eab7eb
user4	567	314	1272900257715	0	0	ec0d6c01acf93cc2c3adc4eab7eb
user4	567	314	1272900258200	0	0	ec0d6c01acf93cc2c3adc4eab7eb
user4	568	313	1272900259419	0	0	ec0d6c01acf93cc2c3adc4eab7eb
user4	569	313	1272900262575	0	0	ec0d6c01acf93cc2c3adc4eab7eb
user4	569	312	1272900262872	0	0	ec0d6c01acf93cc2c3adc4eab7eb
user4	570	312	1272900263341	0	0	ec0d6c01acf93cc2c3adc4eab7eb
user4	569	313	1272900263685	0	0	ec0d6c01acf93cc2c3adc4eab7eb
user4	566	314	1272900263700	0	0	ec0d6c01acf93cc2c3adc4eab7eb
user4	564	315	1272900263716	0	0	ec0d6c01acf93cc2c3adc4eab7eb
user4	558	317	1272900263732	0	0	ec0d6c01acf93cc2c3adc4eab7eb
user4	553	320	1272900263747	0	0	ec0d6c01acf93cc2c3adc4eab7eb
user4	551	320	1272900263763	0	0	ec0d6c01acf93cc2c3adc4eab7eb
user4	548	322	1272900263763	0	0	ec0d6c01acf93cc2c3adc4eab7eb
user4	541	324	1272900263778	0	0	ec0d6c01acf93cc2c3adc4eab7eb
user4	534	327	1272900263794	0	0	ec0d6c01acf93cc2c3adc4eab7eb
user4	526	329	1272900263810	0	0	ec0d6c01acf93cc2c3adc4eab7eb
user4	518	332	1272900263825	0	0	ec0d6c01acf93cc2c3adc4eab7eb
user4	510	334	1272900263841	0	0	ec0d6c01acf93cc2c3adc4eab7eb
user4	502	336	1272900263857	0	0	ec0d6c01acf93cc2c3adc4eab7eb
user4	494	339	1272900263872	0	0	ec0d6c01acf93cc2c3adc4eab7eb
user4	487	340	1272900263888	0	0	ec0d6c01acf93cc2c3adc4eab7eb
user4	481	343	1272900263903	0	0	ec0d6c01acf93cc2c3adc4eab7eb
user4	474	345	1272900263919	0	0	ec0d6c01acf93cc2c3adc4eab7eb
user4	470	347	1272900263935	0	0	ec0d6c01acf93cc2c3adc4eab7eb
user4	466	348	1272900263950	0	0	ec0d6c01acf93cc2c3adc4eab7eb
user4	463	349	1272900263966	0	0	ec0d6c01acf93cc2c3adc4eab7eb
user4	459	350	1272900263982	0	0	ec0d6c01acf93cc2c3adc4eab7eb
user4	456	352	1272900263997	0	0	ec0d6c01acf93cc2c3adc4eab7eb
user4	453	353	1272900264013	0	0	ec0d6c01acf93cc2c3adc4eab7eb
user4	451	353	1272900264028	0	0	ec0d6c01acf93cc2c3adc4eab7eb
user4	449	353	1272900264044	0	0	ec0d6c01acf93cc2c3adc4eab7eb
user4	448	353	1272900264075	0	0	ec0d6c01acf93cc2c3adc4eab7eb
user4	445	353	1272900264075	0	0	ec0d6c01acf93cc2c3adc4eab7eb
user4	443	353	1272900264107	0	0	ec0d6c01acf93cc2c3adc4eab7eb
user4	442	353	1272900264122	0	0	ec0d6c01acf93cc2c3adc4eab7eb
user4	441	353	1272900264138	0	0	ec0d6c01acf93cc2c3adc4eab7eb
user4	440	353	1272900264153	0	0	ec0d6c01acf93cc2c3adc4eab7eb
user4	439	350	1272900264841	0	0	ec0d6c01acf93cc2c3adc4eab7eb
user4	438	347	1272900264857	0	0	ec0d6c01acf93cc2c3adc4eab7eb
user4	437	346	1272900264872	0	0	ec0d6c01acf93cc2c3adc4eab7eb
user4	436	344	1272900264888	0	0	ec0d6c01acf93cc2c3adc4eab7eb
user4	435	343	1272900264904	0	0	ec0d6c01acf93cc2c3adc4eab7eb
user4	435	343	1272900265560	1272900265263	1272900265560	ec0d6c01acf93cc2c3adc4eab7eb
user4	436	341	1272900269404	0	0	ec0d6c01acf93cc2c3adc4eab7eb
user4	438	340	1272900269435	0	0	ec0d6c01acf93cc2c3adc4eab7eb
user4	441	339	1272900269435	0	0	ec0d6c01acf93cc2c3adc4eab7eb
user4	442	337	1272900269451	0	0	ec0d6c01acf93cc2c3adc4eab7eb
user4	444	337	1272900269467	0	0	ec0d6c01acf93cc2c3adc4eab7eb
user4	446	334	1272900269482	0	0	ec0d6c01acf93cc2c3adc4eab7eb
user4	449	333	1272900269498	0	0	ec0d6c01acf93cc2c3adc4eab7eb
user4	451	332	1272900269513	0	0	ec0d6c01acf93cc2c3adc4eab7eb
user4	453	331	1272900269529	0	0	ec0d6c01acf93cc2c3adc4eab7eb
user4	454	329	1272900269545	0	0	ec0d6c01acf93cc2c3adc4eab7eb
user4	456	328	1272900269560	0	0	ec0d6c01acf93cc2c3adc4eab7eb
user4	458	326	1272900269576	0	0	ec0d6c01acf93cc2c3adc4eab7eb
user4	461	325	1272900269592	0	0	ec0d6c01acf93cc2c3adc4eab7eb
user4	463	323	1272900269607	0	0	ec0d6c01acf93cc2c3adc4eab7eb
user4	466	322	1272900269638	0	0	ec0d6c01acf93cc2c3adc4eab7eb
user4	467	320	1272900269670	0	0	ec0d6c01acf93cc2c3adc4eab7eb
user4	468	320	1272900269685	0	0	ec0d6c01acf93cc2c3adc4eab7eb
user4	469	319	1272900269732	0	0	ec0d6c01acf93cc2c3adc4eab7eb
user4	470	318	1272900269810	0	0	ec0d6c01acf93cc2c3adc4eab7eb
user4	472	317	1272900269842	0	0	ec0d6c01acf93cc2c3adc4eab7eb
user4	471	323	1272900280421	0	0	ec0d6c01acf93cc2c3adc4eab7eb
user4	471	335	1272900280437	0	0	ec0d6c01acf93cc2c3adc4eab7eb
user4	471	346	1272900280452	0	0	ec0d6c01acf93cc2c3adc4eab7eb
user4	469	352	1272900280468	0	0	ec0d6c01acf93cc2c3adc4eab7eb
user4	467	356	1272900280483	0	0	ec0d6c01acf93cc2c3adc4eab7eb
user4	467	357	1272900280515	0	0	ec0d6c01acf93cc2c3adc4eab7eb
user4	465	359	1272900280530	0	0	ec0d6c01acf93cc2c3adc4eab7eb
user4	464	360	1272900280562	0	0	ec0d6c01acf93cc2c3adc4eab7eb
user4	463	361	1272900280624	0	0	ec0d6c01acf93cc2c3adc4eab7eb
user4	462	363	1272900280640	0	0	ec0d6c01acf93cc2c3adc4eab7eb
user4	462	364	1272900280655	0	0	ec0d6c01acf93cc2c3adc4eab7eb
user4	461	366	1272900280655	0	0	ec0d6c01acf93cc2c3adc4eab7eb
user4	459	369	1272900280671	0	0	ec0d6c01acf93cc2c3adc4eab7eb
user4	459	369	1272900281187	1272900281077	1272900281187	ec0d6c01acf93cc2c3adc4eab7eb
