User	X	Y	MouseTimeStamp	MouseDownTimeStamp	MouseUpTimeStamp	SessionID
user3	415	392	1272968683176	0	0	2d829939ede4a00c437600b3d151
user3	415	389	1272968683183	0	0	2d829939ede4a00c437600b3d151
user3	415	387	1272968683191	0	0	2d829939ede4a00c437600b3d151
user3	415	385	1272968683200	0	0	2d829939ede4a00c437600b3d151
user3	415	383	1272968683207	0	0	2d829939ede4a00c437600b3d151
user3	415	381	1272968683215	0	0	2d829939ede4a00c437600b3d151
user3	415	379	1272968683223	0	0	2d829939ede4a00c437600b3d151
user3	416	377	1272968683231	0	0	2d829939ede4a00c437600b3d151
user3	417	375	1272968683239	0	0	2d829939ede4a00c437600b3d151
user3	417	374	1272968683247	0	0	2d829939ede4a00c437600b3d151
user3	419	372	1272968683255	0	0	2d829939ede4a00c437600b3d151
user3	419	371	1272968683263	0	0	2d829939ede4a00c437600b3d151
user3	423	368	1272968683271	0	0	2d829939ede4a00c437600b3d151
user3	429	364	1272968683279	0	0	2d829939ede4a00c437600b3d151
user3	438	360	1272968683287	0	0	2d829939ede4a00c437600b3d151
user3	492	334	1272968683303	0	0	2d829939ede4a00c437600b3d151
user3	510	324	1272968683311	0	0	2d829939ede4a00c437600b3d151
user3	529	315	1272968683319	0	0	2d829939ede4a00c437600b3d151
user3	549	306	1272968683327	0	0	2d829939ede4a00c437600b3d151
user3	565	299	1272968683335	0	0	2d829939ede4a00c437600b3d151
user3	576	293	1272968683343	0	0	2d829939ede4a00c437600b3d151
user3	590	284	1272968683351	0	0	2d829939ede4a00c437600b3d151
user3	600	278	1272968683359	0	0	2d829939ede4a00c437600b3d151
user3	607	274	1272968683367	0	0	2d829939ede4a00c437600b3d151
user3	622	266	1272968683375	0	0	2d829939ede4a00c437600b3d151
user3	631	261	1272968683383	0	0	2d829939ede4a00c437600b3d151
user3	644	254	1272968683391	0	0	2d829939ede4a00c437600b3d151
user3	649	252	1272968683399	0	0	2d829939ede4a00c437600b3d151
user3	651	252	1272968683407	0	0	2d829939ede4a00c437600b3d151
user3	654	250	1272968683416	0	0	2d829939ede4a00c437600b3d151
user3	651	250	1272968683504	0	0	2d829939ede4a00c437600b3d151
user3	649	250	1272968683514	0	0	2d829939ede4a00c437600b3d151
user3	645	251	1272968683520	0	0	2d829939ede4a00c437600b3d151
user3	642	251	1272968683528	0	0	2d829939ede4a00c437600b3d151
user3	641	251	1272968683536	0	0	2d829939ede4a00c437600b3d151
user3	638	251	1272968683544	0	0	2d829939ede4a00c437600b3d151
user3	635	251	1272968683552	0	0	2d829939ede4a00c437600b3d151
user3	633	251	1272968683560	0	0	2d829939ede4a00c437600b3d151
user3	631	251	1272968683568	0	0	2d829939ede4a00c437600b3d151
user3	630	252	1272968683576	0	0	2d829939ede4a00c437600b3d151
user3	630	252	1272968683581	0	0	2d829939ede4a00c437600b3d151
user3	629	252	1272968683584	0	0	2d829939ede4a00c437600b3d151
user3	635	252	1272968683711	0	0	2d829939ede4a00c437600b3d151
user3	642	252	1272968683719	0	0	2d829939ede4a00c437600b3d151
user3	649	252	1272968683727	0	0	2d829939ede4a00c437600b3d151
user3	658	252	1272968683735	0	0	2d829939ede4a00c437600b3d151
user3	670	252	1272968683743	0	0	2d829939ede4a00c437600b3d151
user3	684	253	1272968683752	0	0	2d829939ede4a00c437600b3d151
user3	696	254	1272968683761	0	0	2d829939ede4a00c437600b3d151
user3	711	255	1272968683768	0	0	2d829939ede4a00c437600b3d151
user3	718	257	1272968683775	0	0	2d829939ede4a00c437600b3d151
user3	733	259	1272968683783	0	0	2d829939ede4a00c437600b3d151
user3	747	260	1272968683791	0	0	2d829939ede4a00c437600b3d151
user3	759	262	1272968683799	0	0	2d829939ede4a00c437600b3d151
user3	776	263	1272968683807	0	0	2d829939ede4a00c437600b3d151
user3	778	263	1272968683815	0	0	2d829939ede4a00c437600b3d151
user3	777	264	1272968683984	0	0	2d829939ede4a00c437600b3d151
user3	773	264	1272968683992	0	0	2d829939ede4a00c437600b3d151
user3	773	265	1272968684095	0	0	2d829939ede4a00c437600b3d151
user3	773	268	1272968684104	0	0	2d829939ede4a00c437600b3d151
user3	773	271	1272968684112	0	0	2d829939ede4a00c437600b3d151
user3	773	272	1272968684128	0	0	2d829939ede4a00c437600b3d151
user3	769	275	1272968684136	0	0	2d829939ede4a00c437600b3d151
user3	769	276	1272968684160	0	0	2d829939ede4a00c437600b3d151
user3	769	277	1272968684168	0	0	2d829939ede4a00c437600b3d151
user3	768	277	1272968684184	0	0	2d829939ede4a00c437600b3d151
user3	767	277	1272968684192	0	0	2d829939ede4a00c437600b3d151
user3	767	278	1272968684367	0	0	2d829939ede4a00c437600b3d151
user3	767	279	1272968684375	0	0	2d829939ede4a00c437600b3d151
user3	767	282	1272968684383	0	0	2d829939ede4a00c437600b3d151
user3	767	283	1272968684407	0	0	2d829939ede4a00c437600b3d151
user3	767	284	1272968684423	0	0	2d829939ede4a00c437600b3d151
user3	769	284	1272968684431	0	0	2d829939ede4a00c437600b3d151
user3	770	286	1272968684447	0	0	2d829939ede4a00c437600b3d151
user3	773	286	1272968684455	0	0	2d829939ede4a00c437600b3d151
user3	774	286	1272968684479	0	0	2d829939ede4a00c437600b3d151
user3	775	286	1272968684495	0	0	2d829939ede4a00c437600b3d151
user3	776	286	1272968684503	0	0	2d829939ede4a00c437600b3d151
user3	778	286	1272968684519	0	0	2d829939ede4a00c437600b3d151
user3	780	286	1272968684527	0	0	2d829939ede4a00c437600b3d151
user3	782	286	1272968684535	0	0	2d829939ede4a00c437600b3d151
user3	787	286	1272968684543	0	0	2d829939ede4a00c437600b3d151
user3	792	285	1272968684551	0	0	2d829939ede4a00c437600b3d151
user3	800	283	1272968684560	0	0	2d829939ede4a00c437600b3d151
user3	810	278	1272968684567	0	0	2d829939ede4a00c437600b3d151
user3	822	271	1272968684575	0	0	2d829939ede4a00c437600b3d151
user3	837	263	1272968684583	0	0	2d829939ede4a00c437600b3d151
user3	854	251	1272968684591	0	0	2d829939ede4a00c437600b3d151
user3	873	238	1272968684599	0	0	2d829939ede4a00c437600b3d151
user3	891	221	1272968684607	0	0	2d829939ede4a00c437600b3d151
user3	902	213	1272968684615	0	0	2d829939ede4a00c437600b3d151
user3	918	198	1272968684623	0	0	2d829939ede4a00c437600b3d151
user3	938	183	1272968684631	0	0	2d829939ede4a00c437600b3d151
user3	956	168	1272968684639	0	0	2d829939ede4a00c437600b3d151
user3	971	154	1272968684647	0	0	2d829939ede4a00c437600b3d151
user3	1003	128	1272968684655	0	0	2d829939ede4a00c437600b3d151
user3	1013	119	1272968684663	0	0	2d829939ede4a00c437600b3d151
user3	1023	112	1272968684671	0	0	2d829939ede4a00c437600b3d151
user3	1033	103	1272968684679	0	0	2d829939ede4a00c437600b3d151
user3	1041	98	1272968684687	0	0	2d829939ede4a00c437600b3d151
user3	1055	85	1272968684703	0	0	2d829939ede4a00c437600b3d151
user3	1058	81	1272968684711	0	0	2d829939ede4a00c437600b3d151
user3	1059	80	1272968684719	0	0	2d829939ede4a00c437600b3d151
user3	1059	79	1272968684727	0	0	2d829939ede4a00c437600b3d151
user3	1059	77	1272968684743	0	0	2d829939ede4a00c437600b3d151
user3	1059	76	1272968684759	0	0	2d829939ede4a00c437600b3d151
user3	1057	73	1272968684767	0	0	2d829939ede4a00c437600b3d151
user3	1055	70	1272968684775	0	0	2d829939ede4a00c437600b3d151
user3	1050	65	1272968684783	0	0	2d829939ede4a00c437600b3d151
user3	1046	62	1272968684791	0	0	2d829939ede4a00c437600b3d151
user3	1042	57	1272968684799	0	0	2d829939ede4a00c437600b3d151
user3	1037	53	1272968684807	0	0	2d829939ede4a00c437600b3d151
user3	1032	49	1272968684815	0	0	2d829939ede4a00c437600b3d151
user3	1027	44	1272968684823	0	0	2d829939ede4a00c437600b3d151
user3	1021	40	1272968684831	0	0	2d829939ede4a00c437600b3d151
user3	1016	36	1272968684839	0	0	2d829939ede4a00c437600b3d151
user3	1014	34	1272968684847	0	0	2d829939ede4a00c437600b3d151
user3	1008	27	1272968684855	0	0	2d829939ede4a00c437600b3d151
user3	1006	24	1272968684863	0	0	2d829939ede4a00c437600b3d151
user3	1005	23	1272968684871	0	0	2d829939ede4a00c437600b3d151
user3	1004	20	1272968684879	0	0	2d829939ede4a00c437600b3d151
user3	1002	13	1272968684895	0	0	2d829939ede4a00c437600b3d151
user3	1001	10	1272968684903	0	0	2d829939ede4a00c437600b3d151
user3	1001	9	1272968684911	0	0	2d829939ede4a00c437600b3d151
user3	1087	20	1272968694038	0	0	2d829939ede4a00c437600b3d151
user3	1078	30	1272968694046	0	0	2d829939ede4a00c437600b3d151
user3	1060	56	1272968694062	0	0	2d829939ede4a00c437600b3d151
user3	1035	92	1272968694070	0	0	2d829939ede4a00c437600b3d151
user3	1028	102	1272968694078	0	0	2d829939ede4a00c437600b3d151
user3	1024	113	1272968694086	0	0	2d829939ede4a00c437600b3d151
user3	1019	122	1272968694094	0	0	2d829939ede4a00c437600b3d151
user3	1015	132	1272968694102	0	0	2d829939ede4a00c437600b3d151
user3	1013	137	1272968694110	0	0	2d829939ede4a00c437600b3d151
user3	1010	147	1272968694118	0	0	2d829939ede4a00c437600b3d151
user3	1007	156	1272968694126	0	0	2d829939ede4a00c437600b3d151
user3	1006	165	1272968694134	0	0	2d829939ede4a00c437600b3d151
user3	1005	188	1272968694142	0	0	2d829939ede4a00c437600b3d151
user3	1005	195	1272968694150	0	0	2d829939ede4a00c437600b3d151
user3	1005	199	1272968694158	0	0	2d829939ede4a00c437600b3d151
user3	1006	203	1272968694166	0	0	2d829939ede4a00c437600b3d151
user3	1007	207	1272968694174	0	0	2d829939ede4a00c437600b3d151
user3	1007	209	1272968694182	0	0	2d829939ede4a00c437600b3d151
user3	1008	212	1272968694190	0	0	2d829939ede4a00c437600b3d151
user3	1008	213	1272968694198	0	0	2d829939ede4a00c437600b3d151
user3	1008	216	1272968694206	0	0	2d829939ede4a00c437600b3d151
user3	1008	221	1272968694214	0	0	2d829939ede4a00c437600b3d151
user3	1007	232	1272968694222	0	0	2d829939ede4a00c437600b3d151
user3	1007	239	1272968694230	0	0	2d829939ede4a00c437600b3d151
user3	1006	244	1272968694238	0	0	2d829939ede4a00c437600b3d151
user3	1006	250	1272968694246	0	0	2d829939ede4a00c437600b3d151
user3	1004	261	1272968694262	0	0	2d829939ede4a00c437600b3d151
user3	1004	263	1272968694270	0	0	2d829939ede4a00c437600b3d151
user3	1003	266	1272968694279	0	0	2d829939ede4a00c437600b3d151
user3	1003	268	1272968694286	0	0	2d829939ede4a00c437600b3d151
user3	1002	272	1272968694294	0	0	2d829939ede4a00c437600b3d151
user3	1002	275	1272968694302	0	0	2d829939ede4a00c437600b3d151
user3	1002	283	1272968694309	0	0	2d829939ede4a00c437600b3d151
user3	1002	286	1272968694317	0	0	2d829939ede4a00c437600b3d151
user3	1002	288	1272968694326	0	0	2d829939ede4a00c437600b3d151
user3	1002	289	1272968694333	0	0	2d829939ede4a00c437600b3d151
user3	1003	290	1272968694397	0	0	2d829939ede4a00c437600b3d151
user3	1005	290	1272968694405	0	0	2d829939ede4a00c437600b3d151
user3	1007	289	1272968694413	0	0	2d829939ede4a00c437600b3d151
user3	1007	289	1272968694415	0	0	2d829939ede4a00c437600b3d151
user3	1008	289	1272968694421	0	0	2d829939ede4a00c437600b3d151
user3	1011	288	1272968694429	0	0	2d829939ede4a00c437600b3d151
user3	1013	288	1272968694437	0	0	2d829939ede4a00c437600b3d151
user3	1015	287	1272968694445	0	0	2d829939ede4a00c437600b3d151
user3	1018	287	1272968694461	0	0	2d829939ede4a00c437600b3d151
user3	1019	286	1272968694469	0	0	2d829939ede4a00c437600b3d151
user3	1023	286	1272968694477	0	0	2d829939ede4a00c437600b3d151
user3	1025	285	1272968694485	0	0	2d829939ede4a00c437600b3d151
user3	1026	284	1272968694493	0	0	2d829939ede4a00c437600b3d151
user3	1030	283	1272968694501	0	0	2d829939ede4a00c437600b3d151
user3	1034	282	1272968694509	0	0	2d829939ede4a00c437600b3d151
user3	1035	281	1272968694517	0	0	2d829939ede4a00c437600b3d151
user3	1036	281	1272968694525	0	0	2d829939ede4a00c437600b3d151
user3	1036	281	1272968694562	0	0	2d829939ede4a00c437600b3d151
user3	1036	281	1272968694649	1272968694561	1272968694649	2d829939ede4a00c437600b3d151
user3	898	8	1272968700724	0	0	2d829939ede4a00c437600b3d151
user3	861	22	1272968700727	0	0	2d829939ede4a00c437600b3d151
user3	847	27	1272968700734	0	0	2d829939ede4a00c437600b3d151
user3	804	45	1272968700743	0	0	2d829939ede4a00c437600b3d151
user3	773	55	1272968700751	0	0	2d829939ede4a00c437600b3d151
user3	746	63	1272968700760	0	0	2d829939ede4a00c437600b3d151
user3	717	73	1272968700767	0	0	2d829939ede4a00c437600b3d151
user3	664	94	1272968700783	0	0	2d829939ede4a00c437600b3d151
user3	652	99	1272968700791	0	0	2d829939ede4a00c437600b3d151
user3	648	102	1272968700798	0	0	2d829939ede4a00c437600b3d151
user3	634	114	1272968700807	0	0	2d829939ede4a00c437600b3d151
user3	630	117	1272968700815	0	0	2d829939ede4a00c437600b3d151
user3	628	120	1272968700822	0	0	2d829939ede4a00c437600b3d151
user3	625	125	1272968700833	0	0	2d829939ede4a00c437600b3d151
user3	622	131	1272968700838	0	0	2d829939ede4a00c437600b3d151
user3	617	136	1272968700848	0	0	2d829939ede4a00c437600b3d151
user3	610	145	1272968700855	0	0	2d829939ede4a00c437600b3d151
user3	607	150	1272968700864	0	0	2d829939ede4a00c437600b3d151
user3	601	158	1272968700870	0	0	2d829939ede4a00c437600b3d151
user3	594	165	1272968700878	0	0	2d829939ede4a00c437600b3d151
user3	590	171	1272968700886	0	0	2d829939ede4a00c437600b3d151
user3	579	185	1272968700897	0	0	2d829939ede4a00c437600b3d151
user3	576	190	1272968700902	0	0	2d829939ede4a00c437600b3d151
user3	573	195	1272968700910	0	0	2d829939ede4a00c437600b3d151
user3	572	199	1272968700918	0	0	2d829939ede4a00c437600b3d151
user3	570	203	1272968700926	0	0	2d829939ede4a00c437600b3d151
user3	570	204	1272968700934	0	0	2d829939ede4a00c437600b3d151
user3	570	205	1272968700942	0	0	2d829939ede4a00c437600b3d151
user3	570	207	1272968700950	0	0	2d829939ede4a00c437600b3d151
user3	569	208	1272968700958	0	0	2d829939ede4a00c437600b3d151
user3	569	209	1272968700966	0	0	2d829939ede4a00c437600b3d151
user3	568	212	1272968700983	0	0	2d829939ede4a00c437600b3d151
user3	568	213	1272968700998	0	0	2d829939ede4a00c437600b3d151
user3	568	215	1272968701014	0	0	2d829939ede4a00c437600b3d151
user3	568	216	1272968701030	0	0	2d829939ede4a00c437600b3d151
user3	568	218	1272968701046	0	0	2d829939ede4a00c437600b3d151
user3	568	220	1272968701062	0	0	2d829939ede4a00c437600b3d151
user3	569	221	1272968701070	0	0	2d829939ede4a00c437600b3d151
user3	570	222	1272968701078	0	0	2d829939ede4a00c437600b3d151
user3	570	224	1272968701086	0	0	2d829939ede4a00c437600b3d151
user3	570	225	1272968701094	0	0	2d829939ede4a00c437600b3d151
user3	571	228	1272968701102	0	0	2d829939ede4a00c437600b3d151
user3	571	230	1272968701110	0	0	2d829939ede4a00c437600b3d151
user3	572	230	1272968701118	0	0	2d829939ede4a00c437600b3d151
user3	572	231	1272968701127	0	0	2d829939ede4a00c437600b3d151
user3	573	233	1272968701134	0	0	2d829939ede4a00c437600b3d151
user3	573	234	1272968701150	0	0	2d829939ede4a00c437600b3d151
user3	573	235	1272968701158	0	0	2d829939ede4a00c437600b3d151
user3	574	237	1272968701166	0	0	2d829939ede4a00c437600b3d151
user3	575	241	1272968701182	0	0	2d829939ede4a00c437600b3d151
user3	575	242	1272968701191	0	0	2d829939ede4a00c437600b3d151
user3	576	244	1272968701198	0	0	2d829939ede4a00c437600b3d151
user3	576	245	1272968701206	0	0	2d829939ede4a00c437600b3d151
user3	577	247	1272968701214	0	0	2d829939ede4a00c437600b3d151
user3	577	248	1272968701222	0	0	2d829939ede4a00c437600b3d151
user3	578	249	1272968701230	0	0	2d829939ede4a00c437600b3d151
user3	579	250	1272968701238	0	0	2d829939ede4a00c437600b3d151
user3	579	251	1272968701246	0	0	2d829939ede4a00c437600b3d151
user3	580	252	1272968701254	0	0	2d829939ede4a00c437600b3d151
user3	580	253	1272968701262	0	0	2d829939ede4a00c437600b3d151
user3	581	253	1272968701294	0	0	2d829939ede4a00c437600b3d151
user3	581	253	1272968701486	0	0	2d829939ede4a00c437600b3d151
user3	581	253	1272968701545	1272968701457	1272968701545	2d829939ede4a00c437600b3d151
user3	581	253	1272968701547	0	0	2d829939ede4a00c437600b3d151
user3	582	248	1272968714860	0	0	2d829939ede4a00c437600b3d151
user3	582	246	1272968714867	0	0	2d829939ede4a00c437600b3d151
user3	582	242	1272968714875	0	0	2d829939ede4a00c437600b3d151
user3	582	240	1272968714883	0	0	2d829939ede4a00c437600b3d151
user3	582	237	1272968714891	0	0	2d829939ede4a00c437600b3d151
user3	581	234	1272968714899	0	0	2d829939ede4a00c437600b3d151
user3	580	231	1272968714907	0	0	2d829939ede4a00c437600b3d151
user3	577	227	1272968714915	0	0	2d829939ede4a00c437600b3d151
user3	574	222	1272968714923	0	0	2d829939ede4a00c437600b3d151
user3	568	215	1272968714931	0	0	2d829939ede4a00c437600b3d151
user3	564	206	1272968714939	0	0	2d829939ede4a00c437600b3d151
user3	560	202	1272968714947	0	0	2d829939ede4a00c437600b3d151
user3	556	193	1272968714955	0	0	2d829939ede4a00c437600b3d151
user3	550	183	1272968714963	0	0	2d829939ede4a00c437600b3d151
user3	545	175	1272968714971	0	0	2d829939ede4a00c437600b3d151
user3	536	144	1272968714979	0	0	2d829939ede4a00c437600b3d151
user3	533	133	1272968714987	0	0	2d829939ede4a00c437600b3d151
user3	533	128	1272968714995	0	0	2d829939ede4a00c437600b3d151
user3	533	119	1272968715003	0	0	2d829939ede4a00c437600b3d151
user3	535	112	1272968715011	0	0	2d829939ede4a00c437600b3d151
user3	544	97	1272968715027	0	0	2d829939ede4a00c437600b3d151
user3	548	92	1272968715036	0	0	2d829939ede4a00c437600b3d151
user3	552	88	1272968715044	0	0	2d829939ede4a00c437600b3d151
user3	555	85	1272968715052	0	0	2d829939ede4a00c437600b3d151
user3	557	81	1272968715060	0	0	2d829939ede4a00c437600b3d151
user3	560	79	1272968715068	0	0	2d829939ede4a00c437600b3d151
user3	563	76	1272968715075	0	0	2d829939ede4a00c437600b3d151
user3	565	75	1272968715084	0	0	2d829939ede4a00c437600b3d151
user3	570	71	1272968715092	0	0	2d829939ede4a00c437600b3d151
user3	573	69	1272968715100	0	0	2d829939ede4a00c437600b3d151
user3	574	69	1272968715107	0	0	2d829939ede4a00c437600b3d151
user3	575	67	1272968715116	0	0	2d829939ede4a00c437600b3d151
user3	575	67	1272968715139	0	0	2d829939ede4a00c437600b3d151
user3	578	65	1272968715142	0	0	2d829939ede4a00c437600b3d151
user3	579	65	1272968715147	0	0	2d829939ede4a00c437600b3d151
user3	580	63	1272968715155	0	0	2d829939ede4a00c437600b3d151
user3	581	62	1272968715163	0	0	2d829939ede4a00c437600b3d151
user3	582	61	1272968715236	0	0	2d829939ede4a00c437600b3d151
user3	590	56	1272968715241	0	0	2d829939ede4a00c437600b3d151
user3	590	56	1272968715364	1272968715308	1272968715364	2d829939ede4a00c437600b3d151
user3	586	94	1272968719375	0	0	2d829939ede4a00c437600b3d151
user3	586	95	1272968719700	0	0	2d829939ede4a00c437600b3d151
user3	580	95	1272968719709	0	0	2d829939ede4a00c437600b3d151
user3	575	95	1272968719716	0	0	2d829939ede4a00c437600b3d151
user3	568	91	1272968719724	0	0	2d829939ede4a00c437600b3d151
user3	554	87	1272968719740	0	0	2d829939ede4a00c437600b3d151
user3	546	86	1272968719748	0	0	2d829939ede4a00c437600b3d151
user3	541	84	1272968719756	0	0	2d829939ede4a00c437600b3d151
user3	536	83	1272968719764	0	0	2d829939ede4a00c437600b3d151
user3	534	82	1272968719772	0	0	2d829939ede4a00c437600b3d151
user3	533	82	1272968719780	0	0	2d829939ede4a00c437600b3d151
user3	531	82	1272968719788	0	0	2d829939ede4a00c437600b3d151
user3	530	81	1272968719820	0	0	2d829939ede4a00c437600b3d151
user3	527	80	1272968719828	0	0	2d829939ede4a00c437600b3d151
user3	526	79	1272968719843	0	0	2d829939ede4a00c437600b3d151
user3	525	79	1272968719844	0	0	2d829939ede4a00c437600b3d151
user3	522	77	1272968719852	0	0	2d829939ede4a00c437600b3d151
user3	521	77	1272968719868	0	0	2d829939ede4a00c437600b3d151
user3	520	76	1272968719996	0	0	2d829939ede4a00c437600b3d151
user3	520	75	1272968720004	0	0	2d829939ede4a00c437600b3d151
user3	520	74	1272968720076	0	0	2d829939ede4a00c437600b3d151
user3	520	73	1272968720108	0	0	2d829939ede4a00c437600b3d151
user3	520	72	1272968720132	0	0	2d829939ede4a00c437600b3d151
user3	522	72	1272968720140	0	0	2d829939ede4a00c437600b3d151
user3	522	71	1272968720156	0	0	2d829939ede4a00c437600b3d151
user3	524	71	1272968720164	0	0	2d829939ede4a00c437600b3d151
user3	525	71	1272968720172	0	0	2d829939ede4a00c437600b3d151
user3	526	71	1272968720180	0	0	2d829939ede4a00c437600b3d151
user3	527	71	1272968720188	0	0	2d829939ede4a00c437600b3d151
user3	530	70	1272968720196	0	0	2d829939ede4a00c437600b3d151
user3	533	70	1272968720204	0	0	2d829939ede4a00c437600b3d151
user3	536	70	1272968720212	0	0	2d829939ede4a00c437600b3d151
user3	539	69	1272968720220	0	0	2d829939ede4a00c437600b3d151
user3	543	69	1272968720228	0	0	2d829939ede4a00c437600b3d151
user3	549	68	1272968720236	0	0	2d829939ede4a00c437600b3d151
user3	549	68	1272968720238	0	0	2d829939ede4a00c437600b3d151
user3	552	68	1272968720244	0	0	2d829939ede4a00c437600b3d151
user3	558	68	1272968720252	0	0	2d829939ede4a00c437600b3d151
user3	562	68	1272968720260	0	0	2d829939ede4a00c437600b3d151
user3	567	68	1272968720268	0	0	2d829939ede4a00c437600b3d151
user3	572	68	1272968720276	0	0	2d829939ede4a00c437600b3d151
user3	580	68	1272968720284	0	0	2d829939ede4a00c437600b3d151
user3	583	68	1272968720292	0	0	2d829939ede4a00c437600b3d151
user3	586	68	1272968720300	0	0	2d829939ede4a00c437600b3d151
user3	589	68	1272968720308	0	0	2d829939ede4a00c437600b3d151
user3	592	68	1272968720317	0	0	2d829939ede4a00c437600b3d151
user3	595	68	1272968720325	0	0	2d829939ede4a00c437600b3d151
user3	603	68	1272968720340	0	0	2d829939ede4a00c437600b3d151
user3	606	68	1272968720348	0	0	2d829939ede4a00c437600b3d151
user3	609	68	1272968720356	0	0	2d829939ede4a00c437600b3d151
user3	611	68	1272968720364	0	0	2d829939ede4a00c437600b3d151
user3	613	68	1272968720372	0	0	2d829939ede4a00c437600b3d151
user3	614	68	1272968720380	0	0	2d829939ede4a00c437600b3d151
user3	614	70	1272968722843	0	0	2d829939ede4a00c437600b3d151
user3	614	71	1272968722987	0	0	2d829939ede4a00c437600b3d151
user3	614	72	1272968723019	0	0	2d829939ede4a00c437600b3d151
user3	614	73	1272968723043	0	0	2d829939ede4a00c437600b3d151
user3	613	74	1272968723075	0	0	2d829939ede4a00c437600b3d151
user3	613	75	1272968723124	0	0	2d829939ede4a00c437600b3d151
user3	613	76	1272968723155	0	0	2d829939ede4a00c437600b3d151
user3	613	77	1272968723171	0	0	2d829939ede4a00c437600b3d151
user3	613	78	1272968723227	0	0	2d829939ede4a00c437600b3d151
user3	613	78	1272968723300	0	0	2d829939ede4a00c437600b3d151
user3	613	77	1272968723731	0	0	2d829939ede4a00c437600b3d151
user3	613	76	1272968723740	0	0	2d829939ede4a00c437600b3d151
user3	614	76	1272968723748	0	0	2d829939ede4a00c437600b3d151
user3	614	75	1272968723772	0	0	2d829939ede4a00c437600b3d151
user3	615	74	1272968723827	0	0	2d829939ede4a00c437600b3d151
user3	615	73	1272968723835	0	0	2d829939ede4a00c437600b3d151
user3	616	73	1272968723843	0	0	2d829939ede4a00c437600b3d151
user3	617	72	1272968723851	0	0	2d829939ede4a00c437600b3d151
user3	617	71	1272968723859	0	0	2d829939ede4a00c437600b3d151
user3	618	70	1272968723867	0	0	2d829939ede4a00c437600b3d151
user3	618	69	1272968723875	0	0	2d829939ede4a00c437600b3d151
user3	619	68	1272968723891	0	0	2d829939ede4a00c437600b3d151
user3	619	68	1272968723893	0	0	2d829939ede4a00c437600b3d151
user3	619	69	1272968729402	0	0	2d829939ede4a00c437600b3d151
user3	619	70	1272968729499	0	0	2d829939ede4a00c437600b3d151
user3	618	72	1272968729507	0	0	2d829939ede4a00c437600b3d151
user3	617	72	1272968729523	0	0	2d829939ede4a00c437600b3d151
user3	617	73	1272968729539	0	0	2d829939ede4a00c437600b3d151
user3	616	74	1272968729555	0	0	2d829939ede4a00c437600b3d151
user3	615	75	1272968729587	0	0	2d829939ede4a00c437600b3d151
user3	614	76	1272968729643	0	0	2d829939ede4a00c437600b3d151
user3	614	77	1272968729651	0	0	2d829939ede4a00c437600b3d151
user3	613	78	1272968729660	0	0	2d829939ede4a00c437600b3d151
user3	612	78	1272968729667	0	0	2d829939ede4a00c437600b3d151
user3	612	79	1272968729675	0	0	2d829939ede4a00c437600b3d151
user3	611	80	1272968729691	0	0	2d829939ede4a00c437600b3d151
user3	609	82	1272968729699	0	0	2d829939ede4a00c437600b3d151
user3	608	84	1272968729707	0	0	2d829939ede4a00c437600b3d151
user3	608	151	1272968729858	0	0	2d829939ede4a00c437600b3d151
user3	607	84	1272968730235	0	0	2d829939ede4a00c437600b3d151
user3	602	84	1272968730243	0	0	2d829939ede4a00c437600b3d151
user3	598	81	1272968730251	0	0	2d829939ede4a00c437600b3d151
user3	594	80	1272968730259	0	0	2d829939ede4a00c437600b3d151
user3	587	77	1272968730267	0	0	2d829939ede4a00c437600b3d151
user3	581	74	1272968730275	0	0	2d829939ede4a00c437600b3d151
user3	575	72	1272968730283	0	0	2d829939ede4a00c437600b3d151
user3	569	70	1272968730291	0	0	2d829939ede4a00c437600b3d151
user3	566	70	1272968730299	0	0	2d829939ede4a00c437600b3d151
user3	560	68	1272968730307	0	0	2d829939ede4a00c437600b3d151
user3	560	68	1272968730313	0	0	2d829939ede4a00c437600b3d151
user3	557	67	1272968730318	0	0	2d829939ede4a00c437600b3d151
user3	554	65	1272968730323	0	0	2d829939ede4a00c437600b3d151
user3	551	64	1272968730331	0	0	2d829939ede4a00c437600b3d151
user3	544	61	1272968730338	0	0	2d829939ede4a00c437600b3d151
user3	542	61	1272968730346	0	0	2d829939ede4a00c437600b3d151
user3	541	60	1272968730354	0	0	2d829939ede4a00c437600b3d151
user3	540	60	1272968730362	0	0	2d829939ede4a00c437600b3d151
user3	539	59	1272968730370	0	0	2d829939ede4a00c437600b3d151
user3	537	59	1272968730378	0	0	2d829939ede4a00c437600b3d151
user3	536	58	1272968730386	0	0	2d829939ede4a00c437600b3d151
user3	535	57	1272968730394	0	0	2d829939ede4a00c437600b3d151
user3	534	57	1272968730402	0	0	2d829939ede4a00c437600b3d151
user3	533	57	1272968730410	0	0	2d829939ede4a00c437600b3d151
user3	532	55	1272968730426	0	0	2d829939ede4a00c437600b3d151
user3	531	55	1272968730435	0	0	2d829939ede4a00c437600b3d151
user3	531	53	1272968730443	0	0	2d829939ede4a00c437600b3d151
user3	530	52	1272968730451	0	0	2d829939ede4a00c437600b3d151
user3	529	51	1272968730459	0	0	2d829939ede4a00c437600b3d151
user3	527	50	1272968730603	0	0	2d829939ede4a00c437600b3d151
user3	525	50	1272968730619	0	0	2d829939ede4a00c437600b3d151
user3	522	50	1272968730628	0	0	2d829939ede4a00c437600b3d151
user3	519	50	1272968730635	0	0	2d829939ede4a00c437600b3d151
user3	515	49	1272968730643	0	0	2d829939ede4a00c437600b3d151
user3	508	49	1272968730651	0	0	2d829939ede4a00c437600b3d151
user3	508	49	1272968730771	1272968730684	1272968730771	2d829939ede4a00c437600b3d151
user3	545	205	1272968734741	0	0	2d829939ede4a00c437600b3d151
user3	543	198	1272968734861	0	0	2d829939ede4a00c437600b3d151
user3	540	192	1272968734862	0	0	2d829939ede4a00c437600b3d151
user3	540	192	1272968735020	1272968734932	1272968735020	2d829939ede4a00c437600b3d151
user3	540	192	1272968735021	0	0	2d829939ede4a00c437600b3d151
user3	540	189	1272968735091	0	0	2d829939ede4a00c437600b3d151
user3	540	188	1272968735099	0	0	2d829939ede4a00c437600b3d151
user3	540	186	1272968735106	0	0	2d829939ede4a00c437600b3d151
user3	541	186	1272968735115	0	0	2d829939ede4a00c437600b3d151
user3	541	185	1272968735123	0	0	2d829939ede4a00c437600b3d151
user3	543	184	1272968744856	0	0	2d829939ede4a00c437600b3d151
user3	565	172	1272968744864	0	0	2d829939ede4a00c437600b3d151
user3	576	164	1272968744872	0	0	2d829939ede4a00c437600b3d151
user3	581	159	1272968744880	0	0	2d829939ede4a00c437600b3d151
user3	599	148	1272968744887	0	0	2d829939ede4a00c437600b3d151
user3	609	145	1272968744895	0	0	2d829939ede4a00c437600b3d151
user3	613	145	1272968744903	0	0	2d829939ede4a00c437600b3d151
user3	619	148	1272968744911	0	0	2d829939ede4a00c437600b3d151
user3	626	156	1272968744919	0	0	2d829939ede4a00c437600b3d151
user3	627	157	1272968744927	0	0	2d829939ede4a00c437600b3d151
user3	633	160	1272968744935	0	0	2d829939ede4a00c437600b3d151
user3	637	162	1272968744943	0	0	2d829939ede4a00c437600b3d151
user3	643	164	1272968744952	0	0	2d829939ede4a00c437600b3d151
user3	650	165	1272968744960	0	0	2d829939ede4a00c437600b3d151
user3	655	167	1272968744968	0	0	2d829939ede4a00c437600b3d151
user3	662	171	1272968744976	0	0	2d829939ede4a00c437600b3d151
user3	669	174	1272968744984	0	0	2d829939ede4a00c437600b3d151
user3	676	178	1272968744992	0	0	2d829939ede4a00c437600b3d151
user3	681	182	1272968745000	0	0	2d829939ede4a00c437600b3d151
user3	687	190	1272968745008	0	0	2d829939ede4a00c437600b3d151
user3	688	193	1272968745024	0	0	2d829939ede4a00c437600b3d151
user3	688	194	1272968745040	0	0	2d829939ede4a00c437600b3d151
user3	688	195	1272968745048	0	0	2d829939ede4a00c437600b3d151
user3	688	196	1272968745057	0	0	2d829939ede4a00c437600b3d151
user3	688	197	1272968745064	0	0	2d829939ede4a00c437600b3d151
user3	688	198	1272968745072	0	0	2d829939ede4a00c437600b3d151
user3	688	199	1272968745080	0	0	2d829939ede4a00c437600b3d151
user3	686	200	1272968745088	0	0	2d829939ede4a00c437600b3d151
user3	684	202	1272968745104	0	0	2d829939ede4a00c437600b3d151
user3	683	205	1272968745112	0	0	2d829939ede4a00c437600b3d151
user3	683	206	1272968745120	0	0	2d829939ede4a00c437600b3d151
user3	683	208	1272968745128	0	0	2d829939ede4a00c437600b3d151
user3	683	209	1272968745176	0	0	2d829939ede4a00c437600b3d151
user3	683	212	1272968745224	0	0	2d829939ede4a00c437600b3d151
user3	683	213	1272968745232	0	0	2d829939ede4a00c437600b3d151
user3	683	219	1272968745240	0	0	2d829939ede4a00c437600b3d151
user3	683	220	1272968745248	0	0	2d829939ede4a00c437600b3d151
user3	683	220	1272968745253	0	0	2d829939ede4a00c437600b3d151
user3	683	222	1272968745264	0	0	2d829939ede4a00c437600b3d151
user3	683	223	1272968745304	0	0	2d829939ede4a00c437600b3d151
user3	683	225	1272968745360	0	0	2d829939ede4a00c437600b3d151
user3	683	226	1272968745375	0	0	2d829939ede4a00c437600b3d151
user3	683	227	1272968745391	0	0	2d829939ede4a00c437600b3d151
user3	682	228	1272968745399	0	0	2d829939ede4a00c437600b3d151
user3	682	229	1272968745407	0	0	2d829939ede4a00c437600b3d151
user3	680	232	1272968745423	0	0	2d829939ede4a00c437600b3d151
user3	679	233	1272968745431	0	0	2d829939ede4a00c437600b3d151
user3	679	234	1272968745439	0	0	2d829939ede4a00c437600b3d151
user3	679	234	1272968745633	1272968745521	1272968745633	2d829939ede4a00c437600b3d151
user3	649	267	1272968749964	0	0	2d829939ede4a00c437600b3d151
user3	649	266	1272968750008	0	0	2d829939ede4a00c437600b3d151
user3	635	242	1272968750016	0	0	2d829939ede4a00c437600b3d151
user3	626	228	1272968750024	0	0	2d829939ede4a00c437600b3d151
user3	622	221	1272968750032	0	0	2d829939ede4a00c437600b3d151
user3	615	209	1272968750040	0	0	2d829939ede4a00c437600b3d151
user3	608	195	1272968750048	0	0	2d829939ede4a00c437600b3d151
user3	600	179	1272968750056	0	0	2d829939ede4a00c437600b3d151
user3	593	161	1272968750064	0	0	2d829939ede4a00c437600b3d151
user3	587	146	1272968750156	0	0	2d829939ede4a00c437600b3d151
user3	567	87	1272968750157	0	0	2d829939ede4a00c437600b3d151
user3	567	86	1272968750175	0	0	2d829939ede4a00c437600b3d151
user3	567	85	1272968750264	0	0	2d829939ede4a00c437600b3d151
user3	567	83	1272968750272	0	0	2d829939ede4a00c437600b3d151
user3	567	82	1272968750288	0	0	2d829939ede4a00c437600b3d151
user3	567	80	1272968750296	0	0	2d829939ede4a00c437600b3d151
user3	567	79	1272968750303	0	0	2d829939ede4a00c437600b3d151
user3	567	78	1272968750312	0	0	2d829939ede4a00c437600b3d151
user3	567	74	1272968750328	0	0	2d829939ede4a00c437600b3d151
user3	567	72	1272968750336	0	0	2d829939ede4a00c437600b3d151
user3	567	70	1272968750343	0	0	2d829939ede4a00c437600b3d151
user3	567	69	1272968750351	0	0	2d829939ede4a00c437600b3d151
user3	567	67	1272968750361	0	0	2d829939ede4a00c437600b3d151
user3	567	67	1272968750367	0	0	2d829939ede4a00c437600b3d151
user3	568	66	1272968750372	0	0	2d829939ede4a00c437600b3d151
user3	568	65	1272968750375	0	0	2d829939ede4a00c437600b3d151
user3	568	64	1272968750383	0	0	2d829939ede4a00c437600b3d151
user3	568	63	1272968750399	0	0	2d829939ede4a00c437600b3d151
user3	568	63	1272968750593	1272968750489	1272968750593	2d829939ede4a00c437600b3d151
user3	570	107	1272968751944	0	0	2d829939ede4a00c437600b3d151
user3	578	107	1272968751952	0	0	2d829939ede4a00c437600b3d151
user3	583	105	1272968751960	0	0	2d829939ede4a00c437600b3d151
user3	583	105	1272968751963	0	0	2d829939ede4a00c437600b3d151
user3	587	103	1272968751967	0	0	2d829939ede4a00c437600b3d151
user3	591	101	1272968751975	0	0	2d829939ede4a00c437600b3d151
user3	597	97	1272968751984	0	0	2d829939ede4a00c437600b3d151
user3	605	93	1272968751992	0	0	2d829939ede4a00c437600b3d151
user3	607	91	1272968752000	0	0	2d829939ede4a00c437600b3d151
user3	611	88	1272968752008	0	0	2d829939ede4a00c437600b3d151
user3	614	84	1272968752016	0	0	2d829939ede4a00c437600b3d151
user3	619	79	1272968752024	0	0	2d829939ede4a00c437600b3d151
user3	622	78	1272968752032	0	0	2d829939ede4a00c437600b3d151
user3	623	76	1272968752040	0	0	2d829939ede4a00c437600b3d151
user3	625	76	1272968752048	0	0	2d829939ede4a00c437600b3d151
user3	626	74	1272968752056	0	0	2d829939ede4a00c437600b3d151
user3	627	74	1272968752072	0	0	2d829939ede4a00c437600b3d151
user3	628	74	1272968752080	0	0	2d829939ede4a00c437600b3d151
user3	629	73	1272968752088	0	0	2d829939ede4a00c437600b3d151
user3	631	71	1272968752096	0	0	2d829939ede4a00c437600b3d151
user3	632	71	1272968752103	0	0	2d829939ede4a00c437600b3d151
user3	633	71	1272968752112	0	0	2d829939ede4a00c437600b3d151
user3	634	70	1272968752120	0	0	2d829939ede4a00c437600b3d151
user3	635	69	1272968752136	0	0	2d829939ede4a00c437600b3d151
user3	638	67	1272968752152	0	0	2d829939ede4a00c437600b3d151
user3	638	67	1272968752230	0	0	2d829939ede4a00c437600b3d151
user3	644	57	1272968752231	0	0	2d829939ede4a00c437600b3d151
user3	644	56	1272968752255	0	0	2d829939ede4a00c437600b3d151
user3	644	55	1272968752271	0	0	2d829939ede4a00c437600b3d151
user3	644	54	1272968752279	0	0	2d829939ede4a00c437600b3d151
user3	643	54	1272968752375	0	0	2d829939ede4a00c437600b3d151
user3	643	54	1272968752415	1272968752312	1272968752415	2d829939ede4a00c437600b3d151
user3	773	385	1272968773519	0	0	2d829939ede4a00c437600b3d151
user3	774	382	1272968773526	0	0	2d829939ede4a00c437600b3d151
user3	774	381	1272968773535	0	0	2d829939ede4a00c437600b3d151
user3	774	380	1272968773551	0	0	2d829939ede4a00c437600b3d151
user3	774	378	1272968773559	0	0	2d829939ede4a00c437600b3d151
user3	774	377	1272968773582	0	0	2d829939ede4a00c437600b3d151
user3	775	375	1272968773606	0	0	2d829939ede4a00c437600b3d151
user3	775	374	1272968773631	0	0	2d829939ede4a00c437600b3d151
user3	775	373	1272968773654	0	0	2d829939ede4a00c437600b3d151
user3	775	371	1272968773670	0	0	2d829939ede4a00c437600b3d151
user3	775	370	1272968773686	0	0	2d829939ede4a00c437600b3d151
user3	776	369	1272968773711	0	0	2d829939ede4a00c437600b3d151
user3	776	368	1272968773718	0	0	2d829939ede4a00c437600b3d151
user3	777	367	1272968773726	0	0	2d829939ede4a00c437600b3d151
user3	777	367	1272968773850	0	0	2d829939ede4a00c437600b3d151
user3	777	366	1272968778174	0	0	2d829939ede4a00c437600b3d151
user3	765	363	1272968778182	0	0	2d829939ede4a00c437600b3d151
user3	762	362	1272968778190	0	0	2d829939ede4a00c437600b3d151
user3	753	360	1272968778198	0	0	2d829939ede4a00c437600b3d151
user3	745	358	1272968778206	0	0	2d829939ede4a00c437600b3d151
user3	738	356	1272968778214	0	0	2d829939ede4a00c437600b3d151
user3	732	354	1272968778222	0	0	2d829939ede4a00c437600b3d151
user3	727	353	1272968778230	0	0	2d829939ede4a00c437600b3d151
user3	726	352	1272968778238	0	0	2d829939ede4a00c437600b3d151
user3	724	351	1272968778246	0	0	2d829939ede4a00c437600b3d151
user3	722	349	1272968778254	0	0	2d829939ede4a00c437600b3d151
user3	721	349	1272968778262	0	0	2d829939ede4a00c437600b3d151
user3	720	347	1272968778270	0	0	2d829939ede4a00c437600b3d151
user3	719	346	1272968778278	0	0	2d829939ede4a00c437600b3d151
user3	717	343	1272968778286	0	0	2d829939ede4a00c437600b3d151
user3	711	337	1272968778293	0	0	2d829939ede4a00c437600b3d151
user3	702	329	1272968778301	0	0	2d829939ede4a00c437600b3d151
user3	664	301	1272968778310	0	0	2d829939ede4a00c437600b3d151
user3	656	295	1272968778318	0	0	2d829939ede4a00c437600b3d151
user3	656	295	1272968778320	0	0	2d829939ede4a00c437600b3d151
user3	638	282	1272968778326	0	0	2d829939ede4a00c437600b3d151
user3	618	266	1272968778334	0	0	2d829939ede4a00c437600b3d151
user3	573	231	1272968778350	0	0	2d829939ede4a00c437600b3d151
user3	565	224	1272968778357	0	0	2d829939ede4a00c437600b3d151
user3	539	199	1272968778366	0	0	2d829939ede4a00c437600b3d151
user3	533	190	1272968778373	0	0	2d829939ede4a00c437600b3d151
user3	528	185	1272968778381	0	0	2d829939ede4a00c437600b3d151
user3	526	181	1272968778390	0	0	2d829939ede4a00c437600b3d151
user3	523	178	1272968778397	0	0	2d829939ede4a00c437600b3d151
user3	522	176	1272968778406	0	0	2d829939ede4a00c437600b3d151
user3	522	174	1272968778413	0	0	2d829939ede4a00c437600b3d151
user3	520	171	1272968778421	0	0	2d829939ede4a00c437600b3d151
user3	518	169	1272968778429	0	0	2d829939ede4a00c437600b3d151
user3	517	165	1272968778437	0	0	2d829939ede4a00c437600b3d151
user3	516	164	1272968778446	0	0	2d829939ede4a00c437600b3d151
user3	515	163	1272968778454	0	0	2d829939ede4a00c437600b3d151
user3	515	162	1272968778470	0	0	2d829939ede4a00c437600b3d151
user3	515	161	1272968778494	0	0	2d829939ede4a00c437600b3d151
user3	515	160	1272968778502	0	0	2d829939ede4a00c437600b3d151
user3	514	160	1272968778510	0	0	2d829939ede4a00c437600b3d151
user3	514	159	1272968778518	0	0	2d829939ede4a00c437600b3d151
user3	514	157	1272968778550	0	0	2d829939ede4a00c437600b3d151
user3	514	156	1272968778574	0	0	2d829939ede4a00c437600b3d151
user3	514	155	1272968778606	0	0	2d829939ede4a00c437600b3d151
user3	514	154	1272968778622	0	0	2d829939ede4a00c437600b3d151
user3	514	153	1272968778630	0	0	2d829939ede4a00c437600b3d151
user3	513	153	1272968778638	0	0	2d829939ede4a00c437600b3d151
user3	513	152	1272968778646	0	0	2d829939ede4a00c437600b3d151
user3	513	151	1272968778662	0	0	2d829939ede4a00c437600b3d151
user3	513	150	1272968778670	0	0	2d829939ede4a00c437600b3d151
user3	512	148	1272968778678	0	0	2d829939ede4a00c437600b3d151
user3	512	146	1272968778686	0	0	2d829939ede4a00c437600b3d151
user3	512	145	1272968778694	0	0	2d829939ede4a00c437600b3d151
user3	512	137	1272968778702	0	0	2d829939ede4a00c437600b3d151
user3	511	134	1272968778710	0	0	2d829939ede4a00c437600b3d151
user3	511	131	1272968778718	0	0	2d829939ede4a00c437600b3d151
user3	510	128	1272968778726	0	0	2d829939ede4a00c437600b3d151
user3	510	124	1272968778734	0	0	2d829939ede4a00c437600b3d151
user3	509	119	1272968778750	0	0	2d829939ede4a00c437600b3d151
user3	509	117	1272968778758	0	0	2d829939ede4a00c437600b3d151
user3	508	116	1272968778766	0	0	2d829939ede4a00c437600b3d151
user3	508	115	1272968778774	0	0	2d829939ede4a00c437600b3d151
user3	508	113	1272968778782	0	0	2d829939ede4a00c437600b3d151
user3	508	110	1272968778790	0	0	2d829939ede4a00c437600b3d151
user3	507	108	1272968778806	0	0	2d829939ede4a00c437600b3d151
user3	507	107	1272968778814	0	0	2d829939ede4a00c437600b3d151
user3	507	106	1272968778822	0	0	2d829939ede4a00c437600b3d151
user3	506	104	1272968778830	0	0	2d829939ede4a00c437600b3d151
user3	506	102	1272968778848	0	0	2d829939ede4a00c437600b3d151
user3	506	101	1272968778854	0	0	2d829939ede4a00c437600b3d151
user3	506	100	1272968778870	0	0	2d829939ede4a00c437600b3d151
user3	505	98	1272968778877	0	0	2d829939ede4a00c437600b3d151
user3	505	97	1272968778885	0	0	2d829939ede4a00c437600b3d151
user3	505	96	1272968778893	0	0	2d829939ede4a00c437600b3d151
user3	504	94	1272968778902	0	0	2d829939ede4a00c437600b3d151
user3	504	93	1272968778918	0	0	2d829939ede4a00c437600b3d151
user3	504	92	1272968778925	0	0	2d829939ede4a00c437600b3d151
user3	504	91	1272968778942	0	0	2d829939ede4a00c437600b3d151
user3	504	90	1272968778958	0	0	2d829939ede4a00c437600b3d151
user3	503	88	1272968778974	0	0	2d829939ede4a00c437600b3d151
user3	503	87	1272968778990	0	0	2d829939ede4a00c437600b3d151
user3	503	85	1272968779014	0	0	2d829939ede4a00c437600b3d151
user3	503	84	1272968779022	0	0	2d829939ede4a00c437600b3d151
user3	502	82	1272968779054	0	0	2d829939ede4a00c437600b3d151
user3	502	81	1272968779070	0	0	2d829939ede4a00c437600b3d151
user3	502	80	1272968779078	0	0	2d829939ede4a00c437600b3d151
user3	502	79	1272968779086	0	0	2d829939ede4a00c437600b3d151
user3	501	78	1272968779094	0	0	2d829939ede4a00c437600b3d151
user3	501	77	1272968779118	0	0	2d829939ede4a00c437600b3d151
user3	500	76	1272968779126	0	0	2d829939ede4a00c437600b3d151
user3	500	75	1272968779142	0	0	2d829939ede4a00c437600b3d151
user3	499	73	1272968779150	0	0	2d829939ede4a00c437600b3d151
user3	498	73	1272968779158	0	0	2d829939ede4a00c437600b3d151
user3	498	72	1272968779166	0	0	2d829939ede4a00c437600b3d151
user3	497	71	1272968779182	0	0	2d829939ede4a00c437600b3d151
user3	497	70	1272968779190	0	0	2d829939ede4a00c437600b3d151
user3	496	70	1272968779198	0	0	2d829939ede4a00c437600b3d151
user3	495	68	1272968779207	0	0	2d829939ede4a00c437600b3d151
user3	494	66	1272968779222	0	0	2d829939ede4a00c437600b3d151
user3	493	66	1272968779230	0	0	2d829939ede4a00c437600b3d151
user3	493	65	1272968779238	0	0	2d829939ede4a00c437600b3d151
user3	492	64	1272968779254	0	0	2d829939ede4a00c437600b3d151
user3	492	63	1272968779270	0	0	2d829939ede4a00c437600b3d151
user3	492	63	1272968779456	1272968779343	1272968779456	2d829939ede4a00c437600b3d151
user3	580	95	1272968783057	0	0	2d829939ede4a00c437600b3d151
user3	580	93	1272968783071	0	0	2d829939ede4a00c437600b3d151
user3	581	92	1272968783078	0	0	2d829939ede4a00c437600b3d151
user3	582	91	1272968783086	0	0	2d829939ede4a00c437600b3d151
user3	582	90	1272968783093	0	0	2d829939ede4a00c437600b3d151
user3	582	89	1272968783109	0	0	2d829939ede4a00c437600b3d151
user3	583	87	1272968783125	0	0	2d829939ede4a00c437600b3d151
user3	583	85	1272968783141	0	0	2d829939ede4a00c437600b3d151
user3	583	84	1272968783157	0	0	2d829939ede4a00c437600b3d151
user3	584	83	1272968783165	0	0	2d829939ede4a00c437600b3d151
user3	584	82	1272968783173	0	0	2d829939ede4a00c437600b3d151
user3	584	80	1272968783181	0	0	2d829939ede4a00c437600b3d151
user3	584	78	1272968783197	0	0	2d829939ede4a00c437600b3d151
user3	584	76	1272968783213	0	0	2d829939ede4a00c437600b3d151
user3	584	74	1272968783229	0	0	2d829939ede4a00c437600b3d151
user3	584	73	1272968783262	0	0	2d829939ede4a00c437600b3d151
user3	584	72	1272968783285	0	0	2d829939ede4a00c437600b3d151
user3	584	71	1272968783326	0	0	2d829939ede4a00c437600b3d151
user3	584	70	1272968783334	0	0	2d829939ede4a00c437600b3d151
user3	584	69	1272968783357	0	0	2d829939ede4a00c437600b3d151
user3	584	68	1272968783365	0	0	2d829939ede4a00c437600b3d151
user3	584	67	1272968783373	0	0	2d829939ede4a00c437600b3d151
user3	584	65	1272968783381	0	0	2d829939ede4a00c437600b3d151
user3	584	63	1272968783397	0	0	2d829939ede4a00c437600b3d151
user3	584	61	1272968783413	0	0	2d829939ede4a00c437600b3d151
user3	584	60	1272968783421	0	0	2d829939ede4a00c437600b3d151
user3	584	59	1272968783429	0	0	2d829939ede4a00c437600b3d151
user3	584	58	1272968783437	0	0	2d829939ede4a00c437600b3d151
user3	584	57	1272968783445	0	0	2d829939ede4a00c437600b3d151
user3	584	56	1272968783453	0	0	2d829939ede4a00c437600b3d151
user3	584	55	1272968783477	0	0	2d829939ede4a00c437600b3d151
user3	584	54	1272968783549	0	0	2d829939ede4a00c437600b3d151
user3	584	54	1272968783862	1272968783818	1272968783862	2d829939ede4a00c437600b3d151
user3	574	84	1272968786010	0	0	2d829939ede4a00c437600b3d151
user3	581	83	1272968786110	0	0	2d829939ede4a00c437600b3d151
user3	583	82	1272968786116	0	0	2d829939ede4a00c437600b3d151
user3	587	81	1272968786124	0	0	2d829939ede4a00c437600b3d151
user3	591	79	1272968786132	0	0	2d829939ede4a00c437600b3d151
user3	595	79	1272968786140	0	0	2d829939ede4a00c437600b3d151
user3	598	78	1272968786148	0	0	2d829939ede4a00c437600b3d151
user3	602	76	1272968786156	0	0	2d829939ede4a00c437600b3d151
user3	606	74	1272968786164	0	0	2d829939ede4a00c437600b3d151
user3	611	73	1272968786172	0	0	2d829939ede4a00c437600b3d151
user3	614	72	1272968786180	0	0	2d829939ede4a00c437600b3d151
user3	619	69	1272968786188	0	0	2d829939ede4a00c437600b3d151
user3	624	67	1272968786197	0	0	2d829939ede4a00c437600b3d151
user3	624	67	1272968786201	0	0	2d829939ede4a00c437600b3d151
user3	627	66	1272968786204	0	0	2d829939ede4a00c437600b3d151
user3	633	63	1272968786213	0	0	2d829939ede4a00c437600b3d151
user3	638	61	1272968786221	0	0	2d829939ede4a00c437600b3d151
user3	642	59	1272968786229	0	0	2d829939ede4a00c437600b3d151
user3	647	57	1272968786237	0	0	2d829939ede4a00c437600b3d151
user3	657	53	1272968786252	0	0	2d829939ede4a00c437600b3d151
user3	659	52	1272968786261	0	0	2d829939ede4a00c437600b3d151
user3	661	51	1272968786269	0	0	2d829939ede4a00c437600b3d151
user3	662	51	1272968786277	0	0	2d829939ede4a00c437600b3d151
user3	662	51	1272968786421	1272968786325	1272968786421	2d829939ede4a00c437600b3d151
user3	371	269	1272968790272	0	0	2d829939ede4a00c437600b3d151
user3	380	267	1272968790277	0	0	2d829939ede4a00c437600b3d151
user3	385	265	1272968790293	0	0	2d829939ede4a00c437600b3d151
user3	395	262	1272968790301	0	0	2d829939ede4a00c437600b3d151
user3	403	259	1272968790309	0	0	2d829939ede4a00c437600b3d151
user3	407	258	1272968790317	0	0	2d829939ede4a00c437600b3d151
user3	412	256	1272968790325	0	0	2d829939ede4a00c437600b3d151
user3	418	255	1272968790333	0	0	2d829939ede4a00c437600b3d151
user3	423	253	1272968790341	0	0	2d829939ede4a00c437600b3d151
user3	428	252	1272968790349	0	0	2d829939ede4a00c437600b3d151
user3	432	251	1272968790357	0	0	2d829939ede4a00c437600b3d151
user3	435	250	1272968790365	0	0	2d829939ede4a00c437600b3d151
user3	439	249	1272968790373	0	0	2d829939ede4a00c437600b3d151
user3	441	249	1272968790381	0	0	2d829939ede4a00c437600b3d151
user3	442	249	1272968790389	0	0	2d829939ede4a00c437600b3d151
user3	444	249	1272968790397	0	0	2d829939ede4a00c437600b3d151
user3	444	249	1272968790614	0	0	2d829939ede4a00c437600b3d151
user3	445	248	1272968791254	0	0	2d829939ede4a00c437600b3d151
user3	446	246	1272968791261	0	0	2d829939ede4a00c437600b3d151
user3	448	244	1272968791270	0	0	2d829939ede4a00c437600b3d151
user3	450	242	1272968791277	0	0	2d829939ede4a00c437600b3d151
user3	450	241	1272968791285	0	0	2d829939ede4a00c437600b3d151
user3	452	240	1272968791293	0	0	2d829939ede4a00c437600b3d151
user3	452	239	1272968791310	0	0	2d829939ede4a00c437600b3d151
user3	453	236	1272968791317	0	0	2d829939ede4a00c437600b3d151
user3	454	234	1272968791325	0	0	2d829939ede4a00c437600b3d151
user3	456	229	1272968791333	0	0	2d829939ede4a00c437600b3d151
user3	456	226	1272968791341	0	0	2d829939ede4a00c437600b3d151
user3	456	223	1272968791349	0	0	2d829939ede4a00c437600b3d151
user3	458	219	1272968791357	0	0	2d829939ede4a00c437600b3d151
user3	460	215	1272968791365	0	0	2d829939ede4a00c437600b3d151
user3	462	210	1272968791373	0	0	2d829939ede4a00c437600b3d151
user3	464	204	1272968791381	0	0	2d829939ede4a00c437600b3d151
user3	466	199	1272968791389	0	0	2d829939ede4a00c437600b3d151
user3	469	192	1272968791397	0	0	2d829939ede4a00c437600b3d151
user3	472	185	1272968791405	0	0	2d829939ede4a00c437600b3d151
user3	474	179	1272968791413	0	0	2d829939ede4a00c437600b3d151
user3	475	176	1272968791421	0	0	2d829939ede4a00c437600b3d151
user3	477	168	1272968791429	0	0	2d829939ede4a00c437600b3d151
user3	479	164	1272968791437	0	0	2d829939ede4a00c437600b3d151
user3	479	160	1272968791445	0	0	2d829939ede4a00c437600b3d151
user3	479	156	1272968791453	0	0	2d829939ede4a00c437600b3d151
user3	479	142	1272968791461	0	0	2d829939ede4a00c437600b3d151
user3	479	135	1272968791469	0	0	2d829939ede4a00c437600b3d151
user3	480	128	1272968791477	0	0	2d829939ede4a00c437600b3d151
user3	480	122	1272968791485	0	0	2d829939ede4a00c437600b3d151
user3	480	117	1272968791493	0	0	2d829939ede4a00c437600b3d151
user3	481	111	1272968791501	0	0	2d829939ede4a00c437600b3d151
user3	482	101	1272968791517	0	0	2d829939ede4a00c437600b3d151
user3	483	97	1272968791525	0	0	2d829939ede4a00c437600b3d151
user3	483	95	1272968791533	0	0	2d829939ede4a00c437600b3d151
user3	483	92	1272968791541	0	0	2d829939ede4a00c437600b3d151
user3	485	89	1272968791549	0	0	2d829939ede4a00c437600b3d151
user3	485	87	1272968791557	0	0	2d829939ede4a00c437600b3d151
user3	485	86	1272968791566	0	0	2d829939ede4a00c437600b3d151
user3	486	82	1272968791573	0	0	2d829939ede4a00c437600b3d151
user3	486	80	1272968791581	0	0	2d829939ede4a00c437600b3d151
user3	486	78	1272968791590	0	0	2d829939ede4a00c437600b3d151
user3	488	73	1272968791597	0	0	2d829939ede4a00c437600b3d151
user3	488	70	1272968791606	0	0	2d829939ede4a00c437600b3d151
user3	489	67	1272968791614	0	0	2d829939ede4a00c437600b3d151
user3	489	67	1272968791619	0	0	2d829939ede4a00c437600b3d151
user3	490	66	1272968791624	0	0	2d829939ede4a00c437600b3d151
user3	490	65	1272968791629	0	0	2d829939ede4a00c437600b3d151
user3	490	64	1272968791638	0	0	2d829939ede4a00c437600b3d151
user3	490	63	1272968791645	0	0	2d829939ede4a00c437600b3d151
user3	490	61	1272968791653	0	0	2d829939ede4a00c437600b3d151
user3	490	60	1272968791662	0	0	2d829939ede4a00c437600b3d151
user3	491	59	1272968791669	0	0	2d829939ede4a00c437600b3d151
user3	491	57	1272968791677	0	0	2d829939ede4a00c437600b3d151
user3	492	55	1272968791685	0	0	2d829939ede4a00c437600b3d151
user3	492	53	1272968791701	0	0	2d829939ede4a00c437600b3d151
user3	493	52	1272968791717	0	0	2d829939ede4a00c437600b3d151
user3	493	51	1272968791725	0	0	2d829939ede4a00c437600b3d151
user3	494	50	1272968791741	0	0	2d829939ede4a00c437600b3d151
user3	494	49	1272968791757	0	0	2d829939ede4a00c437600b3d151
user3	494	48	1272968791781	0	0	2d829939ede4a00c437600b3d151
user3	494	47	1272968791805	0	0	2d829939ede4a00c437600b3d151
user3	494	46	1272968791821	0	0	2d829939ede4a00c437600b3d151
user3	494	45	1272968791845	0	0	2d829939ede4a00c437600b3d151
user3	493	45	1272968792181	0	0	2d829939ede4a00c437600b3d151
user3	493	46	1272968792189	0	0	2d829939ede4a00c437600b3d151
user3	492	47	1272968792213	0	0	2d829939ede4a00c437600b3d151
user3	492	47	1272968792247	1272968792126	1272968792247	2d829939ede4a00c437600b3d151
user3	490	71	1272968795609	0	0	2d829939ede4a00c437600b3d151
user3	499	71	1272968797958	0	0	2d829939ede4a00c437600b3d151
user3	513	70	1272968797965	0	0	2d829939ede4a00c437600b3d151
user3	530	70	1272968797973	0	0	2d829939ede4a00c437600b3d151
user3	544	70	1272968797981	0	0	2d829939ede4a00c437600b3d151
user3	573	70	1272968797989	0	0	2d829939ede4a00c437600b3d151
user3	610	70	1272968797997	0	0	2d829939ede4a00c437600b3d151
user3	649	72	1272968798005	0	0	2d829939ede4a00c437600b3d151
user3	683	74	1272968798013	0	0	2d829939ede4a00c437600b3d151
user3	720	77	1272968798021	0	0	2d829939ede4a00c437600b3d151
user3	760	79	1272968798029	0	0	2d829939ede4a00c437600b3d151
user3	785	81	1272968798037	0	0	2d829939ede4a00c437600b3d151
user3	809	82	1272968798045	0	0	2d829939ede4a00c437600b3d151
user3	847	82	1272968798061	0	0	2d829939ede4a00c437600b3d151
user3	864	82	1272968798069	0	0	2d829939ede4a00c437600b3d151
user3	869	82	1272968798077	0	0	2d829939ede4a00c437600b3d151
user3	874	82	1272968798085	0	0	2d829939ede4a00c437600b3d151
user3	878	82	1272968798093	0	0	2d829939ede4a00c437600b3d151
user3	881	82	1272968798101	0	0	2d829939ede4a00c437600b3d151
user3	881	83	1272968798221	0	0	2d829939ede4a00c437600b3d151
user3	875	85	1272968798229	0	0	2d829939ede4a00c437600b3d151
user3	871	87	1272968798237	0	0	2d829939ede4a00c437600b3d151
user3	868	88	1272968798245	0	0	2d829939ede4a00c437600b3d151
user3	850	93	1272968798261	0	0	2d829939ede4a00c437600b3d151
user3	843	94	1272968798270	0	0	2d829939ede4a00c437600b3d151
user3	833	95	1272968798277	0	0	2d829939ede4a00c437600b3d151
user3	823	95	1272968798286	0	0	2d829939ede4a00c437600b3d151
user3	812	96	1272968798293	0	0	2d829939ede4a00c437600b3d151
user3	792	96	1272968798301	0	0	2d829939ede4a00c437600b3d151
user3	781	96	1272968798309	0	0	2d829939ede4a00c437600b3d151
user3	773	96	1272968798318	0	0	2d829939ede4a00c437600b3d151
user3	763	96	1272968798325	0	0	2d829939ede4a00c437600b3d151
user3	756	97	1272968798333	0	0	2d829939ede4a00c437600b3d151
user3	752	97	1272968798341	0	0	2d829939ede4a00c437600b3d151
user3	749	97	1272968798348	0	0	2d829939ede4a00c437600b3d151
user3	747	97	1272968798356	0	0	2d829939ede4a00c437600b3d151
user3	744	97	1272968798368	0	0	2d829939ede4a00c437600b3d151
user3	742	98	1272968798372	0	0	2d829939ede4a00c437600b3d151
user3	741	98	1272968798380	0	0	2d829939ede4a00c437600b3d151
user3	739	98	1272968798388	0	0	2d829939ede4a00c437600b3d151
user3	736	98	1272968798396	0	0	2d829939ede4a00c437600b3d151
user3	735	98	1272968798404	0	0	2d829939ede4a00c437600b3d151
user3	732	99	1272968798412	0	0	2d829939ede4a00c437600b3d151
user3	731	99	1272968798420	0	0	2d829939ede4a00c437600b3d151
user3	728	99	1272968798428	0	0	2d829939ede4a00c437600b3d151
user3	726	99	1272968798437	0	0	2d829939ede4a00c437600b3d151
user3	724	99	1272968798445	0	0	2d829939ede4a00c437600b3d151
user3	720	99	1272968798461	0	0	2d829939ede4a00c437600b3d151
user3	719	99	1272968798469	0	0	2d829939ede4a00c437600b3d151
user3	717	99	1272968798477	0	0	2d829939ede4a00c437600b3d151
user3	716	99	1272968798485	0	0	2d829939ede4a00c437600b3d151
user3	715	99	1272968798493	0	0	2d829939ede4a00c437600b3d151
user3	714	99	1272968798517	0	0	2d829939ede4a00c437600b3d151
user3	711	99	1272968798525	0	0	2d829939ede4a00c437600b3d151
user3	709	98	1272968798533	0	0	2d829939ede4a00c437600b3d151
user3	706	97	1272968798541	0	0	2d829939ede4a00c437600b3d151
user3	701	95	1272968798550	0	0	2d829939ede4a00c437600b3d151
user3	695	93	1272968798557	0	0	2d829939ede4a00c437600b3d151
user3	692	91	1272968798565	0	0	2d829939ede4a00c437600b3d151
user3	687	89	1272968798573	0	0	2d829939ede4a00c437600b3d151
user3	683	86	1272968798581	0	0	2d829939ede4a00c437600b3d151
user3	675	84	1272968798589	0	0	2d829939ede4a00c437600b3d151
user3	672	82	1272968798598	0	0	2d829939ede4a00c437600b3d151
user3	669	81	1272968798605	0	0	2d829939ede4a00c437600b3d151
user3	666	80	1272968798614	0	0	2d829939ede4a00c437600b3d151
user3	665	79	1272968798629	0	0	2d829939ede4a00c437600b3d151
user3	664	78	1272968798685	0	0	2d829939ede4a00c437600b3d151
user3	663	76	1272968798693	0	0	2d829939ede4a00c437600b3d151
user3	662	74	1272968798701	0	0	2d829939ede4a00c437600b3d151
user3	662	73	1272968798709	0	0	2d829939ede4a00c437600b3d151
user3	660	69	1272968798717	0	0	2d829939ede4a00c437600b3d151
user3	659	68	1272968798725	0	0	2d829939ede4a00c437600b3d151
user3	659	68	1272968798732	0	0	2d829939ede4a00c437600b3d151
user3	659	67	1272968798735	0	0	2d829939ede4a00c437600b3d151
user3	659	65	1272968798741	0	0	2d829939ede4a00c437600b3d151
user3	659	64	1272968798749	0	0	2d829939ede4a00c437600b3d151
user3	659	63	1272968798757	0	0	2d829939ede4a00c437600b3d151
user3	659	62	1272968798765	0	0	2d829939ede4a00c437600b3d151
user3	659	61	1272968798773	0	0	2d829939ede4a00c437600b3d151
user3	659	61	1272968798917	1272968798832	1272968798917	2d829939ede4a00c437600b3d151
