User	X	Y	MouseTimeStamp	MouseDownTimeStamp	MouseUpTimeStamp	SessionID
user20	253	333	1271787456069	0	0	c70451c1ec708e0d17568739098d
user20	260	330	1271787456076	0	0	c70451c1ec708e0d17568739098d
user20	266	326	1271787456084	0	0	c70451c1ec708e0d17568739098d
user20	277	319	1271787456092	0	0	c70451c1ec708e0d17568739098d
user20	287	314	1271787456100	0	0	c70451c1ec708e0d17568739098d
user20	302	308	1271787456108	0	0	c70451c1ec708e0d17568739098d
user20	321	302	1271787456116	0	0	c70451c1ec708e0d17568739098d
user20	338	297	1271787456124	0	0	c70451c1ec708e0d17568739098d
user20	364	293	1271787456132	0	0	c70451c1ec708e0d17568739098d
user20	391	289	1271787456140	0	0	c70451c1ec708e0d17568739098d
user20	418	285	1271787456148	0	0	c70451c1ec708e0d17568739098d
user20	443	285	1271787456156	0	0	c70451c1ec708e0d17568739098d
user20	467	281	1271787456164	0	0	c70451c1ec708e0d17568739098d
user20	488	277	1271787456172	0	0	c70451c1ec708e0d17568739098d
user20	506	277	1271787456180	0	0	c70451c1ec708e0d17568739098d
user20	518	275	1271787456188	0	0	c70451c1ec708e0d17568739098d
user20	532	275	1271787456196	0	0	c70451c1ec708e0d17568739098d
user20	542	275	1271787456204	0	0	c70451c1ec708e0d17568739098d
user20	550	273	1271787456212	0	0	c70451c1ec708e0d17568739098d
user20	555	273	1271787456220	0	0	c70451c1ec708e0d17568739098d
user20	557	273	1271787456228	0	0	c70451c1ec708e0d17568739098d
user20	554	273	1271787456332	0	0	c70451c1ec708e0d17568739098d
user20	549	273	1271787456340	0	0	c70451c1ec708e0d17568739098d
user20	545	273	1271787456348	0	0	c70451c1ec708e0d17568739098d
user20	543	273	1271787456356	0	0	c70451c1ec708e0d17568739098d
user20	539	274	1271787456364	0	0	c70451c1ec708e0d17568739098d
user20	541	274	1271787456452	0	0	c70451c1ec708e0d17568739098d
user20	544	274	1271787456460	0	0	c70451c1ec708e0d17568739098d
user20	553	274	1271787456468	0	0	c70451c1ec708e0d17568739098d
user20	563	274	1271787456476	0	0	c70451c1ec708e0d17568739098d
user20	575	272	1271787456484	0	0	c70451c1ec708e0d17568739098d
user20	589	272	1271787456492	0	0	c70451c1ec708e0d17568739098d
user20	603	270	1271787456500	0	0	c70451c1ec708e0d17568739098d
user20	627	268	1271787456508	0	0	c70451c1ec708e0d17568739098d
user20	650	266	1271787456516	0	0	c70451c1ec708e0d17568739098d
user20	686	264	1271787456524	0	0	c70451c1ec708e0d17568739098d
user20	736	255	1271787456532	0	0	c70451c1ec708e0d17568739098d
user20	770	255	1271787456540	0	0	c70451c1ec708e0d17568739098d
user20	817	243	1271787456548	0	0	c70451c1ec708e0d17568739098d
user20	861	241	1271787456556	0	0	c70451c1ec708e0d17568739098d
user20	884	237	1271787456564	0	0	c70451c1ec708e0d17568739098d
user20	917	235	1271787456572	0	0	c70451c1ec708e0d17568739098d
user20	940	235	1271787456580	0	0	c70451c1ec708e0d17568739098d
user20	958	235	1271787456588	0	0	c70451c1ec708e0d17568739098d
user20	980	231	1271787456596	0	0	c70451c1ec708e0d17568739098d
user20	994	229	1271787456604	0	0	c70451c1ec708e0d17568739098d
user20	1006	227	1271787456612	0	0	c70451c1ec708e0d17568739098d
user20	1018	225	1271787456620	0	0	c70451c1ec708e0d17568739098d
user20	1026	222	1271787456628	0	0	c70451c1ec708e0d17568739098d
user20	1030	222	1271787456636	0	0	c70451c1ec708e0d17568739098d
user20	1032	220	1271787456644	0	0	c70451c1ec708e0d17568739098d
user20	1030	222	1271787456756	0	0	c70451c1ec708e0d17568739098d
user20	1029	226	1271787456764	0	0	c70451c1ec708e0d17568739098d
user20	1026	233	1271787456772	0	0	c70451c1ec708e0d17568739098d
user20	1025	241	1271787456780	0	0	c70451c1ec708e0d17568739098d
user20	1019	251	1271787456788	0	0	c70451c1ec708e0d17568739098d
user20	1016	259	1271787456796	0	0	c70451c1ec708e0d17568739098d
user20	1011	269	1271787456804	0	0	c70451c1ec708e0d17568739098d
user20	1010	275	1271787456812	0	0	c70451c1ec708e0d17568739098d
user20	1008	282	1271787456820	0	0	c70451c1ec708e0d17568739098d
user20	1005	288	1271787456828	0	0	c70451c1ec708e0d17568739098d
user20	1005	290	1271787456836	0	0	c70451c1ec708e0d17568739098d
user20	1003	293	1271787456844	0	0	c70451c1ec708e0d17568739098d
user20	1003	295	1271787456852	0	0	c70451c1ec708e0d17568739098d
user20	1002	296	1271787456860	0	0	c70451c1ec708e0d17568739098d
user20	1002	298	1271787456876	0	0	c70451c1ec708e0d17568739098d
user20	1001	298	1271787457020	0	0	c70451c1ec708e0d17568739098d
user20	1000	298	1271787457036	0	0	c70451c1ec708e0d17568739098d
user20	997	298	1271787457044	0	0	c70451c1ec708e0d17568739098d
user20	996	295	1271787457052	0	0	c70451c1ec708e0d17568739098d
user20	994	294	1271787457061	0	0	c70451c1ec708e0d17568739098d
user20	990	294	1271787457068	0	0	c70451c1ec708e0d17568739098d
user20	986	294	1271787457076	0	0	c70451c1ec708e0d17568739098d
user20	984	292	1271787457084	0	0	c70451c1ec708e0d17568739098d
user20	984	291	1271787457276	0	0	c70451c1ec708e0d17568739098d
user20	982	289	1271787457285	0	0	c70451c1ec708e0d17568739098d
user20	982	287	1271787457292	0	0	c70451c1ec708e0d17568739098d
user20	982	286	1271787457300	0	0	c70451c1ec708e0d17568739098d
user20	982	286	1271787457681	1271787457492	1271787457681	c70451c1ec708e0d17568739098d
user20	923	14	1271787460307	0	0	c70451c1ec708e0d17568739098d
user20	916	22	1271787460308	0	0	c70451c1ec708e0d17568739098d
user20	907	37	1271787460316	0	0	c70451c1ec708e0d17568739098d
user20	892	50	1271787460324	0	0	c70451c1ec708e0d17568739098d
user20	876	68	1271787460332	0	0	c70451c1ec708e0d17568739098d
user20	858	86	1271787460340	0	0	c70451c1ec708e0d17568739098d
user20	845	101	1271787460348	0	0	c70451c1ec708e0d17568739098d
user20	829	119	1271787460356	0	0	c70451c1ec708e0d17568739098d
user20	810	139	1271787460364	0	0	c70451c1ec708e0d17568739098d
user20	794	160	1271787460372	0	0	c70451c1ec708e0d17568739098d
user20	776	176	1271787460380	0	0	c70451c1ec708e0d17568739098d
user20	752	198	1271787460389	0	0	c70451c1ec708e0d17568739098d
user20	714	225	1271787460396	0	0	c70451c1ec708e0d17568739098d
user20	666	258	1271787460404	0	0	c70451c1ec708e0d17568739098d
user20	621	297	1271787460412	0	0	c70451c1ec708e0d17568739098d
user20	564	338	1271787460420	0	0	c70451c1ec708e0d17568739098d
user20	512	372	1271787460428	0	0	c70451c1ec708e0d17568739098d
user20	453	421	1271787460436	0	0	c70451c1ec708e0d17568739098d
user20	386	471	1271787460444	0	0	c70451c1ec708e0d17568739098d
user20	333	512	1271787460452	0	0	c70451c1ec708e0d17568739098d
user20	274	561	1271787460460	0	0	c70451c1ec708e0d17568739098d
user20	221	598	1271787460468	0	0	c70451c1ec708e0d17568739098d
user20	165	636	1271787460476	0	0	c70451c1ec708e0d17568739098d
user20	104	667	1271787460484	0	0	c70451c1ec708e0d17568739098d
user20	54	691	1271787460492	0	0	c70451c1ec708e0d17568739098d
user20	4	718	1271787460500	0	0	c70451c1ec708e0d17568739098d
user20	36	832	1271787463900	0	0	c70451c1ec708e0d17568739098d
user20	99	825	1271787463908	0	0	c70451c1ec708e0d17568739098d
user20	173	816	1271787463916	0	0	c70451c1ec708e0d17568739098d
user20	251	803	1271787463924	0	0	c70451c1ec708e0d17568739098d
user20	316	790	1271787463932	0	0	c70451c1ec708e0d17568739098d
user20	395	781	1271787463940	0	0	c70451c1ec708e0d17568739098d
user20	468	771	1271787463948	0	0	c70451c1ec708e0d17568739098d
user20	547	758	1271787463956	0	0	c70451c1ec708e0d17568739098d
user20	621	745	1271787463964	0	0	c70451c1ec708e0d17568739098d
user20	690	732	1271787463972	0	0	c70451c1ec708e0d17568739098d
user20	756	717	1271787463980	0	0	c70451c1ec708e0d17568739098d
user20	803	706	1271787463988	0	0	c70451c1ec708e0d17568739098d
user20	860	691	1271787463996	0	0	c70451c1ec708e0d17568739098d
user20	912	676	1271787464004	0	0	c70451c1ec708e0d17568739098d
user20	964	662	1271787464012	0	0	c70451c1ec708e0d17568739098d
user20	1022	644	1271787464020	0	0	c70451c1ec708e0d17568739098d
user20	1067	638	1271787464028	0	0	c70451c1ec708e0d17568739098d
user20	1113	630	1271787464036	0	0	c70451c1ec708e0d17568739098d
user20	1167	625	1271787464044	0	0	c70451c1ec708e0d17568739098d
user20	1209	614	1271787464052	0	0	c70451c1ec708e0d17568739098d
user20	1252	603	1271787464060	0	0	c70451c1ec708e0d17568739098d
user20	1279	593	1271787464068	0	0	c70451c1ec708e0d17568739098d
user20	1279	582	1271787464076	0	0	c70451c1ec708e0d17568739098d
user20	1279	575	1271787464084	0	0	c70451c1ec708e0d17568739098d
user20	1279	567	1271787464092	0	0	c70451c1ec708e0d17568739098d
user20	1279	559	1271787464100	0	0	c70451c1ec708e0d17568739098d
user20	1279	554	1271787464108	0	0	c70451c1ec708e0d17568739098d
user20	1279	548	1271787464116	0	0	c70451c1ec708e0d17568739098d
user20	1225	466	1271787466223	0	0	c70451c1ec708e0d17568739098d
user20	1224	466	1271787466412	0	0	c70451c1ec708e0d17568739098d
user20	1220	466	1271787466420	0	0	c70451c1ec708e0d17568739098d
user20	1215	466	1271787466428	0	0	c70451c1ec708e0d17568739098d
user20	1210	466	1271787466436	0	0	c70451c1ec708e0d17568739098d
user20	1203	466	1271787466444	0	0	c70451c1ec708e0d17568739098d
user20	1193	462	1271787466452	0	0	c70451c1ec708e0d17568739098d
user20	1180	455	1271787466460	0	0	c70451c1ec708e0d17568739098d
user20	1163	447	1271787466468	0	0	c70451c1ec708e0d17568739098d
user20	1141	441	1271787466476	0	0	c70451c1ec708e0d17568739098d
user20	1120	436	1271787466484	0	0	c70451c1ec708e0d17568739098d
user20	1095	425	1271787466492	0	0	c70451c1ec708e0d17568739098d
user20	1067	419	1271787466500	0	0	c70451c1ec708e0d17568739098d
user20	1035	402	1271787466508	0	0	c70451c1ec708e0d17568739098d
user20	997	391	1271787466516	0	0	c70451c1ec708e0d17568739098d
user20	967	380	1271787466524	0	0	c70451c1ec708e0d17568739098d
user20	923	363	1271787466532	0	0	c70451c1ec708e0d17568739098d
user20	880	350	1271787466540	0	0	c70451c1ec708e0d17568739098d
user20	836	333	1271787466548	0	0	c70451c1ec708e0d17568739098d
user20	807	324	1271787466556	0	0	c70451c1ec708e0d17568739098d
user20	779	318	1271787466564	0	0	c70451c1ec708e0d17568739098d
user20	749	309	1271787466572	0	0	c70451c1ec708e0d17568739098d
user20	731	307	1271787466580	0	0	c70451c1ec708e0d17568739098d
user20	712	305	1271787466588	0	0	c70451c1ec708e0d17568739098d
user20	696	305	1271787466596	0	0	c70451c1ec708e0d17568739098d
user20	684	303	1271787466604	0	0	c70451c1ec708e0d17568739098d
user20	674	303	1271787466612	0	0	c70451c1ec708e0d17568739098d
user20	665	303	1271787466620	0	0	c70451c1ec708e0d17568739098d
user20	659	303	1271787466628	0	0	c70451c1ec708e0d17568739098d
user20	652	301	1271787466636	0	0	c70451c1ec708e0d17568739098d
user20	647	301	1271787466644	0	0	c70451c1ec708e0d17568739098d
user20	641	299	1271787466652	0	0	c70451c1ec708e0d17568739098d
user20	638	298	1271787466660	0	0	c70451c1ec708e0d17568739098d
user20	634	297	1271787466668	0	0	c70451c1ec708e0d17568739098d
user20	628	294	1271787466676	0	0	c70451c1ec708e0d17568739098d
user20	624	293	1271787466684	0	0	c70451c1ec708e0d17568739098d
user20	615	289	1271787466692	0	0	c70451c1ec708e0d17568739098d
user20	605	288	1271787466700	0	0	c70451c1ec708e0d17568739098d
user20	593	284	1271787466708	0	0	c70451c1ec708e0d17568739098d
user20	581	279	1271787466716	0	0	c70451c1ec708e0d17568739098d
user20	568	274	1271787466724	0	0	c70451c1ec708e0d17568739098d
user20	553	268	1271787466732	0	0	c70451c1ec708e0d17568739098d
user20	539	263	1271787466740	0	0	c70451c1ec708e0d17568739098d
user20	526	255	1271787466748	0	0	c70451c1ec708e0d17568739098d
user20	509	248	1271787466756	0	0	c70451c1ec708e0d17568739098d
user20	496	240	1271787466764	0	0	c70451c1ec708e0d17568739098d
user20	481	233	1271787466772	0	0	c70451c1ec708e0d17568739098d
user20	473	224	1271787466780	0	0	c70451c1ec708e0d17568739098d
user20	464	218	1271787466788	0	0	c70451c1ec708e0d17568739098d
user20	456	211	1271787466796	0	0	c70451c1ec708e0d17568739098d
user20	447	204	1271787466804	0	0	c70451c1ec708e0d17568739098d
user20	443	196	1271787466812	0	0	c70451c1ec708e0d17568739098d
user20	440	194	1271787466820	0	0	c70451c1ec708e0d17568739098d
user20	439	191	1271787466828	0	0	c70451c1ec708e0d17568739098d
user20	436	189	1271787466836	0	0	c70451c1ec708e0d17568739098d
user20	435	186	1271787466844	0	0	c70451c1ec708e0d17568739098d
user20	435	184	1271787466852	0	0	c70451c1ec708e0d17568739098d
user20	434	183	1271787466860	0	0	c70451c1ec708e0d17568739098d
user20	434	183	1271787467076	1271787466977	1271787467076	c70451c1ec708e0d17568739098d
user20	434	182	1271787467372	0	0	c70451c1ec708e0d17568739098d
user20	434	181	1271787467396	0	0	c70451c1ec708e0d17568739098d
user20	432	190	1271787467654	0	0	c70451c1ec708e0d17568739098d
user20	432	191	1271787467660	0	0	c70451c1ec708e0d17568739098d
user20	432	192	1271787473748	0	0	c70451c1ec708e0d17568739098d
user20	433	193	1271787473756	0	0	c70451c1ec708e0d17568739098d
user20	436	196	1271787473764	0	0	c70451c1ec708e0d17568739098d
user20	443	202	1271787473772	0	0	c70451c1ec708e0d17568739098d
user20	452	210	1271787473780	0	0	c70451c1ec708e0d17568739098d
user20	458	213	1271787473788	0	0	c70451c1ec708e0d17568739098d
user20	465	222	1271787473796	0	0	c70451c1ec708e0d17568739098d
user20	473	230	1271787473804	0	0	c70451c1ec708e0d17568739098d
user20	486	236	1271787473812	0	0	c70451c1ec708e0d17568739098d
user20	498	241	1271787473820	0	0	c70451c1ec708e0d17568739098d
user20	506	246	1271787473828	0	0	c70451c1ec708e0d17568739098d
user20	517	251	1271787473836	0	0	c70451c1ec708e0d17568739098d
user20	525	254	1271787473844	0	0	c70451c1ec708e0d17568739098d
user20	532	257	1271787473852	0	0	c70451c1ec708e0d17568739098d
user20	542	257	1271787473860	0	0	c70451c1ec708e0d17568739098d
user20	552	258	1271787473868	0	0	c70451c1ec708e0d17568739098d
user20	559	258	1271787473876	0	0	c70451c1ec708e0d17568739098d
user20	566	258	1271787473884	0	0	c70451c1ec708e0d17568739098d
user20	574	256	1271787473892	0	0	c70451c1ec708e0d17568739098d
user20	579	256	1271787473900	0	0	c70451c1ec708e0d17568739098d
user20	583	256	1271787473908	0	0	c70451c1ec708e0d17568739098d
user20	585	256	1271787473916	0	0	c70451c1ec708e0d17568739098d
user20	586	256	1271787473924	0	0	c70451c1ec708e0d17568739098d
user20	586	252	1271787474052	0	0	c70451c1ec708e0d17568739098d
user20	586	250	1271787474060	0	0	c70451c1ec708e0d17568739098d
user20	586	245	1271787474068	0	0	c70451c1ec708e0d17568739098d
user20	586	241	1271787474076	0	0	c70451c1ec708e0d17568739098d
user20	586	237	1271787474084	0	0	c70451c1ec708e0d17568739098d
user20	586	235	1271787474092	0	0	c70451c1ec708e0d17568739098d
user20	586	233	1271787474100	0	0	c70451c1ec708e0d17568739098d
user20	586	230	1271787474108	0	0	c70451c1ec708e0d17568739098d
user20	586	228	1271787474116	0	0	c70451c1ec708e0d17568739098d
user20	586	227	1271787474124	0	0	c70451c1ec708e0d17568739098d
user20	586	226	1271787474140	0	0	c70451c1ec708e0d17568739098d
user20	586	226	1271787474372	1271787474292	1271787474372	c70451c1ec708e0d17568739098d
user20	586	228	1271787474420	0	0	c70451c1ec708e0d17568739098d
user20	586	230	1271787474428	0	0	c70451c1ec708e0d17568739098d
user20	586	231	1271787474436	0	0	c70451c1ec708e0d17568739098d
user20	585	232	1271787474444	0	0	c70451c1ec708e0d17568739098d
user20	585	233	1271787474452	0	0	c70451c1ec708e0d17568739098d
user20	585	233	1271787474764	1271787474660	1271787474764	c70451c1ec708e0d17568739098d
user20	994	9	1271787482260	0	0	c70451c1ec708e0d17568739098d
user20	984	16	1271787482267	0	0	c70451c1ec708e0d17568739098d
user20	977	25	1271787482275	0	0	c70451c1ec708e0d17568739098d
user20	964	34	1271787482284	0	0	c70451c1ec708e0d17568739098d
user20	953	43	1271787482292	0	0	c70451c1ec708e0d17568739098d
user20	943	50	1271787482299	0	0	c70451c1ec708e0d17568739098d
user20	928	61	1271787482307	0	0	c70451c1ec708e0d17568739098d
user20	910	71	1271787482316	0	0	c70451c1ec708e0d17568739098d
user20	893	82	1271787482324	0	0	c70451c1ec708e0d17568739098d
user20	873	94	1271787482332	0	0	c70451c1ec708e0d17568739098d
user20	859	101	1271787482340	0	0	c70451c1ec708e0d17568739098d
user20	844	111	1271787482347	0	0	c70451c1ec708e0d17568739098d
user20	822	119	1271787482356	0	0	c70451c1ec708e0d17568739098d
user20	800	131	1271787482363	0	0	c70451c1ec708e0d17568739098d
user20	781	139	1271787482372	0	0	c70451c1ec708e0d17568739098d
user20	757	142	1271787482380	0	0	c70451c1ec708e0d17568739098d
user20	740	150	1271787482388	0	0	c70451c1ec708e0d17568739098d
user20	723	158	1271787482395	0	0	c70451c1ec708e0d17568739098d
user20	706	163	1271787482403	0	0	c70451c1ec708e0d17568739098d
user20	694	167	1271787482412	0	0	c70451c1ec708e0d17568739098d
user20	675	167	1271787482420	0	0	c70451c1ec708e0d17568739098d
user20	663	168	1271787482427	0	0	c70451c1ec708e0d17568739098d
user20	651	170	1271787482436	0	0	c70451c1ec708e0d17568739098d
user20	639	170	1271787482443	0	0	c70451c1ec708e0d17568739098d
user20	629	173	1271787482452	0	0	c70451c1ec708e0d17568739098d
user20	615	175	1271787482460	0	0	c70451c1ec708e0d17568739098d
user20	607	176	1271787482468	0	0	c70451c1ec708e0d17568739098d
user20	598	176	1271787482475	0	0	c70451c1ec708e0d17568739098d
user20	590	177	1271787482484	0	0	c70451c1ec708e0d17568739098d
user20	583	179	1271787482492	0	0	c70451c1ec708e0d17568739098d
user20	575	179	1271787482500	0	0	c70451c1ec708e0d17568739098d
user20	570	180	1271787482507	0	0	c70451c1ec708e0d17568739098d
user20	565	181	1271787482515	0	0	c70451c1ec708e0d17568739098d
user20	557	184	1271787482523	0	0	c70451c1ec708e0d17568739098d
user20	553	186	1271787482531	0	0	c70451c1ec708e0d17568739098d
user20	547	187	1271787482539	0	0	c70451c1ec708e0d17568739098d
user20	542	187	1271787482547	0	0	c70451c1ec708e0d17568739098d
user20	538	187	1271787482555	0	0	c70451c1ec708e0d17568739098d
user20	535	188	1271787482564	0	0	c70451c1ec708e0d17568739098d
user20	532	189	1271787482571	0	0	c70451c1ec708e0d17568739098d
user20	530	189	1271787482580	0	0	c70451c1ec708e0d17568739098d
user20	526	190	1271787482587	0	0	c70451c1ec708e0d17568739098d
user20	525	190	1271787482596	0	0	c70451c1ec708e0d17568739098d
user20	524	190	1271787482603	0	0	c70451c1ec708e0d17568739098d
user20	523	190	1271787482652	0	0	c70451c1ec708e0d17568739098d
user20	522	190	1271787482660	0	0	c70451c1ec708e0d17568739098d
user20	521	190	1271787482667	0	0	c70451c1ec708e0d17568739098d
user20	519	191	1271787482675	0	0	c70451c1ec708e0d17568739098d
user20	515	192	1271787482684	0	0	c70451c1ec708e0d17568739098d
user20	513	193	1271787482692	0	0	c70451c1ec708e0d17568739098d
user20	506	195	1271787482700	0	0	c70451c1ec708e0d17568739098d
user20	495	198	1271787482708	0	0	c70451c1ec708e0d17568739098d
user20	483	203	1271787482715	0	0	c70451c1ec708e0d17568739098d
user20	464	211	1271787482723	0	0	c70451c1ec708e0d17568739098d
user20	441	223	1271787482732	0	0	c70451c1ec708e0d17568739098d
user20	403	236	1271787482740	0	0	c70451c1ec708e0d17568739098d
user20	349	257	1271787482748	0	0	c70451c1ec708e0d17568739098d
user20	300	274	1271787482756	0	0	c70451c1ec708e0d17568739098d
user20	251	294	1271787482764	0	0	c70451c1ec708e0d17568739098d
user20	192	322	1271787482772	0	0	c70451c1ec708e0d17568739098d
user20	142	346	1271787482779	0	0	c70451c1ec708e0d17568739098d
user20	83	371	1271787482787	0	0	c70451c1ec708e0d17568739098d
user20	34	391	1271787482795	0	0	c70451c1ec708e0d17568739098d
user20	27	394	1271787483308	0	0	c70451c1ec708e0d17568739098d
user20	77	371	1271787483316	0	0	c70451c1ec708e0d17568739098d
user20	132	343	1271787483323	0	0	c70451c1ec708e0d17568739098d
user20	182	320	1271787483331	0	0	c70451c1ec708e0d17568739098d
user20	232	293	1271787483340	0	0	c70451c1ec708e0d17568739098d
user20	282	269	1271787483347	0	0	c70451c1ec708e0d17568739098d
user20	324	247	1271787483356	0	0	c70451c1ec708e0d17568739098d
user20	360	229	1271787483364	0	0	c70451c1ec708e0d17568739098d
user20	387	216	1271787483372	0	0	c70451c1ec708e0d17568739098d
user20	404	206	1271787483380	0	0	c70451c1ec708e0d17568739098d
user20	424	196	1271787483388	0	0	c70451c1ec708e0d17568739098d
user20	432	190	1271787483396	0	0	c70451c1ec708e0d17568739098d
user20	438	187	1271787483403	0	0	c70451c1ec708e0d17568739098d
user20	444	184	1271787483411	0	0	c70451c1ec708e0d17568739098d
user20	445	183	1271787483419	0	0	c70451c1ec708e0d17568739098d
user20	445	185	1271787483700	0	0	c70451c1ec708e0d17568739098d
user20	445	190	1271787483708	0	0	c70451c1ec708e0d17568739098d
user20	445	194	1271787483715	0	0	c70451c1ec708e0d17568739098d
user20	445	197	1271787483723	0	0	c70451c1ec708e0d17568739098d
user20	443	200	1271787483732	0	0	c70451c1ec708e0d17568739098d
user20	443	202	1271787483739	0	0	c70451c1ec708e0d17568739098d
user20	443	204	1271787483748	0	0	c70451c1ec708e0d17568739098d
user20	442	205	1271787483756	0	0	c70451c1ec708e0d17568739098d
user20	442	206	1271787483763	0	0	c70451c1ec708e0d17568739098d
user20	442	207	1271787483771	0	0	c70451c1ec708e0d17568739098d
user20	442	207	1271787483956	1271787483860	1271787483956	c70451c1ec708e0d17568739098d
user20	442	208	1271787485660	0	0	c70451c1ec708e0d17568739098d
user20	445	210	1271787485675	0	0	c70451c1ec708e0d17568739098d
user20	446	210	1271787485684	0	0	c70451c1ec708e0d17568739098d
user20	443	208	1271787485812	0	0	c70451c1ec708e0d17568739098d
user20	440	208	1271787485819	0	0	c70451c1ec708e0d17568739098d
user20	434	208	1271787485827	0	0	c70451c1ec708e0d17568739098d
user20	425	208	1271787485835	0	0	c70451c1ec708e0d17568739098d
user20	418	208	1271787485843	0	0	c70451c1ec708e0d17568739098d
user20	417	208	1271787485851	0	0	c70451c1ec708e0d17568739098d
user20	419	206	1271787486092	0	0	c70451c1ec708e0d17568739098d
user20	421	206	1271787486099	0	0	c70451c1ec708e0d17568739098d
user20	421	205	1271787486107	0	0	c70451c1ec708e0d17568739098d
user20	421	205	1271787486364	1271787486292	1271787486364	c70451c1ec708e0d17568739098d
user20	422	205	1271787486444	0	0	c70451c1ec708e0d17568739098d
user20	425	202	1271787486451	0	0	c70451c1ec708e0d17568739098d
user20	429	201	1271787486459	0	0	c70451c1ec708e0d17568739098d
user20	429	200	1271787486467	0	0	c70451c1ec708e0d17568739098d
user20	434	195	1271787486475	0	0	c70451c1ec708e0d17568739098d
user20	435	189	1271787486483	0	0	c70451c1ec708e0d17568739098d
user20	439	187	1271787486491	0	0	c70451c1ec708e0d17568739098d
user20	442	179	1271787486499	0	0	c70451c1ec708e0d17568739098d
user20	446	175	1271787486507	0	0	c70451c1ec708e0d17568739098d
user20	447	168	1271787486516	0	0	c70451c1ec708e0d17568739098d
user20	452	162	1271787486524	0	0	c70451c1ec708e0d17568739098d
user20	455	156	1271787486531	0	0	c70451c1ec708e0d17568739098d
user20	461	151	1271787486539	0	0	c70451c1ec708e0d17568739098d
user20	464	147	1271787486547	0	0	c70451c1ec708e0d17568739098d
user20	466	145	1271787486555	0	0	c70451c1ec708e0d17568739098d
user20	469	142	1271787486563	0	0	c70451c1ec708e0d17568739098d
user20	469	140	1271787486571	0	0	c70451c1ec708e0d17568739098d
user20	469	138	1271787486579	0	0	c70451c1ec708e0d17568739098d
user20	469	136	1271787486587	0	0	c70451c1ec708e0d17568739098d
user20	469	132	1271787486595	0	0	c70451c1ec708e0d17568739098d
user20	469	128	1271787486603	0	0	c70451c1ec708e0d17568739098d
user20	469	125	1271787486611	0	0	c70451c1ec708e0d17568739098d
user20	469	119	1271787486619	0	0	c70451c1ec708e0d17568739098d
user20	469	116	1271787486628	0	0	c70451c1ec708e0d17568739098d
user20	469	110	1271787486635	0	0	c70451c1ec708e0d17568739098d
user20	469	105	1271787486643	0	0	c70451c1ec708e0d17568739098d
user20	469	101	1271787486651	0	0	c70451c1ec708e0d17568739098d
user20	469	98	1271787486659	0	0	c70451c1ec708e0d17568739098d
user20	469	95	1271787486667	0	0	c70451c1ec708e0d17568739098d
user20	469	92	1271787486675	0	0	c70451c1ec708e0d17568739098d
user20	469	88	1271787486684	0	0	c70451c1ec708e0d17568739098d
user20	469	84	1271787486691	0	0	c70451c1ec708e0d17568739098d
user20	470	82	1271787486699	0	0	c70451c1ec708e0d17568739098d
user20	470	78	1271787486707	0	0	c70451c1ec708e0d17568739098d
user20	472	76	1271787486715	0	0	c70451c1ec708e0d17568739098d
user20	473	73	1271787486723	0	0	c70451c1ec708e0d17568739098d
user20	473	71	1271787486731	0	0	c70451c1ec708e0d17568739098d
user20	473	69	1271787486739	0	0	c70451c1ec708e0d17568739098d
user20	473	68	1271787486748	0	0	c70451c1ec708e0d17568739098d
user20	473	67	1271787486755	0	0	c70451c1ec708e0d17568739098d
user20	473	66	1271787486771	0	0	c70451c1ec708e0d17568739098d
user20	473	65	1271787486795	0	0	c70451c1ec708e0d17568739098d
user20	473	64	1271787486819	0	0	c70451c1ec708e0d17568739098d
user20	473	64	1271787487860	1271787487818	1271787487860	c70451c1ec708e0d17568739098d
user20	598	389	1271787549529	0	0	c70451c1ec708e0d17568739098d
user20	591	386	1271787549536	0	0	c70451c1ec708e0d17568739098d
user20	576	382	1271787549544	0	0	c70451c1ec708e0d17568739098d
user20	560	382	1271787549552	0	0	c70451c1ec708e0d17568739098d
user20	544	380	1271787549560	0	0	c70451c1ec708e0d17568739098d
user20	523	378	1271787549568	0	0	c70451c1ec708e0d17568739098d
user20	499	378	1271787549576	0	0	c70451c1ec708e0d17568739098d
user20	476	378	1271787549584	0	0	c70451c1ec708e0d17568739098d
user20	451	378	1271787549592	0	0	c70451c1ec708e0d17568739098d
user20	428	378	1271787549600	0	0	c70451c1ec708e0d17568739098d
user20	405	378	1271787549608	0	0	c70451c1ec708e0d17568739098d
user20	381	379	1271787549616	0	0	c70451c1ec708e0d17568739098d
user20	353	379	1271787549624	0	0	c70451c1ec708e0d17568739098d
user20	327	377	1271787549632	0	0	c70451c1ec708e0d17568739098d
user20	304	377	1271787549640	0	0	c70451c1ec708e0d17568739098d
user20	275	379	1271787549648	0	0	c70451c1ec708e0d17568739098d
user20	252	379	1271787549656	0	0	c70451c1ec708e0d17568739098d
user20	227	379	1271787549664	0	0	c70451c1ec708e0d17568739098d
user20	198	376	1271787549672	0	0	c70451c1ec708e0d17568739098d
user20	168	378	1271787549680	0	0	c70451c1ec708e0d17568739098d
user20	133	380	1271787549688	0	0	c70451c1ec708e0d17568739098d
user20	103	382	1271787549696	0	0	c70451c1ec708e0d17568739098d
user20	82	382	1271787549704	0	0	c70451c1ec708e0d17568739098d
user20	58	383	1271787549712	0	0	c70451c1ec708e0d17568739098d
user20	42	383	1271787549720	0	0	c70451c1ec708e0d17568739098d
user20	28	383	1271787549728	0	0	c70451c1ec708e0d17568739098d
user20	16	383	1271787549736	0	0	c70451c1ec708e0d17568739098d
user20	7	383	1271787549744	0	0	c70451c1ec708e0d17568739098d
user20	31	331	1271787552024	0	0	c70451c1ec708e0d17568739098d
user20	74	331	1271787552032	0	0	c70451c1ec708e0d17568739098d
user20	122	331	1271787552040	0	0	c70451c1ec708e0d17568739098d
user20	165	331	1271787552048	0	0	c70451c1ec708e0d17568739098d
user20	212	331	1271787552056	0	0	c70451c1ec708e0d17568739098d
user20	255	331	1271787552064	0	0	c70451c1ec708e0d17568739098d
user20	304	328	1271787552072	0	0	c70451c1ec708e0d17568739098d
user20	338	328	1271787552080	0	0	c70451c1ec708e0d17568739098d
user20	372	325	1271787552088	0	0	c70451c1ec708e0d17568739098d
user20	416	323	1271787552096	0	0	c70451c1ec708e0d17568739098d
user20	442	321	1271787552104	0	0	c70451c1ec708e0d17568739098d
user20	468	319	1271787552112	0	0	c70451c1ec708e0d17568739098d
user20	494	315	1271787552120	0	0	c70451c1ec708e0d17568739098d
user20	513	313	1271787552128	0	0	c70451c1ec708e0d17568739098d
user20	532	309	1271787552136	0	0	c70451c1ec708e0d17568739098d
user20	548	305	1271787552144	0	0	c70451c1ec708e0d17568739098d
user20	558	302	1271787552152	0	0	c70451c1ec708e0d17568739098d
user20	569	297	1271787552160	0	0	c70451c1ec708e0d17568739098d
user20	573	294	1271787552169	0	0	c70451c1ec708e0d17568739098d
user20	578	291	1271787552176	0	0	c70451c1ec708e0d17568739098d
user20	579	291	1271787552184	0	0	c70451c1ec708e0d17568739098d
user20	580	291	1271787552192	0	0	c70451c1ec708e0d17568739098d
user20	578	294	1271787552384	0	0	c70451c1ec708e0d17568739098d
user20	577	298	1271787552392	0	0	c70451c1ec708e0d17568739098d
user20	576	302	1271787552400	0	0	c70451c1ec708e0d17568739098d
user20	573	304	1271787552408	0	0	c70451c1ec708e0d17568739098d
user20	572	308	1271787552416	0	0	c70451c1ec708e0d17568739098d
user20	570	310	1271787552424	0	0	c70451c1ec708e0d17568739098d
user20	568	313	1271787552432	0	0	c70451c1ec708e0d17568739098d
user20	568	315	1271787552440	0	0	c70451c1ec708e0d17568739098d
user20	567	316	1271787552448	0	0	c70451c1ec708e0d17568739098d
user20	566	317	1271787552456	0	0	c70451c1ec708e0d17568739098d
user20	566	319	1271787552464	0	0	c70451c1ec708e0d17568739098d
user20	565	319	1271787552480	0	0	c70451c1ec708e0d17568739098d
user20	565	319	1271787552713	1271787552649	1271787552713	c70451c1ec708e0d17568739098d
user20	564	319	1271787556896	0	0	c70451c1ec708e0d17568739098d
user20	563	319	1271787556912	0	0	c70451c1ec708e0d17568739098d
user20	566	321	1271787557144	0	0	c70451c1ec708e0d17568739098d
user20	569	321	1271787557152	0	0	c70451c1ec708e0d17568739098d
user20	573	322	1271787557160	0	0	c70451c1ec708e0d17568739098d
user20	576	324	1271787557168	0	0	c70451c1ec708e0d17568739098d
user20	580	326	1271787557176	0	0	c70451c1ec708e0d17568739098d
user20	581	328	1271787557184	0	0	c70451c1ec708e0d17568739098d
user20	582	330	1271787557192	0	0	c70451c1ec708e0d17568739098d
user20	584	332	1271787557200	0	0	c70451c1ec708e0d17568739098d
user20	584	333	1271787557208	0	0	c70451c1ec708e0d17568739098d
user20	584	334	1271787557216	0	0	c70451c1ec708e0d17568739098d
user20	585	335	1271787557224	0	0	c70451c1ec708e0d17568739098d
user20	585	336	1271787557232	0	0	c70451c1ec708e0d17568739098d
user20	583	339	1271787557384	0	0	c70451c1ec708e0d17568739098d
user20	583	341	1271787557392	0	0	c70451c1ec708e0d17568739098d
user20	581	344	1271787557400	0	0	c70451c1ec708e0d17568739098d
user20	581	345	1271787557408	0	0	c70451c1ec708e0d17568739098d
user20	579	347	1271787557416	0	0	c70451c1ec708e0d17568739098d
user20	579	348	1271787557424	0	0	c70451c1ec708e0d17568739098d
user20	578	348	1271787557432	0	0	c70451c1ec708e0d17568739098d
user20	578	349	1271787557448	0	0	c70451c1ec708e0d17568739098d
user20	578	349	1271787557720	1271787557616	1271787557720	c70451c1ec708e0d17568739098d
user20	575	59	1271787561344	1271787561224	1271787561344	c70451c1ec708e0d17568739098d
