User	X	Y	MouseTimeStamp	MouseDownTimeStamp	MouseUpTimeStamp	SessionID
user10	326	352	1271096679282	0	0	3436d864ce02b018be897a3d5926
user10	331	352	1271096679292	0	0	3436d864ce02b018be897a3d5926
user10	336	352	1271096679296	0	0	3436d864ce02b018be897a3d5926
user10	355	352	1271096679313	0	0	3436d864ce02b018be897a3d5926
user10	367	352	1271096679317	0	0	3436d864ce02b018be897a3d5926
user10	394	350	1271096679336	0	0	3436d864ce02b018be897a3d5926
user10	430	350	1271096679351	0	0	3436d864ce02b018be897a3d5926
user10	462	349	1271096679365	0	0	3436d864ce02b018be897a3d5926
user10	476	349	1271096679378	0	0	3436d864ce02b018be897a3d5926
user10	491	349	1271096679381	0	0	3436d864ce02b018be897a3d5926
user10	503	349	1271096679393	0	0	3436d864ce02b018be897a3d5926
user10	520	348	1271096679405	0	0	3436d864ce02b018be897a3d5926
user10	528	348	1271096679418	0	0	3436d864ce02b018be897a3d5926
user10	534	348	1271096679420	0	0	3436d864ce02b018be897a3d5926
user10	540	348	1271096679433	0	0	3436d864ce02b018be897a3d5926
user10	550	348	1271096679446	0	0	3436d864ce02b018be897a3d5926
user10	553	348	1271096679458	0	0	3436d864ce02b018be897a3d5926
user10	555	348	1271096679471	0	0	3436d864ce02b018be897a3d5926
user10	556	348	1271096679483	0	0	3436d864ce02b018be897a3d5926
user10	556	348	1271096679766	0	0	3436d864ce02b018be897a3d5926
user10	556	349	1271096679788	0	0	3436d864ce02b018be897a3d5926
user10	555	349	1271096679813	0	0	3436d864ce02b018be897a3d5926
user10	555	350	1271096679825	0	0	3436d864ce02b018be897a3d5926
user10	555	351	1271096679868	0	0	3436d864ce02b018be897a3d5926
user10	554	351	1271096680044	0	0	3436d864ce02b018be897a3d5926
user10	553	351	1271096680068	0	0	3436d864ce02b018be897a3d5926
user10	552	351	1271096680084	0	0	3436d864ce02b018be897a3d5926
user10	551	351	1271096680100	0	0	3436d864ce02b018be897a3d5926
user10	550	351	1271096680110	0	0	3436d864ce02b018be897a3d5926
user10	548	351	1271096680121	0	0	3436d864ce02b018be897a3d5926
user10	545	351	1271096680133	0	0	3436d864ce02b018be897a3d5926
user10	544	350	1271096680144	0	0	3436d864ce02b018be897a3d5926
user10	540	349	1271096680156	0	0	3436d864ce02b018be897a3d5926
user10	539	349	1271096680168	0	0	3436d864ce02b018be897a3d5926
user10	537	348	1271096680179	0	0	3436d864ce02b018be897a3d5926
user10	535	348	1271096680191	0	0	3436d864ce02b018be897a3d5926
user10	533	347	1271096680202	0	0	3436d864ce02b018be897a3d5926
user10	532	347	1271096680205	0	0	3436d864ce02b018be897a3d5926
user10	531	346	1271096680216	0	0	3436d864ce02b018be897a3d5926
user10	529	346	1271096680226	0	0	3436d864ce02b018be897a3d5926
user10	527	346	1271096680228	0	0	3436d864ce02b018be897a3d5926
user10	525	345	1271096680241	0	0	3436d864ce02b018be897a3d5926
user10	521	343	1271096680253	0	0	3436d864ce02b018be897a3d5926
user10	518	342	1271096680263	0	0	3436d864ce02b018be897a3d5926
user10	517	341	1271096680275	0	0	3436d864ce02b018be897a3d5926
user10	515	340	1271096680277	0	0	3436d864ce02b018be897a3d5926
user10	513	340	1271096680288	0	0	3436d864ce02b018be897a3d5926
user10	509	338	1271096680301	0	0	3436d864ce02b018be897a3d5926
user10	508	337	1271096680312	0	0	3436d864ce02b018be897a3d5926
user10	505	336	1271096680323	0	0	3436d864ce02b018be897a3d5926
user10	504	336	1271096680325	0	0	3436d864ce02b018be897a3d5926
user10	503	336	1271096680337	0	0	3436d864ce02b018be897a3d5926
user10	501	335	1271096680348	0	0	3436d864ce02b018be897a3d5926
user10	501	334	1271096680351	0	0	3436d864ce02b018be897a3d5926
user10	500	334	1271096680361	0	0	3436d864ce02b018be897a3d5926
user10	498	333	1271096680373	0	0	3436d864ce02b018be897a3d5926
user10	496	332	1271096680384	0	0	3436d864ce02b018be897a3d5926
user10	495	332	1271096680395	0	0	3436d864ce02b018be897a3d5926
user10	493	332	1271096680397	0	0	3436d864ce02b018be897a3d5926
user10	492	330	1271096680409	0	0	3436d864ce02b018be897a3d5926
user10	488	330	1271096680421	0	0	3436d864ce02b018be897a3d5926
user10	487	329	1271096680432	0	0	3436d864ce02b018be897a3d5926
user10	486	328	1271096680443	0	0	3436d864ce02b018be897a3d5926
user10	484	328	1271096680445	0	0	3436d864ce02b018be897a3d5926
user10	483	326	1271096680457	0	0	3436d864ce02b018be897a3d5926
user10	479	323	1271096680471	0	0	3436d864ce02b018be897a3d5926
user10	478	323	1271096680482	0	0	3436d864ce02b018be897a3d5926
user10	476	321	1271096680486	0	0	3436d864ce02b018be897a3d5926
user10	475	321	1271096680497	0	0	3436d864ce02b018be897a3d5926
user10	470	318	1271096680510	0	0	3436d864ce02b018be897a3d5926
user10	469	318	1271096680522	0	0	3436d864ce02b018be897a3d5926
user10	468	317	1271096680525	0	0	3436d864ce02b018be897a3d5926
user10	467	316	1271096680536	0	0	3436d864ce02b018be897a3d5926
user10	466	315	1271096680547	0	0	3436d864ce02b018be897a3d5926
user10	464	314	1271096680550	0	0	3436d864ce02b018be897a3d5926
user10	463	313	1271096680560	0	0	3436d864ce02b018be897a3d5926
user10	462	312	1271096680572	0	0	3436d864ce02b018be897a3d5926
user10	461	311	1271096680584	0	0	3436d864ce02b018be897a3d5926
user10	460	311	1271096680595	0	0	3436d864ce02b018be897a3d5926
user10	459	310	1271096680598	0	0	3436d864ce02b018be897a3d5926
user10	457	309	1271096680610	0	0	3436d864ce02b018be897a3d5926
user10	456	307	1271096680612	0	0	3436d864ce02b018be897a3d5926
user10	455	306	1271096680624	0	0	3436d864ce02b018be897a3d5926
user10	453	305	1271096680636	0	0	3436d864ce02b018be897a3d5926
user10	452	304	1271096680638	0	0	3436d864ce02b018be897a3d5926
user10	450	303	1271096680648	0	0	3436d864ce02b018be897a3d5926
user10	448	302	1271096680660	0	0	3436d864ce02b018be897a3d5926
user10	447	301	1271096680672	0	0	3436d864ce02b018be897a3d5926
user10	446	301	1271096680682	0	0	3436d864ce02b018be897a3d5926
user10	445	300	1271096680694	0	0	3436d864ce02b018be897a3d5926
user10	444	299	1271096680706	0	0	3436d864ce02b018be897a3d5926
user10	443	298	1271096680709	0	0	3436d864ce02b018be897a3d5926
user10	442	298	1271096680720	0	0	3436d864ce02b018be897a3d5926
user10	442	297	1271096680731	0	0	3436d864ce02b018be897a3d5926
user10	441	296	1271096680733	0	0	3436d864ce02b018be897a3d5926
user10	440	295	1271096680748	0	0	3436d864ce02b018be897a3d5926
user10	439	295	1271096680759	0	0	3436d864ce02b018be897a3d5926
user10	438	295	1271096680772	0	0	3436d864ce02b018be897a3d5926
user10	437	295	1271096680788	0	0	3436d864ce02b018be897a3d5926
user10	437	294	1271096680798	0	0	3436d864ce02b018be897a3d5926
user10	437	294	1271096681028	1271096680948	1271096681028	3436d864ce02b018be897a3d5926
user10	440	294	1271096691787	0	0	3436d864ce02b018be897a3d5926
user10	445	294	1271096691803	0	0	3436d864ce02b018be897a3d5926
user10	453	294	1271096691806	0	0	3436d864ce02b018be897a3d5926
user10	472	293	1271096691822	0	0	3436d864ce02b018be897a3d5926
user10	494	292	1271096691839	0	0	3436d864ce02b018be897a3d5926
user10	505	292	1271096691854	0	0	3436d864ce02b018be897a3d5926
user10	518	292	1271096691857	0	0	3436d864ce02b018be897a3d5926
user10	530	293	1271096691861	0	0	3436d864ce02b018be897a3d5926
user10	551	298	1271096691876	0	0	3436d864ce02b018be897a3d5926
user10	565	304	1271096691892	0	0	3436d864ce02b018be897a3d5926
user10	577	310	1271096691909	0	0	3436d864ce02b018be897a3d5926
user10	588	316	1271096691927	0	0	3436d864ce02b018be897a3d5926
user10	600	320	1271096691943	0	0	3436d864ce02b018be897a3d5926
user10	610	321	1271096691959	0	0	3436d864ce02b018be897a3d5926
user10	617	321	1271096691973	0	0	3436d864ce02b018be897a3d5926
user10	620	321	1271096691988	0	0	3436d864ce02b018be897a3d5926
user10	622	321	1271096691991	0	0	3436d864ce02b018be897a3d5926
user10	623	321	1271096692003	0	0	3436d864ce02b018be897a3d5926
user10	625	321	1271096692006	0	0	3436d864ce02b018be897a3d5926
user10	626	321	1271096692043	0	0	3436d864ce02b018be897a3d5926
user10	627	321	1271096692067	0	0	3436d864ce02b018be897a3d5926
user10	628	320	1271096692079	0	0	3436d864ce02b018be897a3d5926
user10	629	319	1271096692092	0	0	3436d864ce02b018be897a3d5926
user10	629	319	1271096692419	1271096692275	1271096692419	3436d864ce02b018be897a3d5926
user10	752	280	1271096697751	0	0	3436d864ce02b018be897a3d5926
user10	753	279	1271096697843	0	0	3436d864ce02b018be897a3d5926
user10	753	278	1271096697883	0	0	3436d864ce02b018be897a3d5926
user10	753	277	1271096697939	0	0	3436d864ce02b018be897a3d5926
user10	753	277	1271096698259	0	0	3436d864ce02b018be897a3d5926
user10	751	277	1271096698395	0	0	3436d864ce02b018be897a3d5926
user10	750	278	1271096698409	0	0	3436d864ce02b018be897a3d5926
user10	749	278	1271096698412	0	0	3436d864ce02b018be897a3d5926
user10	747	280	1271096698427	0	0	3436d864ce02b018be897a3d5926
user10	745	281	1271096698429	0	0	3436d864ce02b018be897a3d5926
user10	743	282	1271096698444	0	0	3436d864ce02b018be897a3d5926
user10	740	283	1271096698447	0	0	3436d864ce02b018be897a3d5926
user10	734	286	1271096698462	0	0	3436d864ce02b018be897a3d5926
user10	726	289	1271096698481	0	0	3436d864ce02b018be897a3d5926
user10	719	293	1271096698485	0	0	3436d864ce02b018be897a3d5926
user10	705	299	1271096698502	0	0	3436d864ce02b018be897a3d5926
user10	688	306	1271096698518	0	0	3436d864ce02b018be897a3d5926
user10	674	313	1271096698536	0	0	3436d864ce02b018be897a3d5926
user10	668	314	1271096698539	0	0	3436d864ce02b018be897a3d5926
user10	662	315	1271096698554	0	0	3436d864ce02b018be897a3d5926
user10	659	316	1271096698556	0	0	3436d864ce02b018be897a3d5926
user10	657	316	1271096698569	0	0	3436d864ce02b018be897a3d5926
user10	656	316	1271096698571	0	0	3436d864ce02b018be897a3d5926
user10	655	316	1271096698619	0	0	3436d864ce02b018be897a3d5926
user10	654	316	1271096698635	0	0	3436d864ce02b018be897a3d5926
user10	653	316	1271096698648	0	0	3436d864ce02b018be897a3d5926
user10	651	315	1271096698661	0	0	3436d864ce02b018be897a3d5926
user10	650	315	1271096698663	0	0	3436d864ce02b018be897a3d5926
user10	648	315	1271096698676	0	0	3436d864ce02b018be897a3d5926
user10	647	315	1271096698688	0	0	3436d864ce02b018be897a3d5926
user10	645	314	1271096698702	0	0	3436d864ce02b018be897a3d5926
user10	642	314	1271096698715	0	0	3436d864ce02b018be897a3d5926
user10	641	314	1271096698727	0	0	3436d864ce02b018be897a3d5926
user10	639	313	1271096698740	0	0	3436d864ce02b018be897a3d5926
user10	638	313	1271096698753	0	0	3436d864ce02b018be897a3d5926
user10	638	313	1271096698875	1271096698803	1271096698875	3436d864ce02b018be897a3d5926
user10	637	313	1271096698962	0	0	3436d864ce02b018be897a3d5926
user10	635	313	1271096698973	0	0	3436d864ce02b018be897a3d5926
user10	633	313	1271096698986	0	0	3436d864ce02b018be897a3d5926
user10	631	313	1271096698988	0	0	3436d864ce02b018be897a3d5926
user10	631	312	1271096699003	0	0	3436d864ce02b018be897a3d5926
user10	631	314	1271096706770	0	0	3436d864ce02b018be897a3d5926
user10	632	315	1271096706785	0	0	3436d864ce02b018be897a3d5926
user10	635	316	1271096706788	0	0	3436d864ce02b018be897a3d5926
user10	641	319	1271096706804	0	0	3436d864ce02b018be897a3d5926
user10	648	320	1271096706820	0	0	3436d864ce02b018be897a3d5926
user10	651	320	1271096706836	0	0	3436d864ce02b018be897a3d5926
user10	656	320	1271096706852	0	0	3436d864ce02b018be897a3d5926
user10	660	323	1271096706868	0	0	3436d864ce02b018be897a3d5926
user10	665	326	1271096706885	0	0	3436d864ce02b018be897a3d5926
user10	668	329	1271096706902	0	0	3436d864ce02b018be897a3d5926
user10	672	332	1271096706919	0	0	3436d864ce02b018be897a3d5926
user10	675	333	1271096706935	0	0	3436d864ce02b018be897a3d5926
user10	676	334	1271096706940	0	0	3436d864ce02b018be897a3d5926
user10	677	334	1271096706957	0	0	3436d864ce02b018be897a3d5926
user10	677	335	1271096707018	0	0	3436d864ce02b018be897a3d5926
user10	677	337	1271096707031	0	0	3436d864ce02b018be897a3d5926
user10	677	338	1271096707045	0	0	3436d864ce02b018be897a3d5926
user10	677	338	1271096707379	1271096707258	1271096707379	3436d864ce02b018be897a3d5926
user10	773	294	1271096710375	0	0	3436d864ce02b018be897a3d5926
user10	773	294	1271096710855	0	0	3436d864ce02b018be897a3d5926
user10	774	293	1271096711058	0	0	3436d864ce02b018be897a3d5926
user10	774	292	1271096711073	0	0	3436d864ce02b018be897a3d5926
user10	775	292	1271096711075	0	0	3436d864ce02b018be897a3d5926
user10	775	291	1271096711091	0	0	3436d864ce02b018be897a3d5926
user10	776	291	1271096711666	0	0	3436d864ce02b018be897a3d5926
user10	777	291	1271096711706	0	0	3436d864ce02b018be897a3d5926
user10	777	292	1271096711786	0	0	3436d864ce02b018be897a3d5926
user10	778	292	1271096711799	0	0	3436d864ce02b018be897a3d5926
user10	779	292	1271096711815	0	0	3436d864ce02b018be897a3d5926
user10	780	292	1271096711830	0	0	3436d864ce02b018be897a3d5926
user10	779	292	1271096712018	0	0	3436d864ce02b018be897a3d5926
user10	778	292	1271096712098	0	0	3436d864ce02b018be897a3d5926
user10	778	291	1271096712834	0	0	3436d864ce02b018be897a3d5926
user10	778	290	1271096712866	0	0	3436d864ce02b018be897a3d5926
user10	779	290	1271096713530	0	0	3436d864ce02b018be897a3d5926
user10	779	289	1271096713543	0	0	3436d864ce02b018be897a3d5926
user10	780	289	1271096713562	0	0	3436d864ce02b018be897a3d5926
user10	779	288	1271096717706	0	0	3436d864ce02b018be897a3d5926
user10	778	287	1271096717719	0	0	3436d864ce02b018be897a3d5926
user10	775	286	1271096717722	0	0	3436d864ce02b018be897a3d5926
user10	772	285	1271096717737	0	0	3436d864ce02b018be897a3d5926
user10	770	284	1271096717739	0	0	3436d864ce02b018be897a3d5926
user10	766	280	1271096717754	0	0	3436d864ce02b018be897a3d5926
user10	759	276	1271096717770	0	0	3436d864ce02b018be897a3d5926
user10	754	275	1271096717786	0	0	3436d864ce02b018be897a3d5926
user10	750	272	1271096717788	0	0	3436d864ce02b018be897a3d5926
user10	743	267	1271096717803	0	0	3436d864ce02b018be897a3d5926
user10	734	261	1271096717819	0	0	3436d864ce02b018be897a3d5926
user10	721	252	1271096717836	0	0	3436d864ce02b018be897a3d5926
user10	709	239	1271096717853	0	0	3436d864ce02b018be897a3d5926
user10	694	227	1271096717867	0	0	3436d864ce02b018be897a3d5926
user10	688	220	1271096717880	0	0	3436d864ce02b018be897a3d5926
user10	681	213	1271096717882	0	0	3436d864ce02b018be897a3d5926
user10	675	207	1271096717895	0	0	3436d864ce02b018be897a3d5926
user10	668	202	1271096717898	0	0	3436d864ce02b018be897a3d5926
user10	662	195	1271096717912	0	0	3436d864ce02b018be897a3d5926
user10	655	189	1271096717914	0	0	3436d864ce02b018be897a3d5926
user10	648	183	1271096717927	0	0	3436d864ce02b018be897a3d5926
user10	642	177	1271096717930	0	0	3436d864ce02b018be897a3d5926
user10	636	170	1271096717942	0	0	3436d864ce02b018be897a3d5926
user10	623	159	1271096717955	0	0	3436d864ce02b018be897a3d5926
user10	618	153	1271096717967	0	0	3436d864ce02b018be897a3d5926
user10	613	148	1271096717978	0	0	3436d864ce02b018be897a3d5926
user10	610	143	1271096717981	0	0	3436d864ce02b018be897a3d5926
user10	604	139	1271096717991	0	0	3436d864ce02b018be897a3d5926
user10	595	130	1271096718003	0	0	3436d864ce02b018be897a3d5926
user10	590	126	1271096718016	0	0	3436d864ce02b018be897a3d5926
user10	585	122	1271096718018	0	0	3436d864ce02b018be897a3d5926
user10	582	117	1271096718030	0	0	3436d864ce02b018be897a3d5926
user10	578	112	1271096718040	0	0	3436d864ce02b018be897a3d5926
user10	573	108	1271096718043	0	0	3436d864ce02b018be897a3d5926
user10	570	104	1271096718055	0	0	3436d864ce02b018be897a3d5926
user10	561	93	1271096718066	0	0	3436d864ce02b018be897a3d5926
user10	557	89	1271096718077	0	0	3436d864ce02b018be897a3d5926
user10	554	86	1271096718088	0	0	3436d864ce02b018be897a3d5926
user10	549	83	1271096718089	0	0	3436d864ce02b018be897a3d5926
user10	546	80	1271096718101	0	0	3436d864ce02b018be897a3d5926
user10	544	77	1271096718114	0	0	3436d864ce02b018be897a3d5926
user10	541	75	1271096718124	0	0	3436d864ce02b018be897a3d5926
user10	541	74	1271096718136	0	0	3436d864ce02b018be897a3d5926
user10	541	72	1271096718138	0	0	3436d864ce02b018be897a3d5926
user10	541	71	1271096718153	0	0	3436d864ce02b018be897a3d5926
user10	541	70	1271096718165	0	0	3436d864ce02b018be897a3d5926
user10	540	69	1271096718177	0	0	3436d864ce02b018be897a3d5926
user10	540	68	1271096718189	0	0	3436d864ce02b018be897a3d5926
user10	539	68	1271096718205	0	0	3436d864ce02b018be897a3d5926
user10	539	67	1271096718219	0	0	3436d864ce02b018be897a3d5926
user10	539	66	1271096718241	0	0	3436d864ce02b018be897a3d5926
user10	539	65	1271096718253	0	0	3436d864ce02b018be897a3d5926
user10	539	64	1271096718265	0	0	3436d864ce02b018be897a3d5926
user10	538	64	1271096718267	0	0	3436d864ce02b018be897a3d5926
user10	538	63	1271096718277	0	0	3436d864ce02b018be897a3d5926
user10	538	62	1271096718289	0	0	3436d864ce02b018be897a3d5926
user10	538	61	1271096718321	0	0	3436d864ce02b018be897a3d5926
user10	538	60	1271096718332	0	0	3436d864ce02b018be897a3d5926
user10	538	59	1271096718343	0	0	3436d864ce02b018be897a3d5926
user10	536	57	1271096718355	0	0	3436d864ce02b018be897a3d5926
user10	536	56	1271096718369	0	0	3436d864ce02b018be897a3d5926
user10	536	56	1271096718618	1271096718506	1271096718618	3436d864ce02b018be897a3d5926
user10	571	58	1271096721710	0	0	3436d864ce02b018be897a3d5926
user10	573	58	1271096721720	0	0	3436d864ce02b018be897a3d5926
user10	576	58	1271096721725	0	0	3436d864ce02b018be897a3d5926
user10	578	60	1271096721739	0	0	3436d864ce02b018be897a3d5926
user10	580	60	1271096721753	0	0	3436d864ce02b018be897a3d5926
user10	582	61	1271096722169	0	0	3436d864ce02b018be897a3d5926
user10	584	62	1271096722181	0	0	3436d864ce02b018be897a3d5926
user10	587	63	1271096722201	0	0	3436d864ce02b018be897a3d5926
user10	597	68	1271096722228	0	0	3436d864ce02b018be897a3d5926
user10	604	71	1271096722245	0	0	3436d864ce02b018be897a3d5926
user10	607	73	1271096722249	0	0	3436d864ce02b018be897a3d5926
user10	610	75	1271096722263	0	0	3436d864ce02b018be897a3d5926
user10	621	81	1271096722276	0	0	3436d864ce02b018be897a3d5926
user10	632	87	1271096722291	0	0	3436d864ce02b018be897a3d5926
user10	636	91	1271096722303	0	0	3436d864ce02b018be897a3d5926
user10	641	94	1271096722305	0	0	3436d864ce02b018be897a3d5926
user10	647	96	1271096722317	0	0	3436d864ce02b018be897a3d5926
user10	655	103	1271096722331	0	0	3436d864ce02b018be897a3d5926
user10	659	106	1271096722344	0	0	3436d864ce02b018be897a3d5926
user10	662	110	1271096722346	0	0	3436d864ce02b018be897a3d5926
user10	666	113	1271096722360	0	0	3436d864ce02b018be897a3d5926
user10	668	116	1271096722362	0	0	3436d864ce02b018be897a3d5926
user10	670	121	1271096722374	0	0	3436d864ce02b018be897a3d5926
user10	672	126	1271096722385	0	0	3436d864ce02b018be897a3d5926
user10	676	135	1271096722397	0	0	3436d864ce02b018be897a3d5926
user10	683	147	1271096722410	0	0	3436d864ce02b018be897a3d5926
user10	686	151	1271096722422	0	0	3436d864ce02b018be897a3d5926
user10	689	154	1271096722433	0	0	3436d864ce02b018be897a3d5926
user10	693	158	1271096722435	0	0	3436d864ce02b018be897a3d5926
user10	694	161	1271096722447	0	0	3436d864ce02b018be897a3d5926
user10	698	163	1271096722460	0	0	3436d864ce02b018be897a3d5926
user10	699	165	1271096722473	0	0	3436d864ce02b018be897a3d5926
user10	702	166	1271096722475	0	0	3436d864ce02b018be897a3d5926
user10	703	168	1271096722485	0	0	3436d864ce02b018be897a3d5926
user10	707	169	1271096722498	0	0	3436d864ce02b018be897a3d5926
user10	708	169	1271096722510	0	0	3436d864ce02b018be897a3d5926
user10	709	169	1271096722521	0	0	3436d864ce02b018be897a3d5926
user10	710	169	1271096722524	0	0	3436d864ce02b018be897a3d5926
user10	713	169	1271096722534	0	0	3436d864ce02b018be897a3d5926
user10	714	169	1271096722547	0	0	3436d864ce02b018be897a3d5926
user10	715	169	1271096722563	0	0	3436d864ce02b018be897a3d5926
user10	716	169	1271096722577	0	0	3436d864ce02b018be897a3d5926
user10	717	169	1271096722592	0	0	3436d864ce02b018be897a3d5926
user10	718	168	1271096722594	0	0	3436d864ce02b018be897a3d5926
user10	719	167	1271096722606	0	0	3436d864ce02b018be897a3d5926
user10	720	167	1271096722617	0	0	3436d864ce02b018be897a3d5926
user10	721	167	1271096722630	0	0	3436d864ce02b018be897a3d5926
user10	721	167	1271096732138	1271096732009	1271096732138	3436d864ce02b018be897a3d5926
user10	721	167	1271096733963	0	0	3436d864ce02b018be897a3d5926
user10	722	167	1271096734353	0	0	3436d864ce02b018be897a3d5926
user10	722	166	1271096734368	0	0	3436d864ce02b018be897a3d5926
user10	724	166	1271096734385	0	0	3436d864ce02b018be897a3d5926
user10	725	166	1271096734402	0	0	3436d864ce02b018be897a3d5926
user10	726	166	1271096734425	0	0	3436d864ce02b018be897a3d5926
user10	727	166	1271096734449	0	0	3436d864ce02b018be897a3d5926
user10	728	167	1271096734465	0	0	3436d864ce02b018be897a3d5926
user10	729	168	1271096734482	0	0	3436d864ce02b018be897a3d5926
user10	729	170	1271096734485	0	0	3436d864ce02b018be897a3d5926
user10	729	177	1271096734501	0	0	3436d864ce02b018be897a3d5926
user10	729	194	1271096734523	0	0	3436d864ce02b018be897a3d5926
user10	730	210	1271096734551	0	0	3436d864ce02b018be897a3d5926
user10	730	213	1271096734554	0	0	3436d864ce02b018be897a3d5926
user10	730	216	1271096734567	0	0	3436d864ce02b018be897a3d5926
user10	730	219	1271096734570	0	0	3436d864ce02b018be897a3d5926
user10	731	222	1271096734583	0	0	3436d864ce02b018be897a3d5926
user10	731	225	1271096734586	0	0	3436d864ce02b018be897a3d5926
user10	733	226	1271096734599	0	0	3436d864ce02b018be897a3d5926
user10	733	228	1271096734602	0	0	3436d864ce02b018be897a3d5926
user10	737	235	1271096734617	0	0	3436d864ce02b018be897a3d5926
user10	737	239	1271096734630	0	0	3436d864ce02b018be897a3d5926
user10	739	242	1271096734633	0	0	3436d864ce02b018be897a3d5926
user10	740	247	1271096734646	0	0	3436d864ce02b018be897a3d5926
user10	742	251	1271096734649	0	0	3436d864ce02b018be897a3d5926
user10	742	253	1271096734662	0	0	3436d864ce02b018be897a3d5926
user10	744	255	1271096734665	0	0	3436d864ce02b018be897a3d5926
user10	744	255	1271096734839	0	0	3436d864ce02b018be897a3d5926
user10	743	256	1271096734864	0	0	3436d864ce02b018be897a3d5926
user10	742	257	1271096734881	0	0	3436d864ce02b018be897a3d5926
user10	741	257	1271096734897	0	0	3436d864ce02b018be897a3d5926
user10	740	258	1271096734913	0	0	3436d864ce02b018be897a3d5926
user10	740	259	1271096735024	0	0	3436d864ce02b018be897a3d5926
user10	740	258	1271096739008	0	0	3436d864ce02b018be897a3d5926
user10	740	256	1271096739019	0	0	3436d864ce02b018be897a3d5926
user10	740	253	1271096739031	0	0	3436d864ce02b018be897a3d5926
user10	740	249	1271096739033	0	0	3436d864ce02b018be897a3d5926
user10	740	245	1271096739046	0	0	3436d864ce02b018be897a3d5926
user10	740	235	1271096739059	0	0	3436d864ce02b018be897a3d5926
user10	740	230	1271096739070	0	0	3436d864ce02b018be897a3d5926
user10	739	225	1271096739082	0	0	3436d864ce02b018be897a3d5926
user10	739	223	1271096739096	0	0	3436d864ce02b018be897a3d5926
user10	739	222	1271096739108	0	0	3436d864ce02b018be897a3d5926
user10	739	221	1271096739176	0	0	3436d864ce02b018be897a3d5926
user10	739	220	1271096739187	0	0	3436d864ce02b018be897a3d5926
user10	738	219	1271096739200	0	0	3436d864ce02b018be897a3d5926
user10	738	218	1271096739202	0	0	3436d864ce02b018be897a3d5926
user10	737	217	1271096739214	0	0	3436d864ce02b018be897a3d5926
user10	737	216	1271096739227	0	0	3436d864ce02b018be897a3d5926
user10	737	214	1271096739238	0	0	3436d864ce02b018be897a3d5926
user10	736	210	1271096739250	0	0	3436d864ce02b018be897a3d5926
user10	736	207	1271096739263	0	0	3436d864ce02b018be897a3d5926
user10	734	204	1271096739265	0	0	3436d864ce02b018be897a3d5926
user10	733	202	1271096739278	0	0	3436d864ce02b018be897a3d5926
user10	732	200	1271096739290	0	0	3436d864ce02b018be897a3d5926
user10	731	198	1271096739292	0	0	3436d864ce02b018be897a3d5926
user10	730	195	1271096739305	0	0	3436d864ce02b018be897a3d5926
user10	729	192	1271096739316	0	0	3436d864ce02b018be897a3d5926
user10	729	188	1271096739330	0	0	3436d864ce02b018be897a3d5926
user10	728	186	1271096739342	0	0	3436d864ce02b018be897a3d5926
user10	728	183	1271096739344	0	0	3436d864ce02b018be897a3d5926
user10	727	182	1271096739356	0	0	3436d864ce02b018be897a3d5926
user10	727	181	1271096739368	0	0	3436d864ce02b018be897a3d5926
user10	727	180	1271096739384	0	0	3436d864ce02b018be897a3d5926
user10	726	180	1271096739397	0	0	3436d864ce02b018be897a3d5926
user10	726	178	1271096739410	0	0	3436d864ce02b018be897a3d5926
user10	726	177	1271096739421	0	0	3436d864ce02b018be897a3d5926
user10	724	173	1271096739433	0	0	3436d864ce02b018be897a3d5926
user10	724	172	1271096739446	0	0	3436d864ce02b018be897a3d5926
user10	723	170	1271096739458	0	0	3436d864ce02b018be897a3d5926
user10	723	168	1271096739461	0	0	3436d864ce02b018be897a3d5926
user10	722	167	1271096739472	0	0	3436d864ce02b018be897a3d5926
user10	721	167	1271096739484	0	0	3436d864ce02b018be897a3d5926
user10	721	166	1271096739498	0	0	3436d864ce02b018be897a3d5926
user10	721	166	1271096739601	1271096739520	1271096739601	3436d864ce02b018be897a3d5926
user10	736	232	1271096742513	0	0	3436d864ce02b018be897a3d5926
user10	732	234	1271096742519	0	0	3436d864ce02b018be897a3d5926
user10	731	237	1271096742522	0	0	3436d864ce02b018be897a3d5926
user10	726	241	1271096742539	0	0	3436d864ce02b018be897a3d5926
user10	724	244	1271096742556	0	0	3436d864ce02b018be897a3d5926
user10	724	248	1271096742572	0	0	3436d864ce02b018be897a3d5926
user10	725	251	1271096742587	0	0	3436d864ce02b018be897a3d5926
user10	728	254	1271096742601	0	0	3436d864ce02b018be897a3d5926
user10	731	256	1271096742616	0	0	3436d864ce02b018be897a3d5926
user10	734	257	1271096742618	0	0	3436d864ce02b018be897a3d5926
user10	740	259	1271096742633	0	0	3436d864ce02b018be897a3d5926
user10	744	259	1271096742635	0	0	3436d864ce02b018be897a3d5926
user10	752	261	1271096742648	0	0	3436d864ce02b018be897a3d5926
user10	754	261	1271096742662	0	0	3436d864ce02b018be897a3d5926
user10	756	261	1271096742664	0	0	3436d864ce02b018be897a3d5926
user10	757	261	1271096742678	0	0	3436d864ce02b018be897a3d5926
user10	759	261	1271096742681	0	0	3436d864ce02b018be897a3d5926
user10	760	261	1271096742693	0	0	3436d864ce02b018be897a3d5926
user10	762	261	1271096742706	0	0	3436d864ce02b018be897a3d5926
user10	763	261	1271096742719	0	0	3436d864ce02b018be897a3d5926
user10	764	261	1271096742733	0	0	3436d864ce02b018be897a3d5926
user10	764	259	1271096742746	0	0	3436d864ce02b018be897a3d5926
user10	762	257	1271096742758	0	0	3436d864ce02b018be897a3d5926
user10	762	256	1271096742769	0	0	3436d864ce02b018be897a3d5926
user10	762	256	1271096743004	0	0	3436d864ce02b018be897a3d5926
user10	762	257	1271096743088	0	0	3436d864ce02b018be897a3d5926
user10	761	257	1271096743384	0	0	3436d864ce02b018be897a3d5926
user10	760	258	1271096743396	0	0	3436d864ce02b018be897a3d5926
user10	759	260	1271096743409	0	0	3436d864ce02b018be897a3d5926
user10	758	261	1271096743423	0	0	3436d864ce02b018be897a3d5926
user10	758	262	1271096743425	0	0	3436d864ce02b018be897a3d5926
user10	756	266	1271096743439	0	0	3436d864ce02b018be897a3d5926
user10	755	268	1271096743441	0	0	3436d864ce02b018be897a3d5926
user10	754	271	1271096743455	0	0	3436d864ce02b018be897a3d5926
user10	752	273	1271096743458	0	0	3436d864ce02b018be897a3d5926
user10	745	284	1271096743475	0	0	3436d864ce02b018be897a3d5926
user10	733	296	1271096743492	0	0	3436d864ce02b018be897a3d5926
user10	722	312	1271096743509	0	0	3436d864ce02b018be897a3d5926
user10	715	320	1271096743513	0	0	3436d864ce02b018be897a3d5926
user10	703	335	1271096743531	0	0	3436d864ce02b018be897a3d5926
user10	695	342	1271096743537	0	0	3436d864ce02b018be897a3d5926
user10	680	355	1271096743553	0	0	3436d864ce02b018be897a3d5926
user10	670	360	1271096743566	0	0	3436d864ce02b018be897a3d5926
user10	662	366	1271096743571	0	0	3436d864ce02b018be897a3d5926
user10	645	374	1271096743585	0	0	3436d864ce02b018be897a3d5926
user10	639	377	1271096743599	0	0	3436d864ce02b018be897a3d5926
user10	632	379	1271096743602	0	0	3436d864ce02b018be897a3d5926
user10	627	382	1271096743615	0	0	3436d864ce02b018be897a3d5926
user10	620	381	1271096743618	0	0	3436d864ce02b018be897a3d5926
user10	616	381	1271096743630	0	0	3436d864ce02b018be897a3d5926
user10	609	381	1271096743644	0	0	3436d864ce02b018be897a3d5926
user10	601	380	1271096743658	0	0	3436d864ce02b018be897a3d5926
user10	595	380	1271096743672	0	0	3436d864ce02b018be897a3d5926
user10	590	380	1271096743674	0	0	3436d864ce02b018be897a3d5926
user10	584	379	1271096743688	0	0	3436d864ce02b018be897a3d5926
user10	579	379	1271096743691	0	0	3436d864ce02b018be897a3d5926
user10	568	377	1271096743705	0	0	3436d864ce02b018be897a3d5926
user10	565	376	1271096743718	0	0	3436d864ce02b018be897a3d5926
user10	561	375	1271096743721	0	0	3436d864ce02b018be897a3d5926
user10	558	374	1271096743734	0	0	3436d864ce02b018be897a3d5926
user10	555	373	1271096743737	0	0	3436d864ce02b018be897a3d5926
user10	553	371	1271096743749	0	0	3436d864ce02b018be897a3d5926
user10	550	370	1271096743752	0	0	3436d864ce02b018be897a3d5926
user10	548	369	1271096743763	0	0	3436d864ce02b018be897a3d5926
user10	545	368	1271096743776	0	0	3436d864ce02b018be897a3d5926
user10	543	368	1271096743778	0	0	3436d864ce02b018be897a3d5926
user10	540	368	1271096743790	0	0	3436d864ce02b018be897a3d5926
user10	539	368	1271096743792	0	0	3436d864ce02b018be897a3d5926
user10	537	369	1271096743804	0	0	3436d864ce02b018be897a3d5926
user10	536	369	1271096743816	0	0	3436d864ce02b018be897a3d5926
user10	535	370	1271096743828	0	0	3436d864ce02b018be897a3d5926
user10	533	371	1271096743841	0	0	3436d864ce02b018be897a3d5926
user10	532	371	1271096743855	0	0	3436d864ce02b018be897a3d5926
user10	531	371	1271096743858	0	0	3436d864ce02b018be897a3d5926
user10	530	371	1271096743870	0	0	3436d864ce02b018be897a3d5926
user10	529	371	1271096743872	0	0	3436d864ce02b018be897a3d5926
user10	529	372	1271096743886	0	0	3436d864ce02b018be897a3d5926
user10	528	372	1271096743888	0	0	3436d864ce02b018be897a3d5926
user10	528	374	1271096743904	0	0	3436d864ce02b018be897a3d5926
user10	526	376	1271096743915	0	0	3436d864ce02b018be897a3d5926
user10	525	378	1271096743928	0	0	3436d864ce02b018be897a3d5926
user10	524	379	1271096743941	0	0	3436d864ce02b018be897a3d5926
user10	521	382	1271096743953	0	0	3436d864ce02b018be897a3d5926
user10	521	383	1271096743964	0	0	3436d864ce02b018be897a3d5926
user10	520	385	1271096743977	0	0	3436d864ce02b018be897a3d5926
user10	520	386	1271096743990	0	0	3436d864ce02b018be897a3d5926
user10	520	387	1271096744002	0	0	3436d864ce02b018be897a3d5926
user10	520	388	1271096744024	0	0	3436d864ce02b018be897a3d5926
user10	520	389	1271096744128	0	0	3436d864ce02b018be897a3d5926
user10	520	389	1271096744141	1271096744040	1271096744141	3436d864ce02b018be897a3d5926
user10	521	388	1271096744192	0	0	3436d864ce02b018be897a3d5926
user10	527	386	1271096744205	0	0	3436d864ce02b018be897a3d5926
user10	531	383	1271096744208	0	0	3436d864ce02b018be897a3d5926
user10	536	380	1271096744222	0	0	3436d864ce02b018be897a3d5926
user10	543	377	1271096744225	0	0	3436d864ce02b018be897a3d5926
user10	553	373	1271096744238	0	0	3436d864ce02b018be897a3d5926
user10	563	371	1271096744241	0	0	3436d864ce02b018be897a3d5926
user10	572	369	1271096744255	0	0	3436d864ce02b018be897a3d5926
user10	583	364	1271096744257	0	0	3436d864ce02b018be897a3d5926
user10	595	362	1271096744273	0	0	3436d864ce02b018be897a3d5926
user10	613	362	1271096744286	0	0	3436d864ce02b018be897a3d5926
user10	627	362	1271096744299	0	0	3436d864ce02b018be897a3d5926
user10	638	362	1271096744313	0	0	3436d864ce02b018be897a3d5926
user10	642	362	1271096744328	0	0	3436d864ce02b018be897a3d5926
user10	645	362	1271096744330	0	0	3436d864ce02b018be897a3d5926
user10	647	362	1271096744344	0	0	3436d864ce02b018be897a3d5926
user10	649	362	1271096744346	0	0	3436d864ce02b018be897a3d5926
user10	650	362	1271096744360	0	0	3436d864ce02b018be897a3d5926
user10	651	362	1271096744372	0	0	3436d864ce02b018be897a3d5926
user10	652	362	1271096744383	0	0	3436d864ce02b018be897a3d5926
user10	655	361	1271096744385	0	0	3436d864ce02b018be897a3d5926
user10	657	361	1271096744397	0	0	3436d864ce02b018be897a3d5926
user10	661	358	1271096744411	0	0	3436d864ce02b018be897a3d5926
user10	665	357	1271096744423	0	0	3436d864ce02b018be897a3d5926
user10	667	357	1271096744425	0	0	3436d864ce02b018be897a3d5926
user10	668	358	1271096761255	0	0	3436d864ce02b018be897a3d5926
user10	670	360	1271096761271	0	0	3436d864ce02b018be897a3d5926
user10	671	362	1271096761276	0	0	3436d864ce02b018be897a3d5926
user10	676	368	1271096761294	0	0	3436d864ce02b018be897a3d5926
user10	678	371	1271096761298	0	0	3436d864ce02b018be897a3d5926
user10	681	378	1271096761315	0	0	3436d864ce02b018be897a3d5926
user10	683	384	1271096761333	0	0	3436d864ce02b018be897a3d5926
user10	683	387	1271096761336	0	0	3436d864ce02b018be897a3d5926
user10	683	395	1271096761353	0	0	3436d864ce02b018be897a3d5926
user10	684	398	1271096761367	0	0	3436d864ce02b018be897a3d5926
user10	684	401	1271096761370	0	0	3436d864ce02b018be897a3d5926
user10	684	406	1271096761385	0	0	3436d864ce02b018be897a3d5926
user10	681	410	1271096761401	0	0	3436d864ce02b018be897a3d5926
user10	680	411	1271096761416	0	0	3436d864ce02b018be897a3d5926
user10	680	412	1271096761430	0	0	3436d864ce02b018be897a3d5926
user10	680	413	1271096761433	0	0	3436d864ce02b018be897a3d5926
user10	679	414	1271096761447	0	0	3436d864ce02b018be897a3d5926
user10	679	415	1271096761450	0	0	3436d864ce02b018be897a3d5926
user10	679	417	1271096761465	0	0	3436d864ce02b018be897a3d5926
user10	679	418	1271096761485	0	0	3436d864ce02b018be897a3d5926
user10	679	419	1271096761503	0	0	3436d864ce02b018be897a3d5926
user10	679	421	1271096761520	0	0	3436d864ce02b018be897a3d5926
user10	679	422	1271096761537	0	0	3436d864ce02b018be897a3d5926
user10	679	424	1271096761553	0	0	3436d864ce02b018be897a3d5926
user10	679	423	1271096761935	0	0	3436d864ce02b018be897a3d5926
user10	679	422	1271096761951	0	0	3436d864ce02b018be897a3d5926
user10	678	422	1271096762031	0	0	3436d864ce02b018be897a3d5926
user10	678	421	1271096762048	0	0	3436d864ce02b018be897a3d5926
user10	678	420	1271096762063	0	0	3436d864ce02b018be897a3d5926
user10	677	419	1271096762066	0	0	3436d864ce02b018be897a3d5926
user10	677	418	1271096762080	0	0	3436d864ce02b018be897a3d5926
user10	676	418	1271096762094	0	0	3436d864ce02b018be897a3d5926
user10	676	417	1271096762127	0	0	3436d864ce02b018be897a3d5926
user10	675	416	1271096762151	0	0	3436d864ce02b018be897a3d5926
user10	675	415	1271096762167	0	0	3436d864ce02b018be897a3d5926
user10	675	415	1271096762400	1271096762319	1271096762400	3436d864ce02b018be897a3d5926
user10	799	333	1271096769247	0	0	3436d864ce02b018be897a3d5926
user10	799	332	1271096769702	0	0	3436d864ce02b018be897a3d5926
user10	798	329	1271096769719	0	0	3436d864ce02b018be897a3d5926
user10	796	324	1271096769735	0	0	3436d864ce02b018be897a3d5926
user10	792	315	1271096769753	0	0	3436d864ce02b018be897a3d5926
user10	782	303	1271096769771	0	0	3436d864ce02b018be897a3d5926
user10	773	291	1271096769789	0	0	3436d864ce02b018be897a3d5926
user10	766	275	1271096769807	0	0	3436d864ce02b018be897a3d5926
user10	763	260	1271096769822	0	0	3436d864ce02b018be897a3d5926
user10	763	249	1271096769825	0	0	3436d864ce02b018be897a3d5926
user10	763	229	1271096769841	0	0	3436d864ce02b018be897a3d5926
user10	761	216	1271096769856	0	0	3436d864ce02b018be897a3d5926
user10	761	211	1271096769869	0	0	3436d864ce02b018be897a3d5926
user10	760	208	1271096769871	0	0	3436d864ce02b018be897a3d5926
user10	757	204	1271096769884	0	0	3436d864ce02b018be897a3d5926
user10	756	201	1271096769887	0	0	3436d864ce02b018be897a3d5926
user10	755	199	1271096769901	0	0	3436d864ce02b018be897a3d5926
user10	755	197	1271096769903	0	0	3436d864ce02b018be897a3d5926
user10	755	195	1271096769917	0	0	3436d864ce02b018be897a3d5926
user10	754	193	1271096769919	0	0	3436d864ce02b018be897a3d5926
user10	754	190	1271096769932	0	0	3436d864ce02b018be897a3d5926
user10	753	189	1271096769935	0	0	3436d864ce02b018be897a3d5926
user10	753	188	1271096769948	0	0	3436d864ce02b018be897a3d5926
user10	752	186	1271096769951	0	0	3436d864ce02b018be897a3d5926
user10	751	186	1271096769965	0	0	3436d864ce02b018be897a3d5926
user10	750	186	1271096769967	0	0	3436d864ce02b018be897a3d5926
user10	749	185	1271096769981	0	0	3436d864ce02b018be897a3d5926
user10	747	184	1271096769983	0	0	3436d864ce02b018be897a3d5926
user10	745	183	1271096769996	0	0	3436d864ce02b018be897a3d5926
user10	744	182	1271096769999	0	0	3436d864ce02b018be897a3d5926
user10	742	181	1271096770012	0	0	3436d864ce02b018be897a3d5926
user10	740	181	1271096770015	0	0	3436d864ce02b018be897a3d5926
user10	738	180	1271096770029	0	0	3436d864ce02b018be897a3d5926
user10	737	179	1271096770032	0	0	3436d864ce02b018be897a3d5926
user10	735	179	1271096770045	0	0	3436d864ce02b018be897a3d5926
user10	734	177	1271096770048	0	0	3436d864ce02b018be897a3d5926
user10	733	177	1271096770060	0	0	3436d864ce02b018be897a3d5926
user10	730	174	1271096770072	0	0	3436d864ce02b018be897a3d5926
user10	728	172	1271096770084	0	0	3436d864ce02b018be897a3d5926
user10	728	171	1271096770086	0	0	3436d864ce02b018be897a3d5926
user10	726	169	1271096770099	0	0	3436d864ce02b018be897a3d5926
user10	726	168	1271096770111	0	0	3436d864ce02b018be897a3d5926
user10	726	168	1271096770124	0	0	3436d864ce02b018be897a3d5926
user10	725	167	1271096770137	0	0	3436d864ce02b018be897a3d5926
user10	725	167	1271096770639	1271096770527	1271096770639	3436d864ce02b018be897a3d5926
user10	809	198	1271096772326	0	0	3436d864ce02b018be897a3d5926
user10	810	199	1271096772358	0	0	3436d864ce02b018be897a3d5926
user10	810	200	1271096772369	0	0	3436d864ce02b018be897a3d5926
user10	811	200	1271096772382	0	0	3436d864ce02b018be897a3d5926
user10	812	201	1271096772395	0	0	3436d864ce02b018be897a3d5926
user10	813	201	1271096772406	0	0	3436d864ce02b018be897a3d5926
user10	813	199	1271096772430	0	0	3436d864ce02b018be897a3d5926
user10	812	199	1271096772441	0	0	3436d864ce02b018be897a3d5926
user10	812	198	1271096772453	0	0	3436d864ce02b018be897a3d5926
user10	812	199	1271096772766	0	0	3436d864ce02b018be897a3d5926
user10	811	199	1271096772780	0	0	3436d864ce02b018be897a3d5926
user10	810	200	1271096772792	0	0	3436d864ce02b018be897a3d5926
user10	810	201	1271096772805	0	0	3436d864ce02b018be897a3d5926
user10	808	203	1271096772821	0	0	3436d864ce02b018be897a3d5926
user10	808	204	1271096772823	0	0	3436d864ce02b018be897a3d5926
user10	806	206	1271096772845	0	0	3436d864ce02b018be897a3d5926
user10	806	207	1271096772848	0	0	3436d864ce02b018be897a3d5926
user10	804	209	1271096772860	0	0	3436d864ce02b018be897a3d5926
user10	801	212	1271096772874	0	0	3436d864ce02b018be897a3d5926
user10	797	219	1271096772887	0	0	3436d864ce02b018be897a3d5926
user10	796	221	1271096772901	0	0	3436d864ce02b018be897a3d5926
user10	793	224	1271096772903	0	0	3436d864ce02b018be897a3d5926
user10	791	224	1271096772916	0	0	3436d864ce02b018be897a3d5926
user10	790	227	1271096772918	0	0	3436d864ce02b018be897a3d5926
user10	788	229	1271096772932	0	0	3436d864ce02b018be897a3d5926
user10	788	231	1271096772935	0	0	3436d864ce02b018be897a3d5926
user10	787	232	1271096772949	0	0	3436d864ce02b018be897a3d5926
user10	786	235	1271096772951	0	0	3436d864ce02b018be897a3d5926
user10	785	237	1271096772965	0	0	3436d864ce02b018be897a3d5926
user10	784	239	1271096772967	0	0	3436d864ce02b018be897a3d5926
user10	782	240	1271096772979	0	0	3436d864ce02b018be897a3d5926
user10	782	244	1271096772991	0	0	3436d864ce02b018be897a3d5926
user10	782	245	1271096773003	0	0	3436d864ce02b018be897a3d5926
user10	781	247	1271096773016	0	0	3436d864ce02b018be897a3d5926
user10	780	248	1271096773028	0	0	3436d864ce02b018be897a3d5926
user10	780	249	1271096773031	0	0	3436d864ce02b018be897a3d5926
user10	780	250	1271096773041	0	0	3436d864ce02b018be897a3d5926
user10	780	250	1271096773056	0	0	3436d864ce02b018be897a3d5926
user10	780	252	1271096775985	0	0	3436d864ce02b018be897a3d5926
user10	779	250	1271096776110	0	0	3436d864ce02b018be897a3d5926
user10	777	246	1271096776122	0	0	3436d864ce02b018be897a3d5926
user10	775	240	1271096776136	0	0	3436d864ce02b018be897a3d5926
user10	771	232	1271096776150	0	0	3436d864ce02b018be897a3d5926
user10	767	227	1271096776165	0	0	3436d864ce02b018be897a3d5926
user10	762	222	1271096776168	0	0	3436d864ce02b018be897a3d5926
user10	754	214	1271096776184	0	0	3436d864ce02b018be897a3d5926
user10	749	208	1271096776198	0	0	3436d864ce02b018be897a3d5926
user10	745	203	1271096776200	0	0	3436d864ce02b018be897a3d5926
user10	741	199	1271096776214	0	0	3436d864ce02b018be897a3d5926
user10	738	196	1271096776217	0	0	3436d864ce02b018be897a3d5926
user10	733	192	1271096776229	0	0	3436d864ce02b018be897a3d5926
user10	724	188	1271096776242	0	0	3436d864ce02b018be897a3d5926
user10	716	183	1271096776257	0	0	3436d864ce02b018be897a3d5926
user10	707	176	1271096776271	0	0	3436d864ce02b018be897a3d5926
user10	704	174	1271096776284	0	0	3436d864ce02b018be897a3d5926
user10	702	170	1271096776286	0	0	3436d864ce02b018be897a3d5926
user10	700	166	1271096776299	0	0	3436d864ce02b018be897a3d5926
user10	699	155	1271096776311	0	0	3436d864ce02b018be897a3d5926
user10	698	148	1271096776324	0	0	3436d864ce02b018be897a3d5926
user10	697	138	1271096776327	0	0	3436d864ce02b018be897a3d5926
user10	695	131	1271096776340	0	0	3436d864ce02b018be897a3d5926
user10	691	123	1271096776342	0	0	3436d864ce02b018be897a3d5926
user10	687	117	1271096776355	0	0	3436d864ce02b018be897a3d5926
user10	684	111	1271096776368	0	0	3436d864ce02b018be897a3d5926
user10	680	105	1271096776370	0	0	3436d864ce02b018be897a3d5926
user10	678	100	1271096776383	0	0	3436d864ce02b018be897a3d5926
user10	675	94	1271096776385	0	0	3436d864ce02b018be897a3d5926
user10	672	88	1271096776396	0	0	3436d864ce02b018be897a3d5926
user10	665	79	1271096776408	0	0	3436d864ce02b018be897a3d5926
user10	661	74	1271096776421	0	0	3436d864ce02b018be897a3d5926
user10	658	70	1271096776423	0	0	3436d864ce02b018be897a3d5926
user10	654	67	1271096776436	0	0	3436d864ce02b018be897a3d5926
user10	653	65	1271096776444	0	0	3436d864ce02b018be897a3d5926
user10	648	64	1271096776457	0	0	3436d864ce02b018be897a3d5926
user10	645	62	1271096776472	0	0	3436d864ce02b018be897a3d5926
user10	643	61	1271096776485	0	0	3436d864ce02b018be897a3d5926
user10	641	60	1271096776487	0	0	3436d864ce02b018be897a3d5926
user10	639	60	1271096776499	0	0	3436d864ce02b018be897a3d5926
user10	635	58	1271096776510	0	0	3436d864ce02b018be897a3d5926
user10	634	58	1271096776523	0	0	3436d864ce02b018be897a3d5926
user10	632	56	1271096776536	0	0	3436d864ce02b018be897a3d5926
user10	631	56	1271096776547	0	0	3436d864ce02b018be897a3d5926
user10	629	54	1271096776559	0	0	3436d864ce02b018be897a3d5926
user10	628	54	1271096776571	0	0	3436d864ce02b018be897a3d5926
user10	627	54	1271096776585	0	0	3436d864ce02b018be897a3d5926
user10	627	53	1271096776622	0	0	3436d864ce02b018be897a3d5926
user10	627	53	1271096776863	1271096776726	1271096776863	3436d864ce02b018be897a3d5926
user10	351	288	1271096788318	0	0	3436d864ce02b018be897a3d5926
user10	375	288	1271096788327	0	0	3436d864ce02b018be897a3d5926
user10	406	289	1271096788343	0	0	3436d864ce02b018be897a3d5926
user10	424	289	1271096788359	0	0	3436d864ce02b018be897a3d5926
user10	443	289	1271096788361	0	0	3436d864ce02b018be897a3d5926
user10	458	290	1271096788372	0	0	3436d864ce02b018be897a3d5926
user10	471	290	1271096788375	0	0	3436d864ce02b018be897a3d5926
user10	484	292	1271096788386	0	0	3436d864ce02b018be897a3d5926
user10	497	292	1271096788397	0	0	3436d864ce02b018be897a3d5926
user10	511	294	1271096788399	0	0	3436d864ce02b018be897a3d5926
user10	520	294	1271096788412	0	0	3436d864ce02b018be897a3d5926
user10	530	294	1271096788414	0	0	3436d864ce02b018be897a3d5926
user10	536	294	1271096788427	0	0	3436d864ce02b018be897a3d5926
user10	544	294	1271096788438	0	0	3436d864ce02b018be897a3d5926
user10	550	294	1271096788440	0	0	3436d864ce02b018be897a3d5926
user10	552	294	1271096788450	0	0	3436d864ce02b018be897a3d5926
user10	553	294	1271096788462	0	0	3436d864ce02b018be897a3d5926
user10	553	295	1271096788773	0	0	3436d864ce02b018be897a3d5926
user10	552	296	1271096788797	0	0	3436d864ce02b018be897a3d5926
user10	552	297	1271096788810	0	0	3436d864ce02b018be897a3d5926
user10	552	298	1271096788820	0	0	3436d864ce02b018be897a3d5926
user10	552	299	1271096788832	0	0	3436d864ce02b018be897a3d5926
user10	552	300	1271096788853	0	0	3436d864ce02b018be897a3d5926
user10	552	301	1271096788869	0	0	3436d864ce02b018be897a3d5926
user10	551	301	1271096788885	0	0	3436d864ce02b018be897a3d5926
user10	550	301	1271096788901	0	0	3436d864ce02b018be897a3d5926
user10	549	300	1271096788917	0	0	3436d864ce02b018be897a3d5926
user10	549	299	1271096788933	0	0	3436d864ce02b018be897a3d5926
user10	547	299	1271096788957	0	0	3436d864ce02b018be897a3d5926
user10	546	298	1271096788973	0	0	3436d864ce02b018be897a3d5926
user10	545	298	1271096788984	0	0	3436d864ce02b018be897a3d5926
user10	545	297	1271096788994	0	0	3436d864ce02b018be897a3d5926
user10	544	296	1271096789003	0	0	3436d864ce02b018be897a3d5926
user10	543	296	1271096789006	0	0	3436d864ce02b018be897a3d5926
user10	541	296	1271096789016	0	0	3436d864ce02b018be897a3d5926
user10	541	295	1271096789027	0	0	3436d864ce02b018be897a3d5926
user10	540	295	1271096789036	0	0	3436d864ce02b018be897a3d5926
user10	538	294	1271096789038	0	0	3436d864ce02b018be897a3d5926
user10	537	294	1271096789050	0	0	3436d864ce02b018be897a3d5926
user10	536	292	1271096789061	0	0	3436d864ce02b018be897a3d5926
user10	535	292	1271096789063	0	0	3436d864ce02b018be897a3d5926
user10	533	291	1271096789072	0	0	3436d864ce02b018be897a3d5926
user10	530	289	1271096789083	0	0	3436d864ce02b018be897a3d5926
user10	527	289	1271096789085	0	0	3436d864ce02b018be897a3d5926
user10	524	288	1271096789097	0	0	3436d864ce02b018be897a3d5926
user10	521	285	1271096789106	0	0	3436d864ce02b018be897a3d5926
user10	516	282	1271096789117	0	0	3436d864ce02b018be897a3d5926
user10	512	279	1271096789120	0	0	3436d864ce02b018be897a3d5926
user10	506	277	1271096789131	0	0	3436d864ce02b018be897a3d5926
user10	502	274	1271096789134	0	0	3436d864ce02b018be897a3d5926
user10	496	271	1271096789145	0	0	3436d864ce02b018be897a3d5926
user10	492	267	1271096789155	0	0	3436d864ce02b018be897a3d5926
user10	482	263	1271096789166	0	0	3436d864ce02b018be897a3d5926
user10	479	261	1271096789176	0	0	3436d864ce02b018be897a3d5926
user10	477	259	1271096789187	0	0	3436d864ce02b018be897a3d5926
user10	472	257	1271096789199	0	0	3436d864ce02b018be897a3d5926
user10	470	257	1271096789213	0	0	3436d864ce02b018be897a3d5926
user10	469	255	1271096789217	0	0	3436d864ce02b018be897a3d5926
user10	465	254	1271096789230	0	0	3436d864ce02b018be897a3d5926
user10	462	252	1271096789246	0	0	3436d864ce02b018be897a3d5926
user10	460	252	1271096789256	0	0	3436d864ce02b018be897a3d5926
user10	458	250	1271096789266	0	0	3436d864ce02b018be897a3d5926
user10	456	249	1271096789277	0	0	3436d864ce02b018be897a3d5926
user10	454	248	1271096789279	0	0	3436d864ce02b018be897a3d5926
user10	452	247	1271096789288	0	0	3436d864ce02b018be897a3d5926
user10	449	245	1271096789301	0	0	3436d864ce02b018be897a3d5926
user10	448	244	1271096789313	0	0	3436d864ce02b018be897a3d5926
user10	447	244	1271096789325	0	0	3436d864ce02b018be897a3d5926
user10	446	242	1271096789336	0	0	3436d864ce02b018be897a3d5926
user10	446	242	1271096789494	1271096789421	1271096789494	3436d864ce02b018be897a3d5926
user10	445	243	1271096789509	0	0	3436d864ce02b018be897a3d5926
user10	445	245	1271096789520	0	0	3436d864ce02b018be897a3d5926
user10	446	246	1271096789533	0	0	3436d864ce02b018be897a3d5926
user10	448	246	1271096789543	0	0	3436d864ce02b018be897a3d5926
user10	451	246	1271096789553	0	0	3436d864ce02b018be897a3d5926
user10	466	244	1271096789567	0	0	3436d864ce02b018be897a3d5926
user10	477	243	1271096789578	0	0	3436d864ce02b018be897a3d5926
user10	489	241	1271096789589	0	0	3436d864ce02b018be897a3d5926
user10	503	239	1271096789592	0	0	3436d864ce02b018be897a3d5926
user10	518	237	1271096789603	0	0	3436d864ce02b018be897a3d5926
user10	532	236	1271096789606	0	0	3436d864ce02b018be897a3d5926
user10	549	234	1271096789619	0	0	3436d864ce02b018be897a3d5926
user10	563	233	1271096789630	0	0	3436d864ce02b018be897a3d5926
user10	577	233	1271096789633	0	0	3436d864ce02b018be897a3d5926
user10	586	233	1271096789644	0	0	3436d864ce02b018be897a3d5926
user10	598	233	1271096789655	0	0	3436d864ce02b018be897a3d5926
user10	601	233	1271096789667	0	0	3436d864ce02b018be897a3d5926
user10	603	232	1271096789676	0	0	3436d864ce02b018be897a3d5926
user10	606	232	1271096789687	0	0	3436d864ce02b018be897a3d5926
user10	603	232	1271096794949	0	0	3436d864ce02b018be897a3d5926
user10	598	232	1271096794963	0	0	3436d864ce02b018be897a3d5926
user10	591	232	1271096794967	0	0	3436d864ce02b018be897a3d5926
user10	583	231	1271096794982	0	0	3436d864ce02b018be897a3d5926
user10	580	230	1271096794985	0	0	3436d864ce02b018be897a3d5926
user10	579	227	1271096794999	0	0	3436d864ce02b018be897a3d5926
user10	579	226	1271096795014	0	0	3436d864ce02b018be897a3d5926
user10	579	223	1271096795018	0	0	3436d864ce02b018be897a3d5926
user10	579	217	1271096795033	0	0	3436d864ce02b018be897a3d5926
user10	579	202	1271096795048	0	0	3436d864ce02b018be897a3d5926
user10	579	187	1271096795054	0	0	3436d864ce02b018be897a3d5926
user10	579	179	1271096795066	0	0	3436d864ce02b018be897a3d5926
user10	580	174	1271096795077	0	0	3436d864ce02b018be897a3d5926
user10	585	159	1271096795088	0	0	3436d864ce02b018be897a3d5926
user10	588	146	1271096795102	0	0	3436d864ce02b018be897a3d5926
user10	588	140	1271096795115	0	0	3436d864ce02b018be897a3d5926
user10	588	136	1271096795117	0	0	3436d864ce02b018be897a3d5926
user10	588	134	1271096795128	0	0	3436d864ce02b018be897a3d5926
user10	588	133	1271096795140	0	0	3436d864ce02b018be897a3d5926
user10	588	132	1271096795142	0	0	3436d864ce02b018be897a3d5926
user10	588	131	1271096795165	0	0	3436d864ce02b018be897a3d5926
user10	587	129	1271096795176	0	0	3436d864ce02b018be897a3d5926
user10	586	126	1271096795188	0	0	3436d864ce02b018be897a3d5926
user10	585	123	1271096795191	0	0	3436d864ce02b018be897a3d5926
user10	584	121	1271096795203	0	0	3436d864ce02b018be897a3d5926
user10	583	116	1271096795206	0	0	3436d864ce02b018be897a3d5926
user10	581	111	1271096795219	0	0	3436d864ce02b018be897a3d5926
user10	580	106	1271096795222	0	0	3436d864ce02b018be897a3d5926
user10	577	99	1271096795234	0	0	3436d864ce02b018be897a3d5926
user10	575	92	1271096795245	0	0	3436d864ce02b018be897a3d5926
user10	573	87	1271096795248	0	0	3436d864ce02b018be897a3d5926
user10	573	84	1271096795258	0	0	3436d864ce02b018be897a3d5926
user10	572	78	1271096795269	0	0	3436d864ce02b018be897a3d5926
user10	572	76	1271096795279	0	0	3436d864ce02b018be897a3d5926
user10	570	73	1271096795289	0	0	3436d864ce02b018be897a3d5926
user10	569	70	1271096795300	0	0	3436d864ce02b018be897a3d5926
user10	567	68	1271096795303	0	0	3436d864ce02b018be897a3d5926
user10	563	64	1271096795319	0	0	3436d864ce02b018be897a3d5926
user10	561	62	1271096795331	0	0	3436d864ce02b018be897a3d5926
user10	559	60	1271096795333	0	0	3436d864ce02b018be897a3d5926
user10	557	58	1271096795343	0	0	3436d864ce02b018be897a3d5926
user10	556	56	1271096795354	0	0	3436d864ce02b018be897a3d5926
user10	555	55	1271096795365	0	0	3436d864ce02b018be897a3d5926
user10	555	53	1271096795367	0	0	3436d864ce02b018be897a3d5926
user10	555	51	1271096795377	0	0	3436d864ce02b018be897a3d5926
user10	555	50	1271096795388	0	0	3436d864ce02b018be897a3d5926
user10	555	49	1271096795390	0	0	3436d864ce02b018be897a3d5926
user10	555	47	1271096795401	0	0	3436d864ce02b018be897a3d5926
user10	555	46	1271096795410	0	0	3436d864ce02b018be897a3d5926
user10	555	45	1271096795421	0	0	3436d864ce02b018be897a3d5926
user10	555	45	1271096795726	1271096795597	1271096795726	3436d864ce02b018be897a3d5926
user10	718	215	1271096801364	0	0	3436d864ce02b018be897a3d5926
user10	718	215	1271096801862	0	0	3436d864ce02b018be897a3d5926
user10	718	216	1271096802605	0	0	3436d864ce02b018be897a3d5926
user10	716	217	1271096802621	0	0	3436d864ce02b018be897a3d5926
user10	715	219	1271096802637	0	0	3436d864ce02b018be897a3d5926
user10	714	221	1271096802654	0	0	3436d864ce02b018be897a3d5926
user10	713	221	1271096802670	0	0	3436d864ce02b018be897a3d5926
user10	713	222	1271096802688	0	0	3436d864ce02b018be897a3d5926
user10	713	220	1271096802917	0	0	3436d864ce02b018be897a3d5926
user10	713	219	1271096802933	0	0	3436d864ce02b018be897a3d5926
user10	714	218	1271096802935	0	0	3436d864ce02b018be897a3d5926
user10	716	213	1271096802952	0	0	3436d864ce02b018be897a3d5926
user10	719	207	1271096802969	0	0	3436d864ce02b018be897a3d5926
user10	723	200	1271096802986	0	0	3436d864ce02b018be897a3d5926
user10	724	197	1271096802989	0	0	3436d864ce02b018be897a3d5926
user10	727	193	1271096803005	0	0	3436d864ce02b018be897a3d5926
user10	727	191	1271096803022	0	0	3436d864ce02b018be897a3d5926
user10	727	190	1271096803038	0	0	3436d864ce02b018be897a3d5926
user10	727	189	1271096803061	0	0	3436d864ce02b018be897a3d5926
user10	727	188	1271096803093	0	0	3436d864ce02b018be897a3d5926
user10	726	187	1271096803109	0	0	3436d864ce02b018be897a3d5926
user10	726	186	1271096803141	0	0	3436d864ce02b018be897a3d5926
user10	726	185	1271096803165	0	0	3436d864ce02b018be897a3d5926
user10	726	184	1271096803181	0	0	3436d864ce02b018be897a3d5926
user10	726	182	1271096803205	0	0	3436d864ce02b018be897a3d5926
user10	726	181	1271096803220	0	0	3436d864ce02b018be897a3d5926
user10	726	180	1271096803222	0	0	3436d864ce02b018be897a3d5926
user10	726	179	1271096803237	0	0	3436d864ce02b018be897a3d5926
user10	726	177	1271096803239	0	0	3436d864ce02b018be897a3d5926
user10	726	175	1271096803254	0	0	3436d864ce02b018be897a3d5926
user10	726	174	1271096803270	0	0	3436d864ce02b018be897a3d5926
user10	726	173	1271096803285	0	0	3436d864ce02b018be897a3d5926
user10	726	172	1271096803405	0	0	3436d864ce02b018be897a3d5926
user10	726	171	1271096803418	0	0	3436d864ce02b018be897a3d5926
user10	727	171	1271096803432	0	0	3436d864ce02b018be897a3d5926
user10	727	170	1271096803445	0	0	3436d864ce02b018be897a3d5926
user10	727	169	1271096803461	0	0	3436d864ce02b018be897a3d5926
user10	727	168	1271096803485	0	0	3436d864ce02b018be897a3d5926
user10	727	167	1271096803501	0	0	3436d864ce02b018be897a3d5926
user10	727	166	1271096803518	0	0	3436d864ce02b018be897a3d5926
user10	727	166	1271096804110	1271096803981	1271096804110	3436d864ce02b018be897a3d5926
user10	727	166	1271096806794	0	0	3436d864ce02b018be897a3d5926
user10	727	166	1271096807149	1271096806997	1271096807149	3436d864ce02b018be897a3d5926
