User	X	Y	MouseTimeStamp	MouseDownTimeStamp	MouseUpTimeStamp	SessionID
user24	575	18	1270144391501	0	0	a813fef131ca9317d076135a4711
user24	546	41	1270144391508	0	0	a813fef131ca9317d076135a4711
user24	517	66	1270144391516	0	0	a813fef131ca9317d076135a4711
user24	504	84	1270144391524	0	0	a813fef131ca9317d076135a4711
user24	494	102	1270144391532	0	0	a813fef131ca9317d076135a4711
user24	489	117	1270144391541	0	0	a813fef131ca9317d076135a4711
user24	486	131	1270144391549	0	0	a813fef131ca9317d076135a4711
user24	482	143	1270144391556	0	0	a813fef131ca9317d076135a4711
user24	478	155	1270144391565	0	0	a813fef131ca9317d076135a4711
user24	473	166	1270144391572	0	0	a813fef131ca9317d076135a4711
user24	469	178	1270144391581	0	0	a813fef131ca9317d076135a4711
user24	464	191	1270144391588	0	0	a813fef131ca9317d076135a4711
user24	460	207	1270144391598	0	0	a813fef131ca9317d076135a4711
user24	455	226	1270144391605	0	0	a813fef131ca9317d076135a4711
user24	450	243	1270144391612	0	0	a813fef131ca9317d076135a4711
user24	446	257	1270144391620	0	0	a813fef131ca9317d076135a4711
user24	443	270	1270144391628	0	0	a813fef131ca9317d076135a4711
user24	439	281	1270144391636	0	0	a813fef131ca9317d076135a4711
user24	437	288	1270144391645	0	0	a813fef131ca9317d076135a4711
user24	437	295	1270144391652	0	0	a813fef131ca9317d076135a4711
user24	437	298	1270144391660	0	0	a813fef131ca9317d076135a4711
user24	439	300	1270144391668	0	0	a813fef131ca9317d076135a4711
user24	444	301	1270144391676	0	0	a813fef131ca9317d076135a4711
user24	454	304	1270144391686	0	0	a813fef131ca9317d076135a4711
user24	466	305	1270144391692	0	0	a813fef131ca9317d076135a4711
user24	487	307	1270144391700	0	0	a813fef131ca9317d076135a4711
user24	513	309	1270144391708	0	0	a813fef131ca9317d076135a4711
user24	546	309	1270144391716	0	0	a813fef131ca9317d076135a4711
user24	584	306	1270144391724	0	0	a813fef131ca9317d076135a4711
user24	626	303	1270144391732	0	0	a813fef131ca9317d076135a4711
user24	674	299	1270144391740	0	0	a813fef131ca9317d076135a4711
user24	726	291	1270144391748	0	0	a813fef131ca9317d076135a4711
user24	777	285	1270144391756	0	0	a813fef131ca9317d076135a4711
user24	833	281	1270144391764	0	0	a813fef131ca9317d076135a4711
user24	881	275	1270144391773	0	0	a813fef131ca9317d076135a4711
user24	927	269	1270144391781	0	0	a813fef131ca9317d076135a4711
user24	969	266	1270144391788	0	0	a813fef131ca9317d076135a4711
user24	1002	261	1270144391798	0	0	a813fef131ca9317d076135a4711
user24	1029	254	1270144391804	0	0	a813fef131ca9317d076135a4711
user24	1049	249	1270144391814	0	0	a813fef131ca9317d076135a4711
user24	1064	241	1270144391821	0	0	a813fef131ca9317d076135a4711
user24	1076	235	1270144391828	0	0	a813fef131ca9317d076135a4711
user24	1083	229	1270144391836	0	0	a813fef131ca9317d076135a4711
user24	1088	224	1270144391844	0	0	a813fef131ca9317d076135a4711
user24	1089	220	1270144391853	0	0	a813fef131ca9317d076135a4711
user24	1089	218	1270144391860	0	0	a813fef131ca9317d076135a4711
user24	1088	217	1270144391868	0	0	a813fef131ca9317d076135a4711
user24	1084	215	1270144391876	0	0	a813fef131ca9317d076135a4711
user24	1076	213	1270144391885	0	0	a813fef131ca9317d076135a4711
user24	1069	211	1270144391892	0	0	a813fef131ca9317d076135a4711
user24	1058	210	1270144391900	0	0	a813fef131ca9317d076135a4711
user24	1047	209	1270144391908	0	0	a813fef131ca9317d076135a4711
user24	1036	209	1270144391916	0	0	a813fef131ca9317d076135a4711
user24	1026	209	1270144391924	0	0	a813fef131ca9317d076135a4711
user24	1016	209	1270144391932	0	0	a813fef131ca9317d076135a4711
user24	1006	209	1270144391942	0	0	a813fef131ca9317d076135a4711
user24	999	209	1270144391948	0	0	a813fef131ca9317d076135a4711
user24	995	209	1270144391956	0	0	a813fef131ca9317d076135a4711
user24	991	209	1270144391964	0	0	a813fef131ca9317d076135a4711
user24	987	207	1270144391972	0	0	a813fef131ca9317d076135a4711
user24	985	206	1270144391981	0	0	a813fef131ca9317d076135a4711
user24	983	205	1270144391988	0	0	a813fef131ca9317d076135a4711
user24	981	204	1270144391997	0	0	a813fef131ca9317d076135a4711
user24	978	203	1270144392004	0	0	a813fef131ca9317d076135a4711
user24	976	202	1270144392012	0	0	a813fef131ca9317d076135a4711
user24	973	200	1270144392021	0	0	a813fef131ca9317d076135a4711
user24	971	199	1270144392030	0	0	a813fef131ca9317d076135a4711
user24	968	197	1270144392036	0	0	a813fef131ca9317d076135a4711
user24	967	196	1270144392044	0	0	a813fef131ca9317d076135a4711
user24	964	194	1270144392052	0	0	a813fef131ca9317d076135a4711
user24	962	193	1270144392060	0	0	a813fef131ca9317d076135a4711
user24	961	192	1270144392069	0	0	a813fef131ca9317d076135a4711
user24	958	190	1270144392077	0	0	a813fef131ca9317d076135a4711
user24	956	189	1270144392085	0	0	a813fef131ca9317d076135a4711
user24	953	187	1270144392092	0	0	a813fef131ca9317d076135a4711
user24	950	186	1270144392100	0	0	a813fef131ca9317d076135a4711
user24	944	184	1270144392109	0	0	a813fef131ca9317d076135a4711
user24	937	182	1270144392117	0	0	a813fef131ca9317d076135a4711
user24	930	182	1270144392124	0	0	a813fef131ca9317d076135a4711
user24	922	180	1270144392132	0	0	a813fef131ca9317d076135a4711
user24	915	178	1270144392140	0	0	a813fef131ca9317d076135a4711
user24	895	174	1270144392180	0	0	a813fef131ca9317d076135a4711
user24	891	172	1270144392769	0	0	a813fef131ca9317d076135a4711
user24	891	172	1270144392773	1270144392771	1270144392773	a813fef131ca9317d076135a4711
user24	891	172	1270144392778	1270144392777	1270144392778	a813fef131ca9317d076135a4711
user24	926	231	1270144392781	0	0	a813fef131ca9317d076135a4711
user24	926	234	1270144392788	0	0	a813fef131ca9317d076135a4711
user24	924	242	1270144392832	0	0	a813fef131ca9317d076135a4711
user24	922	244	1270144392844	0	0	a813fef131ca9317d076135a4711
user24	921	245	1270144392860	0	0	a813fef131ca9317d076135a4711
user24	920	246	1270144392870	0	0	a813fef131ca9317d076135a4711
user24	919	248	1270144392876	0	0	a813fef131ca9317d076135a4711
user24	917	249	1270144392886	0	0	a813fef131ca9317d076135a4711
user24	916	251	1270144392892	0	0	a813fef131ca9317d076135a4711
user24	914	253	1270144392900	0	0	a813fef131ca9317d076135a4711
user24	913	255	1270144392908	0	0	a813fef131ca9317d076135a4711
user24	911	258	1270144392916	0	0	a813fef131ca9317d076135a4711
user24	909	260	1270144392924	0	0	a813fef131ca9317d076135a4711
user24	908	262	1270144392932	0	0	a813fef131ca9317d076135a4711
user24	907	264	1270144392940	0	0	a813fef131ca9317d076135a4711
user24	905	266	1270144392948	0	0	a813fef131ca9317d076135a4711
user24	904	268	1270144392956	0	0	a813fef131ca9317d076135a4711
user24	902	270	1270144392964	0	0	a813fef131ca9317d076135a4711
user24	901	272	1270144392972	0	0	a813fef131ca9317d076135a4711
user24	900	276	1270144392980	0	0	a813fef131ca9317d076135a4711
user24	899	279	1270144392988	0	0	a813fef131ca9317d076135a4711
user24	898	283	1270144392996	0	0	a813fef131ca9317d076135a4711
user24	897	287	1270144393005	0	0	a813fef131ca9317d076135a4711
user24	897	293	1270144393013	0	0	a813fef131ca9317d076135a4711
user24	897	298	1270144393020	0	0	a813fef131ca9317d076135a4711
user24	897	305	1270144393029	0	0	a813fef131ca9317d076135a4711
user24	898	311	1270144393036	0	0	a813fef131ca9317d076135a4711
user24	901	317	1270144393045	0	0	a813fef131ca9317d076135a4711
user24	947	194	1270144394293	0	0	a813fef131ca9317d076135a4711
user24	947	193	1270144394309	0	0	a813fef131ca9317d076135a4711
user24	947	192	1270144394341	0	0	a813fef131ca9317d076135a4711
user24	947	191	1270144394372	0	0	a813fef131ca9317d076135a4711
user24	947	190	1270144394404	0	0	a813fef131ca9317d076135a4711
user24	947	189	1270144394436	0	0	a813fef131ca9317d076135a4711
user24	947	190	1270144394564	0	0	a813fef131ca9317d076135a4711
user24	947	194	1270144394573	0	0	a813fef131ca9317d076135a4711
user24	947	200	1270144394580	0	0	a813fef131ca9317d076135a4711
user24	946	204	1270144394588	0	0	a813fef131ca9317d076135a4711
user24	945	209	1270144394596	0	0	a813fef131ca9317d076135a4711
user24	944	213	1270144394604	0	0	a813fef131ca9317d076135a4711
user24	943	219	1270144394613	0	0	a813fef131ca9317d076135a4711
user24	941	224	1270144394620	0	0	a813fef131ca9317d076135a4711
user24	940	228	1270144394628	0	0	a813fef131ca9317d076135a4711
user24	940	234	1270144394636	0	0	a813fef131ca9317d076135a4711
user24	939	238	1270144394644	0	0	a813fef131ca9317d076135a4711
user24	939	244	1270144394657	0	0	a813fef131ca9317d076135a4711
user24	939	247	1270144394660	0	0	a813fef131ca9317d076135a4711
user24	939	251	1270144394668	0	0	a813fef131ca9317d076135a4711
user24	939	254	1270144394677	0	0	a813fef131ca9317d076135a4711
user24	939	256	1270144394684	0	0	a813fef131ca9317d076135a4711
user24	939	258	1270144394692	0	0	a813fef131ca9317d076135a4711
user24	939	259	1270144394700	0	0	a813fef131ca9317d076135a4711
user24	939	261	1270144394716	0	0	a813fef131ca9317d076135a4711
user24	939	262	1270144394724	0	0	a813fef131ca9317d076135a4711
user24	940	263	1270144394732	0	0	a813fef131ca9317d076135a4711
user24	942	266	1270144394741	0	0	a813fef131ca9317d076135a4711
user24	942	268	1270144394748	0	0	a813fef131ca9317d076135a4711
user24	944	270	1270144394756	0	0	a813fef131ca9317d076135a4711
user24	944	272	1270144394764	0	0	a813fef131ca9317d076135a4711
user24	946	274	1270144394772	0	0	a813fef131ca9317d076135a4711
user24	947	275	1270144394780	0	0	a813fef131ca9317d076135a4711
user24	947	276	1270144394788	0	0	a813fef131ca9317d076135a4711
user24	949	276	1270144394796	0	0	a813fef131ca9317d076135a4711
user24	949	277	1270144394820	0	0	a813fef131ca9317d076135a4711
user24	950	277	1270144394828	0	0	a813fef131ca9317d076135a4711
user24	951	277	1270144394852	0	0	a813fef131ca9317d076135a4711
user24	952	277	1270144394877	0	0	a813fef131ca9317d076135a4711
user24	953	276	1270144394892	0	0	a813fef131ca9317d076135a4711
user24	954	276	1270144394909	0	0	a813fef131ca9317d076135a4711
user24	954	275	1270144394925	0	0	a813fef131ca9317d076135a4711
user24	955	275	1270144394932	0	0	a813fef131ca9317d076135a4711
user24	955	274	1270144395226	0	0	a813fef131ca9317d076135a4711
user24	955	274	1270144395240	1270144395227	1270144395240	a813fef131ca9317d076135a4711
user24	954	274	1270144395241	0	0	a813fef131ca9317d076135a4711
user24	953	274	1270144395244	0	0	a813fef131ca9317d076135a4711
user24	951	274	1270144395255	0	0	a813fef131ca9317d076135a4711
user24	500	43	1270144419436	0	0	a813fef131ca9317d076135a4711
user24	499	44	1270144419444	0	0	a813fef131ca9317d076135a4711
user24	496	44	1270144419451	0	0	a813fef131ca9317d076135a4711
user24	494	44	1270144419459	0	0	a813fef131ca9317d076135a4711
user24	493	45	1270144419467	0	0	a813fef131ca9317d076135a4711
user24	491	45	1270144419475	0	0	a813fef131ca9317d076135a4711
user24	490	45	1270144419483	0	0	a813fef131ca9317d076135a4711
user24	490	46	1270144419491	0	0	a813fef131ca9317d076135a4711
user24	488	48	1270144419499	0	0	a813fef131ca9317d076135a4711
user24	487	49	1270144419507	0	0	a813fef131ca9317d076135a4711
user24	486	52	1270144419516	0	0	a813fef131ca9317d076135a4711
user24	485	54	1270144419523	0	0	a813fef131ca9317d076135a4711
user24	484	56	1270144419531	0	0	a813fef131ca9317d076135a4711
user24	484	60	1270144419541	0	0	a813fef131ca9317d076135a4711
user24	484	64	1270144419547	0	0	a813fef131ca9317d076135a4711
user24	484	70	1270144419556	0	0	a813fef131ca9317d076135a4711
user24	484	78	1270144419563	0	0	a813fef131ca9317d076135a4711
user24	486	86	1270144419571	0	0	a813fef131ca9317d076135a4711
user24	488	95	1270144419579	0	0	a813fef131ca9317d076135a4711
user24	492	104	1270144419588	0	0	a813fef131ca9317d076135a4711
user24	497	113	1270144419596	0	0	a813fef131ca9317d076135a4711
user24	502	122	1270144419604	0	0	a813fef131ca9317d076135a4711
user24	509	130	1270144419611	0	0	a813fef131ca9317d076135a4711
user24	517	138	1270144419620	0	0	a813fef131ca9317d076135a4711
user24	525	146	1270144419628	0	0	a813fef131ca9317d076135a4711
user24	533	152	1270144419636	0	0	a813fef131ca9317d076135a4711
user24	543	159	1270144419643	0	0	a813fef131ca9317d076135a4711
user24	552	165	1270144419651	0	0	a813fef131ca9317d076135a4711
user24	561	168	1270144419659	0	0	a813fef131ca9317d076135a4711
user24	568	171	1270144419669	0	0	a813fef131ca9317d076135a4711
user24	575	173	1270144419675	0	0	a813fef131ca9317d076135a4711
user24	584	174	1270144419683	0	0	a813fef131ca9317d076135a4711
user24	589	174	1270144419691	0	0	a813fef131ca9317d076135a4711
user24	596	174	1270144419699	0	0	a813fef131ca9317d076135a4711
user24	602	174	1270144419709	0	0	a813fef131ca9317d076135a4711
user24	606	174	1270144419715	0	0	a813fef131ca9317d076135a4711
user24	609	174	1270144419724	0	0	a813fef131ca9317d076135a4711
user24	612	174	1270144419731	0	0	a813fef131ca9317d076135a4711
user24	613	174	1270144419739	0	0	a813fef131ca9317d076135a4711
user24	614	174	1270144419747	0	0	a813fef131ca9317d076135a4711
user24	615	174	1270144419756	0	0	a813fef131ca9317d076135a4711
user24	614	174	1270144419932	0	0	a813fef131ca9317d076135a4711
user24	613	174	1270144419939	0	0	a813fef131ca9317d076135a4711
user24	611	175	1270144419947	0	0	a813fef131ca9317d076135a4711
user24	607	178	1270144419955	0	0	a813fef131ca9317d076135a4711
user24	603	183	1270144419964	0	0	a813fef131ca9317d076135a4711
user24	597	187	1270144419973	0	0	a813fef131ca9317d076135a4711
user24	590	194	1270144419980	0	0	a813fef131ca9317d076135a4711
user24	581	201	1270144419988	0	0	a813fef131ca9317d076135a4711
user24	570	211	1270144419995	0	0	a813fef131ca9317d076135a4711
user24	558	220	1270144420003	0	0	a813fef131ca9317d076135a4711
user24	544	231	1270144420011	0	0	a813fef131ca9317d076135a4711
user24	532	240	1270144420020	0	0	a813fef131ca9317d076135a4711
user24	515	251	1270144420028	0	0	a813fef131ca9317d076135a4711
user24	502	259	1270144420036	0	0	a813fef131ca9317d076135a4711
user24	489	266	1270144420045	0	0	a813fef131ca9317d076135a4711
user24	474	272	1270144420052	0	0	a813fef131ca9317d076135a4711
user24	461	276	1270144420060	0	0	a813fef131ca9317d076135a4711
user24	449	279	1270144420067	0	0	a813fef131ca9317d076135a4711
user24	436	281	1270144420075	0	0	a813fef131ca9317d076135a4711
user24	424	283	1270144420084	0	0	a813fef131ca9317d076135a4711
user24	411	285	1270144420091	0	0	a813fef131ca9317d076135a4711
user24	399	286	1270144420099	0	0	a813fef131ca9317d076135a4711
user24	388	287	1270144420107	0	0	a813fef131ca9317d076135a4711
user24	376	288	1270144420115	0	0	a813fef131ca9317d076135a4711
user24	366	288	1270144420124	0	0	a813fef131ca9317d076135a4711
user24	355	288	1270144420131	0	0	a813fef131ca9317d076135a4711
user24	347	288	1270144420139	0	0	a813fef131ca9317d076135a4711
user24	339	288	1270144420147	0	0	a813fef131ca9317d076135a4711
user24	331	288	1270144420155	0	0	a813fef131ca9317d076135a4711
user24	322	288	1270144420163	0	0	a813fef131ca9317d076135a4711
user24	315	288	1270144420171	0	0	a813fef131ca9317d076135a4711
user24	308	287	1270144420179	0	0	a813fef131ca9317d076135a4711
user24	303	286	1270144420187	0	0	a813fef131ca9317d076135a4711
user24	297	286	1270144420195	0	0	a813fef131ca9317d076135a4711
user24	291	285	1270144420203	0	0	a813fef131ca9317d076135a4711
user24	287	285	1270144420211	0	0	a813fef131ca9317d076135a4711
user24	284	284	1270144420219	0	0	a813fef131ca9317d076135a4711
user24	282	284	1270144420227	0	0	a813fef131ca9317d076135a4711
user24	280	284	1270144420236	0	0	a813fef131ca9317d076135a4711
user24	277	284	1270144420243	0	0	a813fef131ca9317d076135a4711
user24	274	283	1270144420260	0	0	a813fef131ca9317d076135a4711
user24	272	283	1270144420267	0	0	a813fef131ca9317d076135a4711
user24	270	283	1270144420275	0	0	a813fef131ca9317d076135a4711
user24	268	283	1270144420283	0	0	a813fef131ca9317d076135a4711
user24	267	283	1270144420291	0	0	a813fef131ca9317d076135a4711
user24	265	283	1270144420299	0	0	a813fef131ca9317d076135a4711
user24	264	283	1270144420307	0	0	a813fef131ca9317d076135a4711
user24	262	283	1270144420317	0	0	a813fef131ca9317d076135a4711
user24	261	283	1270144420323	0	0	a813fef131ca9317d076135a4711
user24	259	283	1270144420331	0	0	a813fef131ca9317d076135a4711
user24	258	283	1270144420347	0	0	a813fef131ca9317d076135a4711
user24	257	282	1270144420363	0	0	a813fef131ca9317d076135a4711
user24	256	282	1270144420371	0	0	a813fef131ca9317d076135a4711
user24	255	282	1270144420387	0	0	a813fef131ca9317d076135a4711
user24	255	281	1270144420403	0	0	a813fef131ca9317d076135a4711
user24	254	281	1270144420411	0	0	a813fef131ca9317d076135a4711
user24	253	279	1270144420427	0	0	a813fef131ca9317d076135a4711
user24	253	278	1270144420459	0	0	a813fef131ca9317d076135a4711
user24	253	277	1270144420476	0	0	a813fef131ca9317d076135a4711
user24	252	277	1270144420499	0	0	a813fef131ca9317d076135a4711
user24	251	277	1270144420524	0	0	a813fef131ca9317d076135a4711
user24	250	277	1270144420539	0	0	a813fef131ca9317d076135a4711
user24	249	277	1270144420555	0	0	a813fef131ca9317d076135a4711
user24	248	277	1270144420587	0	0	a813fef131ca9317d076135a4711
user24	247	277	1270144420604	0	0	a813fef131ca9317d076135a4711
user24	248	277	1270144420827	0	0	a813fef131ca9317d076135a4711
user24	249	277	1270144420844	0	0	a813fef131ca9317d076135a4711
user24	250	277	1270144420860	0	0	a813fef131ca9317d076135a4711
user24	251	277	1270144420867	0	0	a813fef131ca9317d076135a4711
user24	252	277	1270144420877	0	0	a813fef131ca9317d076135a4711
user24	254	277	1270144420891	0	0	a813fef131ca9317d076135a4711
user24	255	277	1270144420899	0	0	a813fef131ca9317d076135a4711
user24	258	277	1270144420907	0	0	a813fef131ca9317d076135a4711
user24	260	277	1270144420917	0	0	a813fef131ca9317d076135a4711
user24	263	277	1270144420923	0	0	a813fef131ca9317d076135a4711
user24	267	277	1270144420931	0	0	a813fef131ca9317d076135a4711
user24	270	277	1270144420939	0	0	a813fef131ca9317d076135a4711
user24	275	277	1270144420947	0	0	a813fef131ca9317d076135a4711
user24	279	277	1270144420955	0	0	a813fef131ca9317d076135a4711
user24	285	277	1270144420963	0	0	a813fef131ca9317d076135a4711
user24	290	276	1270144420972	0	0	a813fef131ca9317d076135a4711
user24	297	276	1270144420979	0	0	a813fef131ca9317d076135a4711
user24	303	276	1270144420987	0	0	a813fef131ca9317d076135a4711
user24	309	275	1270144420995	0	0	a813fef131ca9317d076135a4711
user24	314	275	1270144421004	0	0	a813fef131ca9317d076135a4711
user24	321	275	1270144421012	0	0	a813fef131ca9317d076135a4711
user24	327	275	1270144421020	0	0	a813fef131ca9317d076135a4711
user24	333	275	1270144421027	0	0	a813fef131ca9317d076135a4711
user24	339	275	1270144421036	0	0	a813fef131ca9317d076135a4711
user24	345	275	1270144421045	0	0	a813fef131ca9317d076135a4711
user24	350	275	1270144421051	0	0	a813fef131ca9317d076135a4711
user24	354	275	1270144421059	0	0	a813fef131ca9317d076135a4711
user24	359	275	1270144421067	0	0	a813fef131ca9317d076135a4711
user24	361	275	1270144421075	0	0	a813fef131ca9317d076135a4711
user24	364	275	1270144421084	0	0	a813fef131ca9317d076135a4711
user24	365	275	1270144421091	0	0	a813fef131ca9317d076135a4711
user24	366	275	1270144421099	0	0	a813fef131ca9317d076135a4711
user24	368	275	1270144421107	0	0	a813fef131ca9317d076135a4711
user24	368	274	1270144421181	0	0	a813fef131ca9317d076135a4711
user24	368	273	1270144421300	0	0	a813fef131ca9317d076135a4711
user24	370	273	1270144421315	0	0	a813fef131ca9317d076135a4711
user24	371	273	1270144421323	0	0	a813fef131ca9317d076135a4711
user24	373	273	1270144421331	0	0	a813fef131ca9317d076135a4711
user24	376	273	1270144421339	0	0	a813fef131ca9317d076135a4711
user24	379	273	1270144421347	0	0	a813fef131ca9317d076135a4711
user24	384	273	1270144421355	0	0	a813fef131ca9317d076135a4711
user24	388	273	1270144421363	0	0	a813fef131ca9317d076135a4711
user24	392	274	1270144421371	0	0	a813fef131ca9317d076135a4711
user24	399	274	1270144421379	0	0	a813fef131ca9317d076135a4711
user24	405	274	1270144421387	0	0	a813fef131ca9317d076135a4711
user24	411	275	1270144421395	0	0	a813fef131ca9317d076135a4711
user24	416	275	1270144421403	0	0	a813fef131ca9317d076135a4711
user24	423	275	1270144421411	0	0	a813fef131ca9317d076135a4711
user24	429	275	1270144421419	0	0	a813fef131ca9317d076135a4711
user24	433	275	1270144421427	0	0	a813fef131ca9317d076135a4711
user24	437	275	1270144421435	0	0	a813fef131ca9317d076135a4711
user24	441	275	1270144421443	0	0	a813fef131ca9317d076135a4711
user24	444	275	1270144421451	0	0	a813fef131ca9317d076135a4711
user24	446	275	1270144421459	0	0	a813fef131ca9317d076135a4711
user24	450	275	1270144421467	0	0	a813fef131ca9317d076135a4711
user24	452	275	1270144421475	0	0	a813fef131ca9317d076135a4711
user24	453	275	1270144421483	0	0	a813fef131ca9317d076135a4711
user24	454	275	1270144421491	0	0	a813fef131ca9317d076135a4711
user24	456	275	1270144421499	0	0	a813fef131ca9317d076135a4711
user24	457	275	1270144421525	0	0	a813fef131ca9317d076135a4711
user24	458	275	1270144421596	0	0	a813fef131ca9317d076135a4711
user24	459	274	1270144421628	0	0	a813fef131ca9317d076135a4711
user24	461	273	1270144421669	0	0	a813fef131ca9317d076135a4711
user24	462	273	1270144421700	0	0	a813fef131ca9317d076135a4711
user24	461	274	1270144421788	0	0	a813fef131ca9317d076135a4711
user24	458	276	1270144421796	0	0	a813fef131ca9317d076135a4711
user24	452	279	1270144421803	0	0	a813fef131ca9317d076135a4711
user24	445	283	1270144421811	0	0	a813fef131ca9317d076135a4711
user24	436	286	1270144421820	0	0	a813fef131ca9317d076135a4711
user24	425	291	1270144421827	0	0	a813fef131ca9317d076135a4711
user24	415	295	1270144421837	0	0	a813fef131ca9317d076135a4711
user24	402	299	1270144421843	0	0	a813fef131ca9317d076135a4711
user24	391	302	1270144421851	0	0	a813fef131ca9317d076135a4711
user24	381	304	1270144421859	0	0	a813fef131ca9317d076135a4711
user24	370	307	1270144421868	0	0	a813fef131ca9317d076135a4711
user24	360	308	1270144421877	0	0	a813fef131ca9317d076135a4711
user24	352	308	1270144421883	0	0	a813fef131ca9317d076135a4711
user24	344	309	1270144421891	0	0	a813fef131ca9317d076135a4711
user24	336	309	1270144421899	0	0	a813fef131ca9317d076135a4711
user24	327	309	1270144421907	0	0	a813fef131ca9317d076135a4711
user24	319	309	1270144421917	0	0	a813fef131ca9317d076135a4711
user24	311	309	1270144421923	0	0	a813fef131ca9317d076135a4711
user24	304	308	1270144421931	0	0	a813fef131ca9317d076135a4711
user24	296	308	1270144421939	0	0	a813fef131ca9317d076135a4711
user24	290	307	1270144421947	0	0	a813fef131ca9317d076135a4711
user24	284	307	1270144421956	0	0	a813fef131ca9317d076135a4711
user24	280	306	1270144421963	0	0	a813fef131ca9317d076135a4711
user24	277	306	1270144421971	0	0	a813fef131ca9317d076135a4711
user24	274	305	1270144421979	0	0	a813fef131ca9317d076135a4711
user24	272	305	1270144421987	0	0	a813fef131ca9317d076135a4711
user24	271	305	1270144421995	0	0	a813fef131ca9317d076135a4711
user24	270	304	1270144422003	0	0	a813fef131ca9317d076135a4711
user24	270	303	1270144422052	0	0	a813fef131ca9317d076135a4711
user24	270	302	1270144422060	0	0	a813fef131ca9317d076135a4711
user24	270	301	1270144422067	0	0	a813fef131ca9317d076135a4711
user24	271	299	1270144422075	0	0	a813fef131ca9317d076135a4711
user24	271	298	1270144422085	0	0	a813fef131ca9317d076135a4711
user24	272	296	1270144422091	0	0	a813fef131ca9317d076135a4711
user24	273	296	1270144422099	0	0	a813fef131ca9317d076135a4711
user24	274	295	1270144422107	0	0	a813fef131ca9317d076135a4711
user24	275	294	1270144422115	0	0	a813fef131ca9317d076135a4711
user24	276	294	1270144422124	0	0	a813fef131ca9317d076135a4711
user24	278	293	1270144422139	0	0	a813fef131ca9317d076135a4711
user24	279	292	1270144422147	0	0	a813fef131ca9317d076135a4711
user24	281	292	1270144422155	0	0	a813fef131ca9317d076135a4711
user24	283	292	1270144422163	0	0	a813fef131ca9317d076135a4711
user24	285	292	1270144422171	0	0	a813fef131ca9317d076135a4711
user24	288	292	1270144422179	0	0	a813fef131ca9317d076135a4711
user24	291	292	1270144422187	0	0	a813fef131ca9317d076135a4711
user24	294	292	1270144422195	0	0	a813fef131ca9317d076135a4711
user24	296	292	1270144422203	0	0	a813fef131ca9317d076135a4711
user24	299	292	1270144422211	0	0	a813fef131ca9317d076135a4711
user24	302	292	1270144422219	0	0	a813fef131ca9317d076135a4711
user24	305	292	1270144422227	0	0	a813fef131ca9317d076135a4711
user24	308	292	1270144422235	0	0	a813fef131ca9317d076135a4711
user24	312	292	1270144422243	0	0	a813fef131ca9317d076135a4711
user24	315	292	1270144422251	0	0	a813fef131ca9317d076135a4711
user24	318	292	1270144422259	0	0	a813fef131ca9317d076135a4711
user24	320	292	1270144422267	0	0	a813fef131ca9317d076135a4711
user24	323	292	1270144422275	0	0	a813fef131ca9317d076135a4711
user24	326	292	1270144422283	0	0	a813fef131ca9317d076135a4711
user24	329	292	1270144422291	0	0	a813fef131ca9317d076135a4711
user24	331	292	1270144422299	0	0	a813fef131ca9317d076135a4711
user24	334	292	1270144422307	0	0	a813fef131ca9317d076135a4711
user24	337	292	1270144422315	0	0	a813fef131ca9317d076135a4711
user24	340	292	1270144422323	0	0	a813fef131ca9317d076135a4711
user24	342	292	1270144422331	0	0	a813fef131ca9317d076135a4711
user24	345	292	1270144422339	0	0	a813fef131ca9317d076135a4711
user24	347	292	1270144422347	0	0	a813fef131ca9317d076135a4711
user24	348	292	1270144422355	0	0	a813fef131ca9317d076135a4711
user24	351	292	1270144422363	0	0	a813fef131ca9317d076135a4711
user24	353	292	1270144422371	0	0	a813fef131ca9317d076135a4711
user24	354	292	1270144422379	0	0	a813fef131ca9317d076135a4711
user24	356	292	1270144422388	0	0	a813fef131ca9317d076135a4711
user24	358	292	1270144422395	0	0	a813fef131ca9317d076135a4711
user24	359	292	1270144422403	0	0	a813fef131ca9317d076135a4711
user24	361	293	1270144422411	0	0	a813fef131ca9317d076135a4711
user24	362	293	1270144422420	0	0	a813fef131ca9317d076135a4711
user24	364	293	1270144422427	0	0	a813fef131ca9317d076135a4711
user24	365	293	1270144422435	0	0	a813fef131ca9317d076135a4711
user24	367	293	1270144422443	0	0	a813fef131ca9317d076135a4711
user24	369	293	1270144422451	0	0	a813fef131ca9317d076135a4711
user24	370	293	1270144422459	0	0	a813fef131ca9317d076135a4711
user24	371	293	1270144422467	0	0	a813fef131ca9317d076135a4711
user24	372	293	1270144422475	0	0	a813fef131ca9317d076135a4711
user24	373	294	1270144422483	0	0	a813fef131ca9317d076135a4711
user24	374	294	1270144422491	0	0	a813fef131ca9317d076135a4711
user24	375	294	1270144422499	0	0	a813fef131ca9317d076135a4711
user24	377	294	1270144422531	0	0	a813fef131ca9317d076135a4711
user24	378	294	1270144422555	0	0	a813fef131ca9317d076135a4711
user24	379	294	1270144422563	0	0	a813fef131ca9317d076135a4711
user24	380	294	1270144422571	0	0	a813fef131ca9317d076135a4711
user24	382	294	1270144422579	0	0	a813fef131ca9317d076135a4711
user24	383	294	1270144422587	0	0	a813fef131ca9317d076135a4711
user24	384	294	1270144422595	0	0	a813fef131ca9317d076135a4711
user24	386	294	1270144422604	0	0	a813fef131ca9317d076135a4711
user24	388	294	1270144422611	0	0	a813fef131ca9317d076135a4711
user24	389	294	1270144422619	0	0	a813fef131ca9317d076135a4711
user24	391	294	1270144422627	0	0	a813fef131ca9317d076135a4711
user24	393	294	1270144422635	0	0	a813fef131ca9317d076135a4711
user24	394	294	1270144422644	0	0	a813fef131ca9317d076135a4711
user24	396	294	1270144422651	0	0	a813fef131ca9317d076135a4711
user24	397	294	1270144422659	0	0	a813fef131ca9317d076135a4711
user24	399	294	1270144422667	0	0	a813fef131ca9317d076135a4711
user24	401	294	1270144422675	0	0	a813fef131ca9317d076135a4711
user24	402	294	1270144422683	0	0	a813fef131ca9317d076135a4711
user24	404	294	1270144422691	0	0	a813fef131ca9317d076135a4711
user24	405	294	1270144422699	0	0	a813fef131ca9317d076135a4711
user24	406	294	1270144422708	0	0	a813fef131ca9317d076135a4711
user24	408	294	1270144422715	0	0	a813fef131ca9317d076135a4711
user24	409	294	1270144422723	0	0	a813fef131ca9317d076135a4711
user24	410	294	1270144422731	0	0	a813fef131ca9317d076135a4711
user24	412	294	1270144422739	0	0	a813fef131ca9317d076135a4711
user24	414	294	1270144422747	0	0	a813fef131ca9317d076135a4711
user24	415	294	1270144422755	0	0	a813fef131ca9317d076135a4711
user24	417	294	1270144422763	0	0	a813fef131ca9317d076135a4711
user24	418	294	1270144422771	0	0	a813fef131ca9317d076135a4711
user24	421	295	1270144422779	0	0	a813fef131ca9317d076135a4711
user24	423	295	1270144422787	0	0	a813fef131ca9317d076135a4711
user24	425	295	1270144422795	0	0	a813fef131ca9317d076135a4711
user24	426	295	1270144422803	0	0	a813fef131ca9317d076135a4711
user24	429	295	1270144422811	0	0	a813fef131ca9317d076135a4711
user24	430	295	1270144422819	0	0	a813fef131ca9317d076135a4711
user24	431	295	1270144422827	0	0	a813fef131ca9317d076135a4711
user24	433	295	1270144422837	0	0	a813fef131ca9317d076135a4711
user24	434	295	1270144422843	0	0	a813fef131ca9317d076135a4711
user24	435	295	1270144422851	0	0	a813fef131ca9317d076135a4711
user24	436	295	1270144422859	0	0	a813fef131ca9317d076135a4711
user24	437	295	1270144422867	0	0	a813fef131ca9317d076135a4711
user24	438	295	1270144422877	0	0	a813fef131ca9317d076135a4711
user24	440	295	1270144422891	0	0	a813fef131ca9317d076135a4711
user24	441	295	1270144422917	0	0	a813fef131ca9317d076135a4711
user24	441	296	1270144423099	0	0	a813fef131ca9317d076135a4711
user24	440	296	1270144423115	0	0	a813fef131ca9317d076135a4711
user24	439	297	1270144423124	0	0	a813fef131ca9317d076135a4711
user24	437	298	1270144423139	0	0	a813fef131ca9317d076135a4711
user24	436	298	1270144423147	0	0	a813fef131ca9317d076135a4711
user24	435	298	1270144423156	0	0	a813fef131ca9317d076135a4711
user24	433	298	1270144423163	0	0	a813fef131ca9317d076135a4711
user24	431	299	1270144423171	0	0	a813fef131ca9317d076135a4711
user24	430	299	1270144423179	0	0	a813fef131ca9317d076135a4711
user24	428	299	1270144423187	0	0	a813fef131ca9317d076135a4711
user24	427	300	1270144423195	0	0	a813fef131ca9317d076135a4711
user24	426	300	1270144423211	0	0	a813fef131ca9317d076135a4711
user24	427	300	1270144423299	0	0	a813fef131ca9317d076135a4711
user24	428	300	1270144423307	0	0	a813fef131ca9317d076135a4711
user24	430	299	1270144423315	0	0	a813fef131ca9317d076135a4711
user24	432	299	1270144423323	0	0	a813fef131ca9317d076135a4711
user24	434	299	1270144423331	0	0	a813fef131ca9317d076135a4711
user24	437	299	1270144423339	0	0	a813fef131ca9317d076135a4711
user24	443	298	1270144423347	0	0	a813fef131ca9317d076135a4711
user24	447	297	1270144423355	0	0	a813fef131ca9317d076135a4711
user24	451	297	1270144423363	0	0	a813fef131ca9317d076135a4711
user24	457	297	1270144423371	0	0	a813fef131ca9317d076135a4711
user24	463	296	1270144423379	0	0	a813fef131ca9317d076135a4711
user24	468	296	1270144423387	0	0	a813fef131ca9317d076135a4711
user24	475	296	1270144423395	0	0	a813fef131ca9317d076135a4711
user24	481	296	1270144423403	0	0	a813fef131ca9317d076135a4711
user24	486	296	1270144423411	0	0	a813fef131ca9317d076135a4711
user24	492	296	1270144423419	0	0	a813fef131ca9317d076135a4711
user24	497	296	1270144423427	0	0	a813fef131ca9317d076135a4711
user24	502	296	1270144423435	0	0	a813fef131ca9317d076135a4711
user24	505	296	1270144423443	0	0	a813fef131ca9317d076135a4711
user24	508	296	1270144423452	0	0	a813fef131ca9317d076135a4711
user24	511	296	1270144423459	0	0	a813fef131ca9317d076135a4711
user24	512	296	1270144423468	0	0	a813fef131ca9317d076135a4711
user24	514	297	1270144423475	0	0	a813fef131ca9317d076135a4711
user24	515	297	1270144423483	0	0	a813fef131ca9317d076135a4711
user24	515	298	1270144423491	0	0	a813fef131ca9317d076135a4711
user24	516	298	1270144423507	0	0	a813fef131ca9317d076135a4711
user24	516	299	1270144423515	0	0	a813fef131ca9317d076135a4711
user24	516	300	1270144423523	0	0	a813fef131ca9317d076135a4711
user24	516	301	1270144423531	0	0	a813fef131ca9317d076135a4711
user24	516	302	1270144423539	0	0	a813fef131ca9317d076135a4711
user24	515	303	1270144423547	0	0	a813fef131ca9317d076135a4711
user24	514	305	1270144423555	0	0	a813fef131ca9317d076135a4711
user24	514	306	1270144423563	0	0	a813fef131ca9317d076135a4711
user24	512	308	1270144423571	0	0	a813fef131ca9317d076135a4711
user24	510	310	1270144423579	0	0	a813fef131ca9317d076135a4711
user24	509	311	1270144423587	0	0	a813fef131ca9317d076135a4711
user24	506	313	1270144423595	0	0	a813fef131ca9317d076135a4711
user24	503	315	1270144423603	0	0	a813fef131ca9317d076135a4711
user24	500	316	1270144423611	0	0	a813fef131ca9317d076135a4711
user24	495	318	1270144423619	0	0	a813fef131ca9317d076135a4711
user24	489	319	1270144423627	0	0	a813fef131ca9317d076135a4711
user24	483	321	1270144423635	0	0	a813fef131ca9317d076135a4711
user24	476	322	1270144423643	0	0	a813fef131ca9317d076135a4711
user24	467	323	1270144423652	0	0	a813fef131ca9317d076135a4711
user24	458	324	1270144423659	0	0	a813fef131ca9317d076135a4711
user24	449	325	1270144423667	0	0	a813fef131ca9317d076135a4711
user24	438	326	1270144423676	0	0	a813fef131ca9317d076135a4711
user24	427	326	1270144423683	0	0	a813fef131ca9317d076135a4711
user24	416	327	1270144423691	0	0	a813fef131ca9317d076135a4711
user24	405	329	1270144423700	0	0	a813fef131ca9317d076135a4711
user24	394	329	1270144423707	0	0	a813fef131ca9317d076135a4711
user24	383	330	1270144423715	0	0	a813fef131ca9317d076135a4711
user24	372	330	1270144423723	0	0	a813fef131ca9317d076135a4711
user24	360	331	1270144423731	0	0	a813fef131ca9317d076135a4711
user24	347	331	1270144423740	0	0	a813fef131ca9317d076135a4711
user24	334	332	1270144423748	0	0	a813fef131ca9317d076135a4711
user24	323	333	1270144423756	0	0	a813fef131ca9317d076135a4711
user24	311	333	1270144423764	0	0	a813fef131ca9317d076135a4711
user24	298	334	1270144423771	0	0	a813fef131ca9317d076135a4711
user24	287	334	1270144423780	0	0	a813fef131ca9317d076135a4711
user24	276	334	1270144423788	0	0	a813fef131ca9317d076135a4711
user24	267	334	1270144423796	0	0	a813fef131ca9317d076135a4711
user24	259	334	1270144423803	0	0	a813fef131ca9317d076135a4711
user24	250	334	1270144423811	0	0	a813fef131ca9317d076135a4711
user24	245	334	1270144423820	0	0	a813fef131ca9317d076135a4711
user24	239	334	1270144423827	0	0	a813fef131ca9317d076135a4711
user24	235	334	1270144423837	0	0	a813fef131ca9317d076135a4711
user24	232	334	1270144423843	0	0	a813fef131ca9317d076135a4711
user24	229	334	1270144423852	0	0	a813fef131ca9317d076135a4711
user24	228	334	1270144423859	0	0	a813fef131ca9317d076135a4711
user24	227	334	1270144423867	0	0	a813fef131ca9317d076135a4711
user24	228	334	1270144423923	0	0	a813fef131ca9317d076135a4711
user24	231	333	1270144423931	0	0	a813fef131ca9317d076135a4711
user24	234	331	1270144423939	0	0	a813fef131ca9317d076135a4711
user24	236	331	1270144423947	0	0	a813fef131ca9317d076135a4711
user24	239	330	1270144423955	0	0	a813fef131ca9317d076135a4711
user24	242	329	1270144423963	0	0	a813fef131ca9317d076135a4711
user24	247	328	1270144423972	0	0	a813fef131ca9317d076135a4711
user24	483	221	1270144433915	0	0	a813fef131ca9317d076135a4711
user24	510	226	1270144433923	0	0	a813fef131ca9317d076135a4711
user24	548	233	1270144433931	0	0	a813fef131ca9317d076135a4711
user24	589	243	1270144433939	0	0	a813fef131ca9317d076135a4711
user24	635	248	1270144433947	0	0	a813fef131ca9317d076135a4711
user24	683	254	1270144433955	0	0	a813fef131ca9317d076135a4711
user24	734	256	1270144433963	0	0	a813fef131ca9317d076135a4711
user24	781	256	1270144433971	0	0	a813fef131ca9317d076135a4711
user24	828	255	1270144433979	0	0	a813fef131ca9317d076135a4711
user24	871	249	1270144433987	0	0	a813fef131ca9317d076135a4711
user24	914	246	1270144433995	0	0	a813fef131ca9317d076135a4711
user24	949	241	1270144434003	0	0	a813fef131ca9317d076135a4711
user24	978	236	1270144434011	0	0	a813fef131ca9317d076135a4711
user24	1003	229	1270144434019	0	0	a813fef131ca9317d076135a4711
user24	1020	224	1270144434027	0	0	a813fef131ca9317d076135a4711
user24	1033	221	1270144434035	0	0	a813fef131ca9317d076135a4711
user24	1039	218	1270144434043	0	0	a813fef131ca9317d076135a4711
user24	1043	216	1270144434051	0	0	a813fef131ca9317d076135a4711
user24	1044	215	1270144434059	0	0	a813fef131ca9317d076135a4711
user24	1044	214	1270144434067	0	0	a813fef131ca9317d076135a4711
user24	1044	213	1270144434075	0	0	a813fef131ca9317d076135a4711
user24	1044	211	1270144434091	0	0	a813fef131ca9317d076135a4711
user24	1042	211	1270144434099	0	0	a813fef131ca9317d076135a4711
user24	1039	210	1270144434107	0	0	a813fef131ca9317d076135a4711
user24	1037	208	1270144434115	0	0	a813fef131ca9317d076135a4711
user24	1033	207	1270144434123	0	0	a813fef131ca9317d076135a4711
user24	1027	206	1270144434131	0	0	a813fef131ca9317d076135a4711
user24	1021	204	1270144434139	0	0	a813fef131ca9317d076135a4711
user24	1016	202	1270144434147	0	0	a813fef131ca9317d076135a4711
user24	1009	201	1270144434155	0	0	a813fef131ca9317d076135a4711
user24	1003	199	1270144434163	0	0	a813fef131ca9317d076135a4711
user24	996	199	1270144434171	0	0	a813fef131ca9317d076135a4711
user24	991	198	1270144434179	0	0	a813fef131ca9317d076135a4711
user24	984	197	1270144434187	0	0	a813fef131ca9317d076135a4711
user24	978	196	1270144434195	0	0	a813fef131ca9317d076135a4711
user24	971	195	1270144434203	0	0	a813fef131ca9317d076135a4711
user24	964	195	1270144434211	0	0	a813fef131ca9317d076135a4711
user24	956	194	1270144434219	0	0	a813fef131ca9317d076135a4711
user24	949	193	1270144434227	0	0	a813fef131ca9317d076135a4711
user24	942	192	1270144434236	0	0	a813fef131ca9317d076135a4711
user24	936	192	1270144434243	0	0	a813fef131ca9317d076135a4711
user24	929	191	1270144434251	0	0	a813fef131ca9317d076135a4711
user24	924	189	1270144434259	0	0	a813fef131ca9317d076135a4711
user24	920	188	1270144434267	0	0	a813fef131ca9317d076135a4711
user24	917	187	1270144434275	0	0	a813fef131ca9317d076135a4711
user24	915	187	1270144434283	0	0	a813fef131ca9317d076135a4711
user24	913	187	1270144434291	0	0	a813fef131ca9317d076135a4711
user24	912	186	1270144434299	0	0	a813fef131ca9317d076135a4711
user24	911	185	1270144434307	0	0	a813fef131ca9317d076135a4711
user24	910	185	1270144434315	0	0	a813fef131ca9317d076135a4711
user24	908	184	1270144434323	0	0	a813fef131ca9317d076135a4711
user24	907	183	1270144434339	0	0	a813fef131ca9317d076135a4711
user24	906	183	1270144434347	0	0	a813fef131ca9317d076135a4711
user24	905	182	1270144434355	0	0	a813fef131ca9317d076135a4711
user24	903	181	1270144434363	0	0	a813fef131ca9317d076135a4711
user24	900	181	1270144434371	0	0	a813fef131ca9317d076135a4711
user24	897	180	1270144434379	0	0	a813fef131ca9317d076135a4711
user24	895	178	1270144434388	0	0	a813fef131ca9317d076135a4711
user24	893	178	1270144434395	0	0	a813fef131ca9317d076135a4711
user24	890	178	1270144434403	0	0	a813fef131ca9317d076135a4711
user24	889	176	1270144434411	0	0	a813fef131ca9317d076135a4711
user24	888	176	1270144434419	0	0	a813fef131ca9317d076135a4711
user24	887	176	1270144434428	0	0	a813fef131ca9317d076135a4711
user24	886	175	1270144434443	0	0	a813fef131ca9317d076135a4711
user24	886	175	1270144434675	1270144434516	1270144434675	a813fef131ca9317d076135a4711
user24	885	175	1270144434827	0	0	a813fef131ca9317d076135a4711
user24	883	177	1270144434835	0	0	a813fef131ca9317d076135a4711
user24	881	180	1270144434844	0	0	a813fef131ca9317d076135a4711
user24	877	185	1270144434851	0	0	a813fef131ca9317d076135a4711
user24	871	191	1270144434859	0	0	a813fef131ca9317d076135a4711
user24	862	200	1270144434867	0	0	a813fef131ca9317d076135a4711
user24	853	211	1270144434875	0	0	a813fef131ca9317d076135a4711
user24	841	223	1270144434883	0	0	a813fef131ca9317d076135a4711
user24	825	237	1270144434891	0	0	a813fef131ca9317d076135a4711
user24	807	254	1270144434899	0	0	a813fef131ca9317d076135a4711
user24	787	271	1270144434907	0	0	a813fef131ca9317d076135a4711
user24	768	288	1270144434915	0	0	a813fef131ca9317d076135a4711
user24	750	304	1270144434923	0	0	a813fef131ca9317d076135a4711
user24	730	322	1270144434931	0	0	a813fef131ca9317d076135a4711
user24	712	337	1270144434939	0	0	a813fef131ca9317d076135a4711
user24	694	351	1270144434947	0	0	a813fef131ca9317d076135a4711
user24	679	364	1270144434955	0	0	a813fef131ca9317d076135a4711
user24	667	373	1270144434963	0	0	a813fef131ca9317d076135a4711
user24	657	380	1270144434971	0	0	a813fef131ca9317d076135a4711
user24	648	386	1270144434979	0	0	a813fef131ca9317d076135a4711
user24	641	390	1270144434988	0	0	a813fef131ca9317d076135a4711
user24	634	393	1270144434995	0	0	a813fef131ca9317d076135a4711
user24	627	396	1270144435003	0	0	a813fef131ca9317d076135a4711
user24	623	399	1270144435013	0	0	a813fef131ca9317d076135a4711
user24	619	401	1270144435019	0	0	a813fef131ca9317d076135a4711
user24	617	403	1270144435027	0	0	a813fef131ca9317d076135a4711
user24	615	404	1270144435035	0	0	a813fef131ca9317d076135a4711
user24	613	407	1270144435043	0	0	a813fef131ca9317d076135a4711
user24	612	408	1270144435051	0	0	a813fef131ca9317d076135a4711
user24	611	410	1270144435059	0	0	a813fef131ca9317d076135a4711
user24	610	411	1270144435067	0	0	a813fef131ca9317d076135a4711
user24	610	413	1270144435075	0	0	a813fef131ca9317d076135a4711
user24	609	413	1270144435123	0	0	a813fef131ca9317d076135a4711
user24	608	413	1270144435139	0	0	a813fef131ca9317d076135a4711
user24	606	413	1270144435147	0	0	a813fef131ca9317d076135a4711
user24	604	412	1270144435155	0	0	a813fef131ca9317d076135a4711
user24	601	410	1270144435163	0	0	a813fef131ca9317d076135a4711
user24	598	410	1270144435171	0	0	a813fef131ca9317d076135a4711
user24	594	409	1270144435179	0	0	a813fef131ca9317d076135a4711
user24	591	407	1270144435187	0	0	a813fef131ca9317d076135a4711
user24	587	406	1270144435195	0	0	a813fef131ca9317d076135a4711
user24	582	404	1270144435203	0	0	a813fef131ca9317d076135a4711
user24	579	404	1270144435211	0	0	a813fef131ca9317d076135a4711
user24	575	402	1270144435219	0	0	a813fef131ca9317d076135a4711
user24	573	401	1270144435227	0	0	a813fef131ca9317d076135a4711
user24	571	400	1270144435235	0	0	a813fef131ca9317d076135a4711
user24	569	399	1270144435243	0	0	a813fef131ca9317d076135a4711
user24	567	398	1270144435251	0	0	a813fef131ca9317d076135a4711
user24	566	398	1270144435259	0	0	a813fef131ca9317d076135a4711
user24	565	398	1270144435269	0	0	a813fef131ca9317d076135a4711
user24	564	398	1270144435347	0	0	a813fef131ca9317d076135a4711
user24	562	398	1270144435363	0	0	a813fef131ca9317d076135a4711
user24	561	398	1270144435371	0	0	a813fef131ca9317d076135a4711
user24	559	398	1270144435379	0	0	a813fef131ca9317d076135a4711
user24	557	398	1270144435388	0	0	a813fef131ca9317d076135a4711
user24	553	397	1270144435395	0	0	a813fef131ca9317d076135a4711
user24	550	396	1270144435403	0	0	a813fef131ca9317d076135a4711
user24	546	394	1270144435411	0	0	a813fef131ca9317d076135a4711
user24	541	391	1270144435419	0	0	a813fef131ca9317d076135a4711
user24	535	387	1270144435428	0	0	a813fef131ca9317d076135a4711
user24	529	383	1270144435435	0	0	a813fef131ca9317d076135a4711
user24	522	378	1270144435443	0	0	a813fef131ca9317d076135a4711
user24	515	371	1270144435452	0	0	a813fef131ca9317d076135a4711
user24	506	365	1270144435459	0	0	a813fef131ca9317d076135a4711
user24	498	358	1270144435468	0	0	a813fef131ca9317d076135a4711
user24	489	351	1270144435475	0	0	a813fef131ca9317d076135a4711
user24	480	345	1270144435483	0	0	a813fef131ca9317d076135a4711
user24	470	338	1270144435491	0	0	a813fef131ca9317d076135a4711
user24	461	333	1270144435499	0	0	a813fef131ca9317d076135a4711
user24	450	328	1270144435507	0	0	a813fef131ca9317d076135a4711
user24	440	325	1270144435515	0	0	a813fef131ca9317d076135a4711
user24	429	320	1270144435524	0	0	a813fef131ca9317d076135a4711
user24	419	318	1270144435531	0	0	a813fef131ca9317d076135a4711
user24	409	315	1270144435539	0	0	a813fef131ca9317d076135a4711
user24	399	313	1270144435547	0	0	a813fef131ca9317d076135a4711
user24	391	310	1270144435555	0	0	a813fef131ca9317d076135a4711
user24	385	309	1270144435563	0	0	a813fef131ca9317d076135a4711
user24	381	309	1270144435571	0	0	a813fef131ca9317d076135a4711
user24	379	309	1270144435579	0	0	a813fef131ca9317d076135a4711
user24	377	309	1270144435587	0	0	a813fef131ca9317d076135a4711
user24	376	309	1270144435611	0	0	a813fef131ca9317d076135a4711
user24	376	310	1270144435627	0	0	a813fef131ca9317d076135a4711
user24	376	312	1270144435636	0	0	a813fef131ca9317d076135a4711
user24	376	315	1270144435643	0	0	a813fef131ca9317d076135a4711
user24	399	351	1270144435762	0	0	a813fef131ca9317d076135a4711
user24	399	349	1270144435835	0	0	a813fef131ca9317d076135a4711
user24	399	348	1270144435844	0	0	a813fef131ca9317d076135a4711
user24	399	347	1270144435851	0	0	a813fef131ca9317d076135a4711
user24	399	347	1270144435853	1270144435764	1270144435853	a813fef131ca9317d076135a4711
user24	399	344	1270144435859	0	0	a813fef131ca9317d076135a4711
user24	399	341	1270144435867	0	0	a813fef131ca9317d076135a4711
user24	399	336	1270144435875	0	0	a813fef131ca9317d076135a4711
user24	399	331	1270144435883	0	0	a813fef131ca9317d076135a4711
user24	398	325	1270144435891	0	0	a813fef131ca9317d076135a4711
user24	398	317	1270144435899	0	0	a813fef131ca9317d076135a4711
user24	398	306	1270144435907	0	0	a813fef131ca9317d076135a4711
user24	399	293	1270144435915	0	0	a813fef131ca9317d076135a4711
user24	401	280	1270144435923	0	0	a813fef131ca9317d076135a4711
user24	402	265	1270144435931	0	0	a813fef131ca9317d076135a4711
user24	404	248	1270144435939	0	0	a813fef131ca9317d076135a4711
user24	407	232	1270144435947	0	0	a813fef131ca9317d076135a4711
user24	410	219	1270144435955	0	0	a813fef131ca9317d076135a4711
user24	413	206	1270144435963	0	0	a813fef131ca9317d076135a4711
user24	417	193	1270144435971	0	0	a813fef131ca9317d076135a4711
user24	421	183	1270144435979	0	0	a813fef131ca9317d076135a4711
user24	425	174	1270144435987	0	0	a813fef131ca9317d076135a4711
user24	427	170	1270144435995	0	0	a813fef131ca9317d076135a4711
user24	429	166	1270144436003	0	0	a813fef131ca9317d076135a4711
user24	430	166	1270144436012	0	0	a813fef131ca9317d076135a4711
user24	429	166	1270144436051	0	0	a813fef131ca9317d076135a4711
user24	427	166	1270144436067	0	0	a813fef131ca9317d076135a4711
user24	426	166	1270144436075	0	0	a813fef131ca9317d076135a4711
user24	425	166	1270144436083	0	0	a813fef131ca9317d076135a4711
user24	424	167	1270144436091	0	0	a813fef131ca9317d076135a4711
user24	422	167	1270144436099	0	0	a813fef131ca9317d076135a4711
user24	421	168	1270144436107	0	0	a813fef131ca9317d076135a4711
user24	420	169	1270144436123	0	0	a813fef131ca9317d076135a4711
user24	418	169	1270144436131	0	0	a813fef131ca9317d076135a4711
user24	417	169	1270144436147	0	0	a813fef131ca9317d076135a4711
user24	416	169	1270144436155	0	0	a813fef131ca9317d076135a4711
user24	416	168	1270144436243	0	0	a813fef131ca9317d076135a4711
user24	416	165	1270144436251	0	0	a813fef131ca9317d076135a4711
user24	416	165	1270144436252	1270144436187	1270144436252	a813fef131ca9317d076135a4711
user24	416	161	1270144436259	0	0	a813fef131ca9317d076135a4711
user24	416	154	1270144436267	0	0	a813fef131ca9317d076135a4711
user24	416	148	1270144436275	0	0	a813fef131ca9317d076135a4711
user24	416	140	1270144436283	0	0	a813fef131ca9317d076135a4711
user24	415	133	1270144436291	0	0	a813fef131ca9317d076135a4711
user24	415	125	1270144436299	0	0	a813fef131ca9317d076135a4711
user24	414	118	1270144436307	0	0	a813fef131ca9317d076135a4711
user24	414	109	1270144436315	0	0	a813fef131ca9317d076135a4711
user24	413	101	1270144436323	0	0	a813fef131ca9317d076135a4711
user24	413	94	1270144436331	0	0	a813fef131ca9317d076135a4711
user24	412	88	1270144436339	0	0	a813fef131ca9317d076135a4711
user24	412	83	1270144436347	0	0	a813fef131ca9317d076135a4711
user24	412	79	1270144436356	0	0	a813fef131ca9317d076135a4711
user24	412	76	1270144436363	0	0	a813fef131ca9317d076135a4711
user24	412	71	1270144436371	0	0	a813fef131ca9317d076135a4711
user24	412	67	1270144436379	0	0	a813fef131ca9317d076135a4711
user24	412	64	1270144436387	0	0	a813fef131ca9317d076135a4711
user24	413	61	1270144436395	0	0	a813fef131ca9317d076135a4711
user24	414	58	1270144436403	0	0	a813fef131ca9317d076135a4711
user24	415	54	1270144436411	0	0	a813fef131ca9317d076135a4711
user24	416	52	1270144436419	0	0	a813fef131ca9317d076135a4711
user24	416	50	1270144436427	0	0	a813fef131ca9317d076135a4711
user24	416	48	1270144436435	0	0	a813fef131ca9317d076135a4711
user24	417	46	1270144436443	0	0	a813fef131ca9317d076135a4711
user24	417	45	1270144436451	0	0	a813fef131ca9317d076135a4711
user24	417	44	1270144436459	0	0	a813fef131ca9317d076135a4711
user24	417	43	1270144436475	0	0	a813fef131ca9317d076135a4711
user24	417	42	1270144436483	0	0	a813fef131ca9317d076135a4711
user24	416	42	1270144436507	0	0	a813fef131ca9317d076135a4711
user24	414	42	1270144436539	0	0	a813fef131ca9317d076135a4711
user24	413	42	1270144436563	0	0	a813fef131ca9317d076135a4711
user24	412	42	1270144436579	0	0	a813fef131ca9317d076135a4711
user24	412	43	1270144436587	0	0	a813fef131ca9317d076135a4711
user24	411	44	1270144436596	0	0	a813fef131ca9317d076135a4711
user24	410	45	1270144436611	0	0	a813fef131ca9317d076135a4711
user24	408	47	1270144436627	0	0	a813fef131ca9317d076135a4711
user24	408	48	1270144436636	0	0	a813fef131ca9317d076135a4711
user24	408	49	1270144436643	0	0	a813fef131ca9317d076135a4711
user24	408	50	1270144436651	0	0	a813fef131ca9317d076135a4711
user24	407	51	1270144436659	0	0	a813fef131ca9317d076135a4711
user24	406	53	1270144436667	0	0	a813fef131ca9317d076135a4711
user24	405	55	1270144436683	0	0	a813fef131ca9317d076135a4711
user24	405	56	1270144436691	0	0	a813fef131ca9317d076135a4711
user24	405	57	1270144436771	0	0	a813fef131ca9317d076135a4711
user24	405	58	1270144436779	0	0	a813fef131ca9317d076135a4711
user24	405	59	1270144436789	0	0	a813fef131ca9317d076135a4711
user24	405	60	1270144436795	0	0	a813fef131ca9317d076135a4711
user24	405	61	1270144436804	0	0	a813fef131ca9317d076135a4711
user24	405	62	1270144436811	0	0	a813fef131ca9317d076135a4711
user24	407	63	1270144436819	0	0	a813fef131ca9317d076135a4711
user24	410	65	1270144436827	0	0	a813fef131ca9317d076135a4711
user24	415	66	1270144436835	0	0	a813fef131ca9317d076135a4711
user24	421	67	1270144436844	0	0	a813fef131ca9317d076135a4711
user24	428	69	1270144436851	0	0	a813fef131ca9317d076135a4711
user24	435	72	1270144436859	0	0	a813fef131ca9317d076135a4711
user24	443	74	1270144436867	0	0	a813fef131ca9317d076135a4711
user24	452	76	1270144436876	0	0	a813fef131ca9317d076135a4711
user24	463	79	1270144436883	0	0	a813fef131ca9317d076135a4711
user24	474	85	1270144436891	0	0	a813fef131ca9317d076135a4711
user24	485	90	1270144436899	0	0	a813fef131ca9317d076135a4711
user24	493	97	1270144436907	0	0	a813fef131ca9317d076135a4711
user24	505	107	1270144436915	0	0	a813fef131ca9317d076135a4711
user24	522	118	1270144436923	0	0	a813fef131ca9317d076135a4711
user24	536	128	1270144436931	0	0	a813fef131ca9317d076135a4711
user24	549	138	1270144436939	0	0	a813fef131ca9317d076135a4711
user24	559	146	1270144436947	0	0	a813fef131ca9317d076135a4711
user24	569	153	1270144436955	0	0	a813fef131ca9317d076135a4711
user24	578	156	1270144436963	0	0	a813fef131ca9317d076135a4711
user24	617	169	1270144437120	0	0	a813fef131ca9317d076135a4711
user24	625	169	1270144437133	0	0	a813fef131ca9317d076135a4711
user24	631	169	1270144437139	0	0	a813fef131ca9317d076135a4711
user24	636	169	1270144437147	0	0	a813fef131ca9317d076135a4711
user24	643	167	1270144437155	0	0	a813fef131ca9317d076135a4711
user24	652	166	1270144437163	0	0	a813fef131ca9317d076135a4711
user24	660	165	1270144437171	0	0	a813fef131ca9317d076135a4711
user24	668	165	1270144437179	0	0	a813fef131ca9317d076135a4711
user24	677	165	1270144437187	0	0	a813fef131ca9317d076135a4711
user24	685	165	1270144437196	0	0	a813fef131ca9317d076135a4711
user24	690	165	1270144437203	0	0	a813fef131ca9317d076135a4711
user24	696	165	1270144437211	0	0	a813fef131ca9317d076135a4711
user24	700	165	1270144437219	0	0	a813fef131ca9317d076135a4711
user24	702	164	1270144437227	0	0	a813fef131ca9317d076135a4711
user24	702	163	1270144437243	0	0	a813fef131ca9317d076135a4711
user24	702	162	1270144437251	0	0	a813fef131ca9317d076135a4711
user24	702	161	1270144437267	0	0	a813fef131ca9317d076135a4711
user24	702	161	1270144437379	1270144437275	1270144437379	a813fef131ca9317d076135a4711
user24	511	53	1270144446772	0	0	a813fef131ca9317d076135a4711
user24	508	54	1270144446781	0	0	a813fef131ca9317d076135a4711
user24	505	55	1270144446787	0	0	a813fef131ca9317d076135a4711
user24	501	59	1270144446795	0	0	a813fef131ca9317d076135a4711
user24	499	63	1270144446803	0	0	a813fef131ca9317d076135a4711
user24	497	69	1270144446811	0	0	a813fef131ca9317d076135a4711
user24	494	76	1270144446820	0	0	a813fef131ca9317d076135a4711
user24	490	85	1270144446827	0	0	a813fef131ca9317d076135a4711
user24	486	95	1270144446835	0	0	a813fef131ca9317d076135a4711
user24	481	107	1270144446843	0	0	a813fef131ca9317d076135a4711
user24	477	120	1270144446851	0	0	a813fef131ca9317d076135a4711
user24	472	136	1270144446859	0	0	a813fef131ca9317d076135a4711
user24	467	153	1270144446867	0	0	a813fef131ca9317d076135a4711
user24	463	172	1270144446875	0	0	a813fef131ca9317d076135a4711
user24	457	189	1270144446883	0	0	a813fef131ca9317d076135a4711
user24	455	205	1270144446891	0	0	a813fef131ca9317d076135a4711
user24	454	220	1270144446899	0	0	a813fef131ca9317d076135a4711
user24	453	234	1270144446907	0	0	a813fef131ca9317d076135a4711
user24	451	247	1270144446915	0	0	a813fef131ca9317d076135a4711
user24	451	260	1270144446923	0	0	a813fef131ca9317d076135a4711
user24	451	273	1270144446931	0	0	a813fef131ca9317d076135a4711
user24	452	284	1270144446939	0	0	a813fef131ca9317d076135a4711
user24	453	292	1270144446947	0	0	a813fef131ca9317d076135a4711
user24	455	302	1270144446955	0	0	a813fef131ca9317d076135a4711
user24	458	309	1270144446963	0	0	a813fef131ca9317d076135a4711
user24	461	318	1270144446971	0	0	a813fef131ca9317d076135a4711
user24	465	325	1270144446979	0	0	a813fef131ca9317d076135a4711
user24	470	332	1270144446987	0	0	a813fef131ca9317d076135a4711
user24	475	339	1270144446995	0	0	a813fef131ca9317d076135a4711
user24	481	344	1270144447003	0	0	a813fef131ca9317d076135a4711
user24	489	348	1270144447011	0	0	a813fef131ca9317d076135a4711
user24	497	353	1270144447019	0	0	a813fef131ca9317d076135a4711
user24	506	355	1270144447027	0	0	a813fef131ca9317d076135a4711
user24	514	356	1270144447035	0	0	a813fef131ca9317d076135a4711
user24	524	357	1270144447043	0	0	a813fef131ca9317d076135a4711
user24	533	358	1270144447050	0	0	a813fef131ca9317d076135a4711
user24	542	358	1270144447059	0	0	a813fef131ca9317d076135a4711
user24	553	358	1270144447067	0	0	a813fef131ca9317d076135a4711
user24	562	358	1270144447075	0	0	a813fef131ca9317d076135a4711
user24	571	356	1270144447083	0	0	a813fef131ca9317d076135a4711
user24	579	354	1270144447091	0	0	a813fef131ca9317d076135a4711
user24	586	352	1270144447099	0	0	a813fef131ca9317d076135a4711
user24	592	350	1270144447107	0	0	a813fef131ca9317d076135a4711
user24	597	348	1270144447115	0	0	a813fef131ca9317d076135a4711
user24	600	347	1270144447123	0	0	a813fef131ca9317d076135a4711
user24	602	347	1270144447131	0	0	a813fef131ca9317d076135a4711
user24	603	347	1270144447139	0	0	a813fef131ca9317d076135a4711
user24	603	346	1270144447195	0	0	a813fef131ca9317d076135a4711
user24	603	345	1270144447227	0	0	a813fef131ca9317d076135a4711
user24	602	345	1270144447235	0	0	a813fef131ca9317d076135a4711
user24	601	344	1270144447243	0	0	a813fef131ca9317d076135a4711
user24	599	343	1270144447251	0	0	a813fef131ca9317d076135a4711
user24	596	342	1270144447259	0	0	a813fef131ca9317d076135a4711
user24	594	342	1270144447267	0	0	a813fef131ca9317d076135a4711
user24	591	342	1270144447275	0	0	a813fef131ca9317d076135a4711
user24	588	341	1270144447283	0	0	a813fef131ca9317d076135a4711
user24	583	340	1270144447291	0	0	a813fef131ca9317d076135a4711
user24	579	340	1270144447299	0	0	a813fef131ca9317d076135a4711
user24	573	339	1270144447307	0	0	a813fef131ca9317d076135a4711
user24	568	339	1270144447315	0	0	a813fef131ca9317d076135a4711
user24	562	338	1270144447324	0	0	a813fef131ca9317d076135a4711
user24	556	338	1270144447335	0	0	a813fef131ca9317d076135a4711
user24	549	337	1270144447339	0	0	a813fef131ca9317d076135a4711
user24	544	337	1270144447347	0	0	a813fef131ca9317d076135a4711
user24	538	336	1270144447355	0	0	a813fef131ca9317d076135a4711
user24	532	335	1270144447363	0	0	a813fef131ca9317d076135a4711
user24	527	335	1270144447371	0	0	a813fef131ca9317d076135a4711
user24	522	333	1270144447379	0	0	a813fef131ca9317d076135a4711
user24	516	332	1270144447387	0	0	a813fef131ca9317d076135a4711
user24	512	330	1270144447395	0	0	a813fef131ca9317d076135a4711
user24	506	328	1270144447403	0	0	a813fef131ca9317d076135a4711
user24	500	326	1270144447411	0	0	a813fef131ca9317d076135a4711
user24	495	325	1270144447419	0	0	a813fef131ca9317d076135a4711
user24	488	321	1270144447427	0	0	a813fef131ca9317d076135a4711
user24	483	319	1270144447435	0	0	a813fef131ca9317d076135a4711
user24	477	317	1270144447444	0	0	a813fef131ca9317d076135a4711
user24	471	314	1270144447451	0	0	a813fef131ca9317d076135a4711
user24	465	311	1270144447459	0	0	a813fef131ca9317d076135a4711
user24	459	309	1270144447467	0	0	a813fef131ca9317d076135a4711
user24	455	307	1270144447475	0	0	a813fef131ca9317d076135a4711
user24	449	307	1270144447483	0	0	a813fef131ca9317d076135a4711
user24	445	306	1270144447491	0	0	a813fef131ca9317d076135a4711
user24	440	306	1270144447499	0	0	a813fef131ca9317d076135a4711
user24	436	306	1270144447507	0	0	a813fef131ca9317d076135a4711
user24	433	306	1270144447515	0	0	a813fef131ca9317d076135a4711
user24	429	307	1270144447523	0	0	a813fef131ca9317d076135a4711
user24	425	309	1270144447531	0	0	a813fef131ca9317d076135a4711
user24	421	313	1270144447539	0	0	a813fef131ca9317d076135a4711
user24	415	319	1270144447547	0	0	a813fef131ca9317d076135a4711
user24	409	328	1270144447555	0	0	a813fef131ca9317d076135a4711
user24	403	338	1270144447563	0	0	a813fef131ca9317d076135a4711
user24	394	352	1270144447572	0	0	a813fef131ca9317d076135a4711
user24	385	365	1270144447581	0	0	a813fef131ca9317d076135a4711
user24	377	379	1270144447587	0	0	a813fef131ca9317d076135a4711
user24	368	393	1270144447595	0	0	a813fef131ca9317d076135a4711
user24	357	408	1270144447603	0	0	a813fef131ca9317d076135a4711
user24	348	421	1270144447612	0	0	a813fef131ca9317d076135a4711
user24	342	433	1270144447619	0	0	a813fef131ca9317d076135a4711
user24	335	443	1270144447627	0	0	a813fef131ca9317d076135a4711
user24	328	453	1270144447635	0	0	a813fef131ca9317d076135a4711
user24	324	462	1270144447643	0	0	a813fef131ca9317d076135a4711
user24	321	468	1270144447651	0	0	a813fef131ca9317d076135a4711
user24	318	473	1270144447659	0	0	a813fef131ca9317d076135a4711
user24	315	477	1270144447668	0	0	a813fef131ca9317d076135a4711
user24	314	481	1270144447675	0	0	a813fef131ca9317d076135a4711
user24	312	484	1270144447683	0	0	a813fef131ca9317d076135a4711
user24	312	486	1270144447691	0	0	a813fef131ca9317d076135a4711
user24	310	489	1270144447699	0	0	a813fef131ca9317d076135a4711
user24	309	491	1270144447707	0	0	a813fef131ca9317d076135a4711
user24	308	491	1270144447715	0	0	a813fef131ca9317d076135a4711
user24	307	491	1270144447731	0	0	a813fef131ca9317d076135a4711
user24	306	491	1270144447739	0	0	a813fef131ca9317d076135a4711
user24	305	491	1270144447747	0	0	a813fef131ca9317d076135a4711
user24	304	489	1270144447755	0	0	a813fef131ca9317d076135a4711
user24	302	488	1270144447763	0	0	a813fef131ca9317d076135a4711
user24	301	487	1270144447771	0	0	a813fef131ca9317d076135a4711
user24	299	485	1270144447780	0	0	a813fef131ca9317d076135a4711
user24	297	485	1270144447787	0	0	a813fef131ca9317d076135a4711
user24	295	484	1270144447795	0	0	a813fef131ca9317d076135a4711
user24	292	484	1270144447803	0	0	a813fef131ca9317d076135a4711
user24	289	483	1270144447811	0	0	a813fef131ca9317d076135a4711
user24	287	483	1270144447820	0	0	a813fef131ca9317d076135a4711
user24	285	483	1270144447827	0	0	a813fef131ca9317d076135a4711
user24	283	483	1270144447835	0	0	a813fef131ca9317d076135a4711
user24	281	483	1270144447844	0	0	a813fef131ca9317d076135a4711
user24	280	483	1270144447851	0	0	a813fef131ca9317d076135a4711
user24	279	483	1270144447859	0	0	a813fef131ca9317d076135a4711
user24	278	483	1270144447899	0	0	a813fef131ca9317d076135a4711
user24	278	483	1270144447995	1270144447900	1270144447995	a813fef131ca9317d076135a4711
user24	280	484	1270144448075	0	0	a813fef131ca9317d076135a4711
user24	280	485	1270144448083	0	0	a813fef131ca9317d076135a4711
user24	282	486	1270144448091	0	0	a813fef131ca9317d076135a4711
user24	284	487	1270144448099	0	0	a813fef131ca9317d076135a4711
user24	287	488	1270144448107	0	0	a813fef131ca9317d076135a4711
user24	289	490	1270144448115	0	0	a813fef131ca9317d076135a4711
user24	293	492	1270144448123	0	0	a813fef131ca9317d076135a4711
user24	296	493	1270144448131	0	0	a813fef131ca9317d076135a4711
user24	299	495	1270144448139	0	0	a813fef131ca9317d076135a4711
user24	304	497	1270144448147	0	0	a813fef131ca9317d076135a4711
user24	308	498	1270144448155	0	0	a813fef131ca9317d076135a4711
user24	314	500	1270144448163	0	0	a813fef131ca9317d076135a4711
user24	320	502	1270144448171	0	0	a813fef131ca9317d076135a4711
user24	327	504	1270144448179	0	0	a813fef131ca9317d076135a4711
user24	335	506	1270144448188	0	0	a813fef131ca9317d076135a4711
user24	342	507	1270144448195	0	0	a813fef131ca9317d076135a4711
user24	350	509	1270144448203	0	0	a813fef131ca9317d076135a4711
user24	360	511	1270144448211	0	0	a813fef131ca9317d076135a4711
user24	368	512	1270144448219	0	0	a813fef131ca9317d076135a4711
user24	377	514	1270144448227	0	0	a813fef131ca9317d076135a4711
user24	386	515	1270144448235	0	0	a813fef131ca9317d076135a4711
user24	396	516	1270144448243	0	0	a813fef131ca9317d076135a4711
user24	406	518	1270144448251	0	0	a813fef131ca9317d076135a4711
user24	416	520	1270144448259	0	0	a813fef131ca9317d076135a4711
user24	425	521	1270144448267	0	0	a813fef131ca9317d076135a4711
user24	435	522	1270144448275	0	0	a813fef131ca9317d076135a4711
user24	445	522	1270144448283	0	0	a813fef131ca9317d076135a4711
user24	453	523	1270144448291	0	0	a813fef131ca9317d076135a4711
user24	461	523	1270144448299	0	0	a813fef131ca9317d076135a4711
user24	469	523	1270144448307	0	0	a813fef131ca9317d076135a4711
user24	476	523	1270144448315	0	0	a813fef131ca9317d076135a4711
user24	483	523	1270144448323	0	0	a813fef131ca9317d076135a4711
user24	489	523	1270144448331	0	0	a813fef131ca9317d076135a4711
user24	494	523	1270144448339	0	0	a813fef131ca9317d076135a4711
user24	500	523	1270144448347	0	0	a813fef131ca9317d076135a4711
user24	504	523	1270144448355	0	0	a813fef131ca9317d076135a4711
user24	508	523	1270144448363	0	0	a813fef131ca9317d076135a4711
user24	512	523	1270144448371	0	0	a813fef131ca9317d076135a4711
user24	591	530	1270144448663	0	0	a813fef131ca9317d076135a4711
user24	589	530	1270144448819	0	0	a813fef131ca9317d076135a4711
user24	590	529	1270144448939	0	0	a813fef131ca9317d076135a4711
user24	590	528	1270144448987	0	0	a813fef131ca9317d076135a4711
user24	590	528	1270144449107	1270144449027	1270144449107	a813fef131ca9317d076135a4711
user24	244	269	1270144473404	0	0	a813fef131ca9317d076135a4711
user24	246	268	1270144473794	0	0	a813fef131ca9317d076135a4711
user24	253	266	1270144473802	0	0	a813fef131ca9317d076135a4711
user24	264	266	1270144473810	0	0	a813fef131ca9317d076135a4711
user24	281	265	1270144473818	0	0	a813fef131ca9317d076135a4711
user24	303	265	1270144473826	0	0	a813fef131ca9317d076135a4711
user24	329	266	1270144473834	0	0	a813fef131ca9317d076135a4711
user24	353	269	1270144473842	0	0	a813fef131ca9317d076135a4711
user24	372	274	1270144473850	0	0	a813fef131ca9317d076135a4711
user24	388	280	1270144473858	0	0	a813fef131ca9317d076135a4711
user24	403	287	1270144473866	0	0	a813fef131ca9317d076135a4711
user24	417	296	1270144473874	0	0	a813fef131ca9317d076135a4711
user24	428	304	1270144473882	0	0	a813fef131ca9317d076135a4711
user24	440	313	1270144473890	0	0	a813fef131ca9317d076135a4711
user24	450	323	1270144473898	0	0	a813fef131ca9317d076135a4711
user24	462	337	1270144473906	0	0	a813fef131ca9317d076135a4711
user24	474	352	1270144473914	0	0	a813fef131ca9317d076135a4711
user24	483	369	1270144473922	0	0	a813fef131ca9317d076135a4711
user24	495	388	1270144473930	0	0	a813fef131ca9317d076135a4711
user24	502	401	1270144473938	0	0	a813fef131ca9317d076135a4711
user24	510	417	1270144473946	0	0	a813fef131ca9317d076135a4711
user24	517	434	1270144473954	0	0	a813fef131ca9317d076135a4711
user24	522	451	1270144473962	0	0	a813fef131ca9317d076135a4711
user24	528	468	1270144473970	0	0	a813fef131ca9317d076135a4711
user24	533	485	1270144473978	0	0	a813fef131ca9317d076135a4711
user24	538	500	1270144473986	0	0	a813fef131ca9317d076135a4711
user24	542	514	1270144473994	0	0	a813fef131ca9317d076135a4711
user24	549	526	1270144474002	0	0	a813fef131ca9317d076135a4711
user24	555	536	1270144474010	0	0	a813fef131ca9317d076135a4711
user24	562	545	1270144474018	0	0	a813fef131ca9317d076135a4711
user24	567	551	1270144474026	0	0	a813fef131ca9317d076135a4711
user24	573	556	1270144474034	0	0	a813fef131ca9317d076135a4711
user24	578	560	1270144474042	0	0	a813fef131ca9317d076135a4711
user24	583	562	1270144474051	0	0	a813fef131ca9317d076135a4711
user24	588	563	1270144474058	0	0	a813fef131ca9317d076135a4711
user24	593	563	1270144474066	0	0	a813fef131ca9317d076135a4711
user24	599	563	1270144474074	0	0	a813fef131ca9317d076135a4711
user24	605	563	1270144474082	0	0	a813fef131ca9317d076135a4711
user24	612	562	1270144474090	0	0	a813fef131ca9317d076135a4711
user24	618	560	1270144474098	0	0	a813fef131ca9317d076135a4711
user24	623	558	1270144474106	0	0	a813fef131ca9317d076135a4711
user24	626	557	1270144474114	0	0	a813fef131ca9317d076135a4711
user24	629	555	1270144474122	0	0	a813fef131ca9317d076135a4711
user24	631	554	1270144474130	0	0	a813fef131ca9317d076135a4711
user24	633	553	1270144474138	0	0	a813fef131ca9317d076135a4711
user24	634	553	1270144474146	0	0	a813fef131ca9317d076135a4711
user24	635	552	1270144474154	0	0	a813fef131ca9317d076135a4711
user24	636	551	1270144474162	0	0	a813fef131ca9317d076135a4711
user24	639	551	1270144474170	0	0	a813fef131ca9317d076135a4711
user24	640	550	1270144474186	0	0	a813fef131ca9317d076135a4711
user24	638	550	1270144474330	0	0	a813fef131ca9317d076135a4711
user24	636	550	1270144474338	0	0	a813fef131ca9317d076135a4711
user24	634	550	1270144474346	0	0	a813fef131ca9317d076135a4711
user24	631	549	1270144474354	0	0	a813fef131ca9317d076135a4711
user24	628	549	1270144474362	0	0	a813fef131ca9317d076135a4711
user24	626	549	1270144474370	0	0	a813fef131ca9317d076135a4711
user24	624	548	1270144474378	0	0	a813fef131ca9317d076135a4711
user24	622	548	1270144474386	0	0	a813fef131ca9317d076135a4711
user24	620	548	1270144474394	0	0	a813fef131ca9317d076135a4711
user24	617	547	1270144474402	0	0	a813fef131ca9317d076135a4711
user24	615	547	1270144474410	0	0	a813fef131ca9317d076135a4711
user24	613	547	1270144474418	0	0	a813fef131ca9317d076135a4711
user24	612	547	1270144474426	0	0	a813fef131ca9317d076135a4711
user24	609	546	1270144474434	0	0	a813fef131ca9317d076135a4711
user24	607	546	1270144474442	0	0	a813fef131ca9317d076135a4711
user24	605	546	1270144474450	0	0	a813fef131ca9317d076135a4711
user24	603	546	1270144474458	0	0	a813fef131ca9317d076135a4711
user24	601	545	1270144474466	0	0	a813fef131ca9317d076135a4711
user24	600	544	1270144474474	0	0	a813fef131ca9317d076135a4711
user24	598	544	1270144474482	0	0	a813fef131ca9317d076135a4711
user24	597	544	1270144474490	0	0	a813fef131ca9317d076135a4711
user24	594	544	1270144474498	0	0	a813fef131ca9317d076135a4711
user24	593	544	1270144474506	0	0	a813fef131ca9317d076135a4711
user24	591	544	1270144474514	0	0	a813fef131ca9317d076135a4711
user24	589	544	1270144474522	0	0	a813fef131ca9317d076135a4711
user24	586	543	1270144474530	0	0	a813fef131ca9317d076135a4711
user24	583	543	1270144474538	0	0	a813fef131ca9317d076135a4711
user24	581	543	1270144474546	0	0	a813fef131ca9317d076135a4711
user24	577	543	1270144474554	0	0	a813fef131ca9317d076135a4711
user24	573	542	1270144474562	0	0	a813fef131ca9317d076135a4711
user24	567	542	1270144474570	0	0	a813fef131ca9317d076135a4711
user24	561	542	1270144474578	0	0	a813fef131ca9317d076135a4711
user24	554	541	1270144474586	0	0	a813fef131ca9317d076135a4711
user24	547	540	1270144474594	0	0	a813fef131ca9317d076135a4711
user24	524	538	1270144474624	0	0	a813fef131ca9317d076135a4711
user24	515	537	1270144474627	0	0	a813fef131ca9317d076135a4711
user24	507	536	1270144474634	0	0	a813fef131ca9317d076135a4711
user24	499	536	1270144474642	0	0	a813fef131ca9317d076135a4711
user24	490	535	1270144474651	0	0	a813fef131ca9317d076135a4711
user24	482	534	1270144474658	0	0	a813fef131ca9317d076135a4711
user24	472	533	1270144474666	0	0	a813fef131ca9317d076135a4711
user24	463	532	1270144474674	0	0	a813fef131ca9317d076135a4711
user24	454	531	1270144474682	0	0	a813fef131ca9317d076135a4711
user24	445	528	1270144474690	0	0	a813fef131ca9317d076135a4711
user24	433	526	1270144474698	0	0	a813fef131ca9317d076135a4711
user24	424	525	1270144474706	0	0	a813fef131ca9317d076135a4711
user24	413	522	1270144474714	0	0	a813fef131ca9317d076135a4711
user24	403	518	1270144474722	0	0	a813fef131ca9317d076135a4711
user24	391	515	1270144474730	0	0	a813fef131ca9317d076135a4711
user24	382	513	1270144474738	0	0	a813fef131ca9317d076135a4711
user24	372	510	1270144474746	0	0	a813fef131ca9317d076135a4711
user24	362	506	1270144474754	0	0	a813fef131ca9317d076135a4711
user24	353	504	1270144474762	0	0	a813fef131ca9317d076135a4711
user24	345	502	1270144474770	0	0	a813fef131ca9317d076135a4711
user24	338	501	1270144474778	0	0	a813fef131ca9317d076135a4711
user24	332	500	1270144474786	0	0	a813fef131ca9317d076135a4711
user24	328	499	1270144474794	0	0	a813fef131ca9317d076135a4711
user24	323	498	1270144474802	0	0	a813fef131ca9317d076135a4711
user24	319	498	1270144474810	0	0	a813fef131ca9317d076135a4711
user24	316	498	1270144474818	0	0	a813fef131ca9317d076135a4711
user24	313	498	1270144474826	0	0	a813fef131ca9317d076135a4711
user24	310	498	1270144474834	0	0	a813fef131ca9317d076135a4711
user24	308	498	1270144474842	0	0	a813fef131ca9317d076135a4711
user24	305	498	1270144474850	0	0	a813fef131ca9317d076135a4711
user24	303	499	1270144474858	0	0	a813fef131ca9317d076135a4711
user24	301	499	1270144474866	0	0	a813fef131ca9317d076135a4711
user24	299	499	1270144474874	0	0	a813fef131ca9317d076135a4711
user24	297	499	1270144474882	0	0	a813fef131ca9317d076135a4711
user24	296	499	1270144474890	0	0	a813fef131ca9317d076135a4711
user24	295	499	1270144474898	0	0	a813fef131ca9317d076135a4711
user24	293	499	1270144474906	0	0	a813fef131ca9317d076135a4711
user24	292	499	1270144474914	0	0	a813fef131ca9317d076135a4711
user24	291	499	1270144474922	0	0	a813fef131ca9317d076135a4711
user24	290	499	1270144474930	0	0	a813fef131ca9317d076135a4711
user24	289	497	1270144474938	0	0	a813fef131ca9317d076135a4711
user24	289	496	1270144474946	0	0	a813fef131ca9317d076135a4711
user24	288	495	1270144474954	0	0	a813fef131ca9317d076135a4711
user24	288	493	1270144474962	0	0	a813fef131ca9317d076135a4711
user24	288	492	1270144474970	0	0	a813fef131ca9317d076135a4711
user24	287	490	1270144474978	0	0	a813fef131ca9317d076135a4711
user24	287	489	1270144474986	0	0	a813fef131ca9317d076135a4711
user24	287	488	1270144475002	0	0	a813fef131ca9317d076135a4711
user24	287	487	1270144475050	0	0	a813fef131ca9317d076135a4711
user24	287	487	1270144475267	1270144475052	1270144475267	a813fef131ca9317d076135a4711
user24	288	487	1270144475442	0	0	a813fef131ca9317d076135a4711
user24	290	487	1270144475458	0	0	a813fef131ca9317d076135a4711
user24	292	487	1270144475466	0	0	a813fef131ca9317d076135a4711
user24	295	486	1270144475474	0	0	a813fef131ca9317d076135a4711
user24	299	486	1270144475482	0	0	a813fef131ca9317d076135a4711
user24	305	485	1270144475490	0	0	a813fef131ca9317d076135a4711
user24	312	485	1270144475498	0	0	a813fef131ca9317d076135a4711
user24	320	484	1270144475506	0	0	a813fef131ca9317d076135a4711
user24	328	483	1270144475514	0	0	a813fef131ca9317d076135a4711
user24	338	483	1270144475522	0	0	a813fef131ca9317d076135a4711
user24	349	482	1270144475530	0	0	a813fef131ca9317d076135a4711
user24	358	481	1270144475538	0	0	a813fef131ca9317d076135a4711
user24	369	480	1270144475546	0	0	a813fef131ca9317d076135a4711
user24	378	479	1270144475554	0	0	a813fef131ca9317d076135a4711
user24	387	477	1270144475562	0	0	a813fef131ca9317d076135a4711
user24	396	475	1270144475570	0	0	a813fef131ca9317d076135a4711
user24	404	474	1270144475578	0	0	a813fef131ca9317d076135a4711
user24	411	474	1270144475586	0	0	a813fef131ca9317d076135a4711
user24	417	472	1270144475594	0	0	a813fef131ca9317d076135a4711
user24	423	471	1270144475602	0	0	a813fef131ca9317d076135a4711
user24	427	470	1270144475610	0	0	a813fef131ca9317d076135a4711
user24	430	470	1270144475618	0	0	a813fef131ca9317d076135a4711
user24	434	470	1270144475626	0	0	a813fef131ca9317d076135a4711
user24	437	469	1270144475634	0	0	a813fef131ca9317d076135a4711
user24	439	468	1270144475642	0	0	a813fef131ca9317d076135a4711
user24	440	468	1270144475650	0	0	a813fef131ca9317d076135a4711
user24	442	467	1270144475658	0	0	a813fef131ca9317d076135a4711
user24	443	467	1270144479770	0	0	a813fef131ca9317d076135a4711
user24	448	466	1270144479778	0	0	a813fef131ca9317d076135a4711
user24	459	463	1270144479786	0	0	a813fef131ca9317d076135a4711
user24	479	460	1270144479794	0	0	a813fef131ca9317d076135a4711
user24	510	458	1270144479802	0	0	a813fef131ca9317d076135a4711
user24	536	460	1270144479810	0	0	a813fef131ca9317d076135a4711
user24	558	466	1270144479818	0	0	a813fef131ca9317d076135a4711
user24	575	471	1270144479826	0	0	a813fef131ca9317d076135a4711
user24	584	477	1270144479834	0	0	a813fef131ca9317d076135a4711
user24	589	479	1270144479842	0	0	a813fef131ca9317d076135a4711
user24	590	480	1270144479890	0	0	a813fef131ca9317d076135a4711
user24	591	481	1270144479898	0	0	a813fef131ca9317d076135a4711
user24	592	482	1270144479906	0	0	a813fef131ca9317d076135a4711
user24	594	485	1270144479914	0	0	a813fef131ca9317d076135a4711
user24	595	487	1270144479922	0	0	a813fef131ca9317d076135a4711
user24	596	489	1270144479930	0	0	a813fef131ca9317d076135a4711
user24	597	492	1270144479938	0	0	a813fef131ca9317d076135a4711
user24	598	493	1270144479946	0	0	a813fef131ca9317d076135a4711
user24	599	494	1270144479954	0	0	a813fef131ca9317d076135a4711
user24	599	496	1270144479962	0	0	a813fef131ca9317d076135a4711
user24	599	497	1270144479978	0	0	a813fef131ca9317d076135a4711
user24	599	498	1270144479986	0	0	a813fef131ca9317d076135a4711
user24	598	499	1270144479994	0	0	a813fef131ca9317d076135a4711
user24	596	501	1270144480002	0	0	a813fef131ca9317d076135a4711
user24	594	503	1270144480010	0	0	a813fef131ca9317d076135a4711
user24	590	505	1270144480018	0	0	a813fef131ca9317d076135a4711
user24	586	509	1270144480026	0	0	a813fef131ca9317d076135a4711
user24	581	513	1270144480034	0	0	a813fef131ca9317d076135a4711
user24	578	515	1270144480042	0	0	a813fef131ca9317d076135a4711
user24	573	519	1270144480050	0	0	a813fef131ca9317d076135a4711
user24	570	523	1270144480058	0	0	a813fef131ca9317d076135a4711
user24	568	524	1270144480066	0	0	a813fef131ca9317d076135a4711
user24	566	527	1270144480074	0	0	a813fef131ca9317d076135a4711
user24	565	528	1270144480082	0	0	a813fef131ca9317d076135a4711
user24	564	529	1270144480090	0	0	a813fef131ca9317d076135a4711
user24	563	530	1270144480098	0	0	a813fef131ca9317d076135a4711
user24	563	531	1270144480138	0	0	a813fef131ca9317d076135a4711
user24	564	532	1270144480154	0	0	a813fef131ca9317d076135a4711
user24	566	533	1270144480162	0	0	a813fef131ca9317d076135a4711
user24	569	533	1270144480170	0	0	a813fef131ca9317d076135a4711
user24	571	533	1270144480178	0	0	a813fef131ca9317d076135a4711
user24	574	533	1270144480186	0	0	a813fef131ca9317d076135a4711
user24	576	533	1270144480194	0	0	a813fef131ca9317d076135a4711
user24	578	533	1270144480202	0	0	a813fef131ca9317d076135a4711
user24	581	533	1270144480210	0	0	a813fef131ca9317d076135a4711
user24	585	533	1270144480218	0	0	a813fef131ca9317d076135a4711
user24	587	533	1270144480226	0	0	a813fef131ca9317d076135a4711
user24	590	532	1270144480234	0	0	a813fef131ca9317d076135a4711
user24	592	531	1270144480242	0	0	a813fef131ca9317d076135a4711
user24	594	531	1270144480250	0	0	a813fef131ca9317d076135a4711
user24	595	530	1270144480266	0	0	a813fef131ca9317d076135a4711
user24	596	530	1270144480290	0	0	a813fef131ca9317d076135a4711
user24	597	531	1270144480306	0	0	a813fef131ca9317d076135a4711
user24	598	531	1270144480314	0	0	a813fef131ca9317d076135a4711
user24	599	532	1270144480322	0	0	a813fef131ca9317d076135a4711
user24	600	533	1270144480330	0	0	a813fef131ca9317d076135a4711
user24	601	535	1270144480338	0	0	a813fef131ca9317d076135a4711
user24	604	536	1270144480346	0	0	a813fef131ca9317d076135a4711
user24	604	538	1270144480354	0	0	a813fef131ca9317d076135a4711
user24	606	540	1270144480362	0	0	a813fef131ca9317d076135a4711
user24	607	540	1270144480370	0	0	a813fef131ca9317d076135a4711
user24	607	542	1270144480378	0	0	a813fef131ca9317d076135a4711
user24	607	544	1270144480386	0	0	a813fef131ca9317d076135a4711
user24	607	546	1270144480394	0	0	a813fef131ca9317d076135a4711
user24	607	548	1270144480402	0	0	a813fef131ca9317d076135a4711
user24	607	550	1270144480410	0	0	a813fef131ca9317d076135a4711
user24	606	554	1270144480418	0	0	a813fef131ca9317d076135a4711
user24	604	556	1270144480426	0	0	a813fef131ca9317d076135a4711
user24	603	558	1270144480434	0	0	a813fef131ca9317d076135a4711
user24	600	560	1270144480442	0	0	a813fef131ca9317d076135a4711
user24	597	561	1270144480450	0	0	a813fef131ca9317d076135a4711
user24	594	563	1270144480458	0	0	a813fef131ca9317d076135a4711
user24	592	564	1270144480466	0	0	a813fef131ca9317d076135a4711
user24	587	565	1270144480474	0	0	a813fef131ca9317d076135a4711
user24	585	565	1270144480482	0	0	a813fef131ca9317d076135a4711
user24	582	565	1270144480490	0	0	a813fef131ca9317d076135a4711
user24	579	565	1270144480498	0	0	a813fef131ca9317d076135a4711
user24	576	565	1270144480506	0	0	a813fef131ca9317d076135a4711
user24	574	564	1270144480514	0	0	a813fef131ca9317d076135a4711
user24	570	562	1270144480522	0	0	a813fef131ca9317d076135a4711
user24	567	562	1270144480530	0	0	a813fef131ca9317d076135a4711
user24	565	561	1270144480538	0	0	a813fef131ca9317d076135a4711
user24	564	560	1270144480546	0	0	a813fef131ca9317d076135a4711
user24	563	560	1270144480554	0	0	a813fef131ca9317d076135a4711
user24	562	560	1270144480562	0	0	a813fef131ca9317d076135a4711
user24	561	560	1270144480586	0	0	a813fef131ca9317d076135a4711
user24	561	559	1270144480658	0	0	a813fef131ca9317d076135a4711
user24	561	558	1270144480666	0	0	a813fef131ca9317d076135a4711
user24	561	557	1270144480706	0	0	a813fef131ca9317d076135a4711
user24	562	557	1270144480714	0	0	a813fef131ca9317d076135a4711
user24	563	557	1270144480722	0	0	a813fef131ca9317d076135a4711
user24	566	556	1270144480730	0	0	a813fef131ca9317d076135a4711
user24	567	555	1270144480738	0	0	a813fef131ca9317d076135a4711
user24	569	555	1270144480746	0	0	a813fef131ca9317d076135a4711
user24	571	555	1270144480754	0	0	a813fef131ca9317d076135a4711
user24	573	554	1270144480762	0	0	a813fef131ca9317d076135a4711
user24	575	554	1270144480770	0	0	a813fef131ca9317d076135a4711
user24	576	554	1270144480778	0	0	a813fef131ca9317d076135a4711
user24	578	554	1270144480786	0	0	a813fef131ca9317d076135a4711
user24	579	552	1270144480794	0	0	a813fef131ca9317d076135a4711
user24	581	551	1270144480802	0	0	a813fef131ca9317d076135a4711
user24	582	550	1270144480818	0	0	a813fef131ca9317d076135a4711
user24	583	550	1270144480826	0	0	a813fef131ca9317d076135a4711
user24	583	549	1270144480858	0	0	a813fef131ca9317d076135a4711
user24	583	549	1270144481082	1270144480859	1270144481082	a813fef131ca9317d076135a4711
user24	449	273	1270144486434	0	0	a813fef131ca9317d076135a4711
user24	448	273	1270144486442	0	0	a813fef131ca9317d076135a4711
user24	447	274	1270144486450	0	0	a813fef131ca9317d076135a4711
user24	446	274	1270144486458	0	0	a813fef131ca9317d076135a4711
user24	444	274	1270144486474	0	0	a813fef131ca9317d076135a4711
user24	446	274	1270144486650	0	0	a813fef131ca9317d076135a4711
user24	449	274	1270144486658	0	0	a813fef131ca9317d076135a4711
user24	451	273	1270144486666	0	0	a813fef131ca9317d076135a4711
user24	454	272	1270144486674	0	0	a813fef131ca9317d076135a4711
user24	457	271	1270144486682	0	0	a813fef131ca9317d076135a4711
user24	463	270	1270144486690	0	0	a813fef131ca9317d076135a4711
user24	469	268	1270144486698	0	0	a813fef131ca9317d076135a4711
user24	473	268	1270144486706	0	0	a813fef131ca9317d076135a4711
user24	475	267	1270144486714	0	0	a813fef131ca9317d076135a4711
user24	478	266	1270144486722	0	0	a813fef131ca9317d076135a4711
user24	479	265	1270144486730	0	0	a813fef131ca9317d076135a4711
user24	480	265	1270144486738	0	0	a813fef131ca9317d076135a4711
user24	481	265	1270144486746	0	0	a813fef131ca9317d076135a4711
user24	482	264	1270144486754	0	0	a813fef131ca9317d076135a4711
user24	485	263	1270144486762	0	0	a813fef131ca9317d076135a4711
user24	487	261	1270144486770	0	0	a813fef131ca9317d076135a4711
user24	489	259	1270144486778	0	0	a813fef131ca9317d076135a4711
user24	493	257	1270144486786	0	0	a813fef131ca9317d076135a4711
user24	495	255	1270144486794	0	0	a813fef131ca9317d076135a4711
user24	499	252	1270144486802	0	0	a813fef131ca9317d076135a4711
user24	503	248	1270144486810	0	0	a813fef131ca9317d076135a4711
user24	508	244	1270144486818	0	0	a813fef131ca9317d076135a4711
user24	515	240	1270144486826	0	0	a813fef131ca9317d076135a4711
user24	521	236	1270144486834	0	0	a813fef131ca9317d076135a4711
user24	527	232	1270144486842	0	0	a813fef131ca9317d076135a4711
user24	536	226	1270144486850	0	0	a813fef131ca9317d076135a4711
user24	543	222	1270144486858	0	0	a813fef131ca9317d076135a4711
user24	550	219	1270144486866	0	0	a813fef131ca9317d076135a4711
user24	557	215	1270144486874	0	0	a813fef131ca9317d076135a4711
user24	563	212	1270144486882	0	0	a813fef131ca9317d076135a4711
user24	568	208	1270144486890	0	0	a813fef131ca9317d076135a4711
user24	572	205	1270144486898	0	0	a813fef131ca9317d076135a4711
user24	575	201	1270144486906	0	0	a813fef131ca9317d076135a4711
user24	578	200	1270144486914	0	0	a813fef131ca9317d076135a4711
user24	581	197	1270144486922	0	0	a813fef131ca9317d076135a4711
user24	582	195	1270144486930	0	0	a813fef131ca9317d076135a4711
user24	584	193	1270144486938	0	0	a813fef131ca9317d076135a4711
user24	585	191	1270144486946	0	0	a813fef131ca9317d076135a4711
user24	586	189	1270144486954	0	0	a813fef131ca9317d076135a4711
user24	587	188	1270144486962	0	0	a813fef131ca9317d076135a4711
user24	587	185	1270144486970	0	0	a813fef131ca9317d076135a4711
user24	588	183	1270144486978	0	0	a813fef131ca9317d076135a4711
user24	588	181	1270144486986	0	0	a813fef131ca9317d076135a4711
user24	589	179	1270144486994	0	0	a813fef131ca9317d076135a4711
user24	590	177	1270144487002	0	0	a813fef131ca9317d076135a4711
user24	590	175	1270144487011	0	0	a813fef131ca9317d076135a4711
user24	591	174	1270144487018	0	0	a813fef131ca9317d076135a4711
user24	592	173	1270144487026	0	0	a813fef131ca9317d076135a4711
user24	592	172	1270144487034	0	0	a813fef131ca9317d076135a4711
user24	593	171	1270144487042	0	0	a813fef131ca9317d076135a4711
user24	593	170	1270144487058	0	0	a813fef131ca9317d076135a4711
user24	594	169	1270144487074	0	0	a813fef131ca9317d076135a4711
user24	596	169	1270144487234	0	0	a813fef131ca9317d076135a4711
user24	597	169	1270144487250	0	0	a813fef131ca9317d076135a4711
user24	599	170	1270144487258	0	0	a813fef131ca9317d076135a4711
user24	601	170	1270144487266	0	0	a813fef131ca9317d076135a4711
user24	603	171	1270144487274	0	0	a813fef131ca9317d076135a4711
user24	605	171	1270144487282	0	0	a813fef131ca9317d076135a4711
user24	609	172	1270144487290	0	0	a813fef131ca9317d076135a4711
user24	612	172	1270144487298	0	0	a813fef131ca9317d076135a4711
user24	617	172	1270144487306	0	0	a813fef131ca9317d076135a4711
user24	623	173	1270144487314	0	0	a813fef131ca9317d076135a4711
user24	629	173	1270144487322	0	0	a813fef131ca9317d076135a4711
user24	636	173	1270144487330	0	0	a813fef131ca9317d076135a4711
user24	645	174	1270144487338	0	0	a813fef131ca9317d076135a4711
user24	654	175	1270144487346	0	0	a813fef131ca9317d076135a4711
user24	663	175	1270144487354	0	0	a813fef131ca9317d076135a4711
user24	672	175	1270144487362	0	0	a813fef131ca9317d076135a4711
user24	680	175	1270144487370	0	0	a813fef131ca9317d076135a4711
user24	689	175	1270144487378	0	0	a813fef131ca9317d076135a4711
user24	696	175	1270144487386	0	0	a813fef131ca9317d076135a4711
user24	701	174	1270144487394	0	0	a813fef131ca9317d076135a4711
user24	706	172	1270144487402	0	0	a813fef131ca9317d076135a4711
user24	709	171	1270144487410	0	0	a813fef131ca9317d076135a4711
user24	711	170	1270144487418	0	0	a813fef131ca9317d076135a4711
user24	712	169	1270144487426	0	0	a813fef131ca9317d076135a4711
user24	713	167	1270144487434	0	0	a813fef131ca9317d076135a4711
user24	713	167	1270144487610	1270144487466	1270144487610	a813fef131ca9317d076135a4711
user24	712	166	1270144487738	0	0	a813fef131ca9317d076135a4711
user24	709	166	1270144487746	0	0	a813fef131ca9317d076135a4711
user24	706	165	1270144487754	0	0	a813fef131ca9317d076135a4711
user24	700	164	1270144487762	0	0	a813fef131ca9317d076135a4711
user24	694	163	1270144487770	0	0	a813fef131ca9317d076135a4711
user24	690	162	1270144487778	0	0	a813fef131ca9317d076135a4711
user24	686	162	1270144487786	0	0	a813fef131ca9317d076135a4711
user24	682	161	1270144487794	0	0	a813fef131ca9317d076135a4711
user24	680	161	1270144487802	0	0	a813fef131ca9317d076135a4711
user24	679	161	1270144487810	0	0	a813fef131ca9317d076135a4711
user24	677	161	1270144487818	0	0	a813fef131ca9317d076135a4711
user24	677	161	1270144487978	1270144487842	1270144487978	a813fef131ca9317d076135a4711
user24	496	48	1270145003724	0	0	a813fef131ca9317d076135a4711
user24	494	46	1270145003731	0	0	a813fef131ca9317d076135a4711
user24	489	43	1270145003739	0	0	a813fef131ca9317d076135a4711
user24	483	40	1270145003747	0	0	a813fef131ca9317d076135a4711
user24	475	37	1270145003756	0	0	a813fef131ca9317d076135a4711
user24	466	32	1270145003763	0	0	a813fef131ca9317d076135a4711
user24	456	29	1270145003771	0	0	a813fef131ca9317d076135a4711
user24	445	24	1270145003779	0	0	a813fef131ca9317d076135a4711
user24	433	21	1270145003787	0	0	a813fef131ca9317d076135a4711
user24	422	18	1270145003795	0	0	a813fef131ca9317d076135a4711
user24	410	13	1270145003803	0	0	a813fef131ca9317d076135a4711
user24	397	10	1270145003811	0	0	a813fef131ca9317d076135a4711
user24	386	7	1270145003819	0	0	a813fef131ca9317d076135a4711
user24	375	4	1270145003827	0	0	a813fef131ca9317d076135a4711
user24	164	12	1270145019011	0	0	a813fef131ca9317d076135a4711
user24	182	27	1270145019018	0	0	a813fef131ca9317d076135a4711
user24	208	48	1270145019026	0	0	a813fef131ca9317d076135a4711
user24	229	67	1270145019035	0	0	a813fef131ca9317d076135a4711
user24	252	87	1270145019043	0	0	a813fef131ca9317d076135a4711
user24	278	110	1270145019050	0	0	a813fef131ca9317d076135a4711
user24	305	135	1270145019059	0	0	a813fef131ca9317d076135a4711
user24	334	160	1270145019067	0	0	a813fef131ca9317d076135a4711
user24	363	185	1270145019074	0	0	a813fef131ca9317d076135a4711
user24	392	211	1270145019083	0	0	a813fef131ca9317d076135a4711
user24	426	237	1270145019090	0	0	a813fef131ca9317d076135a4711
user24	457	261	1270145019099	0	0	a813fef131ca9317d076135a4711
user24	487	281	1270145019107	0	0	a813fef131ca9317d076135a4711
user24	514	296	1270145019115	0	0	a813fef131ca9317d076135a4711
user24	538	307	1270145019123	0	0	a813fef131ca9317d076135a4711
user24	559	316	1270145019131	0	0	a813fef131ca9317d076135a4711
user24	575	324	1270145019139	0	0	a813fef131ca9317d076135a4711
user24	587	328	1270145019147	0	0	a813fef131ca9317d076135a4711
user24	601	333	1270145019155	0	0	a813fef131ca9317d076135a4711
user24	614	336	1270145019163	0	0	a813fef131ca9317d076135a4711
user24	626	340	1270145019171	0	0	a813fef131ca9317d076135a4711
user24	639	341	1270145019178	0	0	a813fef131ca9317d076135a4711
user24	652	342	1270145019187	0	0	a813fef131ca9317d076135a4711
user24	664	342	1270145019195	0	0	a813fef131ca9317d076135a4711
user24	677	342	1270145019203	0	0	a813fef131ca9317d076135a4711
user24	688	339	1270145019211	0	0	a813fef131ca9317d076135a4711
user24	701	334	1270145019219	0	0	a813fef131ca9317d076135a4711
user24	712	327	1270145019226	0	0	a813fef131ca9317d076135a4711
user24	725	319	1270145019234	0	0	a813fef131ca9317d076135a4711
user24	737	309	1270145019242	0	0	a813fef131ca9317d076135a4711
user24	750	298	1270145019251	0	0	a813fef131ca9317d076135a4711
user24	763	285	1270145019259	0	0	a813fef131ca9317d076135a4711
user24	774	272	1270145019267	0	0	a813fef131ca9317d076135a4711
user24	784	260	1270145019274	0	0	a813fef131ca9317d076135a4711
user24	791	251	1270145019282	0	0	a813fef131ca9317d076135a4711
user24	797	242	1270145019290	0	0	a813fef131ca9317d076135a4711
user24	800	237	1270145019298	0	0	a813fef131ca9317d076135a4711
user24	805	232	1270145019306	0	0	a813fef131ca9317d076135a4711
user24	807	230	1270145019314	0	0	a813fef131ca9317d076135a4711
user24	809	228	1270145019322	0	0	a813fef131ca9317d076135a4711
user24	811	226	1270145019330	0	0	a813fef131ca9317d076135a4711
user24	813	225	1270145019338	0	0	a813fef131ca9317d076135a4711
user24	814	223	1270145019347	0	0	a813fef131ca9317d076135a4711
user24	815	222	1270145019355	0	0	a813fef131ca9317d076135a4711
user24	817	221	1270145019362	0	0	a813fef131ca9317d076135a4711
user24	818	220	1270145019370	0	0	a813fef131ca9317d076135a4711
user24	819	219	1270145019378	0	0	a813fef131ca9317d076135a4711
user24	819	218	1270145019387	0	0	a813fef131ca9317d076135a4711
user24	820	216	1270145019394	0	0	a813fef131ca9317d076135a4711
user24	821	215	1270145019402	0	0	a813fef131ca9317d076135a4711
user24	824	213	1270145019410	0	0	a813fef131ca9317d076135a4711
user24	826	211	1270145019418	0	0	a813fef131ca9317d076135a4711
user24	828	209	1270145019426	0	0	a813fef131ca9317d076135a4711
user24	832	205	1270145019434	0	0	a813fef131ca9317d076135a4711
user24	836	203	1270145019442	0	0	a813fef131ca9317d076135a4711
user24	839	200	1270145019450	0	0	a813fef131ca9317d076135a4711
user24	841	199	1270145019458	0	0	a813fef131ca9317d076135a4711
user24	844	198	1270145019466	0	0	a813fef131ca9317d076135a4711
user24	846	197	1270145019475	0	0	a813fef131ca9317d076135a4711
user24	847	195	1270145019482	0	0	a813fef131ca9317d076135a4711
user24	849	195	1270145019490	0	0	a813fef131ca9317d076135a4711
user24	849	194	1270145019498	0	0	a813fef131ca9317d076135a4711
user24	851	193	1270145019507	0	0	a813fef131ca9317d076135a4711
user24	851	192	1270145019514	0	0	a813fef131ca9317d076135a4711
user24	852	190	1270145019530	0	0	a813fef131ca9317d076135a4711
user24	852	189	1270145019538	0	0	a813fef131ca9317d076135a4711
user24	852	188	1270145019546	0	0	a813fef131ca9317d076135a4711
user24	852	186	1270145019554	0	0	a813fef131ca9317d076135a4711
user24	850	185	1270145019563	0	0	a813fef131ca9317d076135a4711
user24	847	182	1270145019570	0	0	a813fef131ca9317d076135a4711
user24	841	179	1270145019578	0	0	a813fef131ca9317d076135a4711
user24	833	176	1270145019586	0	0	a813fef131ca9317d076135a4711
user24	823	173	1270145019594	0	0	a813fef131ca9317d076135a4711
user24	814	171	1270145019602	0	0	a813fef131ca9317d076135a4711
user24	801	170	1270145019610	0	0	a813fef131ca9317d076135a4711
user24	790	167	1270145019618	0	0	a813fef131ca9317d076135a4711
user24	777	167	1270145019626	0	0	a813fef131ca9317d076135a4711
user24	765	167	1270145019635	0	0	a813fef131ca9317d076135a4711
user24	752	167	1270145019642	0	0	a813fef131ca9317d076135a4711
user24	740	168	1270145019650	0	0	a813fef131ca9317d076135a4711
user24	730	168	1270145019658	0	0	a813fef131ca9317d076135a4711
user24	722	169	1270145019666	0	0	a813fef131ca9317d076135a4711
user24	715	169	1270145019675	0	0	a813fef131ca9317d076135a4711
user24	708	169	1270145019683	0	0	a813fef131ca9317d076135a4711
user24	704	169	1270145019690	0	0	a813fef131ca9317d076135a4711
user24	701	169	1270145019698	0	0	a813fef131ca9317d076135a4711
user24	698	169	1270145019706	0	0	a813fef131ca9317d076135a4711
user24	697	169	1270145019714	0	0	a813fef131ca9317d076135a4711
user24	695	169	1270145019722	0	0	a813fef131ca9317d076135a4711
user24	695	169	1270145019891	1270145019771	1270145019891	a813fef131ca9317d076135a4711
