User	X	Y	MouseTimeStamp	MouseDownTimeStamp	MouseUpTimeStamp	SessionID
user22	456	292	1272813603226	0	0	99a24931aa457b58940b2a66390f
user22	460	291	1272813603229	0	0	99a24931aa457b58940b2a66390f
user22	463	290	1272813603240	0	0	99a24931aa457b58940b2a66390f
user22	469	288	1272813603252	0	0	99a24931aa457b58940b2a66390f
user22	470	288	1272813603277	0	0	99a24931aa457b58940b2a66390f
user22	474	288	1272813603288	0	0	99a24931aa457b58940b2a66390f
user22	476	287	1272813603314	0	0	99a24931aa457b58940b2a66390f
user22	479	287	1272813603327	0	0	99a24931aa457b58940b2a66390f
user22	480	287	1272813603342	0	0	99a24931aa457b58940b2a66390f
user22	478	287	1272813603362	0	0	99a24931aa457b58940b2a66390f
user22	479	287	1272813604253	0	0	99a24931aa457b58940b2a66390f
user22	480	287	1272813604279	0	0	99a24931aa457b58940b2a66390f
user22	482	287	1272813604292	0	0	99a24931aa457b58940b2a66390f
user22	486	287	1272813604319	0	0	99a24931aa457b58940b2a66390f
user22	496	289	1272813604328	0	0	99a24931aa457b58940b2a66390f
user22	506	290	1272813604341	0	0	99a24931aa457b58940b2a66390f
user22	529	291	1272813604354	0	0	99a24931aa457b58940b2a66390f
user22	543	293	1272813604366	0	0	99a24931aa457b58940b2a66390f
user22	554	293	1272813604379	0	0	99a24931aa457b58940b2a66390f
user22	564	293	1272813604391	0	0	99a24931aa457b58940b2a66390f
user22	585	295	1272813604404	0	0	99a24931aa457b58940b2a66390f
user22	602	295	1272813604416	0	0	99a24931aa457b58940b2a66390f
user22	617	293	1272813604429	0	0	99a24931aa457b58940b2a66390f
user22	635	293	1272813604441	0	0	99a24931aa457b58940b2a66390f
user22	668	291	1272813604453	0	0	99a24931aa457b58940b2a66390f
user22	689	289	1272813604466	0	0	99a24931aa457b58940b2a66390f
user22	708	289	1272813604478	0	0	99a24931aa457b58940b2a66390f
user22	726	287	1272813604491	0	0	99a24931aa457b58940b2a66390f
user22	763	284	1272813604504	0	0	99a24931aa457b58940b2a66390f
user22	788	282	1272813604517	0	0	99a24931aa457b58940b2a66390f
user22	803	280	1272813604530	0	0	99a24931aa457b58940b2a66390f
user22	836	277	1272813604543	0	0	99a24931aa457b58940b2a66390f
user22	855	275	1272813604557	0	0	99a24931aa457b58940b2a66390f
user22	873	273	1272813604568	0	0	99a24931aa457b58940b2a66390f
user22	902	268	1272813604581	0	0	99a24931aa457b58940b2a66390f
user22	917	266	1272813604593	0	0	99a24931aa457b58940b2a66390f
user22	932	263	1272813604605	0	0	99a24931aa457b58940b2a66390f
user22	943	261	1272813604618	0	0	99a24931aa457b58940b2a66390f
user22	960	256	1272813604630	0	0	99a24931aa457b58940b2a66390f
user22	969	251	1272813604641	0	0	99a24931aa457b58940b2a66390f
user22	973	247	1272813604666	0	0	99a24931aa457b58940b2a66390f
user22	976	241	1272813604679	0	0	99a24931aa457b58940b2a66390f
user22	980	233	1272813604692	0	0	99a24931aa457b58940b2a66390f
user22	980	224	1272813604710	0	0	99a24931aa457b58940b2a66390f
user22	981	216	1272813604717	0	0	99a24931aa457b58940b2a66390f
user22	981	210	1272813604730	0	0	99a24931aa457b58940b2a66390f
user22	983	196	1272813604740	0	0	99a24931aa457b58940b2a66390f
user22	982	196	1272813604817	0	0	99a24931aa457b58940b2a66390f
user22	980	194	1272813604832	0	0	99a24931aa457b58940b2a66390f
user22	978	193	1272813604844	0	0	99a24931aa457b58940b2a66390f
user22	976	191	1272813604856	0	0	99a24931aa457b58940b2a66390f
user22	974	189	1272813604907	0	0	99a24931aa457b58940b2a66390f
user22	972	187	1272813604919	0	0	99a24931aa457b58940b2a66390f
user22	971	186	1272813604932	0	0	99a24931aa457b58940b2a66390f
user22	969	183	1272813604989	0	0	99a24931aa457b58940b2a66390f
user22	968	183	1272813605015	0	0	99a24931aa457b58940b2a66390f
user22	968	182	1272813605025	0	0	99a24931aa457b58940b2a66390f
user22	967	180	1272813605053	0	0	99a24931aa457b58940b2a66390f
user22	966	177	1272813605066	0	0	99a24931aa457b58940b2a66390f
user22	965	174	1272813605078	0	0	99a24931aa457b58940b2a66390f
user22	965	171	1272813605091	0	0	99a24931aa457b58940b2a66390f
user22	964	168	1272813605104	0	0	99a24931aa457b58940b2a66390f
user22	963	165	1272813605115	0	0	99a24931aa457b58940b2a66390f
user22	962	165	1272813605142	0	0	99a24931aa457b58940b2a66390f
user22	963	165	1272813605152	0	0	99a24931aa457b58940b2a66390f
user22	963	165	1272813605462	1272813605213	1272813605462	99a24931aa457b58940b2a66390f
user22	963	166	1272813609913	0	0	99a24931aa457b58940b2a66390f
user22	962	166	1272813609962	0	0	99a24931aa457b58940b2a66390f
user22	963	167	1272813610046	0	0	99a24931aa457b58940b2a66390f
user22	964	168	1272813610058	0	0	99a24931aa457b58940b2a66390f
user22	965	170	1272813610071	0	0	99a24931aa457b58940b2a66390f
user22	967	172	1272813610083	0	0	99a24931aa457b58940b2a66390f
user22	969	174	1272813610096	0	0	99a24931aa457b58940b2a66390f
user22	972	177	1272813610108	0	0	99a24931aa457b58940b2a66390f
user22	977	182	1272813610120	0	0	99a24931aa457b58940b2a66390f
user22	979	185	1272813610133	0	0	99a24931aa457b58940b2a66390f
user22	982	187	1272813610146	0	0	99a24931aa457b58940b2a66390f
user22	984	190	1272813610158	0	0	99a24931aa457b58940b2a66390f
user22	991	197	1272813610171	0	0	99a24931aa457b58940b2a66390f
user22	994	200	1272813610183	0	0	99a24931aa457b58940b2a66390f
user22	997	203	1272813610197	0	0	99a24931aa457b58940b2a66390f
user22	1000	207	1272813610210	0	0	99a24931aa457b58940b2a66390f
user22	1005	214	1272813610223	0	0	99a24931aa457b58940b2a66390f
user22	1008	217	1272813610236	0	0	99a24931aa457b58940b2a66390f
user22	1010	221	1272813610248	0	0	99a24931aa457b58940b2a66390f
user22	1013	224	1272813610262	0	0	99a24931aa457b58940b2a66390f
user22	1014	226	1272813610275	0	0	99a24931aa457b58940b2a66390f
user22	1015	226	1272813610286	0	0	99a24931aa457b58940b2a66390f
user22	1015	227	1272813610330	0	0	99a24931aa457b58940b2a66390f
user22	1014	229	1272813610366	0	0	99a24931aa457b58940b2a66390f
user22	1015	232	1272813610385	0	0	99a24931aa457b58940b2a66390f
user22	1016	235	1272813610398	0	0	99a24931aa457b58940b2a66390f
user22	1017	240	1272813610410	0	0	99a24931aa457b58940b2a66390f
user22	1019	243	1272813610422	0	0	99a24931aa457b58940b2a66390f
user22	1021	250	1272813610434	0	0	99a24931aa457b58940b2a66390f
user22	1023	253	1272813610447	0	0	99a24931aa457b58940b2a66390f
user22	1024	256	1272813610459	0	0	99a24931aa457b58940b2a66390f
user22	1025	258	1272813610473	0	0	99a24931aa457b58940b2a66390f
user22	1028	263	1272813610486	0	0	99a24931aa457b58940b2a66390f
user22	1029	264	1272813610500	0	0	99a24931aa457b58940b2a66390f
user22	1029	265	1272813610512	0	0	99a24931aa457b58940b2a66390f
user22	1030	266	1272813610523	0	0	99a24931aa457b58940b2a66390f
user22	1030	267	1272813610577	0	0	99a24931aa457b58940b2a66390f
user22	1031	267	1272813610581	0	0	99a24931aa457b58940b2a66390f
user22	1031	268	1272813610608	0	0	99a24931aa457b58940b2a66390f
user22	1031	269	1272813610640	0	0	99a24931aa457b58940b2a66390f
user22	1031	270	1272813610690	0	0	99a24931aa457b58940b2a66390f
user22	1032	270	1272813610740	0	0	99a24931aa457b58940b2a66390f
user22	1032	270	1272813610939	1272813610771	1272813610939	99a24931aa457b58940b2a66390f
user22	1032	241	1272813615242	0	0	99a24931aa457b58940b2a66390f
user22	1032	240	1272813615255	0	0	99a24931aa457b58940b2a66390f
user22	1031	237	1272813615269	0	0	99a24931aa457b58940b2a66390f
user22	1030	234	1272813615281	0	0	99a24931aa457b58940b2a66390f
user22	1028	229	1272813615294	0	0	99a24931aa457b58940b2a66390f
user22	1025	217	1272813615306	0	0	99a24931aa457b58940b2a66390f
user22	1023	210	1272813615317	0	0	99a24931aa457b58940b2a66390f
user22	1023	198	1272813615343	0	0	99a24931aa457b58940b2a66390f
user22	1024	187	1272813615356	0	0	99a24931aa457b58940b2a66390f
user22	1026	172	1272813615368	0	0	99a24931aa457b58940b2a66390f
user22	1028	157	1272813615381	0	0	99a24931aa457b58940b2a66390f
user22	1032	139	1272813615393	0	0	99a24931aa457b58940b2a66390f
user22	1036	131	1272813615406	0	0	99a24931aa457b58940b2a66390f
user22	1038	126	1272813615418	0	0	99a24931aa457b58940b2a66390f
user22	1039	119	1272813615431	0	0	99a24931aa457b58940b2a66390f
user22	1043	108	1272813615444	0	0	99a24931aa457b58940b2a66390f
user22	1045	107	1272813615456	0	0	99a24931aa457b58940b2a66390f
user22	1046	104	1272813615532	0	0	99a24931aa457b58940b2a66390f
user22	1045	105	1272813615583	0	0	99a24931aa457b58940b2a66390f
user22	1044	105	1272813615625	0	0	99a24931aa457b58940b2a66390f
user22	1043	106	1272813615638	0	0	99a24931aa457b58940b2a66390f
user22	1041	106	1272813615650	0	0	99a24931aa457b58940b2a66390f
user22	1039	107	1272813615663	0	0	99a24931aa457b58940b2a66390f
user22	1036	108	1272813615675	0	0	99a24931aa457b58940b2a66390f
user22	1034	109	1272813615697	0	0	99a24931aa457b58940b2a66390f
user22	1028	110	1272813615701	0	0	99a24931aa457b58940b2a66390f
user22	1024	111	1272813615714	0	0	99a24931aa457b58940b2a66390f
user22	1021	112	1272813615726	0	0	99a24931aa457b58940b2a66390f
user22	1017	113	1272813615738	0	0	99a24931aa457b58940b2a66390f
user22	1014	114	1272813615751	0	0	99a24931aa457b58940b2a66390f
user22	1011	115	1272813615763	0	0	99a24931aa457b58940b2a66390f
user22	1008	116	1272813615776	0	0	99a24931aa457b58940b2a66390f
user22	1001	119	1272813615789	0	0	99a24931aa457b58940b2a66390f
user22	998	120	1272813615800	0	0	99a24931aa457b58940b2a66390f
user22	994	122	1272813615813	0	0	99a24931aa457b58940b2a66390f
user22	990	123	1272813615826	0	0	99a24931aa457b58940b2a66390f
user22	984	126	1272813615848	0	0	99a24931aa457b58940b2a66390f
user22	981	127	1272813615853	0	0	99a24931aa457b58940b2a66390f
user22	977	129	1272813615866	0	0	99a24931aa457b58940b2a66390f
user22	970	132	1272813615878	0	0	99a24931aa457b58940b2a66390f
user22	966	134	1272813615891	0	0	99a24931aa457b58940b2a66390f
user22	962	136	1272813615903	0	0	99a24931aa457b58940b2a66390f
user22	958	138	1272813615918	0	0	99a24931aa457b58940b2a66390f
user22	953	140	1272813615938	0	0	99a24931aa457b58940b2a66390f
user22	949	142	1272813615950	0	0	99a24931aa457b58940b2a66390f
user22	940	147	1272813615964	0	0	99a24931aa457b58940b2a66390f
user22	937	149	1272813615976	0	0	99a24931aa457b58940b2a66390f
user22	933	150	1272813615989	0	0	99a24931aa457b58940b2a66390f
user22	927	153	1272813616001	0	0	99a24931aa457b58940b2a66390f
user22	913	159	1272813616014	0	0	99a24931aa457b58940b2a66390f
user22	906	163	1272813616026	0	0	99a24931aa457b58940b2a66390f
user22	899	166	1272813616039	0	0	99a24931aa457b58940b2a66390f
user22	892	167	1272813616052	0	0	99a24931aa457b58940b2a66390f
user22	881	173	1272813616064	0	0	99a24931aa457b58940b2a66390f
user22	872	174	1272813616077	0	0	99a24931aa457b58940b2a66390f
user22	865	177	1272813616092	0	0	99a24931aa457b58940b2a66390f
user22	859	180	1272813616106	0	0	99a24931aa457b58940b2a66390f
user22	846	183	1272813616118	0	0	99a24931aa457b58940b2a66390f
user22	831	188	1272813616131	0	0	99a24931aa457b58940b2a66390f
user22	823	189	1272813616144	0	0	99a24931aa457b58940b2a66390f
user22	817	191	1272813616157	0	0	99a24931aa457b58940b2a66390f
user22	811	192	1272813616169	0	0	99a24931aa457b58940b2a66390f
user22	797	195	1272813616182	0	0	99a24931aa457b58940b2a66390f
user22	789	195	1272813616195	0	0	99a24931aa457b58940b2a66390f
user22	783	196	1272813616208	0	0	99a24931aa457b58940b2a66390f
user22	771	196	1272813616220	0	0	99a24931aa457b58940b2a66390f
user22	763	196	1272813616232	0	0	99a24931aa457b58940b2a66390f
user22	756	196	1272813616245	0	0	99a24931aa457b58940b2a66390f
user22	749	196	1272813616257	0	0	99a24931aa457b58940b2a66390f
user22	739	196	1272813616270	0	0	99a24931aa457b58940b2a66390f
user22	732	195	1272813616282	0	0	99a24931aa457b58940b2a66390f
user22	725	195	1272813616294	0	0	99a24931aa457b58940b2a66390f
user22	718	195	1272813616307	0	0	99a24931aa457b58940b2a66390f
user22	705	193	1272813616320	0	0	99a24931aa457b58940b2a66390f
user22	698	193	1272813616332	0	0	99a24931aa457b58940b2a66390f
user22	692	192	1272813616345	0	0	99a24931aa457b58940b2a66390f
user22	686	192	1272813616358	0	0	99a24931aa457b58940b2a66390f
user22	673	190	1272813616371	0	0	99a24931aa457b58940b2a66390f
user22	666	190	1272813616383	0	0	99a24931aa457b58940b2a66390f
user22	660	189	1272813616396	0	0	99a24931aa457b58940b2a66390f
user22	654	187	1272813616408	0	0	99a24931aa457b58940b2a66390f
user22	641	186	1272813616421	0	0	99a24931aa457b58940b2a66390f
user22	634	184	1272813616434	0	0	99a24931aa457b58940b2a66390f
user22	627	183	1272813616447	0	0	99a24931aa457b58940b2a66390f
user22	616	181	1272813616459	0	0	99a24931aa457b58940b2a66390f
user22	609	180	1272813616471	0	0	99a24931aa457b58940b2a66390f
user22	602	178	1272813616484	0	0	99a24931aa457b58940b2a66390f
user22	596	177	1272813616496	0	0	99a24931aa457b58940b2a66390f
user22	585	174	1272813616510	0	0	99a24931aa457b58940b2a66390f
user22	578	173	1272813616524	0	0	99a24931aa457b58940b2a66390f
user22	572	171	1272813616537	0	0	99a24931aa457b58940b2a66390f
user22	562	169	1272813616549	0	0	99a24931aa457b58940b2a66390f
user22	555	167	1272813616561	0	0	99a24931aa457b58940b2a66390f
user22	551	166	1272813616587	0	0	99a24931aa457b58940b2a66390f
user22	547	165	1272813616599	0	0	99a24931aa457b58940b2a66390f
user22	539	162	1272813616612	0	0	99a24931aa457b58940b2a66390f
user22	531	161	1272813616626	0	0	99a24931aa457b58940b2a66390f
user22	526	159	1272813616638	0	0	99a24931aa457b58940b2a66390f
user22	522	157	1272813616651	0	0	99a24931aa457b58940b2a66390f
user22	518	155	1272813616663	0	0	99a24931aa457b58940b2a66390f
user22	516	155	1272813616676	0	0	99a24931aa457b58940b2a66390f
user22	515	154	1272813616688	0	0	99a24931aa457b58940b2a66390f
user22	511	152	1272813616700	0	0	99a24931aa457b58940b2a66390f
user22	508	150	1272813616712	0	0	99a24931aa457b58940b2a66390f
user22	507	149	1272813616725	0	0	99a24931aa457b58940b2a66390f
user22	504	147	1272813616739	0	0	99a24931aa457b58940b2a66390f
user22	502	145	1272813616751	0	0	99a24931aa457b58940b2a66390f
user22	500	143	1272813616763	0	0	99a24931aa457b58940b2a66390f
user22	498	141	1272813616776	0	0	99a24931aa457b58940b2a66390f
user22	496	138	1272813616789	0	0	99a24931aa457b58940b2a66390f
user22	493	131	1272813616802	0	0	99a24931aa457b58940b2a66390f
user22	492	130	1272813616815	0	0	99a24931aa457b58940b2a66390f
user22	492	127	1272813616827	0	0	99a24931aa457b58940b2a66390f
user22	491	123	1272813616839	0	0	99a24931aa457b58940b2a66390f
user22	491	119	1272813616861	0	0	99a24931aa457b58940b2a66390f
user22	491	116	1272813616864	0	0	99a24931aa457b58940b2a66390f
user22	491	113	1272813616876	0	0	99a24931aa457b58940b2a66390f
user22	491	110	1272813616887	0	0	99a24931aa457b58940b2a66390f
user22	491	109	1272813616910	0	0	99a24931aa457b58940b2a66390f
user22	491	108	1272813616933	0	0	99a24931aa457b58940b2a66390f
user22	491	107	1272813616973	0	0	99a24931aa457b58940b2a66390f
user22	492	107	1272813616996	0	0	99a24931aa457b58940b2a66390f
user22	492	105	1272813617021	0	0	99a24931aa457b58940b2a66390f
user22	493	105	1272813617033	0	0	99a24931aa457b58940b2a66390f
user22	494	103	1272813617058	0	0	99a24931aa457b58940b2a66390f
user22	496	102	1272813617084	0	0	99a24931aa457b58940b2a66390f
user22	497	100	1272813617096	0	0	99a24931aa457b58940b2a66390f
user22	498	99	1272813617109	0	0	99a24931aa457b58940b2a66390f
user22	500	97	1272813617123	0	0	99a24931aa457b58940b2a66390f
user22	502	95	1272813617135	0	0	99a24931aa457b58940b2a66390f
user22	507	91	1272813617145	0	0	99a24931aa457b58940b2a66390f
user22	511	89	1272813617172	0	0	99a24931aa457b58940b2a66390f
user22	514	87	1272813617184	0	0	99a24931aa457b58940b2a66390f
user22	515	86	1272813617197	0	0	99a24931aa457b58940b2a66390f
user22	518	85	1272813617209	0	0	99a24931aa457b58940b2a66390f
user22	522	83	1272813617222	0	0	99a24931aa457b58940b2a66390f
user22	529	80	1272813617235	0	0	99a24931aa457b58940b2a66390f
user22	532	79	1272813617247	0	0	99a24931aa457b58940b2a66390f
user22	533	78	1272813617259	0	0	99a24931aa457b58940b2a66390f
user22	537	76	1272813617272	0	0	99a24931aa457b58940b2a66390f
user22	543	73	1272813617284	0	0	99a24931aa457b58940b2a66390f
user22	546	72	1272813617297	0	0	99a24931aa457b58940b2a66390f
user22	549	70	1272813617309	0	0	99a24931aa457b58940b2a66390f
user22	553	69	1272813617323	0	0	99a24931aa457b58940b2a66390f
user22	559	66	1272813617336	0	0	99a24931aa457b58940b2a66390f
user22	562	65	1272813617348	0	0	99a24931aa457b58940b2a66390f
user22	574	60	1272813617472	0	0	99a24931aa457b58940b2a66390f
user22	574	59	1272813617583	0	0	99a24931aa457b58940b2a66390f
user22	574	60	1272813617742	0	0	99a24931aa457b58940b2a66390f
user22	573	60	1272813617781	0	0	99a24931aa457b58940b2a66390f
user22	573	61	1272813620002	0	0	99a24931aa457b58940b2a66390f
user22	573	62	1272813620180	0	0	99a24931aa457b58940b2a66390f
user22	574	62	1272813620457	0	0	99a24931aa457b58940b2a66390f
user22	575	62	1272813620559	0	0	99a24931aa457b58940b2a66390f
user22	576	62	1272813620589	0	0	99a24931aa457b58940b2a66390f
user22	577	61	1272813620600	0	0	99a24931aa457b58940b2a66390f
user22	579	61	1272813620624	0	0	99a24931aa457b58940b2a66390f
user22	581	60	1272813620650	0	0	99a24931aa457b58940b2a66390f
user22	582	60	1272813620698	0	0	99a24931aa457b58940b2a66390f
user22	583	59	1272813620708	0	0	99a24931aa457b58940b2a66390f
user22	584	59	1272813620731	0	0	99a24931aa457b58940b2a66390f
user22	586	58	1272813620757	0	0	99a24931aa457b58940b2a66390f
user22	588	57	1272813620769	0	0	99a24931aa457b58940b2a66390f
user22	591	56	1272813620781	0	0	99a24931aa457b58940b2a66390f
user22	593	56	1272813620794	0	0	99a24931aa457b58940b2a66390f
user22	596	55	1272813620807	0	0	99a24931aa457b58940b2a66390f
user22	599	54	1272813620819	0	0	99a24931aa457b58940b2a66390f
user22	603	53	1272813620830	0	0	99a24931aa457b58940b2a66390f
user22	606	52	1272813620855	0	0	99a24931aa457b58940b2a66390f
user22	608	52	1272813620867	0	0	99a24931aa457b58940b2a66390f
user22	611	51	1272813620880	0	0	99a24931aa457b58940b2a66390f
user22	614	51	1272813620892	0	0	99a24931aa457b58940b2a66390f
user22	617	50	1272813620905	0	0	99a24931aa457b58940b2a66390f
user22	619	50	1272813620918	0	0	99a24931aa457b58940b2a66390f
user22	621	49	1272813620931	0	0	99a24931aa457b58940b2a66390f
user22	624	49	1272813620944	0	0	99a24931aa457b58940b2a66390f
user22	626	48	1272813620957	0	0	99a24931aa457b58940b2a66390f
user22	632	47	1272813620967	0	0	99a24931aa457b58940b2a66390f
user22	635	47	1272813620993	0	0	99a24931aa457b58940b2a66390f
user22	638	46	1272813621003	0	0	99a24931aa457b58940b2a66390f
user22	640	46	1272813621029	0	0	99a24931aa457b58940b2a66390f
user22	642	45	1272813621040	0	0	99a24931aa457b58940b2a66390f
user22	644	45	1272813621063	0	0	99a24931aa457b58940b2a66390f
user22	645	45	1272813621088	0	0	99a24931aa457b58940b2a66390f
user22	645	45	1272813621526	1272813621379	1272813621526	99a24931aa457b58940b2a66390f
