User	X	Y	MouseTimeStamp	MouseDownTimeStamp	MouseUpTimeStamp	SessionID
user10	940	21	1269014878883	0	0	72dc3c3e6038406a46d8d1bd27ff
user10	940	31	1269014878886	0	0	72dc3c3e6038406a46d8d1bd27ff
user10	940	40	1269014878894	0	0	72dc3c3e6038406a46d8d1bd27ff
user10	940	51	1269014878901	0	0	72dc3c3e6038406a46d8d1bd27ff
user10	940	61	1269014878909	0	0	72dc3c3e6038406a46d8d1bd27ff
user10	940	73	1269014878917	0	0	72dc3c3e6038406a46d8d1bd27ff
user10	940	85	1269014878926	0	0	72dc3c3e6038406a46d8d1bd27ff
user10	940	100	1269014878933	0	0	72dc3c3e6038406a46d8d1bd27ff
user10	939	114	1269014878942	0	0	72dc3c3e6038406a46d8d1bd27ff
user10	939	129	1269014878954	0	0	72dc3c3e6038406a46d8d1bd27ff
user10	938	141	1269014878958	0	0	72dc3c3e6038406a46d8d1bd27ff
user10	938	151	1269014878967	0	0	72dc3c3e6038406a46d8d1bd27ff
user10	938	162	1269014878974	0	0	72dc3c3e6038406a46d8d1bd27ff
user10	938	169	1269014878984	0	0	72dc3c3e6038406a46d8d1bd27ff
user10	940	177	1269014878991	0	0	72dc3c3e6038406a46d8d1bd27ff
user10	940	181	1269014879001	0	0	72dc3c3e6038406a46d8d1bd27ff
user10	940	186	1269014879009	0	0	72dc3c3e6038406a46d8d1bd27ff
user10	943	189	1269014879016	0	0	72dc3c3e6038406a46d8d1bd27ff
user10	945	192	1269014879023	0	0	72dc3c3e6038406a46d8d1bd27ff
user10	946	196	1269014879031	0	0	72dc3c3e6038406a46d8d1bd27ff
user10	948	197	1269014879037	0	0	72dc3c3e6038406a46d8d1bd27ff
user10	948	199	1269014879044	0	0	72dc3c3e6038406a46d8d1bd27ff
user10	948	201	1269014879053	0	0	72dc3c3e6038406a46d8d1bd27ff
user10	949	201	1269014879068	0	0	72dc3c3e6038406a46d8d1bd27ff
user10	949	202	1269014879084	0	0	72dc3c3e6038406a46d8d1bd27ff
user10	949	203	1269014879132	0	0	72dc3c3e6038406a46d8d1bd27ff
user10	949	204	1269014879148	0	0	72dc3c3e6038406a46d8d1bd27ff
user10	949	203	1269014879244	0	0	72dc3c3e6038406a46d8d1bd27ff
user10	949	202	1269014879252	0	0	72dc3c3e6038406a46d8d1bd27ff
user10	949	201	1269014879260	0	0	72dc3c3e6038406a46d8d1bd27ff
user10	949	200	1269014879276	0	0	72dc3c3e6038406a46d8d1bd27ff
user10	949	199	1269014879284	0	0	72dc3c3e6038406a46d8d1bd27ff
user10	949	198	1269014879293	0	0	72dc3c3e6038406a46d8d1bd27ff
user10	949	196	1269014879300	0	0	72dc3c3e6038406a46d8d1bd27ff
user10	950	194	1269014879310	0	0	72dc3c3e6038406a46d8d1bd27ff
user10	951	191	1269014879317	0	0	72dc3c3e6038406a46d8d1bd27ff
user10	951	189	1269014879325	0	0	72dc3c3e6038406a46d8d1bd27ff
user10	951	187	1269014879332	0	0	72dc3c3e6038406a46d8d1bd27ff
user10	951	184	1269014879342	0	0	72dc3c3e6038406a46d8d1bd27ff
user10	952	182	1269014879348	0	0	72dc3c3e6038406a46d8d1bd27ff
user10	952	180	1269014879357	0	0	72dc3c3e6038406a46d8d1bd27ff
user10	952	179	1269014879365	0	0	72dc3c3e6038406a46d8d1bd27ff
user10	953	177	1269014879373	0	0	72dc3c3e6038406a46d8d1bd27ff
user10	953	176	1269014879389	0	0	72dc3c3e6038406a46d8d1bd27ff
user10	953	175	1269014879405	0	0	72dc3c3e6038406a46d8d1bd27ff
user10	953	174	1269014879428	0	0	72dc3c3e6038406a46d8d1bd27ff
user10	953	173	1269014879444	0	0	72dc3c3e6038406a46d8d1bd27ff
user10	953	173	1269014879565	1269014879477	1269014879565	72dc3c3e6038406a46d8d1bd27ff
user10	953	172	1269014879628	0	0	72dc3c3e6038406a46d8d1bd27ff
user10	953	172	1269014880084	0	0	72dc3c3e6038406a46d8d1bd27ff
user10	953	172	1269014880088	0	0	72dc3c3e6038406a46d8d1bd27ff
user10	953	172	1269014880334	0	0	72dc3c3e6038406a46d8d1bd27ff
user10	953	172	1269014880343	0	0	72dc3c3e6038406a46d8d1bd27ff
user10	953	172	1269014880348	0	0	72dc3c3e6038406a46d8d1bd27ff
user10	953	172	1269014880456	0	0	72dc3c3e6038406a46d8d1bd27ff
user10	953	172	1269014880459	0	0	72dc3c3e6038406a46d8d1bd27ff
user10	953	172	1269014881536	0	0	72dc3c3e6038406a46d8d1bd27ff
user10	953	172	1269014881549	0	0	72dc3c3e6038406a46d8d1bd27ff
user10	953	171	1269014883701	0	0	72dc3c3e6038406a46d8d1bd27ff
user10	952	168	1269014883709	0	0	72dc3c3e6038406a46d8d1bd27ff
user10	950	163	1269014883718	0	0	72dc3c3e6038406a46d8d1bd27ff
user10	948	159	1269014883728	0	0	72dc3c3e6038406a46d8d1bd27ff
user10	947	157	1269014883736	0	0	72dc3c3e6038406a46d8d1bd27ff
user10	945	155	1269014883744	0	0	72dc3c3e6038406a46d8d1bd27ff
user10	944	155	1269014883756	0	0	72dc3c3e6038406a46d8d1bd27ff
user10	945	155	1269014883796	0	0	72dc3c3e6038406a46d8d1bd27ff
user10	946	157	1269014883805	0	0	72dc3c3e6038406a46d8d1bd27ff
user10	948	159	1269014883812	0	0	72dc3c3e6038406a46d8d1bd27ff
user10	949	162	1269014883821	0	0	72dc3c3e6038406a46d8d1bd27ff
user10	950	165	1269014883831	0	0	72dc3c3e6038406a46d8d1bd27ff
user10	951	171	1269014883840	0	0	72dc3c3e6038406a46d8d1bd27ff
user10	951	174	1269014883850	0	0	72dc3c3e6038406a46d8d1bd27ff
user10	950	179	1269014883854	0	0	72dc3c3e6038406a46d8d1bd27ff
user10	949	183	1269014883862	0	0	72dc3c3e6038406a46d8d1bd27ff
user10	947	189	1269014883872	0	0	72dc3c3e6038406a46d8d1bd27ff
user10	945	192	1269014883880	0	0	72dc3c3e6038406a46d8d1bd27ff
user10	943	197	1269014883890	0	0	72dc3c3e6038406a46d8d1bd27ff
user10	942	200	1269014883893	0	0	72dc3c3e6038406a46d8d1bd27ff
user10	940	205	1269014883902	0	0	72dc3c3e6038406a46d8d1bd27ff
user10	939	207	1269014883911	0	0	72dc3c3e6038406a46d8d1bd27ff
user10	938	209	1269014883924	0	0	72dc3c3e6038406a46d8d1bd27ff
user10	939	209	1269014884372	0	0	72dc3c3e6038406a46d8d1bd27ff
user10	939	210	1269014884380	0	0	72dc3c3e6038406a46d8d1bd27ff
user10	937	212	1269014884388	0	0	72dc3c3e6038406a46d8d1bd27ff
user10	935	212	1269014884405	0	0	72dc3c3e6038406a46d8d1bd27ff
user10	935	213	1269014884804	0	0	72dc3c3e6038406a46d8d1bd27ff
user10	935	214	1269014884815	0	0	72dc3c3e6038406a46d8d1bd27ff
user10	935	215	1269014884832	0	0	72dc3c3e6038406a46d8d1bd27ff
user10	936	215	1269014884840	0	0	72dc3c3e6038406a46d8d1bd27ff
user10	937	216	1269014884860	0	0	72dc3c3e6038406a46d8d1bd27ff
user10	937	217	1269014884900	0	0	72dc3c3e6038406a46d8d1bd27ff
user10	937	217	1269014885323	0	0	72dc3c3e6038406a46d8d1bd27ff
user10	937	217	1269014885327	0	0	72dc3c3e6038406a46d8d1bd27ff
user10	937	218	1269014885652	0	0	72dc3c3e6038406a46d8d1bd27ff
user10	937	219	1269014885748	0	0	72dc3c3e6038406a46d8d1bd27ff
user10	937	220	1269014885780	0	0	72dc3c3e6038406a46d8d1bd27ff
user10	937	220	1269014885839	0	0	72dc3c3e6038406a46d8d1bd27ff
user10	937	220	1269014885843	0	0	72dc3c3e6038406a46d8d1bd27ff
user10	937	221	1269014885876	0	0	72dc3c3e6038406a46d8d1bd27ff
user10	937	222	1269014885886	0	0	72dc3c3e6038406a46d8d1bd27ff
user10	937	223	1269014885894	0	0	72dc3c3e6038406a46d8d1bd27ff
user10	938	224	1269014885902	0	0	72dc3c3e6038406a46d8d1bd27ff
user10	939	228	1269014885921	0	0	72dc3c3e6038406a46d8d1bd27ff
user10	940	230	1269014885926	0	0	72dc3c3e6038406a46d8d1bd27ff
user10	943	232	1269014885934	0	0	72dc3c3e6038406a46d8d1bd27ff
user10	945	234	1269014885942	0	0	72dc3c3e6038406a46d8d1bd27ff
user10	947	236	1269014885953	0	0	72dc3c3e6038406a46d8d1bd27ff
user10	951	238	1269014885964	0	0	72dc3c3e6038406a46d8d1bd27ff
user10	954	240	1269014885973	0	0	72dc3c3e6038406a46d8d1bd27ff
user10	957	242	1269014885980	0	0	72dc3c3e6038406a46d8d1bd27ff
user10	962	244	1269014885991	0	0	72dc3c3e6038406a46d8d1bd27ff
user10	968	247	1269014886000	0	0	72dc3c3e6038406a46d8d1bd27ff
user10	974	251	1269014886005	0	0	72dc3c3e6038406a46d8d1bd27ff
user10	981	256	1269014886013	0	0	72dc3c3e6038406a46d8d1bd27ff
user10	991	261	1269014886022	0	0	72dc3c3e6038406a46d8d1bd27ff
user10	997	265	1269014886032	0	0	72dc3c3e6038406a46d8d1bd27ff
user10	1003	267	1269014886040	0	0	72dc3c3e6038406a46d8d1bd27ff
user10	1009	270	1269014886046	0	0	72dc3c3e6038406a46d8d1bd27ff
user10	1012	272	1269014886053	0	0	72dc3c3e6038406a46d8d1bd27ff
user10	1015	274	1269014886060	0	0	72dc3c3e6038406a46d8d1bd27ff
user10	1019	276	1269014886068	0	0	72dc3c3e6038406a46d8d1bd27ff
user10	1021	280	1269014886076	0	0	72dc3c3e6038406a46d8d1bd27ff
user10	1024	283	1269014886084	0	0	72dc3c3e6038406a46d8d1bd27ff
user10	1027	287	1269014886092	0	0	72dc3c3e6038406a46d8d1bd27ff
user10	1028	289	1269014886101	0	0	72dc3c3e6038406a46d8d1bd27ff
user10	1029	291	1269014886110	0	0	72dc3c3e6038406a46d8d1bd27ff
user10	1030	293	1269014886117	0	0	72dc3c3e6038406a46d8d1bd27ff
user10	1031	295	1269014886124	0	0	72dc3c3e6038406a46d8d1bd27ff
user10	1031	296	1269014886141	0	0	72dc3c3e6038406a46d8d1bd27ff
user10	1031	297	1269014886172	0	0	72dc3c3e6038406a46d8d1bd27ff
user10	1029	297	1269014886252	0	0	72dc3c3e6038406a46d8d1bd27ff
user10	1028	296	1269014886260	0	0	72dc3c3e6038406a46d8d1bd27ff
user10	1026	294	1269014886268	0	0	72dc3c3e6038406a46d8d1bd27ff
user10	1023	294	1269014886276	0	0	72dc3c3e6038406a46d8d1bd27ff
user10	1021	293	1269014886284	0	0	72dc3c3e6038406a46d8d1bd27ff
user10	1019	292	1269014886292	0	0	72dc3c3e6038406a46d8d1bd27ff
user10	1018	291	1269014886300	0	0	72dc3c3e6038406a46d8d1bd27ff
user10	1015	291	1269014886308	0	0	72dc3c3e6038406a46d8d1bd27ff
user10	1013	289	1269014886318	0	0	72dc3c3e6038406a46d8d1bd27ff
user10	1011	287	1269014886324	0	0	72dc3c3e6038406a46d8d1bd27ff
user10	1009	286	1269014886332	0	0	72dc3c3e6038406a46d8d1bd27ff
user10	1005	284	1269014886340	0	0	72dc3c3e6038406a46d8d1bd27ff
user10	1003	283	1269014886348	0	0	72dc3c3e6038406a46d8d1bd27ff
user10	1001	280	1269014886356	0	0	72dc3c3e6038406a46d8d1bd27ff
user10	999	278	1269014886364	0	0	72dc3c3e6038406a46d8d1bd27ff
user10	998	277	1269014886380	0	0	72dc3c3e6038406a46d8d1bd27ff
user10	998	276	1269014886412	0	0	72dc3c3e6038406a46d8d1bd27ff
user10	998	276	1269014886928	0	0	72dc3c3e6038406a46d8d1bd27ff
user10	998	276	1269014886931	0	0	72dc3c3e6038406a46d8d1bd27ff
user10	998	276	1269014887081	0	0	72dc3c3e6038406a46d8d1bd27ff
user10	998	276	1269014887084	0	0	72dc3c3e6038406a46d8d1bd27ff
user10	998	276	1269014887150	1269014887004	1269014887150	72dc3c3e6038406a46d8d1bd27ff
