User	X	Y	MouseTimeStamp	MouseDownTimeStamp	MouseUpTimeStamp	SessionID
user10	1229	435	1268978348582	0	0	500699176bf7b0a58b209674f9f7
user10	1234	436	1268978348598	0	0	500699176bf7b0a58b209674f9f7
user10	1245	444	1268978348614	0	0	500699176bf7b0a58b209674f9f7
user10	1253	449	1268978348645	0	0	500699176bf7b0a58b209674f9f7
user10	1254	450	1268978348645	0	0	500699176bf7b0a58b209674f9f7
user10	1255	451	1268978348660	0	0	500699176bf7b0a58b209674f9f7
user10	1256	453	1268978348660	0	0	500699176bf7b0a58b209674f9f7
user10	1257	454	1268978348676	0	0	500699176bf7b0a58b209674f9f7
user10	1257	455	1268978348676	0	0	500699176bf7b0a58b209674f9f7
user10	1258	458	1268978348692	0	0	500699176bf7b0a58b209674f9f7
user10	1259	461	1268978348692	0	0	500699176bf7b0a58b209674f9f7
user10	1260	463	1268978348707	0	0	500699176bf7b0a58b209674f9f7
user10	1260	466	1268978348707	0	0	500699176bf7b0a58b209674f9f7
user10	1260	467	1268978348723	0	0	500699176bf7b0a58b209674f9f7
user10	1258	469	1268978348723	0	0	500699176bf7b0a58b209674f9f7
user10	1257	472	1268978348738	0	0	500699176bf7b0a58b209674f9f7
user10	1256	473	1268978348738	0	0	500699176bf7b0a58b209674f9f7
user10	1254	475	1268978348754	0	0	500699176bf7b0a58b209674f9f7
user10	1253	476	1268978348754	0	0	500699176bf7b0a58b209674f9f7
user10	1252	477	1268978348770	0	0	500699176bf7b0a58b209674f9f7
user10	1250	477	1268978348770	0	0	500699176bf7b0a58b209674f9f7
user10	1250	478	1268978348785	0	0	500699176bf7b0a58b209674f9f7
user10	1247	480	1268978348785	0	0	500699176bf7b0a58b209674f9f7
user10	1244	482	1268978348801	0	0	500699176bf7b0a58b209674f9f7
user10	1241	483	1268978348816	0	0	500699176bf7b0a58b209674f9f7
user10	1238	485	1268978348816	0	0	500699176bf7b0a58b209674f9f7
user10	1233	487	1268978348832	0	0	500699176bf7b0a58b209674f9f7
user10	1230	487	1268978348832	0	0	500699176bf7b0a58b209674f9f7
user10	1226	489	1268978348848	0	0	500699176bf7b0a58b209674f9f7
user10	1220	490	1268978348848	0	0	500699176bf7b0a58b209674f9f7
user10	1214	492	1268978348863	0	0	500699176bf7b0a58b209674f9f7
user10	1210	493	1268978348863	0	0	500699176bf7b0a58b209674f9f7
user10	1205	495	1268978348879	0	0	500699176bf7b0a58b209674f9f7
user10	1201	499	1268978348879	0	0	500699176bf7b0a58b209674f9f7
user10	1197	500	1268978348894	0	0	500699176bf7b0a58b209674f9f7
user10	1194	502	1268978348894	0	0	500699176bf7b0a58b209674f9f7
user10	1190	505	1268978348910	0	0	500699176bf7b0a58b209674f9f7
user10	1187	507	1268978348910	0	0	500699176bf7b0a58b209674f9f7
user10	1186	509	1268978348926	0	0	500699176bf7b0a58b209674f9f7
user10	1185	509	1268978348926	0	0	500699176bf7b0a58b209674f9f7
user10	1185	518	1268978348988	0	0	500699176bf7b0a58b209674f9f7
user10	1185	520	1268978349004	0	0	500699176bf7b0a58b209674f9f7
user10	1185	521	1268978349004	0	0	500699176bf7b0a58b209674f9f7
user10	1185	522	1268978349019	0	0	500699176bf7b0a58b209674f9f7
user10	1185	523	1268978349019	0	0	500699176bf7b0a58b209674f9f7
user10	1174	518	1268978349487	0	0	500699176bf7b0a58b209674f9f7
user10	1174	518	1268978349487	0	0	500699176bf7b0a58b209674f9f7
user10	1173	517	1268978349534	0	0	500699176bf7b0a58b209674f9f7
user10	1172	514	1268978349534	0	0	500699176bf7b0a58b209674f9f7
user10	1170	510	1268978349550	0	0	500699176bf7b0a58b209674f9f7
user10	1167	506	1268978349550	0	0	500699176bf7b0a58b209674f9f7
user10	1164	498	1268978349565	0	0	500699176bf7b0a58b209674f9f7
user10	1162	489	1268978349565	0	0	500699176bf7b0a58b209674f9f7
user10	1159	479	1268978349581	0	0	500699176bf7b0a58b209674f9f7
user10	1156	467	1268978349581	0	0	500699176bf7b0a58b209674f9f7
user10	1151	457	1268978349596	0	0	500699176bf7b0a58b209674f9f7
user10	1147	445	1268978349596	0	0	500699176bf7b0a58b209674f9f7
user10	1146	437	1268978349612	0	0	500699176bf7b0a58b209674f9f7
user10	1142	425	1268978349612	0	0	500699176bf7b0a58b209674f9f7
user10	1138	415	1268978349628	0	0	500699176bf7b0a58b209674f9f7
user10	1136	405	1268978349628	0	0	500699176bf7b0a58b209674f9f7
user10	1133	397	1268978349643	0	0	500699176bf7b0a58b209674f9f7
user10	1130	387	1268978349643	0	0	500699176bf7b0a58b209674f9f7
user10	1128	378	1268978349659	0	0	500699176bf7b0a58b209674f9f7
user10	1123	369	1268978349659	0	0	500699176bf7b0a58b209674f9f7
user10	1118	361	1268978349674	0	0	500699176bf7b0a58b209674f9f7
user10	1114	353	1268978349674	0	0	500699176bf7b0a58b209674f9f7
user10	1108	345	1268978349690	0	0	500699176bf7b0a58b209674f9f7
user10	1102	337	1268978349690	0	0	500699176bf7b0a58b209674f9f7
user10	1097	330	1268978349706	0	0	500699176bf7b0a58b209674f9f7
user10	1091	324	1268978349706	0	0	500699176bf7b0a58b209674f9f7
user10	1084	319	1268978349721	0	0	500699176bf7b0a58b209674f9f7
user10	1080	315	1268978349721	0	0	500699176bf7b0a58b209674f9f7
user10	1073	308	1268978349737	0	0	500699176bf7b0a58b209674f9f7
user10	1067	302	1268978349752	0	0	500699176bf7b0a58b209674f9f7
user10	1061	296	1268978349752	0	0	500699176bf7b0a58b209674f9f7
user10	1053	289	1268978349768	0	0	500699176bf7b0a58b209674f9f7
user10	1048	282	1268978349768	0	0	500699176bf7b0a58b209674f9f7
user10	1042	276	1268978349784	0	0	500699176bf7b0a58b209674f9f7
user10	1036	270	1268978349784	0	0	500699176bf7b0a58b209674f9f7
user10	1031	265	1268978349799	0	0	500699176bf7b0a58b209674f9f7
user10	1027	260	1268978349799	0	0	500699176bf7b0a58b209674f9f7
user10	1025	259	1268978349815	0	0	500699176bf7b0a58b209674f9f7
user10	1024	259	1268978349815	0	0	500699176bf7b0a58b209674f9f7
user10	1024	258	1268978349830	0	0	500699176bf7b0a58b209674f9f7
user10	1023	258	1268978349830	0	0	500699176bf7b0a58b209674f9f7
user10	1023	257	1268978349846	0	0	500699176bf7b0a58b209674f9f7
user10	1023	256	1268978349862	0	0	500699176bf7b0a58b209674f9f7
user10	1022	256	1268978349877	0	0	500699176bf7b0a58b209674f9f7
user10	1021	255	1268978349893	0	0	500699176bf7b0a58b209674f9f7
user10	1021	253	1268978349893	0	0	500699176bf7b0a58b209674f9f7
user10	1020	251	1268978349908	0	0	500699176bf7b0a58b209674f9f7
user10	1019	248	1268978349908	0	0	500699176bf7b0a58b209674f9f7
user10	1017	242	1268978349924	0	0	500699176bf7b0a58b209674f9f7
user10	1015	238	1268978349924	0	0	500699176bf7b0a58b209674f9f7
user10	1012	232	1268978349940	0	0	500699176bf7b0a58b209674f9f7
user10	1009	225	1268978349940	0	0	500699176bf7b0a58b209674f9f7
user10	1007	220	1268978349955	0	0	500699176bf7b0a58b209674f9f7
user10	1005	216	1268978349955	0	0	500699176bf7b0a58b209674f9f7
user10	1003	212	1268978349971	0	0	500699176bf7b0a58b209674f9f7
user10	1003	209	1268978349971	0	0	500699176bf7b0a58b209674f9f7
user10	1001	205	1268978349986	0	0	500699176bf7b0a58b209674f9f7
user10	1000	200	1268978349986	0	0	500699176bf7b0a58b209674f9f7
user10	997	197	1268978350002	0	0	500699176bf7b0a58b209674f9f7
user10	997	194	1268978350002	0	0	500699176bf7b0a58b209674f9f7
user10	995	191	1268978350018	0	0	500699176bf7b0a58b209674f9f7
user10	994	188	1268978350018	0	0	500699176bf7b0a58b209674f9f7
user10	994	187	1268978350033	0	0	500699176bf7b0a58b209674f9f7
user10	992	186	1268978350033	0	0	500699176bf7b0a58b209674f9f7
user10	992	184	1268978350049	0	0	500699176bf7b0a58b209674f9f7
user10	992	183	1268978350080	0	0	500699176bf7b0a58b209674f9f7
user10	992	183	1268978350205	0	0	500699176bf7b0a58b209674f9f7
user10	992	183	1268978350298	1268978350205	1268978350298	500699176bf7b0a58b209674f9f7
user10	996	182	1268978350376	0	0	500699176bf7b0a58b209674f9f7
user10	1001	182	1268978350392	0	0	500699176bf7b0a58b209674f9f7
user10	1009	182	1268978350392	0	0	500699176bf7b0a58b209674f9f7
user10	1020	182	1268978350408	0	0	500699176bf7b0a58b209674f9f7
user10	1033	182	1268978350408	0	0	500699176bf7b0a58b209674f9f7
user10	1046	182	1268978350423	0	0	500699176bf7b0a58b209674f9f7
user10	1061	182	1268978350423	0	0	500699176bf7b0a58b209674f9f7
user10	1075	182	1268978350439	0	0	500699176bf7b0a58b209674f9f7
user10	1092	181	1268978350439	0	0	500699176bf7b0a58b209674f9f7
user10	1108	181	1268978350454	0	0	500699176bf7b0a58b209674f9f7
user10	1125	181	1268978350454	0	0	500699176bf7b0a58b209674f9f7
user10	1140	178	1268978350470	0	0	500699176bf7b0a58b209674f9f7
user10	1155	176	1268978350470	0	0	500699176bf7b0a58b209674f9f7
user10	1165	174	1268978350486	0	0	500699176bf7b0a58b209674f9f7
user10	1172	172	1268978350486	0	0	500699176bf7b0a58b209674f9f7
user10	1175	170	1268978350501	0	0	500699176bf7b0a58b209674f9f7
user10	1177	170	1268978350501	0	0	500699176bf7b0a58b209674f9f7
user10	1178	170	1268978350517	0	0	500699176bf7b0a58b209674f9f7
user10	1178	170	1268978350564	0	0	500699176bf7b0a58b209674f9f7
user10	1178	170	1268978350564	0	0	500699176bf7b0a58b209674f9f7
user10	1179	171	1268978356819	0	0	500699176bf7b0a58b209674f9f7
user10	1180	174	1268978356819	0	0	500699176bf7b0a58b209674f9f7
user10	1183	177	1268978356835	0	0	500699176bf7b0a58b209674f9f7
user10	1186	180	1268978356835	0	0	500699176bf7b0a58b209674f9f7
user10	1189	185	1268978356850	0	0	500699176bf7b0a58b209674f9f7
user10	1193	191	1268978356866	0	0	500699176bf7b0a58b209674f9f7
user10	1197	197	1268978356866	0	0	500699176bf7b0a58b209674f9f7
user10	1203	203	1268978356866	0	0	500699176bf7b0a58b209674f9f7
user10	1208	208	1268978356882	0	0	500699176bf7b0a58b209674f9f7
user10	1214	216	1268978356882	0	0	500699176bf7b0a58b209674f9f7
user10	1219	221	1268978356897	0	0	500699176bf7b0a58b209674f9f7
user10	1224	224	1268978356897	0	0	500699176bf7b0a58b209674f9f7
user10	1229	229	1268978356913	0	0	500699176bf7b0a58b209674f9f7
user10	1233	232	1268978356928	0	0	500699176bf7b0a58b209674f9f7
user10	1236	237	1268978356928	0	0	500699176bf7b0a58b209674f9f7
user10	1239	240	1268978356944	0	0	500699176bf7b0a58b209674f9f7
user10	1243	243	1268978356944	0	0	500699176bf7b0a58b209674f9f7
user10	1244	244	1268978356960	0	0	500699176bf7b0a58b209674f9f7
user10	1245	246	1268978356960	0	0	500699176bf7b0a58b209674f9f7
user10	1248	246	1268978356975	0	0	500699176bf7b0a58b209674f9f7
user10	1248	248	1268978356975	0	0	500699176bf7b0a58b209674f9f7
user10	1249	248	1268978356991	0	0	500699176bf7b0a58b209674f9f7
user10	1249	249	1268978356991	0	0	500699176bf7b0a58b209674f9f7
user10	1249	250	1268978357006	0	0	500699176bf7b0a58b209674f9f7
user10	1248	250	1268978357006	0	0	500699176bf7b0a58b209674f9f7
user10	1247	250	1268978357022	0	0	500699176bf7b0a58b209674f9f7
user10	1247	251	1268978357022	0	0	500699176bf7b0a58b209674f9f7
user10	1246	253	1268978357038	0	0	500699176bf7b0a58b209674f9f7
user10	1245	253	1268978357053	0	0	500699176bf7b0a58b209674f9f7
user10	1244	254	1268978357053	0	0	500699176bf7b0a58b209674f9f7
user10	1242	254	1268978357069	0	0	500699176bf7b0a58b209674f9f7
user10	1241	254	1268978357069	0	0	500699176bf7b0a58b209674f9f7
user10	1238	252	1268978357084	0	0	500699176bf7b0a58b209674f9f7
user10	1233	250	1268978357084	0	0	500699176bf7b0a58b209674f9f7
user10	1226	249	1268978357100	0	0	500699176bf7b0a58b209674f9f7
user10	1220	248	1268978357100	0	0	500699176bf7b0a58b209674f9f7
user10	1209	247	1268978357116	0	0	500699176bf7b0a58b209674f9f7
user10	1198	247	1268978357116	0	0	500699176bf7b0a58b209674f9f7
user10	1182	248	1268978357131	0	0	500699176bf7b0a58b209674f9f7
user10	1169	251	1268978357131	0	0	500699176bf7b0a58b209674f9f7
user10	1152	256	1268978357147	0	0	500699176bf7b0a58b209674f9f7
user10	1137	262	1268978357147	0	0	500699176bf7b0a58b209674f9f7
user10	1122	268	1268978357162	0	0	500699176bf7b0a58b209674f9f7
user10	1103	275	1268978357162	0	0	500699176bf7b0a58b209674f9f7
user10	1088	280	1268978357178	0	0	500699176bf7b0a58b209674f9f7
user10	1070	284	1268978357178	0	0	500699176bf7b0a58b209674f9f7
user10	1056	287	1268978357194	0	0	500699176bf7b0a58b209674f9f7
user10	1043	289	1268978357209	0	0	500699176bf7b0a58b209674f9f7
user10	1032	290	1268978357209	0	0	500699176bf7b0a58b209674f9f7
user10	1024	290	1268978357209	0	0	500699176bf7b0a58b209674f9f7
user10	1019	290	1268978357225	0	0	500699176bf7b0a58b209674f9f7
user10	1015	290	1268978357225	0	0	500699176bf7b0a58b209674f9f7
user10	1013	289	1268978357240	0	0	500699176bf7b0a58b209674f9f7
user10	1011	289	1268978357256	0	0	500699176bf7b0a58b209674f9f7
user10	1011	288	1268978357256	0	0	500699176bf7b0a58b209674f9f7
user10	1011	287	1268978357287	0	0	500699176bf7b0a58b209674f9f7
user10	1011	286	1268978357303	0	0	500699176bf7b0a58b209674f9f7
user10	1011	285	1268978357334	0	0	500699176bf7b0a58b209674f9f7
user10	1011	284	1268978357365	0	0	500699176bf7b0a58b209674f9f7
user10	1011	283	1268978357381	0	0	500699176bf7b0a58b209674f9f7
user10	1010	283	1268978357381	0	0	500699176bf7b0a58b209674f9f7
user10	1010	283	1268978357568	1268978357490	1268978357568	500699176bf7b0a58b209674f9f7
user10	541	46	1268978368254	0	0	500699176bf7b0a58b209674f9f7
user10	542	46	1268978368441	0	0	500699176bf7b0a58b209674f9f7
user10	543	46	1268978368457	0	0	500699176bf7b0a58b209674f9f7
user10	544	46	1268978368472	0	0	500699176bf7b0a58b209674f9f7
user10	545	46	1268978368488	0	0	500699176bf7b0a58b209674f9f7
user10	546	46	1268978368504	0	0	500699176bf7b0a58b209674f9f7
user10	546	46	1268978368753	0	0	500699176bf7b0a58b209674f9f7
user10	547	46	1268978368769	0	0	500699176bf7b0a58b209674f9f7
user10	548	46	1268978368784	0	0	500699176bf7b0a58b209674f9f7
user10	549	46	1268978368816	0	0	500699176bf7b0a58b209674f9f7
user10	549	47	1268978368831	0	0	500699176bf7b0a58b209674f9f7
user10	551	47	1268978368847	0	0	500699176bf7b0a58b209674f9f7
user10	551	48	1268978368847	0	0	500699176bf7b0a58b209674f9f7
user10	552	49	1268978368862	0	0	500699176bf7b0a58b209674f9f7
user10	554	50	1268978368862	0	0	500699176bf7b0a58b209674f9f7
user10	555	50	1268978368878	0	0	500699176bf7b0a58b209674f9f7
user10	556	51	1268978368894	0	0	500699176bf7b0a58b209674f9f7
user10	558	52	1268978368894	0	0	500699176bf7b0a58b209674f9f7
user10	560	54	1268978368909	0	0	500699176bf7b0a58b209674f9f7
user10	562	56	1268978368909	0	0	500699176bf7b0a58b209674f9f7
user10	567	61	1268978368909	0	0	500699176bf7b0a58b209674f9f7
user10	571	66	1268978368925	0	0	500699176bf7b0a58b209674f9f7
user10	582	76	1268978368940	0	0	500699176bf7b0a58b209674f9f7
user10	593	85	1268978368956	0	0	500699176bf7b0a58b209674f9f7
user10	598	90	1268978368972	0	0	500699176bf7b0a58b209674f9f7
user10	604	95	1268978368972	0	0	500699176bf7b0a58b209674f9f7
user10	609	99	1268978368987	0	0	500699176bf7b0a58b209674f9f7
user10	616	103	1268978368987	0	0	500699176bf7b0a58b209674f9f7
user10	623	109	1268978368987	0	0	500699176bf7b0a58b209674f9f7
user10	630	116	1268978369003	0	0	500699176bf7b0a58b209674f9f7
user10	650	128	1268978369018	0	0	500699176bf7b0a58b209674f9f7
user10	661	136	1268978369034	0	0	500699176bf7b0a58b209674f9f7
user10	671	141	1268978369034	0	0	500699176bf7b0a58b209674f9f7
user10	678	148	1268978369050	0	0	500699176bf7b0a58b209674f9f7
user10	684	151	1268978369050	0	0	500699176bf7b0a58b209674f9f7
user10	690	155	1268978369050	0	0	500699176bf7b0a58b209674f9f7
user10	695	156	1268978369065	0	0	500699176bf7b0a58b209674f9f7
user10	698	157	1268978369081	0	0	500699176bf7b0a58b209674f9f7
user10	702	158	1268978369081	0	0	500699176bf7b0a58b209674f9f7
user10	704	159	1268978369096	0	0	500699176bf7b0a58b209674f9f7
user10	708	159	1268978369112	0	0	500699176bf7b0a58b209674f9f7
user10	710	159	1268978369112	0	0	500699176bf7b0a58b209674f9f7
user10	711	159	1268978369128	0	0	500699176bf7b0a58b209674f9f7
user10	712	160	1268978369143	0	0	500699176bf7b0a58b209674f9f7
user10	713	160	1268978369159	0	0	500699176bf7b0a58b209674f9f7
user10	713	160	1268978369455	1268978369330	1268978369455	500699176bf7b0a58b209674f9f7
user10	713	160	1268978370844	0	0	500699176bf7b0a58b209674f9f7
user10	713	160	1268978371390	0	0	500699176bf7b0a58b209674f9f7
user10	713	161	1268978371436	0	0	500699176bf7b0a58b209674f9f7
user10	712	161	1268978371452	0	0	500699176bf7b0a58b209674f9f7
user10	711	161	1268978371530	0	0	500699176bf7b0a58b209674f9f7
user10	710	161	1268978371624	0	0	500699176bf7b0a58b209674f9f7
user10	709	160	1268978371639	0	0	500699176bf7b0a58b209674f9f7
user10	708	159	1268978371655	0	0	500699176bf7b0a58b209674f9f7
user10	707	159	1268978371670	0	0	500699176bf7b0a58b209674f9f7
user10	706	159	1268978371686	0	0	500699176bf7b0a58b209674f9f7
user10	705	159	1268978371686	0	0	500699176bf7b0a58b209674f9f7
user10	703	159	1268978371702	0	0	500699176bf7b0a58b209674f9f7
user10	702	159	1268978371702	0	0	500699176bf7b0a58b209674f9f7
user10	700	159	1268978371717	0	0	500699176bf7b0a58b209674f9f7
user10	700	160	1268978371904	0	0	500699176bf7b0a58b209674f9f7
user10	702	163	1268978371904	0	0	500699176bf7b0a58b209674f9f7
user10	704	164	1268978371920	0	0	500699176bf7b0a58b209674f9f7
user10	705	166	1268978371936	0	0	500699176bf7b0a58b209674f9f7
user10	705	167	1268978371951	0	0	500699176bf7b0a58b209674f9f7
user10	705	168	1268978371967	0	0	500699176bf7b0a58b209674f9f7
user10	705	169	1268978371982	0	0	500699176bf7b0a58b209674f9f7
user10	705	170	1268978372014	0	0	500699176bf7b0a58b209674f9f7
user10	705	171	1268978372029	0	0	500699176bf7b0a58b209674f9f7
user10	706	171	1268978372045	0	0	500699176bf7b0a58b209674f9f7
user10	706	172	1268978372107	0	0	500699176bf7b0a58b209674f9f7
user10	706	172	1268978372232	1268978372092	1268978372232	500699176bf7b0a58b209674f9f7
