User	X	Y	MouseTimeStamp	MouseDownTimeStamp	MouseUpTimeStamp	SessionID
user22	1008	73	1271033534652	0	0	f801c4debff0501d29925ae6ddf4
user22	1005	73	1271033534659	0	0	f801c4debff0501d29925ae6ddf4
user22	1002	74	1271033534667	0	0	f801c4debff0501d29925ae6ddf4
user22	996	75	1271033534675	0	0	f801c4debff0501d29925ae6ddf4
user22	990	75	1271033534683	0	0	f801c4debff0501d29925ae6ddf4
user22	984	75	1271033534691	0	0	f801c4debff0501d29925ae6ddf4
user22	976	76	1271033534699	0	0	f801c4debff0501d29925ae6ddf4
user22	968	76	1271033534707	0	0	f801c4debff0501d29925ae6ddf4
user22	959	77	1271033534715	0	0	f801c4debff0501d29925ae6ddf4
user22	949	77	1271033534723	0	0	f801c4debff0501d29925ae6ddf4
user22	938	77	1271033534731	0	0	f801c4debff0501d29925ae6ddf4
user22	925	77	1271033534739	0	0	f801c4debff0501d29925ae6ddf4
user22	912	76	1271033534747	0	0	f801c4debff0501d29925ae6ddf4
user22	898	73	1271033534755	0	0	f801c4debff0501d29925ae6ddf4
user22	885	72	1271033534763	0	0	f801c4debff0501d29925ae6ddf4
user22	871	70	1271033534771	0	0	f801c4debff0501d29925ae6ddf4
user22	857	68	1271033534779	0	0	f801c4debff0501d29925ae6ddf4
user22	845	66	1271033534787	0	0	f801c4debff0501d29925ae6ddf4
user22	831	64	1271033534795	0	0	f801c4debff0501d29925ae6ddf4
user22	819	63	1271033534803	0	0	f801c4debff0501d29925ae6ddf4
user22	807	61	1271033534811	0	0	f801c4debff0501d29925ae6ddf4
user22	794	60	1271033534819	0	0	f801c4debff0501d29925ae6ddf4
user22	783	57	1271033534827	0	0	f801c4debff0501d29925ae6ddf4
user22	771	56	1271033534835	0	0	f801c4debff0501d29925ae6ddf4
user22	761	55	1271033534843	0	0	f801c4debff0501d29925ae6ddf4
user22	750	55	1271033534851	0	0	f801c4debff0501d29925ae6ddf4
user22	741	54	1271033534859	0	0	f801c4debff0501d29925ae6ddf4
user22	734	54	1271033534867	0	0	f801c4debff0501d29925ae6ddf4
user22	727	54	1271033534875	0	0	f801c4debff0501d29925ae6ddf4
user22	720	54	1271033534883	0	0	f801c4debff0501d29925ae6ddf4
user22	714	54	1271033534891	0	0	f801c4debff0501d29925ae6ddf4
user22	709	54	1271033534899	0	0	f801c4debff0501d29925ae6ddf4
user22	703	54	1271033534907	0	0	f801c4debff0501d29925ae6ddf4
user22	697	55	1271033534915	0	0	f801c4debff0501d29925ae6ddf4
user22	691	57	1271033534923	0	0	f801c4debff0501d29925ae6ddf4
user22	684	58	1271033534931	0	0	f801c4debff0501d29925ae6ddf4
user22	680	61	1271033534939	0	0	f801c4debff0501d29925ae6ddf4
user22	674	64	1271033534947	0	0	f801c4debff0501d29925ae6ddf4
user22	669	67	1271033534955	0	0	f801c4debff0501d29925ae6ddf4
user22	663	70	1271033534963	0	0	f801c4debff0501d29925ae6ddf4
user22	658	74	1271033534972	0	0	f801c4debff0501d29925ae6ddf4
user22	654	77	1271033534979	0	0	f801c4debff0501d29925ae6ddf4
user22	649	80	1271033534987	0	0	f801c4debff0501d29925ae6ddf4
user22	646	85	1271033534995	0	0	f801c4debff0501d29925ae6ddf4
user22	643	90	1271033535003	0	0	f801c4debff0501d29925ae6ddf4
user22	640	94	1271033535011	0	0	f801c4debff0501d29925ae6ddf4
user22	637	98	1271033535019	0	0	f801c4debff0501d29925ae6ddf4
user22	634	104	1271033535027	0	0	f801c4debff0501d29925ae6ddf4
user22	628	110	1271033535035	0	0	f801c4debff0501d29925ae6ddf4
user22	627	115	1271033535043	0	0	f801c4debff0501d29925ae6ddf4
user22	625	123	1271033535051	0	0	f801c4debff0501d29925ae6ddf4
user22	624	127	1271033535059	0	0	f801c4debff0501d29925ae6ddf4
user22	624	128	1271033535099	0	0	f801c4debff0501d29925ae6ddf4
user22	625	128	1271033535228	0	0	f801c4debff0501d29925ae6ddf4
user22	634	128	1271033535235	0	0	f801c4debff0501d29925ae6ddf4
user22	636	128	1271033535260	0	0	f801c4debff0501d29925ae6ddf4
user22	636	127	1271033535267	0	0	f801c4debff0501d29925ae6ddf4
user22	639	127	1271033535275	0	0	f801c4debff0501d29925ae6ddf4
user22	647	127	1271033535283	0	0	f801c4debff0501d29925ae6ddf4
user22	649	127	1271033535348	0	0	f801c4debff0501d29925ae6ddf4
user22	648	126	1271033535379	0	0	f801c4debff0501d29925ae6ddf4
user22	646	126	1271033535395	0	0	f801c4debff0501d29925ae6ddf4
user22	645	126	1271033535411	0	0	f801c4debff0501d29925ae6ddf4
user22	643	126	1271033535419	0	0	f801c4debff0501d29925ae6ddf4
user22	642	126	1271033535435	0	0	f801c4debff0501d29925ae6ddf4
user22	641	126	1271033535451	0	0	f801c4debff0501d29925ae6ddf4
user22	640	126	1271033535467	0	0	f801c4debff0501d29925ae6ddf4
user22	638	126	1271033535483	0	0	f801c4debff0501d29925ae6ddf4
user22	637	126	1271033535500	0	0	f801c4debff0501d29925ae6ddf4
user22	636	126	1271033535507	0	0	f801c4debff0501d29925ae6ddf4
user22	635	126	1271033535515	0	0	f801c4debff0501d29925ae6ddf4
user22	634	126	1271033535523	0	0	f801c4debff0501d29925ae6ddf4
user22	632	125	1271033535531	0	0	f801c4debff0501d29925ae6ddf4
user22	630	125	1271033535539	0	0	f801c4debff0501d29925ae6ddf4
user22	628	125	1271033535547	0	0	f801c4debff0501d29925ae6ddf4
user22	625	124	1271033535555	0	0	f801c4debff0501d29925ae6ddf4
user22	622	122	1271033535563	0	0	f801c4debff0501d29925ae6ddf4
user22	619	121	1271033535571	0	0	f801c4debff0501d29925ae6ddf4
user22	616	120	1271033535579	0	0	f801c4debff0501d29925ae6ddf4
user22	611	118	1271033535587	0	0	f801c4debff0501d29925ae6ddf4
user22	606	116	1271033535595	0	0	f801c4debff0501d29925ae6ddf4
user22	602	114	1271033535603	0	0	f801c4debff0501d29925ae6ddf4
user22	597	111	1271033535611	0	0	f801c4debff0501d29925ae6ddf4
user22	591	109	1271033535619	0	0	f801c4debff0501d29925ae6ddf4
user22	586	105	1271033535627	0	0	f801c4debff0501d29925ae6ddf4
user22	579	103	1271033535635	0	0	f801c4debff0501d29925ae6ddf4
user22	573	99	1271033535643	0	0	f801c4debff0501d29925ae6ddf4
user22	567	96	1271033535651	0	0	f801c4debff0501d29925ae6ddf4
user22	561	92	1271033535659	0	0	f801c4debff0501d29925ae6ddf4
user22	554	88	1271033535667	0	0	f801c4debff0501d29925ae6ddf4
user22	549	84	1271033535675	0	0	f801c4debff0501d29925ae6ddf4
user22	543	80	1271033535683	0	0	f801c4debff0501d29925ae6ddf4
user22	537	76	1271033535691	0	0	f801c4debff0501d29925ae6ddf4
user22	531	72	1271033535699	0	0	f801c4debff0501d29925ae6ddf4
user22	525	68	1271033535707	0	0	f801c4debff0501d29925ae6ddf4
user22	520	64	1271033535715	0	0	f801c4debff0501d29925ae6ddf4
user22	514	61	1271033535723	0	0	f801c4debff0501d29925ae6ddf4
user22	508	57	1271033535731	0	0	f801c4debff0501d29925ae6ddf4
user22	504	54	1271033535739	0	0	f801c4debff0501d29925ae6ddf4
user22	501	51	1271033535747	0	0	f801c4debff0501d29925ae6ddf4
user22	497	50	1271033535755	0	0	f801c4debff0501d29925ae6ddf4
user22	494	47	1271033535763	0	0	f801c4debff0501d29925ae6ddf4
user22	490	45	1271033535771	0	0	f801c4debff0501d29925ae6ddf4
user22	488	44	1271033535779	0	0	f801c4debff0501d29925ae6ddf4
user22	486	41	1271033535787	0	0	f801c4debff0501d29925ae6ddf4
user22	483	40	1271033535795	0	0	f801c4debff0501d29925ae6ddf4
user22	480	38	1271033535803	0	0	f801c4debff0501d29925ae6ddf4
user22	478	37	1271033535811	0	0	f801c4debff0501d29925ae6ddf4
user22	474	34	1271033535819	0	0	f801c4debff0501d29925ae6ddf4
user22	472	33	1271033535827	0	0	f801c4debff0501d29925ae6ddf4
user22	470	32	1271033535835	0	0	f801c4debff0501d29925ae6ddf4
user22	468	30	1271033535843	0	0	f801c4debff0501d29925ae6ddf4
user22	465	29	1271033535851	0	0	f801c4debff0501d29925ae6ddf4
user22	464	28	1271033535859	0	0	f801c4debff0501d29925ae6ddf4
user22	462	27	1271033535867	0	0	f801c4debff0501d29925ae6ddf4
user22	458	26	1271033535875	0	0	f801c4debff0501d29925ae6ddf4
user22	456	25	1271033535883	0	0	f801c4debff0501d29925ae6ddf4
user22	454	23	1271033535891	0	0	f801c4debff0501d29925ae6ddf4
user22	452	23	1271033535899	0	0	f801c4debff0501d29925ae6ddf4
user22	449	21	1271033535907	0	0	f801c4debff0501d29925ae6ddf4
user22	446	20	1271033535915	0	0	f801c4debff0501d29925ae6ddf4
user22	443	19	1271033535923	0	0	f801c4debff0501d29925ae6ddf4
user22	439	17	1271033535931	0	0	f801c4debff0501d29925ae6ddf4
user22	435	16	1271033535939	0	0	f801c4debff0501d29925ae6ddf4
user22	432	14	1271033535947	0	0	f801c4debff0501d29925ae6ddf4
user22	428	13	1271033535955	0	0	f801c4debff0501d29925ae6ddf4
user22	425	11	1271033535963	0	0	f801c4debff0501d29925ae6ddf4
user22	420	10	1271033535971	0	0	f801c4debff0501d29925ae6ddf4
user22	417	8	1271033535979	0	0	f801c4debff0501d29925ae6ddf4
user22	414	7	1271033535987	0	0	f801c4debff0501d29925ae6ddf4
user22	411	6	1271033535995	0	0	f801c4debff0501d29925ae6ddf4
user22	408	4	1271033536003	0	0	f801c4debff0501d29925ae6ddf4
user22	405	4	1271033536011	0	0	f801c4debff0501d29925ae6ddf4
user22	937	179	1271033637305	0	0	f801c4debff0501d29925ae6ddf4
user22	937	178	1271033637376	0	0	f801c4debff0501d29925ae6ddf4
user22	937	177	1271033637400	0	0	f801c4debff0501d29925ae6ddf4
user22	935	177	1271033637408	0	0	f801c4debff0501d29925ae6ddf4
user22	935	175	1271033637416	0	0	f801c4debff0501d29925ae6ddf4
user22	933	175	1271033637424	0	0	f801c4debff0501d29925ae6ddf4
user22	932	174	1271033637432	0	0	f801c4debff0501d29925ae6ddf4
user22	930	172	1271033637440	0	0	f801c4debff0501d29925ae6ddf4
user22	928	171	1271033637448	0	0	f801c4debff0501d29925ae6ddf4
user22	926	169	1271033637456	0	0	f801c4debff0501d29925ae6ddf4
user22	924	168	1271033637464	0	0	f801c4debff0501d29925ae6ddf4
user22	919	166	1271033637472	0	0	f801c4debff0501d29925ae6ddf4
user22	916	164	1271033637480	0	0	f801c4debff0501d29925ae6ddf4
user22	910	161	1271033637488	0	0	f801c4debff0501d29925ae6ddf4
user22	904	157	1271033637496	0	0	f801c4debff0501d29925ae6ddf4
user22	895	153	1271033637504	0	0	f801c4debff0501d29925ae6ddf4
user22	884	148	1271033637512	0	0	f801c4debff0501d29925ae6ddf4
user22	872	144	1271033637520	0	0	f801c4debff0501d29925ae6ddf4
user22	860	138	1271033637528	0	0	f801c4debff0501d29925ae6ddf4
user22	847	132	1271033637536	0	0	f801c4debff0501d29925ae6ddf4
user22	831	126	1271033637544	0	0	f801c4debff0501d29925ae6ddf4
user22	813	119	1271033637552	0	0	f801c4debff0501d29925ae6ddf4
user22	798	113	1271033637560	0	0	f801c4debff0501d29925ae6ddf4
user22	782	109	1271033637568	0	0	f801c4debff0501d29925ae6ddf4
user22	769	105	1271033637576	0	0	f801c4debff0501d29925ae6ddf4
user22	755	101	1271033637584	0	0	f801c4debff0501d29925ae6ddf4
user22	744	100	1271033637592	0	0	f801c4debff0501d29925ae6ddf4
user22	734	99	1271033637600	0	0	f801c4debff0501d29925ae6ddf4
user22	729	97	1271033637608	0	0	f801c4debff0501d29925ae6ddf4
user22	725	96	1271033637616	0	0	f801c4debff0501d29925ae6ddf4
user22	724	96	1271033637624	0	0	f801c4debff0501d29925ae6ddf4
user22	723	96	1271033637632	0	0	f801c4debff0501d29925ae6ddf4
user22	725	96	1271033637720	0	0	f801c4debff0501d29925ae6ddf4
user22	729	96	1271033637728	0	0	f801c4debff0501d29925ae6ddf4
user22	735	96	1271033637736	0	0	f801c4debff0501d29925ae6ddf4
user22	743	97	1271033637744	0	0	f801c4debff0501d29925ae6ddf4
user22	753	100	1271033637752	0	0	f801c4debff0501d29925ae6ddf4
user22	763	104	1271033637760	0	0	f801c4debff0501d29925ae6ddf4
user22	774	108	1271033637768	0	0	f801c4debff0501d29925ae6ddf4
user22	787	113	1271033637776	0	0	f801c4debff0501d29925ae6ddf4
user22	798	119	1271033637784	0	0	f801c4debff0501d29925ae6ddf4
user22	811	124	1271033637792	0	0	f801c4debff0501d29925ae6ddf4
user22	822	129	1271033637800	0	0	f801c4debff0501d29925ae6ddf4
user22	834	133	1271033637808	0	0	f801c4debff0501d29925ae6ddf4
user22	844	138	1271033637816	0	0	f801c4debff0501d29925ae6ddf4
user22	854	142	1271033637824	0	0	f801c4debff0501d29925ae6ddf4
user22	864	147	1271033637832	0	0	f801c4debff0501d29925ae6ddf4
user22	872	151	1271033637840	0	0	f801c4debff0501d29925ae6ddf4
user22	882	157	1271033637848	0	0	f801c4debff0501d29925ae6ddf4
user22	891	162	1271033637856	0	0	f801c4debff0501d29925ae6ddf4
user22	900	168	1271033637864	0	0	f801c4debff0501d29925ae6ddf4
user22	907	173	1271033637872	0	0	f801c4debff0501d29925ae6ddf4
user22	915	180	1271033637880	0	0	f801c4debff0501d29925ae6ddf4
user22	921	185	1271033637888	0	0	f801c4debff0501d29925ae6ddf4
user22	929	189	1271033637896	0	0	f801c4debff0501d29925ae6ddf4
user22	934	194	1271033637904	0	0	f801c4debff0501d29925ae6ddf4
user22	939	198	1271033637912	0	0	f801c4debff0501d29925ae6ddf4
user22	944	201	1271033637920	0	0	f801c4debff0501d29925ae6ddf4
user22	946	202	1271033637928	0	0	f801c4debff0501d29925ae6ddf4
user22	949	202	1271033637936	0	0	f801c4debff0501d29925ae6ddf4
user22	950	202	1271033637960	0	0	f801c4debff0501d29925ae6ddf4
user22	950	201	1271033637976	0	0	f801c4debff0501d29925ae6ddf4
user22	949	198	1271033637984	0	0	f801c4debff0501d29925ae6ddf4
user22	947	196	1271033637992	0	0	f801c4debff0501d29925ae6ddf4
user22	944	193	1271033638000	0	0	f801c4debff0501d29925ae6ddf4
user22	941	188	1271033638008	0	0	f801c4debff0501d29925ae6ddf4
user22	936	185	1271033638016	0	0	f801c4debff0501d29925ae6ddf4
user22	932	180	1271033638024	0	0	f801c4debff0501d29925ae6ddf4
user22	927	176	1271033638032	0	0	f801c4debff0501d29925ae6ddf4
user22	923	172	1271033638040	0	0	f801c4debff0501d29925ae6ddf4
user22	921	169	1271033638048	0	0	f801c4debff0501d29925ae6ddf4
user22	917	165	1271033638056	0	0	f801c4debff0501d29925ae6ddf4
user22	914	163	1271033638064	0	0	f801c4debff0501d29925ae6ddf4
user22	912	161	1271033638072	0	0	f801c4debff0501d29925ae6ddf4
user22	910	159	1271033638080	0	0	f801c4debff0501d29925ae6ddf4
user22	908	157	1271033638088	0	0	f801c4debff0501d29925ae6ddf4
user22	906	156	1271033638096	0	0	f801c4debff0501d29925ae6ddf4
user22	904	154	1271033638104	0	0	f801c4debff0501d29925ae6ddf4
user22	902	153	1271033638112	0	0	f801c4debff0501d29925ae6ddf4
user22	901	153	1271033638120	0	0	f801c4debff0501d29925ae6ddf4
user22	900	152	1271033638128	0	0	f801c4debff0501d29925ae6ddf4
user22	899	152	1271033638136	0	0	f801c4debff0501d29925ae6ddf4
user22	898	152	1271033638168	0	0	f801c4debff0501d29925ae6ddf4
user22	897	152	1271033638184	0	0	f801c4debff0501d29925ae6ddf4
user22	896	153	1271033638208	0	0	f801c4debff0501d29925ae6ddf4
user22	896	154	1271033638216	0	0	f801c4debff0501d29925ae6ddf4
user22	895	156	1271033638224	0	0	f801c4debff0501d29925ae6ddf4
user22	895	157	1271033638232	0	0	f801c4debff0501d29925ae6ddf4
user22	894	159	1271033638240	0	0	f801c4debff0501d29925ae6ddf4
user22	894	161	1271033638248	0	0	f801c4debff0501d29925ae6ddf4
user22	894	163	1271033638256	0	0	f801c4debff0501d29925ae6ddf4
user22	894	165	1271033638264	0	0	f801c4debff0501d29925ae6ddf4
user22	894	166	1271033638272	0	0	f801c4debff0501d29925ae6ddf4
user22	894	168	1271033638280	0	0	f801c4debff0501d29925ae6ddf4
user22	894	169	1271033638296	0	0	f801c4debff0501d29925ae6ddf4
user22	894	170	1271033638312	0	0	f801c4debff0501d29925ae6ddf4
user22	894	170	1271033638600	1271033638488	1271033638600	f801c4debff0501d29925ae6ddf4
user22	894	169	1271033638720	0	0	f801c4debff0501d29925ae6ddf4
user22	894	168	1271033638736	0	0	f801c4debff0501d29925ae6ddf4
user22	893	168	1271033643920	0	0	f801c4debff0501d29925ae6ddf4
user22	890	168	1271033643928	0	0	f801c4debff0501d29925ae6ddf4
user22	888	167	1271033643936	0	0	f801c4debff0501d29925ae6ddf4
user22	885	167	1271033643944	0	0	f801c4debff0501d29925ae6ddf4
user22	883	167	1271033643952	0	0	f801c4debff0501d29925ae6ddf4
user22	880	167	1271033643960	0	0	f801c4debff0501d29925ae6ddf4
user22	876	167	1271033643968	0	0	f801c4debff0501d29925ae6ddf4
user22	871	166	1271033643976	0	0	f801c4debff0501d29925ae6ddf4
user22	866	166	1271033643984	0	0	f801c4debff0501d29925ae6ddf4
user22	859	165	1271033643992	0	0	f801c4debff0501d29925ae6ddf4
user22	849	164	1271033644000	0	0	f801c4debff0501d29925ae6ddf4
user22	837	164	1271033644008	0	0	f801c4debff0501d29925ae6ddf4
user22	826	164	1271033644016	0	0	f801c4debff0501d29925ae6ddf4
user22	815	163	1271033644024	0	0	f801c4debff0501d29925ae6ddf4
user22	803	162	1271033644032	0	0	f801c4debff0501d29925ae6ddf4
user22	793	158	1271033644040	0	0	f801c4debff0501d29925ae6ddf4
user22	783	154	1271033644048	0	0	f801c4debff0501d29925ae6ddf4
user22	774	147	1271033644056	0	0	f801c4debff0501d29925ae6ddf4
user22	765	140	1271033644064	0	0	f801c4debff0501d29925ae6ddf4
user22	755	133	1271033644072	0	0	f801c4debff0501d29925ae6ddf4
user22	746	125	1271033644080	0	0	f801c4debff0501d29925ae6ddf4
user22	734	115	1271033644088	0	0	f801c4debff0501d29925ae6ddf4
user22	721	104	1271033644096	0	0	f801c4debff0501d29925ae6ddf4
user22	709	94	1271033644104	0	0	f801c4debff0501d29925ae6ddf4
user22	697	83	1271033644112	0	0	f801c4debff0501d29925ae6ddf4
user22	684	72	1271033644120	0	0	f801c4debff0501d29925ae6ddf4
user22	672	60	1271033644128	0	0	f801c4debff0501d29925ae6ddf4
user22	661	50	1271033644136	0	0	f801c4debff0501d29925ae6ddf4
user22	651	41	1271033644144	0	0	f801c4debff0501d29925ae6ddf4
user22	642	30	1271033644152	0	0	f801c4debff0501d29925ae6ddf4
user22	635	21	1271033644160	0	0	f801c4debff0501d29925ae6ddf4
user22	627	14	1271033644168	0	0	f801c4debff0501d29925ae6ddf4
user22	622	8	1271033644176	0	0	f801c4debff0501d29925ae6ddf4
user22	493	6	1271033649408	0	0	f801c4debff0501d29925ae6ddf4
user22	499	9	1271033649416	0	0	f801c4debff0501d29925ae6ddf4
user22	506	12	1271033649423	0	0	f801c4debff0501d29925ae6ddf4
user22	514	16	1271033649431	0	0	f801c4debff0501d29925ae6ddf4
user22	522	19	1271033649439	0	0	f801c4debff0501d29925ae6ddf4
user22	531	24	1271033649448	0	0	f801c4debff0501d29925ae6ddf4
user22	540	28	1271033649456	0	0	f801c4debff0501d29925ae6ddf4
user22	549	32	1271033649463	0	0	f801c4debff0501d29925ae6ddf4
user22	557	37	1271033649471	0	0	f801c4debff0501d29925ae6ddf4
user22	566	42	1271033649480	0	0	f801c4debff0501d29925ae6ddf4
user22	573	46	1271033649488	0	0	f801c4debff0501d29925ae6ddf4
user22	582	52	1271033649496	0	0	f801c4debff0501d29925ae6ddf4
user22	590	56	1271033649503	0	0	f801c4debff0501d29925ae6ddf4
user22	600	63	1271033649511	0	0	f801c4debff0501d29925ae6ddf4
user22	610	69	1271033649520	0	0	f801c4debff0501d29925ae6ddf4
user22	620	75	1271033649528	0	0	f801c4debff0501d29925ae6ddf4
user22	631	81	1271033649536	0	0	f801c4debff0501d29925ae6ddf4
user22	643	89	1271033649543	0	0	f801c4debff0501d29925ae6ddf4
user22	658	97	1271033649551	0	0	f801c4debff0501d29925ae6ddf4
user22	677	107	1271033649559	0	0	f801c4debff0501d29925ae6ddf4
user22	693	116	1271033649568	0	0	f801c4debff0501d29925ae6ddf4
user22	712	126	1271033649576	0	0	f801c4debff0501d29925ae6ddf4
user22	731	138	1271033649583	0	0	f801c4debff0501d29925ae6ddf4
user22	747	148	1271033649591	0	0	f801c4debff0501d29925ae6ddf4
user22	763	157	1271033649600	0	0	f801c4debff0501d29925ae6ddf4
user22	777	166	1271033649608	0	0	f801c4debff0501d29925ae6ddf4
user22	792	176	1271033649615	0	0	f801c4debff0501d29925ae6ddf4
user22	806	185	1271033649623	0	0	f801c4debff0501d29925ae6ddf4
user22	817	193	1271033649632	0	0	f801c4debff0501d29925ae6ddf4
user22	830	200	1271033649640	0	0	f801c4debff0501d29925ae6ddf4
user22	842	208	1271033649648	0	0	f801c4debff0501d29925ae6ddf4
user22	853	215	1271033649656	0	0	f801c4debff0501d29925ae6ddf4
user22	864	221	1271033649664	0	0	f801c4debff0501d29925ae6ddf4
user22	874	227	1271033649672	0	0	f801c4debff0501d29925ae6ddf4
user22	883	230	1271033649680	0	0	f801c4debff0501d29925ae6ddf4
user22	893	234	1271033649688	0	0	f801c4debff0501d29925ae6ddf4
user22	902	239	1271033649696	0	0	f801c4debff0501d29925ae6ddf4
user22	912	242	1271033649703	0	0	f801c4debff0501d29925ae6ddf4
user22	919	245	1271033649711	0	0	f801c4debff0501d29925ae6ddf4
user22	926	248	1271033649719	0	0	f801c4debff0501d29925ae6ddf4
user22	932	250	1271033649728	0	0	f801c4debff0501d29925ae6ddf4
user22	937	252	1271033649736	0	0	f801c4debff0501d29925ae6ddf4
user22	940	254	1271033649743	0	0	f801c4debff0501d29925ae6ddf4
user22	942	254	1271033649751	0	0	f801c4debff0501d29925ae6ddf4
user22	945	256	1271033649759	0	0	f801c4debff0501d29925ae6ddf4
user22	946	257	1271033649768	0	0	f801c4debff0501d29925ae6ddf4
user22	948	257	1271033649776	0	0	f801c4debff0501d29925ae6ddf4
user22	950	258	1271033649783	0	0	f801c4debff0501d29925ae6ddf4
user22	952	259	1271033649792	0	0	f801c4debff0501d29925ae6ddf4
user22	954	260	1271033649800	0	0	f801c4debff0501d29925ae6ddf4
user22	957	261	1271033649808	0	0	f801c4debff0501d29925ae6ddf4
user22	959	263	1271033649816	0	0	f801c4debff0501d29925ae6ddf4
user22	962	265	1271033649824	0	0	f801c4debff0501d29925ae6ddf4
user22	964	267	1271033649832	0	0	f801c4debff0501d29925ae6ddf4
user22	967	269	1271033649840	0	0	f801c4debff0501d29925ae6ddf4
user22	969	271	1271033649848	0	0	f801c4debff0501d29925ae6ddf4
user22	972	273	1271033649856	0	0	f801c4debff0501d29925ae6ddf4
user22	975	275	1271033649863	0	0	f801c4debff0501d29925ae6ddf4
user22	977	277	1271033649871	0	0	f801c4debff0501d29925ae6ddf4
user22	979	279	1271033649879	0	0	f801c4debff0501d29925ae6ddf4
user22	980	281	1271033649888	0	0	f801c4debff0501d29925ae6ddf4
user22	983	282	1271033649895	0	0	f801c4debff0501d29925ae6ddf4
user22	984	283	1271033649903	0	0	f801c4debff0501d29925ae6ddf4
user22	984	284	1271033649911	0	0	f801c4debff0501d29925ae6ddf4
user22	985	285	1271033649919	0	0	f801c4debff0501d29925ae6ddf4
user22	985	286	1271033649984	0	0	f801c4debff0501d29925ae6ddf4
user22	984	286	1271033650008	0	0	f801c4debff0501d29925ae6ddf4
user22	983	286	1271033650040	0	0	f801c4debff0501d29925ae6ddf4
user22	983	285	1271033650056	0	0	f801c4debff0501d29925ae6ddf4
user22	982	284	1271033650072	0	0	f801c4debff0501d29925ae6ddf4
user22	980	283	1271033650088	0	0	f801c4debff0501d29925ae6ddf4
user22	979	282	1271033650096	0	0	f801c4debff0501d29925ae6ddf4
user22	978	281	1271033650104	0	0	f801c4debff0501d29925ae6ddf4
user22	976	280	1271033650111	0	0	f801c4debff0501d29925ae6ddf4
user22	975	279	1271033650120	0	0	f801c4debff0501d29925ae6ddf4
user22	973	278	1271033650136	0	0	f801c4debff0501d29925ae6ddf4
user22	972	277	1271033650147	0	0	f801c4debff0501d29925ae6ddf4
user22	970	277	1271033650160	0	0	f801c4debff0501d29925ae6ddf4
user22	970	277	1271033650384	1271033650256	1271033650384	f801c4debff0501d29925ae6ddf4
user22	527	9	1271033666695	0	0	f801c4debff0501d29925ae6ddf4
user22	535	20	1271033666703	0	0	f801c4debff0501d29925ae6ddf4
user22	541	31	1271033666711	0	0	f801c4debff0501d29925ae6ddf4
user22	550	44	1271033666719	0	0	f801c4debff0501d29925ae6ddf4
user22	556	62	1271033666727	0	0	f801c4debff0501d29925ae6ddf4
user22	565	83	1271033666735	0	0	f801c4debff0501d29925ae6ddf4
user22	570	104	1271033666743	0	0	f801c4debff0501d29925ae6ddf4
user22	575	124	1271033666751	0	0	f801c4debff0501d29925ae6ddf4
user22	578	145	1271033666759	0	0	f801c4debff0501d29925ae6ddf4
user22	582	167	1271033666767	0	0	f801c4debff0501d29925ae6ddf4
user22	585	188	1271033666775	0	0	f801c4debff0501d29925ae6ddf4
user22	586	205	1271033666783	0	0	f801c4debff0501d29925ae6ddf4
user22	590	222	1271033666791	0	0	f801c4debff0501d29925ae6ddf4
user22	592	235	1271033666799	0	0	f801c4debff0501d29925ae6ddf4
user22	595	246	1271033666807	0	0	f801c4debff0501d29925ae6ddf4
user22	598	255	1271033666815	0	0	f801c4debff0501d29925ae6ddf4
user22	600	262	1271033666823	0	0	f801c4debff0501d29925ae6ddf4
user22	603	268	1271033666831	0	0	f801c4debff0501d29925ae6ddf4
user22	607	272	1271033666839	0	0	f801c4debff0501d29925ae6ddf4
user22	607	275	1271033666847	0	0	f801c4debff0501d29925ae6ddf4
user22	610	277	1271033666855	0	0	f801c4debff0501d29925ae6ddf4
user22	611	279	1271033666863	0	0	f801c4debff0501d29925ae6ddf4
user22	613	280	1271033666871	0	0	f801c4debff0501d29925ae6ddf4
user22	614	280	1271033666879	0	0	f801c4debff0501d29925ae6ddf4
user22	615	280	1271033666887	0	0	f801c4debff0501d29925ae6ddf4
user22	616	280	1271033666895	0	0	f801c4debff0501d29925ae6ddf4
user22	618	280	1271033666911	0	0	f801c4debff0501d29925ae6ddf4
user22	620	279	1271033666919	0	0	f801c4debff0501d29925ae6ddf4
user22	621	278	1271033666927	0	0	f801c4debff0501d29925ae6ddf4
user22	623	275	1271033666935	0	0	f801c4debff0501d29925ae6ddf4
user22	624	273	1271033666943	0	0	f801c4debff0501d29925ae6ddf4
user22	625	270	1271033666951	0	0	f801c4debff0501d29925ae6ddf4
user22	626	268	1271033666959	0	0	f801c4debff0501d29925ae6ddf4
user22	627	264	1271033666967	0	0	f801c4debff0501d29925ae6ddf4
user22	627	262	1271033666975	0	0	f801c4debff0501d29925ae6ddf4
user22	627	261	1271033666983	0	0	f801c4debff0501d29925ae6ddf4
user22	627	259	1271033666991	0	0	f801c4debff0501d29925ae6ddf4
user22	627	257	1271033666999	0	0	f801c4debff0501d29925ae6ddf4
user22	626	256	1271033667007	0	0	f801c4debff0501d29925ae6ddf4
user22	625	255	1271033667015	0	0	f801c4debff0501d29925ae6ddf4
user22	624	254	1271033667023	0	0	f801c4debff0501d29925ae6ddf4
user22	623	253	1271033667031	0	0	f801c4debff0501d29925ae6ddf4
user22	622	253	1271033667039	0	0	f801c4debff0501d29925ae6ddf4
user22	621	252	1271033667047	0	0	f801c4debff0501d29925ae6ddf4
user22	620	252	1271033667055	0	0	f801c4debff0501d29925ae6ddf4
user22	619	252	1271033667063	0	0	f801c4debff0501d29925ae6ddf4
user22	618	251	1271033667071	0	0	f801c4debff0501d29925ae6ddf4
user22	616	249	1271033667087	0	0	f801c4debff0501d29925ae6ddf4
user22	615	249	1271033667095	0	0	f801c4debff0501d29925ae6ddf4
user22	612	249	1271033667103	0	0	f801c4debff0501d29925ae6ddf4
user22	608	249	1271033667111	0	0	f801c4debff0501d29925ae6ddf4
user22	603	249	1271033667119	0	0	f801c4debff0501d29925ae6ddf4
user22	602	249	1271033667415	0	0	f801c4debff0501d29925ae6ddf4
user22	601	249	1271033667471	0	0	f801c4debff0501d29925ae6ddf4
user22	601	248	1271033667479	0	0	f801c4debff0501d29925ae6ddf4
user22	601	246	1271033667503	0	0	f801c4debff0501d29925ae6ddf4
user22	602	244	1271033667519	0	0	f801c4debff0501d29925ae6ddf4
user22	603	244	1271033667527	0	0	f801c4debff0501d29925ae6ddf4
user22	605	242	1271033667535	0	0	f801c4debff0501d29925ae6ddf4
user22	607	241	1271033667543	0	0	f801c4debff0501d29925ae6ddf4
user22	609	239	1271033667551	0	0	f801c4debff0501d29925ae6ddf4
user22	613	238	1271033667559	0	0	f801c4debff0501d29925ae6ddf4
user22	617	236	1271033667567	0	0	f801c4debff0501d29925ae6ddf4
user22	622	233	1271033667575	0	0	f801c4debff0501d29925ae6ddf4
user22	627	230	1271033667583	0	0	f801c4debff0501d29925ae6ddf4
user22	634	227	1271033667591	0	0	f801c4debff0501d29925ae6ddf4
user22	642	224	1271033667599	0	0	f801c4debff0501d29925ae6ddf4
user22	649	220	1271033667607	0	0	f801c4debff0501d29925ae6ddf4
user22	659	216	1271033667615	0	0	f801c4debff0501d29925ae6ddf4
user22	668	212	1271033667623	0	0	f801c4debff0501d29925ae6ddf4
user22	678	207	1271033667631	0	0	f801c4debff0501d29925ae6ddf4
user22	688	203	1271033667639	0	0	f801c4debff0501d29925ae6ddf4
user22	699	198	1271033667647	0	0	f801c4debff0501d29925ae6ddf4
user22	709	194	1271033667655	0	0	f801c4debff0501d29925ae6ddf4
user22	719	190	1271033667663	0	0	f801c4debff0501d29925ae6ddf4
user22	730	185	1271033667671	0	0	f801c4debff0501d29925ae6ddf4
user22	740	181	1271033667679	0	0	f801c4debff0501d29925ae6ddf4
user22	749	176	1271033667687	0	0	f801c4debff0501d29925ae6ddf4
user22	758	171	1271033667695	0	0	f801c4debff0501d29925ae6ddf4
user22	765	165	1271033667703	0	0	f801c4debff0501d29925ae6ddf4
user22	773	161	1271033667711	0	0	f801c4debff0501d29925ae6ddf4
user22	777	157	1271033667719	0	0	f801c4debff0501d29925ae6ddf4
user22	781	154	1271033667727	0	0	f801c4debff0501d29925ae6ddf4
user22	784	150	1271033667735	0	0	f801c4debff0501d29925ae6ddf4
user22	785	148	1271033667743	0	0	f801c4debff0501d29925ae6ddf4
user22	786	145	1271033667751	0	0	f801c4debff0501d29925ae6ddf4
user22	786	143	1271033667759	0	0	f801c4debff0501d29925ae6ddf4
user22	786	141	1271033667767	0	0	f801c4debff0501d29925ae6ddf4
user22	784	138	1271033667775	0	0	f801c4debff0501d29925ae6ddf4
user22	781	133	1271033667783	0	0	f801c4debff0501d29925ae6ddf4
user22	775	128	1271033667791	0	0	f801c4debff0501d29925ae6ddf4
user22	767	122	1271033667799	0	0	f801c4debff0501d29925ae6ddf4
user22	758	117	1271033667807	0	0	f801c4debff0501d29925ae6ddf4
user22	747	111	1271033667815	0	0	f801c4debff0501d29925ae6ddf4
user22	734	105	1271033667823	0	0	f801c4debff0501d29925ae6ddf4
user22	719	98	1271033667831	0	0	f801c4debff0501d29925ae6ddf4
user22	702	91	1271033667839	0	0	f801c4debff0501d29925ae6ddf4
user22	684	84	1271033667847	0	0	f801c4debff0501d29925ae6ddf4
user22	666	77	1271033667855	0	0	f801c4debff0501d29925ae6ddf4
user22	653	74	1271033667863	0	0	f801c4debff0501d29925ae6ddf4
user22	638	69	1271033667871	0	0	f801c4debff0501d29925ae6ddf4
user22	625	67	1271033667879	0	0	f801c4debff0501d29925ae6ddf4
user22	613	64	1271033667887	0	0	f801c4debff0501d29925ae6ddf4
user22	602	63	1271033667895	0	0	f801c4debff0501d29925ae6ddf4
user22	593	60	1271033667903	0	0	f801c4debff0501d29925ae6ddf4
user22	583	59	1271033667911	0	0	f801c4debff0501d29925ae6ddf4
user22	575	59	1271033667919	0	0	f801c4debff0501d29925ae6ddf4
user22	567	59	1271033667927	0	0	f801c4debff0501d29925ae6ddf4
user22	560	59	1271033667935	0	0	f801c4debff0501d29925ae6ddf4
user22	551	59	1271033667943	0	0	f801c4debff0501d29925ae6ddf4
user22	545	59	1271033667951	0	0	f801c4debff0501d29925ae6ddf4
user22	538	59	1271033667959	0	0	f801c4debff0501d29925ae6ddf4
user22	532	60	1271033667967	0	0	f801c4debff0501d29925ae6ddf4
user22	526	61	1271033667975	0	0	f801c4debff0501d29925ae6ddf4
user22	522	62	1271033667983	0	0	f801c4debff0501d29925ae6ddf4
user22	517	62	1271033667991	0	0	f801c4debff0501d29925ae6ddf4
user22	513	63	1271033667999	0	0	f801c4debff0501d29925ae6ddf4
user22	510	63	1271033668007	0	0	f801c4debff0501d29925ae6ddf4
user22	507	63	1271033668015	0	0	f801c4debff0501d29925ae6ddf4
user22	504	63	1271033668023	0	0	f801c4debff0501d29925ae6ddf4
user22	501	63	1271033668031	0	0	f801c4debff0501d29925ae6ddf4
user22	500	63	1271033668045	0	0	f801c4debff0501d29925ae6ddf4
user22	498	62	1271033668047	0	0	f801c4debff0501d29925ae6ddf4
user22	497	61	1271033668055	0	0	f801c4debff0501d29925ae6ddf4
user22	496	60	1271033668071	0	0	f801c4debff0501d29925ae6ddf4
user22	495	59	1271033668095	0	0	f801c4debff0501d29925ae6ddf4
user22	495	58	1271033668127	0	0	f801c4debff0501d29925ae6ddf4
user22	495	58	1271033668327	1271033668199	1271033668327	f801c4debff0501d29925ae6ddf4
user22	697	185	1271033673439	0	0	f801c4debff0501d29925ae6ddf4
user22	695	189	1271033673447	0	0	f801c4debff0501d29925ae6ddf4
user22	695	192	1271033673455	0	0	f801c4debff0501d29925ae6ddf4
user22	693	196	1271033673463	0	0	f801c4debff0501d29925ae6ddf4
user22	691	202	1271033673471	0	0	f801c4debff0501d29925ae6ddf4
user22	689	208	1271033673479	0	0	f801c4debff0501d29925ae6ddf4
user22	687	217	1271033673487	0	0	f801c4debff0501d29925ae6ddf4
user22	682	224	1271033673495	0	0	f801c4debff0501d29925ae6ddf4
user22	678	234	1271033673503	0	0	f801c4debff0501d29925ae6ddf4
user22	671	243	1271033673511	0	0	f801c4debff0501d29925ae6ddf4
user22	665	252	1271033673519	0	0	f801c4debff0501d29925ae6ddf4
user22	656	260	1271033673527	0	0	f801c4debff0501d29925ae6ddf4
user22	648	267	1271033673535	0	0	f801c4debff0501d29925ae6ddf4
user22	638	273	1271033673543	0	0	f801c4debff0501d29925ae6ddf4
user22	628	279	1271033673551	0	0	f801c4debff0501d29925ae6ddf4
user22	619	283	1271033673559	0	0	f801c4debff0501d29925ae6ddf4
user22	611	286	1271033673567	0	0	f801c4debff0501d29925ae6ddf4
user22	606	288	1271033673575	0	0	f801c4debff0501d29925ae6ddf4
user22	604	288	1271033673583	0	0	f801c4debff0501d29925ae6ddf4
user22	607	284	1271033673607	0	0	f801c4debff0501d29925ae6ddf4
user22	613	280	1271033673615	0	0	f801c4debff0501d29925ae6ddf4
user22	621	275	1271033673623	0	0	f801c4debff0501d29925ae6ddf4
user22	628	268	1271033673631	0	0	f801c4debff0501d29925ae6ddf4
user22	635	263	1271033673639	0	0	f801c4debff0501d29925ae6ddf4
user22	642	256	1271033673647	0	0	f801c4debff0501d29925ae6ddf4
user22	648	250	1271033673655	0	0	f801c4debff0501d29925ae6ddf4
user22	656	242	1271033673663	0	0	f801c4debff0501d29925ae6ddf4
user22	662	235	1271033673671	0	0	f801c4debff0501d29925ae6ddf4
user22	668	226	1271033673679	0	0	f801c4debff0501d29925ae6ddf4
user22	675	217	1271033673687	0	0	f801c4debff0501d29925ae6ddf4
user22	681	209	1271033673695	0	0	f801c4debff0501d29925ae6ddf4
user22	686	202	1271033673703	0	0	f801c4debff0501d29925ae6ddf4
user22	688	196	1271033673711	0	0	f801c4debff0501d29925ae6ddf4
user22	689	191	1271033673719	0	0	f801c4debff0501d29925ae6ddf4
user22	689	187	1271033673727	0	0	f801c4debff0501d29925ae6ddf4
user22	689	184	1271033673735	0	0	f801c4debff0501d29925ae6ddf4
user22	688	181	1271033673743	0	0	f801c4debff0501d29925ae6ddf4
user22	686	178	1271033673751	0	0	f801c4debff0501d29925ae6ddf4
user22	684	177	1271033673759	0	0	f801c4debff0501d29925ae6ddf4
user22	682	175	1271033673767	0	0	f801c4debff0501d29925ae6ddf4
user22	680	174	1271033673775	0	0	f801c4debff0501d29925ae6ddf4
user22	677	173	1271033673783	0	0	f801c4debff0501d29925ae6ddf4
user22	675	172	1271033673791	0	0	f801c4debff0501d29925ae6ddf4
user22	674	172	1271033673799	0	0	f801c4debff0501d29925ae6ddf4
user22	671	171	1271033673807	0	0	f801c4debff0501d29925ae6ddf4
user22	670	170	1271033673815	0	0	f801c4debff0501d29925ae6ddf4
user22	669	170	1271033673823	0	0	f801c4debff0501d29925ae6ddf4
user22	668	170	1271033673831	0	0	f801c4debff0501d29925ae6ddf4
user22	667	170	1271033673847	0	0	f801c4debff0501d29925ae6ddf4
user22	666	169	1271033673919	0	0	f801c4debff0501d29925ae6ddf4
user22	665	168	1271033673943	0	0	f801c4debff0501d29925ae6ddf4
user22	664	168	1271033673959	0	0	f801c4debff0501d29925ae6ddf4
user22	662	168	1271033673967	0	0	f801c4debff0501d29925ae6ddf4
user22	659	168	1271033673975	0	0	f801c4debff0501d29925ae6ddf4
user22	657	168	1271033673983	0	0	f801c4debff0501d29925ae6ddf4
user22	655	168	1271033673991	0	0	f801c4debff0501d29925ae6ddf4
user22	652	168	1271033673999	0	0	f801c4debff0501d29925ae6ddf4
user22	649	168	1271033674007	0	0	f801c4debff0501d29925ae6ddf4
user22	646	168	1271033674015	0	0	f801c4debff0501d29925ae6ddf4
user22	643	168	1271033674023	0	0	f801c4debff0501d29925ae6ddf4
user22	638	168	1271033674031	0	0	f801c4debff0501d29925ae6ddf4
user22	635	169	1271033674039	0	0	f801c4debff0501d29925ae6ddf4
user22	631	169	1271033674047	0	0	f801c4debff0501d29925ae6ddf4
user22	628	170	1271033674055	0	0	f801c4debff0501d29925ae6ddf4
user22	625	170	1271033674063	0	0	f801c4debff0501d29925ae6ddf4
user22	622	170	1271033674071	0	0	f801c4debff0501d29925ae6ddf4
user22	619	170	1271033674079	0	0	f801c4debff0501d29925ae6ddf4
user22	617	170	1271033674087	0	0	f801c4debff0501d29925ae6ddf4
user22	616	170	1271033674095	0	0	f801c4debff0501d29925ae6ddf4
user22	615	170	1271033674103	0	0	f801c4debff0501d29925ae6ddf4
user22	613	170	1271033674111	0	0	f801c4debff0501d29925ae6ddf4
user22	612	170	1271033674119	0	0	f801c4debff0501d29925ae6ddf4
user22	611	170	1271033674135	0	0	f801c4debff0501d29925ae6ddf4
user22	611	170	1271033674343	1271033674207	1271033674343	f801c4debff0501d29925ae6ddf4
user22	667	161	1271033677429	0	0	f801c4debff0501d29925ae6ddf4
user22	666	161	1271033677443	0	0	f801c4debff0501d29925ae6ddf4
user22	665	161	1271033677447	0	0	f801c4debff0501d29925ae6ddf4
user22	663	161	1271033677455	0	0	f801c4debff0501d29925ae6ddf4
user22	661	161	1271033677471	0	0	f801c4debff0501d29925ae6ddf4
user22	660	161	1271033677479	0	0	f801c4debff0501d29925ae6ddf4
user22	659	161	1271033677487	0	0	f801c4debff0501d29925ae6ddf4
user22	657	161	1271033677495	0	0	f801c4debff0501d29925ae6ddf4
user22	656	161	1271033677503	0	0	f801c4debff0501d29925ae6ddf4
user22	655	161	1271033677511	0	0	f801c4debff0501d29925ae6ddf4
user22	653	162	1271033677519	0	0	f801c4debff0501d29925ae6ddf4
user22	652	162	1271033677527	0	0	f801c4debff0501d29925ae6ddf4
user22	651	162	1271033677535	0	0	f801c4debff0501d29925ae6ddf4
user22	650	162	1271033677543	0	0	f801c4debff0501d29925ae6ddf4
user22	649	162	1271033677551	0	0	f801c4debff0501d29925ae6ddf4
user22	648	162	1271033677559	0	0	f801c4debff0501d29925ae6ddf4
user22	647	163	1271033677567	0	0	f801c4debff0501d29925ae6ddf4
user22	646	163	1271033677575	0	0	f801c4debff0501d29925ae6ddf4
user22	645	163	1271033677583	0	0	f801c4debff0501d29925ae6ddf4
user22	644	163	1271033677591	0	0	f801c4debff0501d29925ae6ddf4
user22	643	163	1271033677599	0	0	f801c4debff0501d29925ae6ddf4
user22	642	163	1271033677607	0	0	f801c4debff0501d29925ae6ddf4
user22	641	163	1271033677615	0	0	f801c4debff0501d29925ae6ddf4
user22	640	163	1271033677623	0	0	f801c4debff0501d29925ae6ddf4
user22	639	163	1271033677631	0	0	f801c4debff0501d29925ae6ddf4
user22	637	163	1271033677639	0	0	f801c4debff0501d29925ae6ddf4
user22	636	163	1271033677655	0	0	f801c4debff0501d29925ae6ddf4
user22	635	163	1271033677663	0	0	f801c4debff0501d29925ae6ddf4
user22	633	164	1271033677679	0	0	f801c4debff0501d29925ae6ddf4
user22	632	164	1271033677687	0	0	f801c4debff0501d29925ae6ddf4
user22	630	164	1271033677703	0	0	f801c4debff0501d29925ae6ddf4
user22	628	164	1271033677719	0	0	f801c4debff0501d29925ae6ddf4
user22	627	164	1271033677727	0	0	f801c4debff0501d29925ae6ddf4
user22	626	164	1271033677735	0	0	f801c4debff0501d29925ae6ddf4
user22	624	165	1271033677742	0	0	f801c4debff0501d29925ae6ddf4
user22	623	165	1271033677750	0	0	f801c4debff0501d29925ae6ddf4
user22	622	165	1271033677759	0	0	f801c4debff0501d29925ae6ddf4
user22	621	165	1271033677767	0	0	f801c4debff0501d29925ae6ddf4
user22	619	165	1271033677775	0	0	f801c4debff0501d29925ae6ddf4
user22	618	165	1271033677783	0	0	f801c4debff0501d29925ae6ddf4
user22	617	165	1271033677791	0	0	f801c4debff0501d29925ae6ddf4
user22	615	165	1271033677799	0	0	f801c4debff0501d29925ae6ddf4
user22	614	165	1271033677807	0	0	f801c4debff0501d29925ae6ddf4
user22	613	165	1271033677815	0	0	f801c4debff0501d29925ae6ddf4
user22	612	165	1271033677823	0	0	f801c4debff0501d29925ae6ddf4
user22	611	165	1271033677831	0	0	f801c4debff0501d29925ae6ddf4
user22	610	166	1271033677847	0	0	f801c4debff0501d29925ae6ddf4
user22	608	166	1271033677863	0	0	f801c4debff0501d29925ae6ddf4
user22	607	166	1271033677887	0	0	f801c4debff0501d29925ae6ddf4
user22	605	166	1271033677911	0	0	f801c4debff0501d29925ae6ddf4
user22	604	166	1271033677927	0	0	f801c4debff0501d29925ae6ddf4
user22	603	166	1271033677943	0	0	f801c4debff0501d29925ae6ddf4
user22	601	165	1271033677959	0	0	f801c4debff0501d29925ae6ddf4
user22	600	165	1271033677975	0	0	f801c4debff0501d29925ae6ddf4
user22	599	165	1271033677983	0	0	f801c4debff0501d29925ae6ddf4
user22	597	165	1271033677999	0	0	f801c4debff0501d29925ae6ddf4
user22	596	165	1271033678023	0	0	f801c4debff0501d29925ae6ddf4
user22	595	165	1271033678048	0	0	f801c4debff0501d29925ae6ddf4
user22	595	165	1271033678223	1271033678103	1271033678223	f801c4debff0501d29925ae6ddf4
user22	597	165	1271033681191	0	0	f801c4debff0501d29925ae6ddf4
user22	599	165	1271033681198	0	0	f801c4debff0501d29925ae6ddf4
user22	602	166	1271033681207	0	0	f801c4debff0501d29925ae6ddf4
user22	606	169	1271033681214	0	0	f801c4debff0501d29925ae6ddf4
user22	611	173	1271033681222	0	0	f801c4debff0501d29925ae6ddf4
user22	616	179	1271033681230	0	0	f801c4debff0501d29925ae6ddf4
user22	623	186	1271033681238	0	0	f801c4debff0501d29925ae6ddf4
user22	629	194	1271033681247	0	0	f801c4debff0501d29925ae6ddf4
user22	635	204	1271033681255	0	0	f801c4debff0501d29925ae6ddf4
user22	640	216	1271033681262	0	0	f801c4debff0501d29925ae6ddf4
user22	644	227	1271033681270	0	0	f801c4debff0501d29925ae6ddf4
user22	646	239	1271033681278	0	0	f801c4debff0501d29925ae6ddf4
user22	648	251	1271033681287	0	0	f801c4debff0501d29925ae6ddf4
user22	648	261	1271033681294	0	0	f801c4debff0501d29925ae6ddf4
user22	648	271	1271033681302	0	0	f801c4debff0501d29925ae6ddf4
user22	647	281	1271033681310	0	0	f801c4debff0501d29925ae6ddf4
user22	644	289	1271033681318	0	0	f801c4debff0501d29925ae6ddf4
user22	639	297	1271033681327	0	0	f801c4debff0501d29925ae6ddf4
user22	633	303	1271033681334	0	0	f801c4debff0501d29925ae6ddf4
user22	627	308	1271033681342	0	0	f801c4debff0501d29925ae6ddf4
user22	621	313	1271033681350	0	0	f801c4debff0501d29925ae6ddf4
user22	615	316	1271033681358	0	0	f801c4debff0501d29925ae6ddf4
user22	609	316	1271033681367	0	0	f801c4debff0501d29925ae6ddf4
user22	602	316	1271033681374	0	0	f801c4debff0501d29925ae6ddf4
user22	597	316	1271033681382	0	0	f801c4debff0501d29925ae6ddf4
user22	592	316	1271033681390	0	0	f801c4debff0501d29925ae6ddf4
user22	588	316	1271033681398	0	0	f801c4debff0501d29925ae6ddf4
user22	587	316	1271033681407	0	0	f801c4debff0501d29925ae6ddf4
user22	579	316	1271033681647	0	0	f801c4debff0501d29925ae6ddf4
user22	579	315	1271033681662	0	0	f801c4debff0501d29925ae6ddf4
user22	579	314	1271033681694	0	0	f801c4debff0501d29925ae6ddf4
user22	579	316	1271033681767	0	0	f801c4debff0501d29925ae6ddf4
user22	578	318	1271033681774	0	0	f801c4debff0501d29925ae6ddf4
user22	577	323	1271033681782	0	0	f801c4debff0501d29925ae6ddf4
user22	576	329	1271033681790	0	0	f801c4debff0501d29925ae6ddf4
user22	576	338	1271033681798	0	0	f801c4debff0501d29925ae6ddf4
user22	575	349	1271033681807	0	0	f801c4debff0501d29925ae6ddf4
user22	575	363	1271033681814	0	0	f801c4debff0501d29925ae6ddf4
user22	573	378	1271033681822	0	0	f801c4debff0501d29925ae6ddf4
user22	573	398	1271033681830	0	0	f801c4debff0501d29925ae6ddf4
user22	570	416	1271033681839	0	0	f801c4debff0501d29925ae6ddf4
user22	567	437	1271033681847	0	0	f801c4debff0501d29925ae6ddf4
user22	566	457	1271033681854	0	0	f801c4debff0501d29925ae6ddf4
user22	563	478	1271033681862	0	0	f801c4debff0501d29925ae6ddf4
user22	560	499	1271033681870	0	0	f801c4debff0501d29925ae6ddf4
user22	555	519	1271033681879	0	0	f801c4debff0501d29925ae6ddf4
user22	551	533	1271033681887	0	0	f801c4debff0501d29925ae6ddf4
user22	548	547	1271033681895	0	0	f801c4debff0501d29925ae6ddf4
user22	543	559	1271033681903	0	0	f801c4debff0501d29925ae6ddf4
user22	538	569	1271033681910	0	0	f801c4debff0501d29925ae6ddf4
user22	533	577	1271033681918	0	0	f801c4debff0501d29925ae6ddf4
user22	529	583	1271033681927	0	0	f801c4debff0501d29925ae6ddf4
user22	525	588	1271033681934	0	0	f801c4debff0501d29925ae6ddf4
user22	522	590	1271033681942	0	0	f801c4debff0501d29925ae6ddf4
user22	518	592	1271033681950	0	0	f801c4debff0501d29925ae6ddf4
user22	516	593	1271033681958	0	0	f801c4debff0501d29925ae6ddf4
user22	514	594	1271033681967	0	0	f801c4debff0501d29925ae6ddf4
user22	512	594	1271033681974	0	0	f801c4debff0501d29925ae6ddf4
user22	509	594	1271033681982	0	0	f801c4debff0501d29925ae6ddf4
user22	507	594	1271033681991	0	0	f801c4debff0501d29925ae6ddf4
user22	505	594	1271033681998	0	0	f801c4debff0501d29925ae6ddf4
user22	503	593	1271033682007	0	0	f801c4debff0501d29925ae6ddf4
user22	500	592	1271033682014	0	0	f801c4debff0501d29925ae6ddf4
user22	497	590	1271033682022	0	0	f801c4debff0501d29925ae6ddf4
user22	496	589	1271033682030	0	0	f801c4debff0501d29925ae6ddf4
user22	494	587	1271033682038	0	0	f801c4debff0501d29925ae6ddf4
user22	491	585	1271033682047	0	0	f801c4debff0501d29925ae6ddf4
user22	490	584	1271033682054	0	0	f801c4debff0501d29925ae6ddf4
user22	488	583	1271033682062	0	0	f801c4debff0501d29925ae6ddf4
user22	487	582	1271033682070	0	0	f801c4debff0501d29925ae6ddf4
user22	486	581	1271033682078	0	0	f801c4debff0501d29925ae6ddf4
user22	486	580	1271033682087	0	0	f801c4debff0501d29925ae6ddf4
user22	485	579	1271033682094	0	0	f801c4debff0501d29925ae6ddf4
user22	484	578	1271033682110	0	0	f801c4debff0501d29925ae6ddf4
user22	484	576	1271033682127	0	0	f801c4debff0501d29925ae6ddf4
user22	484	574	1271033682142	0	0	f801c4debff0501d29925ae6ddf4
user22	484	572	1271033682150	0	0	f801c4debff0501d29925ae6ddf4
user22	484	571	1271033682158	0	0	f801c4debff0501d29925ae6ddf4
user22	484	570	1271033682167	0	0	f801c4debff0501d29925ae6ddf4
user22	484	570	1271033682335	1271033682239	1271033682335	f801c4debff0501d29925ae6ddf4
user22	485	570	1271033682399	0	0	f801c4debff0501d29925ae6ddf4
user22	489	570	1271033693134	0	0	f801c4debff0501d29925ae6ddf4
user22	496	571	1271033693142	0	0	f801c4debff0501d29925ae6ddf4
user22	504	573	1271033693150	0	0	f801c4debff0501d29925ae6ddf4
user22	515	574	1271033693158	0	0	f801c4debff0501d29925ae6ddf4
user22	520	574	1271033693166	0	0	f801c4debff0501d29925ae6ddf4
user22	523	572	1271033693174	0	0	f801c4debff0501d29925ae6ddf4
user22	528	571	1271033693182	0	0	f801c4debff0501d29925ae6ddf4
user22	532	567	1271033693190	0	0	f801c4debff0501d29925ae6ddf4
user22	537	563	1271033693198	0	0	f801c4debff0501d29925ae6ddf4
user22	543	559	1271033693206	0	0	f801c4debff0501d29925ae6ddf4
user22	549	554	1271033693214	0	0	f801c4debff0501d29925ae6ddf4
user22	557	547	1271033693222	0	0	f801c4debff0501d29925ae6ddf4
user22	563	539	1271033693230	0	0	f801c4debff0501d29925ae6ddf4
user22	570	532	1271033693238	0	0	f801c4debff0501d29925ae6ddf4
user22	576	523	1271033693246	0	0	f801c4debff0501d29925ae6ddf4
user22	581	514	1271033693254	0	0	f801c4debff0501d29925ae6ddf4
user22	586	505	1271033693262	0	0	f801c4debff0501d29925ae6ddf4
user22	591	496	1271033693270	0	0	f801c4debff0501d29925ae6ddf4
user22	595	486	1271033693278	0	0	f801c4debff0501d29925ae6ddf4
user22	601	473	1271033693286	0	0	f801c4debff0501d29925ae6ddf4
user22	606	457	1271033693294	0	0	f801c4debff0501d29925ae6ddf4
user22	613	434	1271033693302	0	0	f801c4debff0501d29925ae6ddf4
user22	620	409	1271033693310	0	0	f801c4debff0501d29925ae6ddf4
user22	626	384	1271033693318	0	0	f801c4debff0501d29925ae6ddf4
user22	634	354	1271033693326	0	0	f801c4debff0501d29925ae6ddf4
user22	642	326	1271033693334	0	0	f801c4debff0501d29925ae6ddf4
user22	649	296	1271033693342	0	0	f801c4debff0501d29925ae6ddf4
user22	659	265	1271033693350	0	0	f801c4debff0501d29925ae6ddf4
user22	671	236	1271033693358	0	0	f801c4debff0501d29925ae6ddf4
user22	683	210	1271033693366	0	0	f801c4debff0501d29925ae6ddf4
user22	694	186	1271033693374	0	0	f801c4debff0501d29925ae6ddf4
user22	706	164	1271033693382	0	0	f801c4debff0501d29925ae6ddf4
user22	715	150	1271033693390	0	0	f801c4debff0501d29925ae6ddf4
user22	725	138	1271033693398	0	0	f801c4debff0501d29925ae6ddf4
user22	733	129	1271033693406	0	0	f801c4debff0501d29925ae6ddf4
user22	738	123	1271033693414	0	0	f801c4debff0501d29925ae6ddf4
user22	743	118	1271033693422	0	0	f801c4debff0501d29925ae6ddf4
user22	746	115	1271033693430	0	0	f801c4debff0501d29925ae6ddf4
user22	748	114	1271033693438	0	0	f801c4debff0501d29925ae6ddf4
user22	749	113	1271033693446	0	0	f801c4debff0501d29925ae6ddf4
user22	751	111	1271033693454	0	0	f801c4debff0501d29925ae6ddf4
user22	751	110	1271033693462	0	0	f801c4debff0501d29925ae6ddf4
user22	754	108	1271033693470	0	0	f801c4debff0501d29925ae6ddf4
user22	756	105	1271033693478	0	0	f801c4debff0501d29925ae6ddf4
user22	760	103	1271033693486	0	0	f801c4debff0501d29925ae6ddf4
user22	761	101	1271033693494	0	0	f801c4debff0501d29925ae6ddf4
user22	764	99	1271033693502	0	0	f801c4debff0501d29925ae6ddf4
user22	766	97	1271033693510	0	0	f801c4debff0501d29925ae6ddf4
user22	769	93	1271033693518	0	0	f801c4debff0501d29925ae6ddf4
user22	769	89	1271033693526	0	0	f801c4debff0501d29925ae6ddf4
user22	770	85	1271033693534	0	0	f801c4debff0501d29925ae6ddf4
user22	772	80	1271033693542	0	0	f801c4debff0501d29925ae6ddf4
user22	774	74	1271033693550	0	0	f801c4debff0501d29925ae6ddf4
user22	777	67	1271033693558	0	0	f801c4debff0501d29925ae6ddf4
user22	783	59	1271033693566	0	0	f801c4debff0501d29925ae6ddf4
user22	787	51	1271033693574	0	0	f801c4debff0501d29925ae6ddf4
user22	794	42	1271033693582	0	0	f801c4debff0501d29925ae6ddf4
user22	799	33	1271033693590	0	0	f801c4debff0501d29925ae6ddf4
user22	804	27	1271033693598	0	0	f801c4debff0501d29925ae6ddf4
user22	810	19	1271033693606	0	0	f801c4debff0501d29925ae6ddf4
user22	816	11	1271033693614	0	0	f801c4debff0501d29925ae6ddf4
user22	431	13	1271033707062	0	0	f801c4debff0501d29925ae6ddf4
user22	437	26	1271033707070	0	0	f801c4debff0501d29925ae6ddf4
user22	443	40	1271033707078	0	0	f801c4debff0501d29925ae6ddf4
user22	452	59	1271033707086	0	0	f801c4debff0501d29925ae6ddf4
user22	459	79	1271033707094	0	0	f801c4debff0501d29925ae6ddf4
user22	467	104	1271033707102	0	0	f801c4debff0501d29925ae6ddf4
user22	475	132	1271033707110	0	0	f801c4debff0501d29925ae6ddf4
user22	481	160	1271033707118	0	0	f801c4debff0501d29925ae6ddf4
user22	486	186	1271033707126	0	0	f801c4debff0501d29925ae6ddf4
user22	493	216	1271033707134	0	0	f801c4debff0501d29925ae6ddf4
user22	499	244	1271033707142	0	0	f801c4debff0501d29925ae6ddf4
user22	506	271	1271033707150	0	0	f801c4debff0501d29925ae6ddf4
user22	514	299	1271033707158	0	0	f801c4debff0501d29925ae6ddf4
user22	522	327	1271033707166	0	0	f801c4debff0501d29925ae6ddf4
user22	530	352	1271033707174	0	0	f801c4debff0501d29925ae6ddf4
user22	539	376	1271033707182	0	0	f801c4debff0501d29925ae6ddf4
user22	548	396	1271033707190	0	0	f801c4debff0501d29925ae6ddf4
user22	553	413	1271033707198	0	0	f801c4debff0501d29925ae6ddf4
user22	557	427	1271033707206	0	0	f801c4debff0501d29925ae6ddf4
user22	560	439	1271033707214	0	0	f801c4debff0501d29925ae6ddf4
user22	563	450	1271033707222	0	0	f801c4debff0501d29925ae6ddf4
user22	564	458	1271033707229	0	0	f801c4debff0501d29925ae6ddf4
user22	564	465	1271033707237	0	0	f801c4debff0501d29925ae6ddf4
user22	564	470	1271033707246	0	0	f801c4debff0501d29925ae6ddf4
user22	564	474	1271033707254	0	0	f801c4debff0501d29925ae6ddf4
user22	561	476	1271033707262	0	0	f801c4debff0501d29925ae6ddf4
user22	559	477	1271033707269	0	0	f801c4debff0501d29925ae6ddf4
user22	556	478	1271033707277	0	0	f801c4debff0501d29925ae6ddf4
user22	553	478	1271033707286	0	0	f801c4debff0501d29925ae6ddf4
user22	551	478	1271033707294	0	0	f801c4debff0501d29925ae6ddf4
user22	548	478	1271033707302	0	0	f801c4debff0501d29925ae6ddf4
user22	545	475	1271033707309	0	0	f801c4debff0501d29925ae6ddf4
user22	542	473	1271033707318	0	0	f801c4debff0501d29925ae6ddf4
user22	539	471	1271033707326	0	0	f801c4debff0501d29925ae6ddf4
user22	538	470	1271033707336	0	0	f801c4debff0501d29925ae6ddf4
user22	537	470	1271033707462	0	0	f801c4debff0501d29925ae6ddf4
user22	536	469	1271033707478	0	0	f801c4debff0501d29925ae6ddf4
user22	536	473	1271033707566	0	0	f801c4debff0501d29925ae6ddf4
user22	537	476	1271033707574	0	0	f801c4debff0501d29925ae6ddf4
user22	537	479	1271033707582	0	0	f801c4debff0501d29925ae6ddf4
user22	539	482	1271033707590	0	0	f801c4debff0501d29925ae6ddf4
user22	539	485	1271033707598	0	0	f801c4debff0501d29925ae6ddf4
user22	539	486	1271033707606	0	0	f801c4debff0501d29925ae6ddf4
user22	539	489	1271033707614	0	0	f801c4debff0501d29925ae6ddf4
user22	541	492	1271033707622	0	0	f801c4debff0501d29925ae6ddf4
user22	541	494	1271033707630	0	0	f801c4debff0501d29925ae6ddf4
user22	542	497	1271033707638	0	0	f801c4debff0501d29925ae6ddf4
user22	542	500	1271033707646	0	0	f801c4debff0501d29925ae6ddf4
user22	543	504	1271033707654	0	0	f801c4debff0501d29925ae6ddf4
user22	543	509	1271033707661	0	0	f801c4debff0501d29925ae6ddf4
user22	543	513	1271033707670	0	0	f801c4debff0501d29925ae6ddf4
user22	543	517	1271033707677	0	0	f801c4debff0501d29925ae6ddf4
user22	543	524	1271033707686	0	0	f801c4debff0501d29925ae6ddf4
user22	543	532	1271033707694	0	0	f801c4debff0501d29925ae6ddf4
user22	543	542	1271033707702	0	0	f801c4debff0501d29925ae6ddf4
user22	543	551	1271033707710	0	0	f801c4debff0501d29925ae6ddf4
user22	543	561	1271033707718	0	0	f801c4debff0501d29925ae6ddf4
user22	543	570	1271033707726	0	0	f801c4debff0501d29925ae6ddf4
user22	543	577	1271033707734	0	0	f801c4debff0501d29925ae6ddf4
user22	544	585	1271033707742	0	0	f801c4debff0501d29925ae6ddf4
user22	545	590	1271033707750	0	0	f801c4debff0501d29925ae6ddf4
user22	545	593	1271033707758	0	0	f801c4debff0501d29925ae6ddf4
user22	547	597	1271033707766	0	0	f801c4debff0501d29925ae6ddf4
user22	548	598	1271033707774	0	0	f801c4debff0501d29925ae6ddf4
user22	549	599	1271033707782	0	0	f801c4debff0501d29925ae6ddf4
user22	550	599	1271033707790	0	0	f801c4debff0501d29925ae6ddf4
user22	551	600	1271033707798	0	0	f801c4debff0501d29925ae6ddf4
user22	552	600	1271033707814	0	0	f801c4debff0501d29925ae6ddf4
user22	553	600	1271033707830	0	0	f801c4debff0501d29925ae6ddf4
user22	554	600	1271033707846	0	0	f801c4debff0501d29925ae6ddf4
user22	555	599	1271033707854	0	0	f801c4debff0501d29925ae6ddf4
user22	555	597	1271033707926	0	0	f801c4debff0501d29925ae6ddf4
user22	555	596	1271033707934	0	0	f801c4debff0501d29925ae6ddf4
user22	554	594	1271033707942	0	0	f801c4debff0501d29925ae6ddf4
user22	553	591	1271033707950	0	0	f801c4debff0501d29925ae6ddf4
user22	553	589	1271033707958	0	0	f801c4debff0501d29925ae6ddf4
user22	553	587	1271033707966	0	0	f801c4debff0501d29925ae6ddf4
user22	552	586	1271033707974	0	0	f801c4debff0501d29925ae6ddf4
user22	552	584	1271033707982	0	0	f801c4debff0501d29925ae6ddf4
user22	552	583	1271033707998	0	0	f801c4debff0501d29925ae6ddf4
user22	553	582	1271033725565	0	0	f801c4debff0501d29925ae6ddf4
user22	555	582	1271033725573	0	0	f801c4debff0501d29925ae6ddf4
user22	558	582	1271033725581	0	0	f801c4debff0501d29925ae6ddf4
user22	560	582	1271033725589	0	0	f801c4debff0501d29925ae6ddf4
user22	563	582	1271033725597	0	0	f801c4debff0501d29925ae6ddf4
user22	566	584	1271033725605	0	0	f801c4debff0501d29925ae6ddf4
user22	569	584	1271033725613	0	0	f801c4debff0501d29925ae6ddf4
user22	574	585	1271033725621	0	0	f801c4debff0501d29925ae6ddf4
user22	577	585	1271033725629	0	0	f801c4debff0501d29925ae6ddf4
user22	581	586	1271033725637	0	0	f801c4debff0501d29925ae6ddf4
user22	584	587	1271033725645	0	0	f801c4debff0501d29925ae6ddf4
user22	587	587	1271033725653	0	0	f801c4debff0501d29925ae6ddf4
user22	590	587	1271033725661	0	0	f801c4debff0501d29925ae6ddf4
user22	592	588	1271033725669	0	0	f801c4debff0501d29925ae6ddf4
user22	594	588	1271033725677	0	0	f801c4debff0501d29925ae6ddf4
user22	596	589	1271033725685	0	0	f801c4debff0501d29925ae6ddf4
user22	598	589	1271033725693	0	0	f801c4debff0501d29925ae6ddf4
user22	600	589	1271033725701	0	0	f801c4debff0501d29925ae6ddf4
user22	601	590	1271033725709	0	0	f801c4debff0501d29925ae6ddf4
user22	603	591	1271033725725	0	0	f801c4debff0501d29925ae6ddf4
user22	605	593	1271033725749	0	0	f801c4debff0501d29925ae6ddf4
user22	606	594	1271033725757	0	0	f801c4debff0501d29925ae6ddf4
user22	607	595	1271033725765	0	0	f801c4debff0501d29925ae6ddf4
user22	608	597	1271033725773	0	0	f801c4debff0501d29925ae6ddf4
user22	610	598	1271033725781	0	0	f801c4debff0501d29925ae6ddf4
user22	610	600	1271033725789	0	0	f801c4debff0501d29925ae6ddf4
user22	612	601	1271033725797	0	0	f801c4debff0501d29925ae6ddf4
user22	613	603	1271033725805	0	0	f801c4debff0501d29925ae6ddf4
user22	615	605	1271033725813	0	0	f801c4debff0501d29925ae6ddf4
user22	618	610	1271033725840	0	0	f801c4debff0501d29925ae6ddf4
user22	619	611	1271033725845	0	0	f801c4debff0501d29925ae6ddf4
user22	620	613	1271033725853	0	0	f801c4debff0501d29925ae6ddf4
user22	621	614	1271033725861	0	0	f801c4debff0501d29925ae6ddf4
user22	621	615	1271033725869	0	0	f801c4debff0501d29925ae6ddf4
user22	621	616	1271033725877	0	0	f801c4debff0501d29925ae6ddf4
user22	621	617	1271033725885	0	0	f801c4debff0501d29925ae6ddf4
user22	621	618	1271033725909	0	0	f801c4debff0501d29925ae6ddf4
user22	621	617	1271033726109	0	0	f801c4debff0501d29925ae6ddf4
user22	620	617	1271033726221	0	0	f801c4debff0501d29925ae6ddf4
user22	620	616	1271033726901	0	0	f801c4debff0501d29925ae6ddf4
user22	620	616	1271033727021	1271033726902	1271033727021	f801c4debff0501d29925ae6ddf4
user22	410	58	1271034145327	0	0	f801c4debff0501d29925ae6ddf4
user22	412	58	1271034145334	0	0	f801c4debff0501d29925ae6ddf4
user22	415	58	1271034145342	0	0	f801c4debff0501d29925ae6ddf4
user22	421	58	1271034145350	0	0	f801c4debff0501d29925ae6ddf4
user22	426	58	1271034145358	0	0	f801c4debff0501d29925ae6ddf4
user22	435	59	1271034145366	0	0	f801c4debff0501d29925ae6ddf4
user22	442	62	1271034145374	0	0	f801c4debff0501d29925ae6ddf4
user22	452	65	1271034145382	0	0	f801c4debff0501d29925ae6ddf4
user22	460	68	1271034145390	0	0	f801c4debff0501d29925ae6ddf4
user22	472	71	1271034145398	0	0	f801c4debff0501d29925ae6ddf4
user22	483	76	1271034145406	0	0	f801c4debff0501d29925ae6ddf4
user22	494	80	1271034145414	0	0	f801c4debff0501d29925ae6ddf4
user22	507	86	1271034145422	0	0	f801c4debff0501d29925ae6ddf4
user22	520	93	1271034145430	0	0	f801c4debff0501d29925ae6ddf4
user22	538	101	1271034145438	0	0	f801c4debff0501d29925ae6ddf4
user22	556	110	1271034145446	0	0	f801c4debff0501d29925ae6ddf4
user22	572	118	1271034145454	0	0	f801c4debff0501d29925ae6ddf4
user22	588	127	1271034145462	0	0	f801c4debff0501d29925ae6ddf4
user22	604	137	1271034145470	0	0	f801c4debff0501d29925ae6ddf4
user22	618	145	1271034145478	0	0	f801c4debff0501d29925ae6ddf4
user22	630	154	1271034145486	0	0	f801c4debff0501d29925ae6ddf4
user22	640	159	1271034145494	0	0	f801c4debff0501d29925ae6ddf4
user22	647	164	1271034145502	0	0	f801c4debff0501d29925ae6ddf4
user22	654	170	1271034145510	0	0	f801c4debff0501d29925ae6ddf4
user22	659	174	1271034145518	0	0	f801c4debff0501d29925ae6ddf4
user22	661	176	1271034145526	0	0	f801c4debff0501d29925ae6ddf4
user22	662	177	1271034145534	0	0	f801c4debff0501d29925ae6ddf4
user22	663	178	1271034145542	0	0	f801c4debff0501d29925ae6ddf4
user22	663	179	1271034145550	0	0	f801c4debff0501d29925ae6ddf4
user22	662	179	1271034145558	0	0	f801c4debff0501d29925ae6ddf4
user22	660	179	1271034145566	0	0	f801c4debff0501d29925ae6ddf4
user22	657	178	1271034145574	0	0	f801c4debff0501d29925ae6ddf4
user22	651	177	1271034145582	0	0	f801c4debff0501d29925ae6ddf4
user22	646	175	1271034145590	0	0	f801c4debff0501d29925ae6ddf4
user22	639	175	1271034145598	0	0	f801c4debff0501d29925ae6ddf4
user22	632	175	1271034145606	0	0	f801c4debff0501d29925ae6ddf4
user22	631	175	1271034145678	0	0	f801c4debff0501d29925ae6ddf4
user22	628	174	1271034145870	0	0	f801c4debff0501d29925ae6ddf4
user22	626	174	1271034145894	0	0	f801c4debff0501d29925ae6ddf4
user22	620	173	1271034145918	0	0	f801c4debff0501d29925ae6ddf4
user22	618	173	1271034145950	0	0	f801c4debff0501d29925ae6ddf4
user22	617	173	1271034145966	0	0	f801c4debff0501d29925ae6ddf4
user22	616	173	1271034145974	0	0	f801c4debff0501d29925ae6ddf4
user22	615	173	1271034145990	0	0	f801c4debff0501d29925ae6ddf4
user22	614	173	1271034145998	0	0	f801c4debff0501d29925ae6ddf4
user22	613	173	1271034146014	0	0	f801c4debff0501d29925ae6ddf4
user22	612	173	1271034146054	0	0	f801c4debff0501d29925ae6ddf4
user22	611	173	1271034146118	0	0	f801c4debff0501d29925ae6ddf4
user22	610	173	1271034146150	0	0	f801c4debff0501d29925ae6ddf4
user22	610	172	1271034146174	0	0	f801c4debff0501d29925ae6ddf4
user22	609	172	1271034146190	0	0	f801c4debff0501d29925ae6ddf4
user22	609	171	1271034146198	0	0	f801c4debff0501d29925ae6ddf4
user22	608	171	1271034146206	0	0	f801c4debff0501d29925ae6ddf4
user22	607	170	1271034146214	0	0	f801c4debff0501d29925ae6ddf4
user22	606	169	1271034146222	0	0	f801c4debff0501d29925ae6ddf4
user22	606	168	1271034146238	0	0	f801c4debff0501d29925ae6ddf4
user22	605	168	1271034146246	0	0	f801c4debff0501d29925ae6ddf4
user22	604	168	1271034146254	0	0	f801c4debff0501d29925ae6ddf4
user22	602	167	1271034219148	0	0	f801c4debff0501d29925ae6ddf4
user22	600	167	1271034219155	0	0	f801c4debff0501d29925ae6ddf4
user22	597	166	1271034219164	0	0	f801c4debff0501d29925ae6ddf4
user22	593	163	1271034219172	0	0	f801c4debff0501d29925ae6ddf4
user22	591	162	1271034219179	0	0	f801c4debff0501d29925ae6ddf4
user22	588	160	1271034219188	0	0	f801c4debff0501d29925ae6ddf4
user22	585	156	1271034219195	0	0	f801c4debff0501d29925ae6ddf4
user22	583	151	1271034219204	0	0	f801c4debff0501d29925ae6ddf4
user22	581	148	1271034219212	0	0	f801c4debff0501d29925ae6ddf4
user22	579	143	1271034219219	0	0	f801c4debff0501d29925ae6ddf4
user22	576	138	1271034219227	0	0	f801c4debff0501d29925ae6ddf4
user22	573	134	1271034219236	0	0	f801c4debff0501d29925ae6ddf4
user22	571	129	1271034219243	0	0	f801c4debff0501d29925ae6ddf4
user22	566	124	1271034219251	0	0	f801c4debff0501d29925ae6ddf4
user22	561	119	1271034219259	0	0	f801c4debff0501d29925ae6ddf4
user22	556	114	1271034219267	0	0	f801c4debff0501d29925ae6ddf4
user22	549	109	1271034219276	0	0	f801c4debff0501d29925ae6ddf4
user22	543	103	1271034219283	0	0	f801c4debff0501d29925ae6ddf4
user22	535	97	1271034219291	0	0	f801c4debff0501d29925ae6ddf4
user22	528	91	1271034219299	0	0	f801c4debff0501d29925ae6ddf4
user22	522	86	1271034219308	0	0	f801c4debff0501d29925ae6ddf4
user22	515	82	1271034219315	0	0	f801c4debff0501d29925ae6ddf4
user22	510	78	1271034219323	0	0	f801c4debff0501d29925ae6ddf4
user22	508	77	1271034219331	0	0	f801c4debff0501d29925ae6ddf4
user22	506	76	1271034219340	0	0	f801c4debff0501d29925ae6ddf4
user22	505	75	1271034219347	0	0	f801c4debff0501d29925ae6ddf4
user22	504	75	1271034219355	0	0	f801c4debff0501d29925ae6ddf4
user22	503	75	1271034219364	0	0	f801c4debff0501d29925ae6ddf4
user22	503	74	1271034219371	0	0	f801c4debff0501d29925ae6ddf4
user22	502	74	1271034219380	0	0	f801c4debff0501d29925ae6ddf4
user22	500	73	1271034219396	0	0	f801c4debff0501d29925ae6ddf4
user22	499	72	1271034219412	0	0	f801c4debff0501d29925ae6ddf4
user22	498	72	1271034219419	0	0	f801c4debff0501d29925ae6ddf4
user22	498	70	1271034219460	0	0	f801c4debff0501d29925ae6ddf4
user22	498	69	1271034219476	0	0	f801c4debff0501d29925ae6ddf4
user22	498	68	1271034219484	0	0	f801c4debff0501d29925ae6ddf4
user22	499	67	1271034219491	0	0	f801c4debff0501d29925ae6ddf4
user22	500	66	1271034219499	0	0	f801c4debff0501d29925ae6ddf4
user22	500	64	1271034219508	0	0	f801c4debff0501d29925ae6ddf4
user22	500	63	1271034219515	0	0	f801c4debff0501d29925ae6ddf4
user22	500	62	1271034219531	0	0	f801c4debff0501d29925ae6ddf4
user22	500	61	1271034219540	0	0	f801c4debff0501d29925ae6ddf4
user22	500	60	1271034219571	0	0	f801c4debff0501d29925ae6ddf4
user22	500	59	1271034219596	0	0	f801c4debff0501d29925ae6ddf4
user22	500	58	1271034219620	0	0	f801c4debff0501d29925ae6ddf4
user22	499	58	1271034219636	0	0	f801c4debff0501d29925ae6ddf4
user22	499	57	1271034219643	0	0	f801c4debff0501d29925ae6ddf4
user22	499	56	1271034219659	0	0	f801c4debff0501d29925ae6ddf4
user22	498	55	1271034219676	0	0	f801c4debff0501d29925ae6ddf4
user22	499	55	1271034220076	0	0	f801c4debff0501d29925ae6ddf4
user22	500	56	1271034220083	0	0	f801c4debff0501d29925ae6ddf4
user22	501	56	1271034220099	0	0	f801c4debff0501d29925ae6ddf4
user22	501	57	1271034220108	0	0	f801c4debff0501d29925ae6ddf4
user22	501	58	1271034220123	0	0	f801c4debff0501d29925ae6ddf4
user22	501	57	1271034220236	0	0	f801c4debff0501d29925ae6ddf4
user22	500	57	1271034220243	0	0	f801c4debff0501d29925ae6ddf4
user22	499	57	1271034220252	0	0	f801c4debff0501d29925ae6ddf4
user22	498	56	1271034220267	0	0	f801c4debff0501d29925ae6ddf4
user22	497	56	1271034220420	0	0	f801c4debff0501d29925ae6ddf4
user22	497	56	1271034220540	1271034220420	1271034220540	f801c4debff0501d29925ae6ddf4
user22	630	6	1271034223075	0	0	f801c4debff0501d29925ae6ddf4
user22	630	7	1271034223083	0	0	f801c4debff0501d29925ae6ddf4
user22	630	8	1271034223091	0	0	f801c4debff0501d29925ae6ddf4
user22	630	9	1271034223099	0	0	f801c4debff0501d29925ae6ddf4
user22	631	10	1271034223107	0	0	f801c4debff0501d29925ae6ddf4
user22	631	12	1271034223115	0	0	f801c4debff0501d29925ae6ddf4
user22	631	13	1271034223123	0	0	f801c4debff0501d29925ae6ddf4
user22	631	14	1271034223131	0	0	f801c4debff0501d29925ae6ddf4
user22	631	15	1271034223139	0	0	f801c4debff0501d29925ae6ddf4
user22	631	17	1271034223147	0	0	f801c4debff0501d29925ae6ddf4
user22	632	19	1271034223155	0	0	f801c4debff0501d29925ae6ddf4
user22	632	22	1271034223163	0	0	f801c4debff0501d29925ae6ddf4
user22	632	24	1271034223171	0	0	f801c4debff0501d29925ae6ddf4
user22	632	26	1271034223179	0	0	f801c4debff0501d29925ae6ddf4
user22	632	28	1271034223187	0	0	f801c4debff0501d29925ae6ddf4
user22	633	30	1271034223195	0	0	f801c4debff0501d29925ae6ddf4
user22	633	33	1271034223204	0	0	f801c4debff0501d29925ae6ddf4
user22	634	37	1271034223211	0	0	f801c4debff0501d29925ae6ddf4
user22	634	40	1271034223219	0	0	f801c4debff0501d29925ae6ddf4
user22	635	44	1271034223227	0	0	f801c4debff0501d29925ae6ddf4
user22	635	47	1271034223235	0	0	f801c4debff0501d29925ae6ddf4
user22	635	51	1271034223243	0	0	f801c4debff0501d29925ae6ddf4
user22	635	55	1271034223251	0	0	f801c4debff0501d29925ae6ddf4
user22	635	61	1271034223259	0	0	f801c4debff0501d29925ae6ddf4
user22	636	67	1271034223268	0	0	f801c4debff0501d29925ae6ddf4
user22	636	74	1271034223276	0	0	f801c4debff0501d29925ae6ddf4
user22	637	81	1271034223283	0	0	f801c4debff0501d29925ae6ddf4
user22	637	88	1271034223291	0	0	f801c4debff0501d29925ae6ddf4
user22	638	96	1271034223299	0	0	f801c4debff0501d29925ae6ddf4
user22	640	104	1271034223307	0	0	f801c4debff0501d29925ae6ddf4
user22	640	113	1271034223315	0	0	f801c4debff0501d29925ae6ddf4
user22	641	121	1271034223323	0	0	f801c4debff0501d29925ae6ddf4
user22	642	131	1271034223331	0	0	f801c4debff0501d29925ae6ddf4
user22	644	140	1271034223339	0	0	f801c4debff0501d29925ae6ddf4
user22	645	151	1271034223347	0	0	f801c4debff0501d29925ae6ddf4
user22	646	161	1271034223355	0	0	f801c4debff0501d29925ae6ddf4
user22	647	171	1271034223363	0	0	f801c4debff0501d29925ae6ddf4
user22	649	179	1271034223371	0	0	f801c4debff0501d29925ae6ddf4
user22	651	189	1271034223380	0	0	f801c4debff0501d29925ae6ddf4
user22	653	196	1271034223387	0	0	f801c4debff0501d29925ae6ddf4
user22	654	205	1271034223395	0	0	f801c4debff0501d29925ae6ddf4
user22	656	209	1271034223404	0	0	f801c4debff0501d29925ae6ddf4
user22	657	215	1271034223411	0	0	f801c4debff0501d29925ae6ddf4
user22	659	218	1271034223419	0	0	f801c4debff0501d29925ae6ddf4
user22	659	221	1271034223427	0	0	f801c4debff0501d29925ae6ddf4
user22	659	223	1271034223435	0	0	f801c4debff0501d29925ae6ddf4
user22	659	224	1271034223444	0	0	f801c4debff0501d29925ae6ddf4
user22	659	225	1271034223451	0	0	f801c4debff0501d29925ae6ddf4
user22	657	225	1271034223491	0	0	f801c4debff0501d29925ae6ddf4
user22	656	224	1271034223499	0	0	f801c4debff0501d29925ae6ddf4
user22	654	223	1271034223507	0	0	f801c4debff0501d29925ae6ddf4
user22	652	220	1271034223515	0	0	f801c4debff0501d29925ae6ddf4
user22	650	218	1271034223523	0	0	f801c4debff0501d29925ae6ddf4
user22	648	216	1271034223531	0	0	f801c4debff0501d29925ae6ddf4
user22	646	212	1271034223539	0	0	f801c4debff0501d29925ae6ddf4
user22	645	210	1271034223547	0	0	f801c4debff0501d29925ae6ddf4
user22	644	208	1271034223555	0	0	f801c4debff0501d29925ae6ddf4
user22	643	205	1271034223563	0	0	f801c4debff0501d29925ae6ddf4
user22	643	202	1271034223571	0	0	f801c4debff0501d29925ae6ddf4
user22	643	200	1271034223580	0	0	f801c4debff0501d29925ae6ddf4
user22	643	199	1271034223588	0	0	f801c4debff0501d29925ae6ddf4
user22	643	197	1271034223595	0	0	f801c4debff0501d29925ae6ddf4
user22	643	195	1271034223603	0	0	f801c4debff0501d29925ae6ddf4
user22	643	194	1271034223611	0	0	f801c4debff0501d29925ae6ddf4
user22	644	193	1271034223619	0	0	f801c4debff0501d29925ae6ddf4
user22	645	192	1271034223635	0	0	f801c4debff0501d29925ae6ddf4
user22	647	192	1271034223651	0	0	f801c4debff0501d29925ae6ddf4
user22	649	192	1271034223659	0	0	f801c4debff0501d29925ae6ddf4
user22	652	192	1271034223667	0	0	f801c4debff0501d29925ae6ddf4
user22	654	191	1271034223675	0	0	f801c4debff0501d29925ae6ddf4
user22	656	191	1271034223683	0	0	f801c4debff0501d29925ae6ddf4
user22	659	191	1271034223691	0	0	f801c4debff0501d29925ae6ddf4
user22	662	190	1271034223699	0	0	f801c4debff0501d29925ae6ddf4
user22	665	190	1271034223707	0	0	f801c4debff0501d29925ae6ddf4
user22	667	189	1271034223715	0	0	f801c4debff0501d29925ae6ddf4
user22	669	189	1271034223723	0	0	f801c4debff0501d29925ae6ddf4
user22	671	189	1271034223731	0	0	f801c4debff0501d29925ae6ddf4
user22	672	187	1271034223739	0	0	f801c4debff0501d29925ae6ddf4
user22	673	186	1271034223755	0	0	f801c4debff0501d29925ae6ddf4
user22	674	185	1271034223763	0	0	f801c4debff0501d29925ae6ddf4
user22	674	184	1271034223771	0	0	f801c4debff0501d29925ae6ddf4
user22	674	183	1271034223779	0	0	f801c4debff0501d29925ae6ddf4
user22	675	182	1271034223787	0	0	f801c4debff0501d29925ae6ddf4
user22	676	181	1271034223795	0	0	f801c4debff0501d29925ae6ddf4
user22	676	179	1271034223804	0	0	f801c4debff0501d29925ae6ddf4
user22	676	178	1271034223811	0	0	f801c4debff0501d29925ae6ddf4
user22	676	177	1271034223819	0	0	f801c4debff0501d29925ae6ddf4
user22	677	175	1271034223827	0	0	f801c4debff0501d29925ae6ddf4
user22	677	174	1271034223835	0	0	f801c4debff0501d29925ae6ddf4
user22	678	173	1271034223844	0	0	f801c4debff0501d29925ae6ddf4
user22	678	172	1271034223867	0	0	f801c4debff0501d29925ae6ddf4
user22	677	172	1271034223907	0	0	f801c4debff0501d29925ae6ddf4
user22	674	172	1271034223915	0	0	f801c4debff0501d29925ae6ddf4
user22	670	172	1271034223923	0	0	f801c4debff0501d29925ae6ddf4
user22	667	172	1271034223931	0	0	f801c4debff0501d29925ae6ddf4
user22	663	172	1271034223939	0	0	f801c4debff0501d29925ae6ddf4
user22	657	173	1271034223947	0	0	f801c4debff0501d29925ae6ddf4
user22	653	173	1271034223955	0	0	f801c4debff0501d29925ae6ddf4
user22	647	174	1271034223963	0	0	f801c4debff0501d29925ae6ddf4
user22	643	175	1271034223971	0	0	f801c4debff0501d29925ae6ddf4
user22	640	175	1271034223979	0	0	f801c4debff0501d29925ae6ddf4
user22	635	176	1271034223987	0	0	f801c4debff0501d29925ae6ddf4
user22	632	176	1271034223995	0	0	f801c4debff0501d29925ae6ddf4
user22	628	176	1271034224004	0	0	f801c4debff0501d29925ae6ddf4
user22	625	176	1271034224011	0	0	f801c4debff0501d29925ae6ddf4
user22	622	176	1271034224019	0	0	f801c4debff0501d29925ae6ddf4
user22	619	175	1271034224027	0	0	f801c4debff0501d29925ae6ddf4
user22	617	175	1271034224035	0	0	f801c4debff0501d29925ae6ddf4
user22	614	175	1271034224043	0	0	f801c4debff0501d29925ae6ddf4
user22	613	174	1271034224051	0	0	f801c4debff0501d29925ae6ddf4
user22	612	173	1271034224059	0	0	f801c4debff0501d29925ae6ddf4
user22	610	173	1271034224067	0	0	f801c4debff0501d29925ae6ddf4
user22	610	172	1271034224075	0	0	f801c4debff0501d29925ae6ddf4
user22	609	171	1271034224091	0	0	f801c4debff0501d29925ae6ddf4
user22	608	171	1271034224107	0	0	f801c4debff0501d29925ae6ddf4
user22	608	170	1271034224171	0	0	f801c4debff0501d29925ae6ddf4
user22	608	170	1271034224276	1271034224172	1271034224276	f801c4debff0501d29925ae6ddf4
user22	613	178	1271034228788	0	0	f801c4debff0501d29925ae6ddf4
user22	612	178	1271034228835	0	0	f801c4debff0501d29925ae6ddf4
user22	611	178	1271034228851	0	0	f801c4debff0501d29925ae6ddf4
user22	610	178	1271034228859	0	0	f801c4debff0501d29925ae6ddf4
user22	609	178	1271034228867	0	0	f801c4debff0501d29925ae6ddf4
user22	608	178	1271034228883	0	0	f801c4debff0501d29925ae6ddf4
user22	607	177	1271034228915	0	0	f801c4debff0501d29925ae6ddf4
user22	606	177	1271034228931	0	0	f801c4debff0501d29925ae6ddf4
user22	605	176	1271034228955	0	0	f801c4debff0501d29925ae6ddf4
user22	604	176	1271034228979	0	0	f801c4debff0501d29925ae6ddf4
user22	603	175	1271034229027	0	0	f801c4debff0501d29925ae6ddf4
user22	603	174	1271034229059	0	0	f801c4debff0501d29925ae6ddf4
user22	602	173	1271034229083	0	0	f801c4debff0501d29925ae6ddf4
user22	601	173	1271034229091	0	0	f801c4debff0501d29925ae6ddf4
user22	601	172	1271034229099	0	0	f801c4debff0501d29925ae6ddf4
user22	600	171	1271034229115	0	0	f801c4debff0501d29925ae6ddf4
user22	599	170	1271034229131	0	0	f801c4debff0501d29925ae6ddf4
user22	598	170	1271034229155	0	0	f801c4debff0501d29925ae6ddf4
user22	598	169	1271034229163	0	0	f801c4debff0501d29925ae6ddf4
user22	597	168	1271034229179	0	0	f801c4debff0501d29925ae6ddf4
user22	597	167	1271034229211	0	0	f801c4debff0501d29925ae6ddf4
user22	597	166	1271034229259	0	0	f801c4debff0501d29925ae6ddf4
user22	597	166	1271034229523	1271034229387	1271034229523	f801c4debff0501d29925ae6ddf4
user22	417	10	1271034233003	0	0	f801c4debff0501d29925ae6ddf4
user22	425	21	1271034233011	0	0	f801c4debff0501d29925ae6ddf4
user22	433	32	1271034233019	0	0	f801c4debff0501d29925ae6ddf4
user22	442	47	1271034233028	0	0	f801c4debff0501d29925ae6ddf4
user22	452	66	1271034233035	0	0	f801c4debff0501d29925ae6ddf4
user22	464	88	1271034233043	0	0	f801c4debff0501d29925ae6ddf4
user22	475	111	1271034233051	0	0	f801c4debff0501d29925ae6ddf4
user22	485	140	1271034233059	0	0	f801c4debff0501d29925ae6ddf4
user22	497	169	1271034233067	0	0	f801c4debff0501d29925ae6ddf4
user22	508	202	1271034233075	0	0	f801c4debff0501d29925ae6ddf4
user22	518	233	1271034233083	0	0	f801c4debff0501d29925ae6ddf4
user22	529	267	1271034233091	0	0	f801c4debff0501d29925ae6ddf4
user22	542	303	1271034233099	0	0	f801c4debff0501d29925ae6ddf4
user22	552	334	1271034233107	0	0	f801c4debff0501d29925ae6ddf4
user22	561	365	1271034233115	0	0	f801c4debff0501d29925ae6ddf4
user22	571	393	1271034233123	0	0	f801c4debff0501d29925ae6ddf4
user22	578	419	1271034233131	0	0	f801c4debff0501d29925ae6ddf4
user22	584	438	1271034233139	0	0	f801c4debff0501d29925ae6ddf4
user22	588	455	1271034233147	0	0	f801c4debff0501d29925ae6ddf4
user22	592	471	1271034233155	0	0	f801c4debff0501d29925ae6ddf4
user22	594	485	1271034233163	0	0	f801c4debff0501d29925ae6ddf4
user22	596	497	1271034233171	0	0	f801c4debff0501d29925ae6ddf4
user22	596	507	1271034233179	0	0	f801c4debff0501d29925ae6ddf4
user22	596	515	1271034233187	0	0	f801c4debff0501d29925ae6ddf4
user22	596	521	1271034233195	0	0	f801c4debff0501d29925ae6ddf4
user22	595	525	1271034233203	0	0	f801c4debff0501d29925ae6ddf4
user22	594	527	1271034233211	0	0	f801c4debff0501d29925ae6ddf4
user22	592	529	1271034233219	0	0	f801c4debff0501d29925ae6ddf4
user22	589	529	1271034233227	0	0	f801c4debff0501d29925ae6ddf4
user22	588	529	1271034233235	0	0	f801c4debff0501d29925ae6ddf4
user22	592	529	1271034233403	0	0	f801c4debff0501d29925ae6ddf4
user22	593	529	1271034233411	0	0	f801c4debff0501d29925ae6ddf4
user22	594	529	1271034233459	0	0	f801c4debff0501d29925ae6ddf4
user22	595	529	1271034233475	0	0	f801c4debff0501d29925ae6ddf4
user22	596	529	1271034233483	0	0	f801c4debff0501d29925ae6ddf4
user22	596	531	1271034233499	0	0	f801c4debff0501d29925ae6ddf4
user22	594	533	1271034233523	0	0	f801c4debff0501d29925ae6ddf4
user22	593	534	1271034233531	0	0	f801c4debff0501d29925ae6ddf4
user22	591	536	1271034233539	0	0	f801c4debff0501d29925ae6ddf4
user22	588	539	1271034233547	0	0	f801c4debff0501d29925ae6ddf4
user22	586	541	1271034233555	0	0	f801c4debff0501d29925ae6ddf4
user22	582	545	1271034233563	0	0	f801c4debff0501d29925ae6ddf4
user22	579	548	1271034233571	0	0	f801c4debff0501d29925ae6ddf4
user22	576	552	1271034233579	0	0	f801c4debff0501d29925ae6ddf4
user22	571	556	1271034233587	0	0	f801c4debff0501d29925ae6ddf4
user22	567	561	1271034233595	0	0	f801c4debff0501d29925ae6ddf4
user22	562	565	1271034233603	0	0	f801c4debff0501d29925ae6ddf4
user22	557	569	1271034233611	0	0	f801c4debff0501d29925ae6ddf4
user22	552	574	1271034233619	0	0	f801c4debff0501d29925ae6ddf4
user22	548	577	1271034233627	0	0	f801c4debff0501d29925ae6ddf4
user22	545	579	1271034233635	0	0	f801c4debff0501d29925ae6ddf4
user22	541	582	1271034233643	0	0	f801c4debff0501d29925ae6ddf4
user22	539	584	1271034233651	0	0	f801c4debff0501d29925ae6ddf4
user22	536	586	1271034233659	0	0	f801c4debff0501d29925ae6ddf4
user22	534	587	1271034233667	0	0	f801c4debff0501d29925ae6ddf4
user22	532	589	1271034233675	0	0	f801c4debff0501d29925ae6ddf4
user22	530	590	1271034233683	0	0	f801c4debff0501d29925ae6ddf4
user22	529	590	1271034233691	0	0	f801c4debff0501d29925ae6ddf4
user22	528	591	1271034233699	0	0	f801c4debff0501d29925ae6ddf4
user22	526	592	1271034233715	0	0	f801c4debff0501d29925ae6ddf4
user22	525	592	1271034233739	0	0	f801c4debff0501d29925ae6ddf4
user22	524	593	1271034233755	0	0	f801c4debff0501d29925ae6ddf4
user22	523	593	1271034233763	0	0	f801c4debff0501d29925ae6ddf4
user22	522	594	1271034233779	0	0	f801c4debff0501d29925ae6ddf4
user22	521	594	1271034233787	0	0	f801c4debff0501d29925ae6ddf4
user22	520	594	1271034233803	0	0	f801c4debff0501d29925ae6ddf4
user22	519	595	1271034233811	0	0	f801c4debff0501d29925ae6ddf4
user22	518	595	1271034233843	0	0	f801c4debff0501d29925ae6ddf4
user22	518	595	1271034234003	1271034233875	1271034234003	f801c4debff0501d29925ae6ddf4
user22	519	595	1271034234115	0	0	f801c4debff0501d29925ae6ddf4
user22	521	594	1271034234123	0	0	f801c4debff0501d29925ae6ddf4
user22	523	593	1271034234131	0	0	f801c4debff0501d29925ae6ddf4
user22	524	592	1271034234139	0	0	f801c4debff0501d29925ae6ddf4
user22	525	591	1271034234147	0	0	f801c4debff0501d29925ae6ddf4
user22	526	590	1271034234155	0	0	f801c4debff0501d29925ae6ddf4
user22	526	589	1271034234171	0	0	f801c4debff0501d29925ae6ddf4
user22	526	588	1271034242859	0	0	f801c4debff0501d29925ae6ddf4
user22	527	588	1271034242867	0	0	f801c4debff0501d29925ae6ddf4
user22	529	587	1271034242891	0	0	f801c4debff0501d29925ae6ddf4
user22	530	587	1271034242907	0	0	f801c4debff0501d29925ae6ddf4
user22	531	586	1271034243059	0	0	f801c4debff0501d29925ae6ddf4
user22	532	585	1271034243067	0	0	f801c4debff0501d29925ae6ddf4
user22	534	585	1271034243075	0	0	f801c4debff0501d29925ae6ddf4
user22	535	584	1271034243083	0	0	f801c4debff0501d29925ae6ddf4
user22	539	583	1271034243091	0	0	f801c4debff0501d29925ae6ddf4
user22	542	583	1271034243099	0	0	f801c4debff0501d29925ae6ddf4
user22	548	583	1271034243107	0	0	f801c4debff0501d29925ae6ddf4
user22	555	583	1271034243115	0	0	f801c4debff0501d29925ae6ddf4
user22	563	584	1271034243123	0	0	f801c4debff0501d29925ae6ddf4
user22	572	589	1271034243131	0	0	f801c4debff0501d29925ae6ddf4
user22	581	593	1271034243139	0	0	f801c4debff0501d29925ae6ddf4
user22	609	612	1271034243194	0	0	f801c4debff0501d29925ae6ddf4
user22	610	614	1271034243195	0	0	f801c4debff0501d29925ae6ddf4
user22	611	614	1271034243203	0	0	f801c4debff0501d29925ae6ddf4
user22	611	615	1271034243211	0	0	f801c4debff0501d29925ae6ddf4
user22	613	616	1271034243219	0	0	f801c4debff0501d29925ae6ddf4
user22	614	617	1271034243235	0	0	f801c4debff0501d29925ae6ddf4
user22	615	618	1271034243251	0	0	f801c4debff0501d29925ae6ddf4
user22	615	619	1271034243267	0	0	f801c4debff0501d29925ae6ddf4
user22	615	620	1271034243275	0	0	f801c4debff0501d29925ae6ddf4
user22	615	621	1271034243283	0	0	f801c4debff0501d29925ae6ddf4
user22	614	623	1271034243291	0	0	f801c4debff0501d29925ae6ddf4
user22	614	625	1271034243299	0	0	f801c4debff0501d29925ae6ddf4
user22	613	627	1271034243315	0	0	f801c4debff0501d29925ae6ddf4
user22	613	628	1271034243331	0	0	f801c4debff0501d29925ae6ddf4
user22	613	629	1271034243379	0	0	f801c4debff0501d29925ae6ddf4
user22	613	630	1271034243411	0	0	f801c4debff0501d29925ae6ddf4
user22	613	631	1271034243427	0	0	f801c4debff0501d29925ae6ddf4
user22	613	632	1271034243443	0	0	f801c4debff0501d29925ae6ddf4
user22	613	633	1271034243459	0	0	f801c4debff0501d29925ae6ddf4
user22	614	633	1271034243491	0	0	f801c4debff0501d29925ae6ddf4
user22	614	633	1271034243659	1271034243539	1271034243659	f801c4debff0501d29925ae6ddf4
