User	X	Y	MouseTimeStamp	MouseDownTimeStamp	MouseUpTimeStamp	SessionID
user14	1017	74	1271970381731	0	0	756cac5ad43530547ea4bcd6899f
user14	1016	75	1271970381735	0	0	756cac5ad43530547ea4bcd6899f
user14	1016	77	1271970381743	0	0	756cac5ad43530547ea4bcd6899f
user14	1015	79	1271970381751	0	0	756cac5ad43530547ea4bcd6899f
user14	1015	81	1271970381759	0	0	756cac5ad43530547ea4bcd6899f
user14	1013	84	1271970381767	0	0	756cac5ad43530547ea4bcd6899f
user14	1012	89	1271970381775	0	0	756cac5ad43530547ea4bcd6899f
user14	1008	95	1271970381783	0	0	756cac5ad43530547ea4bcd6899f
user14	1003	103	1271970381791	0	0	756cac5ad43530547ea4bcd6899f
user14	996	112	1271970381800	0	0	756cac5ad43530547ea4bcd6899f
user14	988	122	1271970381808	0	0	756cac5ad43530547ea4bcd6899f
user14	979	132	1271970381816	0	0	756cac5ad43530547ea4bcd6899f
user14	972	141	1271970381824	0	0	756cac5ad43530547ea4bcd6899f
user14	963	151	1271970381832	0	0	756cac5ad43530547ea4bcd6899f
user14	950	159	1271970381839	0	0	756cac5ad43530547ea4bcd6899f
user14	938	170	1271970381848	0	0	756cac5ad43530547ea4bcd6899f
user14	924	179	1271970381855	0	0	756cac5ad43530547ea4bcd6899f
user14	913	184	1271970381863	0	0	756cac5ad43530547ea4bcd6899f
user14	898	192	1271970381872	0	0	756cac5ad43530547ea4bcd6899f
user14	887	198	1271970381879	0	0	756cac5ad43530547ea4bcd6899f
user14	879	203	1271970381887	0	0	756cac5ad43530547ea4bcd6899f
user14	868	206	1271970381895	0	0	756cac5ad43530547ea4bcd6899f
user14	858	208	1271970381904	0	0	756cac5ad43530547ea4bcd6899f
user14	849	209	1271970381911	0	0	756cac5ad43530547ea4bcd6899f
user14	841	209	1271970381920	0	0	756cac5ad43530547ea4bcd6899f
user14	831	210	1271970381927	0	0	756cac5ad43530547ea4bcd6899f
user14	824	211	1271970381935	0	0	756cac5ad43530547ea4bcd6899f
user14	818	211	1271970381943	0	0	756cac5ad43530547ea4bcd6899f
user14	814	211	1271970381952	0	0	756cac5ad43530547ea4bcd6899f
user14	808	211	1271970381959	0	0	756cac5ad43530547ea4bcd6899f
user14	804	211	1271970381967	0	0	756cac5ad43530547ea4bcd6899f
user14	803	211	1271970381975	0	0	756cac5ad43530547ea4bcd6899f
user14	802	211	1271970381983	0	0	756cac5ad43530547ea4bcd6899f
user14	801	211	1271970381991	0	0	756cac5ad43530547ea4bcd6899f
user14	801	210	1271970382448	0	0	756cac5ad43530547ea4bcd6899f
user14	803	209	1271970382456	0	0	756cac5ad43530547ea4bcd6899f
user14	806	207	1271970382464	0	0	756cac5ad43530547ea4bcd6899f
user14	810	204	1271970382471	0	0	756cac5ad43530547ea4bcd6899f
user14	816	200	1271970382479	0	0	756cac5ad43530547ea4bcd6899f
user14	822	196	1271970382487	0	0	756cac5ad43530547ea4bcd6899f
user14	832	191	1271970382495	0	0	756cac5ad43530547ea4bcd6899f
user14	838	184	1271970382504	0	0	756cac5ad43530547ea4bcd6899f
user14	848	180	1271970382512	0	0	756cac5ad43530547ea4bcd6899f
user14	856	176	1271970382519	0	0	756cac5ad43530547ea4bcd6899f
user14	861	171	1271970382528	0	0	756cac5ad43530547ea4bcd6899f
user14	866	168	1271970382536	0	0	756cac5ad43530547ea4bcd6899f
user14	871	166	1271970382543	0	0	756cac5ad43530547ea4bcd6899f
user14	874	165	1271970382552	0	0	756cac5ad43530547ea4bcd6899f
user14	877	164	1271970382559	0	0	756cac5ad43530547ea4bcd6899f
user14	879	164	1271970382568	0	0	756cac5ad43530547ea4bcd6899f
user14	880	164	1271970382576	0	0	756cac5ad43530547ea4bcd6899f
user14	881	164	1271970382584	0	0	756cac5ad43530547ea4bcd6899f
user14	882	164	1271970382648	0	0	756cac5ad43530547ea4bcd6899f
user14	882	165	1271970382728	0	0	756cac5ad43530547ea4bcd6899f
user14	882	166	1271970382736	0	0	756cac5ad43530547ea4bcd6899f
user14	882	167	1271970382751	0	0	756cac5ad43530547ea4bcd6899f
user14	882	168	1271970382759	0	0	756cac5ad43530547ea4bcd6899f
user14	882	169	1271970382775	0	0	756cac5ad43530547ea4bcd6899f
user14	882	170	1271970382783	0	0	756cac5ad43530547ea4bcd6899f
user14	883	170	1271970382791	0	0	756cac5ad43530547ea4bcd6899f
user14	883	171	1271970382815	0	0	756cac5ad43530547ea4bcd6899f
user14	883	172	1271970382831	0	0	756cac5ad43530547ea4bcd6899f
user14	883	173	1271970382847	0	0	756cac5ad43530547ea4bcd6899f
user14	883	174	1271970382855	0	0	756cac5ad43530547ea4bcd6899f
user14	883	175	1271970382863	0	0	756cac5ad43530547ea4bcd6899f
user14	883	175	1271970383040	1271970382952	1271970383040	756cac5ad43530547ea4bcd6899f
user14	883	175	1271970383384	1271970383312	1271970383384	756cac5ad43530547ea4bcd6899f
user14	883	176	1271970383664	0	0	756cac5ad43530547ea4bcd6899f
user14	884	178	1271970383672	0	0	756cac5ad43530547ea4bcd6899f
user14	886	180	1271970383680	0	0	756cac5ad43530547ea4bcd6899f
user14	888	183	1271970383687	0	0	756cac5ad43530547ea4bcd6899f
user14	888	214	1271970384248	0	0	756cac5ad43530547ea4bcd6899f
user14	889	215	1271970384256	0	0	756cac5ad43530547ea4bcd6899f
user14	891	216	1271970384272	0	0	756cac5ad43530547ea4bcd6899f
user14	892	216	1271970384288	0	0	756cac5ad43530547ea4bcd6899f
user14	894	217	1271970384304	0	0	756cac5ad43530547ea4bcd6899f
user14	895	217	1271970384320	0	0	756cac5ad43530547ea4bcd6899f
user14	895	218	1271970384327	0	0	756cac5ad43530547ea4bcd6899f
user14	895	219	1271970384336	0	0	756cac5ad43530547ea4bcd6899f
user14	895	220	1271970384343	0	0	756cac5ad43530547ea4bcd6899f
user14	895	221	1271970384352	0	0	756cac5ad43530547ea4bcd6899f
user14	895	221	1271970384640	1271970384560	1271970384640	756cac5ad43530547ea4bcd6899f
user14	895	221	1271970384888	1271970384768	1271970384888	756cac5ad43530547ea4bcd6899f
user14	895	222	1271970386440	0	0	756cac5ad43530547ea4bcd6899f
user14	894	224	1271970386456	0	0	756cac5ad43530547ea4bcd6899f
user14	894	226	1271970386464	0	0	756cac5ad43530547ea4bcd6899f
user14	894	230	1271970386472	0	0	756cac5ad43530547ea4bcd6899f
user14	894	234	1271970386480	0	0	756cac5ad43530547ea4bcd6899f
user14	894	239	1271970386488	0	0	756cac5ad43530547ea4bcd6899f
user14	894	245	1271970386496	0	0	756cac5ad43530547ea4bcd6899f
user14	894	253	1271970386504	0	0	756cac5ad43530547ea4bcd6899f
user14	894	259	1271970386512	0	0	756cac5ad43530547ea4bcd6899f
user14	894	267	1271970386520	0	0	756cac5ad43530547ea4bcd6899f
user14	894	275	1271970386528	0	0	756cac5ad43530547ea4bcd6899f
user14	895	281	1271970386536	0	0	756cac5ad43530547ea4bcd6899f
user14	896	289	1271970386544	0	0	756cac5ad43530547ea4bcd6899f
user14	897	295	1271970386552	0	0	756cac5ad43530547ea4bcd6899f
user14	899	298	1271970386560	0	0	756cac5ad43530547ea4bcd6899f
user14	900	300	1271970386568	0	0	756cac5ad43530547ea4bcd6899f
user14	901	301	1271970386576	0	0	756cac5ad43530547ea4bcd6899f
user14	902	301	1271970386584	0	0	756cac5ad43530547ea4bcd6899f
user14	903	301	1271970386600	0	0	756cac5ad43530547ea4bcd6899f
user14	904	301	1271970386616	0	0	756cac5ad43530547ea4bcd6899f
user14	905	301	1271970386624	0	0	756cac5ad43530547ea4bcd6899f
user14	906	301	1271970386632	0	0	756cac5ad43530547ea4bcd6899f
user14	907	301	1271970386640	0	0	756cac5ad43530547ea4bcd6899f
user14	908	300	1271970386648	0	0	756cac5ad43530547ea4bcd6899f
user14	909	300	1271970386680	0	0	756cac5ad43530547ea4bcd6899f
user14	911	300	1271970386688	0	0	756cac5ad43530547ea4bcd6899f
user14	913	300	1271970386696	0	0	756cac5ad43530547ea4bcd6899f
user14	918	300	1271970386704	0	0	756cac5ad43530547ea4bcd6899f
user14	922	300	1271970386712	0	0	756cac5ad43530547ea4bcd6899f
user14	928	297	1271970386720	0	0	756cac5ad43530547ea4bcd6899f
user14	932	295	1271970386728	0	0	756cac5ad43530547ea4bcd6899f
user14	937	292	1271970386736	0	0	756cac5ad43530547ea4bcd6899f
user14	943	290	1271970386744	0	0	756cac5ad43530547ea4bcd6899f
user14	949	288	1271970386752	0	0	756cac5ad43530547ea4bcd6899f
user14	952	286	1271970386760	0	0	756cac5ad43530547ea4bcd6899f
user14	956	286	1271970386768	0	0	756cac5ad43530547ea4bcd6899f
user14	959	285	1271970386776	0	0	756cac5ad43530547ea4bcd6899f
user14	962	284	1271970386784	0	0	756cac5ad43530547ea4bcd6899f
user14	965	284	1271970386792	0	0	756cac5ad43530547ea4bcd6899f
user14	966	283	1271970386800	0	0	756cac5ad43530547ea4bcd6899f
user14	967	283	1271970386808	0	0	756cac5ad43530547ea4bcd6899f
user14	968	282	1271970386816	0	0	756cac5ad43530547ea4bcd6899f
user14	969	282	1271970386840	0	0	756cac5ad43530547ea4bcd6899f
user14	969	281	1271970386848	0	0	756cac5ad43530547ea4bcd6899f
user14	969	281	1271970387032	1271970386928	1271970387032	756cac5ad43530547ea4bcd6899f
user14	850	252	1271970390720	0	0	756cac5ad43530547ea4bcd6899f
user14	848	252	1271970390728	0	0	756cac5ad43530547ea4bcd6899f
user14	845	253	1271970390736	0	0	756cac5ad43530547ea4bcd6899f
user14	841	253	1271970390744	0	0	756cac5ad43530547ea4bcd6899f
user14	833	253	1271970390752	0	0	756cac5ad43530547ea4bcd6899f
user14	825	253	1271970390760	0	0	756cac5ad43530547ea4bcd6899f
user14	813	253	1271970390768	0	0	756cac5ad43530547ea4bcd6899f
user14	798	251	1271970390776	0	0	756cac5ad43530547ea4bcd6899f
user14	785	251	1271970390784	0	0	756cac5ad43530547ea4bcd6899f
user14	771	249	1271970390792	0	0	756cac5ad43530547ea4bcd6899f
user14	748	249	1271970390800	0	0	756cac5ad43530547ea4bcd6899f
user14	726	247	1271970390808	0	0	756cac5ad43530547ea4bcd6899f
user14	698	244	1271970390816	0	0	756cac5ad43530547ea4bcd6899f
user14	673	244	1271970390824	0	0	756cac5ad43530547ea4bcd6899f
user14	645	242	1271970390832	0	0	756cac5ad43530547ea4bcd6899f
user14	623	241	1271970390840	0	0	756cac5ad43530547ea4bcd6899f
user14	597	239	1271970390848	0	0	756cac5ad43530547ea4bcd6899f
user14	573	239	1271970390856	0	0	756cac5ad43530547ea4bcd6899f
user14	558	237	1271970390864	0	0	756cac5ad43530547ea4bcd6899f
user14	545	237	1271970390872	0	0	756cac5ad43530547ea4bcd6899f
user14	532	237	1271970390880	0	0	756cac5ad43530547ea4bcd6899f
user14	521	235	1271970390888	0	0	756cac5ad43530547ea4bcd6899f
user14	512	235	1271970390896	0	0	756cac5ad43530547ea4bcd6899f
user14	504	235	1271970390904	0	0	756cac5ad43530547ea4bcd6899f
user14	496	235	1271970390912	0	0	756cac5ad43530547ea4bcd6899f
user14	489	235	1271970390920	0	0	756cac5ad43530547ea4bcd6899f
user14	484	235	1271970390928	0	0	756cac5ad43530547ea4bcd6899f
user14	479	235	1271970390936	0	0	756cac5ad43530547ea4bcd6899f
user14	476	235	1271970390944	0	0	756cac5ad43530547ea4bcd6899f
user14	475	235	1271970390952	0	0	756cac5ad43530547ea4bcd6899f
user14	474	235	1271970390960	0	0	756cac5ad43530547ea4bcd6899f
user14	473	234	1271970390968	0	0	756cac5ad43530547ea4bcd6899f
user14	473	233	1271970391040	0	0	756cac5ad43530547ea4bcd6899f
user14	473	232	1271970391048	0	0	756cac5ad43530547ea4bcd6899f
user14	473	230	1271970391056	0	0	756cac5ad43530547ea4bcd6899f
user14	473	228	1271970391064	0	0	756cac5ad43530547ea4bcd6899f
user14	473	226	1271970391072	0	0	756cac5ad43530547ea4bcd6899f
user14	473	223	1271970391080	0	0	756cac5ad43530547ea4bcd6899f
user14	473	221	1271970391088	0	0	756cac5ad43530547ea4bcd6899f
user14	473	219	1271970391096	0	0	756cac5ad43530547ea4bcd6899f
user14	473	218	1271970391104	0	0	756cac5ad43530547ea4bcd6899f
user14	473	215	1271970391112	0	0	756cac5ad43530547ea4bcd6899f
user14	473	214	1271970391120	0	0	756cac5ad43530547ea4bcd6899f
user14	473	211	1271970391128	0	0	756cac5ad43530547ea4bcd6899f
user14	473	210	1271970391136	0	0	756cac5ad43530547ea4bcd6899f
user14	473	209	1271970391144	0	0	756cac5ad43530547ea4bcd6899f
user14	473	208	1271970391152	0	0	756cac5ad43530547ea4bcd6899f
user14	473	208	1271970391320	1271970391232	1271970391320	756cac5ad43530547ea4bcd6899f
user14	472	208	1271970391576	0	0	756cac5ad43530547ea4bcd6899f
user14	471	208	1271970391584	0	0	756cac5ad43530547ea4bcd6899f
user14	470	209	1271970391600	0	0	756cac5ad43530547ea4bcd6899f
user14	469	209	1271970391608	0	0	756cac5ad43530547ea4bcd6899f
user14	468	209	1271970391616	0	0	756cac5ad43530547ea4bcd6899f
user14	467	210	1271970391632	0	0	756cac5ad43530547ea4bcd6899f
user14	465	210	1271970391648	0	0	756cac5ad43530547ea4bcd6899f
user14	464	211	1271970391664	0	0	756cac5ad43530547ea4bcd6899f
user14	463	211	1271970391672	0	0	756cac5ad43530547ea4bcd6899f
user14	462	211	1271970391696	0	0	756cac5ad43530547ea4bcd6899f
user14	461	211	1271970391712	0	0	756cac5ad43530547ea4bcd6899f
user14	462	210	1271970397744	0	0	756cac5ad43530547ea4bcd6899f
user14	464	209	1271970397752	0	0	756cac5ad43530547ea4bcd6899f
user14	465	208	1271970397760	0	0	756cac5ad43530547ea4bcd6899f
user14	468	208	1271970397769	0	0	756cac5ad43530547ea4bcd6899f
user14	470	208	1271970397776	0	0	756cac5ad43530547ea4bcd6899f
user14	472	210	1271970397784	0	0	756cac5ad43530547ea4bcd6899f
user14	475	210	1271970397792	0	0	756cac5ad43530547ea4bcd6899f
user14	477	212	1271970397800	0	0	756cac5ad43530547ea4bcd6899f
user14	480	213	1271970397808	0	0	756cac5ad43530547ea4bcd6899f
user14	483	213	1271970397816	0	0	756cac5ad43530547ea4bcd6899f
user14	485	213	1271970397824	0	0	756cac5ad43530547ea4bcd6899f
user14	487	212	1271970397832	0	0	756cac5ad43530547ea4bcd6899f
user14	491	212	1271970397840	0	0	756cac5ad43530547ea4bcd6899f
user14	497	211	1271970397848	0	0	756cac5ad43530547ea4bcd6899f
user14	505	210	1271970397856	0	0	756cac5ad43530547ea4bcd6899f
user14	515	207	1271970397864	0	0	756cac5ad43530547ea4bcd6899f
user14	528	205	1271970397872	0	0	756cac5ad43530547ea4bcd6899f
user14	545	203	1271970397880	0	0	756cac5ad43530547ea4bcd6899f
user14	563	200	1271970397888	0	0	756cac5ad43530547ea4bcd6899f
user14	583	199	1271970397896	0	0	756cac5ad43530547ea4bcd6899f
user14	597	198	1271970397904	0	0	756cac5ad43530547ea4bcd6899f
user14	607	197	1271970397912	0	0	756cac5ad43530547ea4bcd6899f
user14	619	197	1271970397920	0	0	756cac5ad43530547ea4bcd6899f
user14	631	197	1271970397928	0	0	756cac5ad43530547ea4bcd6899f
user14	640	197	1271970397936	0	0	756cac5ad43530547ea4bcd6899f
user14	648	197	1271970397944	0	0	756cac5ad43530547ea4bcd6899f
user14	656	197	1271970397953	0	0	756cac5ad43530547ea4bcd6899f
user14	663	197	1271970397960	0	0	756cac5ad43530547ea4bcd6899f
user14	666	197	1271970397968	0	0	756cac5ad43530547ea4bcd6899f
user14	668	197	1271970397976	0	0	756cac5ad43530547ea4bcd6899f
user14	668	198	1271970398008	0	0	756cac5ad43530547ea4bcd6899f
user14	668	200	1271970398016	0	0	756cac5ad43530547ea4bcd6899f
user14	668	202	1271970398024	0	0	756cac5ad43530547ea4bcd6899f
user14	668	204	1271970398032	0	0	756cac5ad43530547ea4bcd6899f
user14	668	206	1271970398040	0	0	756cac5ad43530547ea4bcd6899f
user14	668	207	1271970398048	0	0	756cac5ad43530547ea4bcd6899f
user14	668	209	1271970398056	0	0	756cac5ad43530547ea4bcd6899f
user14	668	210	1271970398064	0	0	756cac5ad43530547ea4bcd6899f
user14	668	211	1271970398072	0	0	756cac5ad43530547ea4bcd6899f
user14	668	212	1271970398080	0	0	756cac5ad43530547ea4bcd6899f
user14	667	214	1271970398088	0	0	756cac5ad43530547ea4bcd6899f
user14	666	215	1271970398096	0	0	756cac5ad43530547ea4bcd6899f
user14	666	217	1271970398104	0	0	756cac5ad43530547ea4bcd6899f
user14	664	218	1271970398112	0	0	756cac5ad43530547ea4bcd6899f
user14	664	219	1271970398120	0	0	756cac5ad43530547ea4bcd6899f
user14	664	220	1271970398128	0	0	756cac5ad43530547ea4bcd6899f
user14	663	220	1271970398136	0	0	756cac5ad43530547ea4bcd6899f
user14	662	220	1271970398152	0	0	756cac5ad43530547ea4bcd6899f
user14	660	221	1271970398176	0	0	756cac5ad43530547ea4bcd6899f
user14	658	223	1271970398184	0	0	756cac5ad43530547ea4bcd6899f
user14	656	225	1271970398192	0	0	756cac5ad43530547ea4bcd6899f
user14	656	227	1271970398200	0	0	756cac5ad43530547ea4bcd6899f
user14	654	228	1271970398208	0	0	756cac5ad43530547ea4bcd6899f
user14	652	230	1271970398216	0	0	756cac5ad43530547ea4bcd6899f
user14	651	230	1271970398232	0	0	756cac5ad43530547ea4bcd6899f
user14	650	230	1271970398272	0	0	756cac5ad43530547ea4bcd6899f
user14	650	231	1271970398288	0	0	756cac5ad43530547ea4bcd6899f
user14	650	232	1271970398296	0	0	756cac5ad43530547ea4bcd6899f
user14	650	233	1271970398313	0	0	756cac5ad43530547ea4bcd6899f
user14	650	234	1271970398328	0	0	756cac5ad43530547ea4bcd6899f
user14	649	235	1271970398352	0	0	756cac5ad43530547ea4bcd6899f
user14	649	236	1271970398368	0	0	756cac5ad43530547ea4bcd6899f
user14	649	237	1271970398376	0	0	756cac5ad43530547ea4bcd6899f
user14	649	238	1271970398384	0	0	756cac5ad43530547ea4bcd6899f
user14	649	239	1271970398392	0	0	756cac5ad43530547ea4bcd6899f
user14	649	239	1271970398560	1271970398448	1271970398560	756cac5ad43530547ea4bcd6899f
