User	X	Y	MouseTimeStamp	MouseDownTimeStamp	MouseUpTimeStamp	SessionID
user20	992	9	1271874810566	0	0	1a509ee1f517541020df4700aca0
user20	973	15	1271874810573	0	0	1a509ee1f517541020df4700aca0
user20	954	18	1271874810581	0	0	1a509ee1f517541020df4700aca0
user20	929	26	1271874810589	0	0	1a509ee1f517541020df4700aca0
user20	913	28	1271874810597	0	0	1a509ee1f517541020df4700aca0
user20	891	38	1271874810605	0	0	1a509ee1f517541020df4700aca0
user20	872	42	1271874810614	0	0	1a509ee1f517541020df4700aca0
user20	856	42	1271874810621	0	0	1a509ee1f517541020df4700aca0
user20	837	45	1271874810629	0	0	1a509ee1f517541020df4700aca0
user20	824	51	1271874810637	0	0	1a509ee1f517541020df4700aca0
user20	812	56	1271874810645	0	0	1a509ee1f517541020df4700aca0
user20	797	60	1271874810653	0	0	1a509ee1f517541020df4700aca0
user20	782	67	1271874810661	0	0	1a509ee1f517541020df4700aca0
user20	768	69	1271874810669	0	0	1a509ee1f517541020df4700aca0
user20	756	74	1271874810677	0	0	1a509ee1f517541020df4700aca0
user20	744	76	1271874810685	0	0	1a509ee1f517541020df4700aca0
user20	734	79	1271874810694	0	0	1a509ee1f517541020df4700aca0
user20	726	81	1271874810701	0	0	1a509ee1f517541020df4700aca0
user20	716	86	1271874810709	0	0	1a509ee1f517541020df4700aca0
user20	710	89	1271874810717	0	0	1a509ee1f517541020df4700aca0
user20	702	94	1271874810725	0	0	1a509ee1f517541020df4700aca0
user20	694	97	1271874810733	0	0	1a509ee1f517541020df4700aca0
user20	688	101	1271874810741	0	0	1a509ee1f517541020df4700aca0
user20	680	105	1271874810749	0	0	1a509ee1f517541020df4700aca0
user20	676	107	1271874810757	0	0	1a509ee1f517541020df4700aca0
user20	668	110	1271874810765	0	0	1a509ee1f517541020df4700aca0
user20	665	112	1271874810773	0	0	1a509ee1f517541020df4700aca0
user20	661	114	1271874810781	0	0	1a509ee1f517541020df4700aca0
user20	655	117	1271874810789	0	0	1a509ee1f517541020df4700aca0
user20	651	120	1271874810797	0	0	1a509ee1f517541020df4700aca0
user20	646	122	1271874810805	0	0	1a509ee1f517541020df4700aca0
user20	642	126	1271874810813	0	0	1a509ee1f517541020df4700aca0
user20	636	129	1271874810821	0	0	1a509ee1f517541020df4700aca0
user20	630	134	1271874810829	0	0	1a509ee1f517541020df4700aca0
user20	622	137	1271874810837	0	0	1a509ee1f517541020df4700aca0
user20	613	144	1271874810845	0	0	1a509ee1f517541020df4700aca0
user20	605	149	1271874810853	0	0	1a509ee1f517541020df4700aca0
user20	599	153	1271874810862	0	0	1a509ee1f517541020df4700aca0
user20	593	158	1271874810869	0	0	1a509ee1f517541020df4700aca0
user20	589	160	1271874810877	0	0	1a509ee1f517541020df4700aca0
user20	583	165	1271874810885	0	0	1a509ee1f517541020df4700aca0
user20	579	167	1271874810894	0	0	1a509ee1f517541020df4700aca0
user20	574	169	1271874810901	0	0	1a509ee1f517541020df4700aca0
user20	570	171	1271874810910	0	0	1a509ee1f517541020df4700aca0
user20	566	171	1271874810917	0	0	1a509ee1f517541020df4700aca0
user20	562	173	1271874810925	0	0	1a509ee1f517541020df4700aca0
user20	559	174	1271874810940	0	0	1a509ee1f517541020df4700aca0
user20	555	176	1271874810944	0	0	1a509ee1f517541020df4700aca0
user20	552	177	1271874810949	0	0	1a509ee1f517541020df4700aca0
user20	549	178	1271874810957	0	0	1a509ee1f517541020df4700aca0
user20	546	181	1271874810965	0	0	1a509ee1f517541020df4700aca0
user20	544	182	1271874810973	0	0	1a509ee1f517541020df4700aca0
user20	543	183	1271874810981	0	0	1a509ee1f517541020df4700aca0
user20	540	184	1271874810989	0	0	1a509ee1f517541020df4700aca0
user20	539	185	1271874810997	0	0	1a509ee1f517541020df4700aca0
user20	538	186	1271874811013	0	0	1a509ee1f517541020df4700aca0
user20	538	186	1271874811382	1271874811286	1271874811382	1a509ee1f517541020df4700aca0
user20	538	187	1271874829037	0	0	1a509ee1f517541020df4700aca0
user20	541	190	1271874829045	0	0	1a509ee1f517541020df4700aca0
user20	543	194	1271874829053	0	0	1a509ee1f517541020df4700aca0
user20	547	198	1271874829061	0	0	1a509ee1f517541020df4700aca0
user20	551	202	1271874829069	0	0	1a509ee1f517541020df4700aca0
user20	554	205	1271874829077	0	0	1a509ee1f517541020df4700aca0
user20	557	210	1271874829085	0	0	1a509ee1f517541020df4700aca0
user20	558	214	1271874829093	0	0	1a509ee1f517541020df4700aca0
user20	562	217	1271874829101	0	0	1a509ee1f517541020df4700aca0
user20	565	222	1271874829109	0	0	1a509ee1f517541020df4700aca0
user20	565	226	1271874829117	0	0	1a509ee1f517541020df4700aca0
user20	565	230	1271874829125	0	0	1a509ee1f517541020df4700aca0
user20	566	232	1271874829133	0	0	1a509ee1f517541020df4700aca0
user20	567	235	1271874829141	0	0	1a509ee1f517541020df4700aca0
user20	568	237	1271874829149	0	0	1a509ee1f517541020df4700aca0
user20	569	238	1271874829157	0	0	1a509ee1f517541020df4700aca0
user20	569	239	1271874829165	0	0	1a509ee1f517541020df4700aca0
user20	571	240	1271874829173	0	0	1a509ee1f517541020df4700aca0
user20	572	241	1271874829181	0	0	1a509ee1f517541020df4700aca0
user20	573	241	1271874829189	0	0	1a509ee1f517541020df4700aca0
user20	574	241	1271874829197	0	0	1a509ee1f517541020df4700aca0
user20	575	241	1271874829205	0	0	1a509ee1f517541020df4700aca0
user20	576	241	1271874829213	0	0	1a509ee1f517541020df4700aca0
user20	577	241	1271874829229	0	0	1a509ee1f517541020df4700aca0
user20	578	241	1271874829237	0	0	1a509ee1f517541020df4700aca0
user20	579	241	1271874829277	0	0	1a509ee1f517541020df4700aca0
user20	580	241	1271874829285	0	0	1a509ee1f517541020df4700aca0
user20	581	241	1271874829301	0	0	1a509ee1f517541020df4700aca0
user20	582	241	1271874829309	0	0	1a509ee1f517541020df4700aca0
user20	583	241	1271874829317	0	0	1a509ee1f517541020df4700aca0
user20	584	241	1271874829333	0	0	1a509ee1f517541020df4700aca0
user20	585	241	1271874829341	0	0	1a509ee1f517541020df4700aca0
user20	586	241	1271874829349	0	0	1a509ee1f517541020df4700aca0
user20	587	241	1271874829365	0	0	1a509ee1f517541020df4700aca0
user20	588	241	1271874829381	0	0	1a509ee1f517541020df4700aca0
user20	589	241	1271874829389	0	0	1a509ee1f517541020df4700aca0
user20	590	241	1271874829405	0	0	1a509ee1f517541020df4700aca0
user20	591	241	1271874829413	0	0	1a509ee1f517541020df4700aca0
user20	592	241	1271874829421	0	0	1a509ee1f517541020df4700aca0
user20	592	241	1271874829589	1271874829518	1271874829589	1a509ee1f517541020df4700aca0
user20	573	249	1271874835669	0	0	1a509ee1f517541020df4700aca0
user20	573	244	1271874835677	0	0	1a509ee1f517541020df4700aca0
user20	571	239	1271874835685	0	0	1a509ee1f517541020df4700aca0
user20	571	233	1271874835693	0	0	1a509ee1f517541020df4700aca0
user20	569	230	1271874835701	0	0	1a509ee1f517541020df4700aca0
user20	569	226	1271874835709	0	0	1a509ee1f517541020df4700aca0
user20	567	222	1271874835717	0	0	1a509ee1f517541020df4700aca0
user20	567	218	1271874835725	0	0	1a509ee1f517541020df4700aca0
user20	565	214	1271874835733	0	0	1a509ee1f517541020df4700aca0
user20	565	211	1271874835741	0	0	1a509ee1f517541020df4700aca0
user20	565	208	1271874835749	0	0	1a509ee1f517541020df4700aca0
user20	564	207	1271874835757	0	0	1a509ee1f517541020df4700aca0
user20	564	205	1271874835765	0	0	1a509ee1f517541020df4700aca0
user20	563	204	1271874835773	0	0	1a509ee1f517541020df4700aca0
user20	563	203	1271874835781	0	0	1a509ee1f517541020df4700aca0
user20	563	201	1271874835789	0	0	1a509ee1f517541020df4700aca0
user20	562	201	1271874835797	0	0	1a509ee1f517541020df4700aca0
user20	562	200	1271874835805	0	0	1a509ee1f517541020df4700aca0
user20	562	199	1271874835813	0	0	1a509ee1f517541020df4700aca0
user20	562	199	1271874836037	1271874836029	1271874836037	1a509ee1f517541020df4700aca0
user20	562	198	1271874836085	0	0	1a509ee1f517541020df4700aca0
user20	565	195	1271874836093	0	0	1a509ee1f517541020df4700aca0
user20	569	193	1271874836101	0	0	1a509ee1f517541020df4700aca0
user20	575	187	1271874836109	0	0	1a509ee1f517541020df4700aca0
user20	584	176	1271874836117	0	0	1a509ee1f517541020df4700aca0
user20	592	167	1271874836125	0	0	1a509ee1f517541020df4700aca0
user20	607	156	1271874836133	0	0	1a509ee1f517541020df4700aca0
user20	625	144	1271874836141	0	0	1a509ee1f517541020df4700aca0
user20	644	135	1271874836149	0	0	1a509ee1f517541020df4700aca0
user20	659	123	1271874836157	0	0	1a509ee1f517541020df4700aca0
user20	676	114	1271874836165	0	0	1a509ee1f517541020df4700aca0
user20	694	106	1271874836173	0	0	1a509ee1f517541020df4700aca0
user20	711	97	1271874836181	0	0	1a509ee1f517541020df4700aca0
user20	726	87	1271874836189	0	0	1a509ee1f517541020df4700aca0
user20	743	82	1271874836197	0	0	1a509ee1f517541020df4700aca0
user20	756	72	1271874836205	0	0	1a509ee1f517541020df4700aca0
user20	766	65	1271874836213	0	0	1a509ee1f517541020df4700aca0
user20	777	58	1271874836221	0	0	1a509ee1f517541020df4700aca0
user20	785	50	1271874836229	0	0	1a509ee1f517541020df4700aca0
user20	793	45	1271874836237	0	0	1a509ee1f517541020df4700aca0
user20	800	36	1271874836245	0	0	1a509ee1f517541020df4700aca0
user20	803	34	1271874836253	0	0	1a509ee1f517541020df4700aca0
user20	805	28	1271874836261	0	0	1a509ee1f517541020df4700aca0
user20	808	26	1271874836269	0	0	1a509ee1f517541020df4700aca0
user20	810	23	1271874836277	0	0	1a509ee1f517541020df4700aca0
user20	811	22	1271874836285	0	0	1a509ee1f517541020df4700aca0
user20	812	20	1271874836293	0	0	1a509ee1f517541020df4700aca0
user20	813	20	1271874836309	0	0	1a509ee1f517541020df4700aca0
user20	813	19	1271874836317	0	0	1a509ee1f517541020df4700aca0
user20	813	18	1271874836325	0	0	1a509ee1f517541020df4700aca0
user20	813	17	1271874836333	0	0	1a509ee1f517541020df4700aca0
user20	814	14	1271874836341	0	0	1a509ee1f517541020df4700aca0
user20	815	13	1271874836349	0	0	1a509ee1f517541020df4700aca0
user20	815	12	1271874836357	0	0	1a509ee1f517541020df4700aca0
user20	817	9	1271874836373	0	0	1a509ee1f517541020df4700aca0
user20	818	8	1271874836381	0	0	1a509ee1f517541020df4700aca0
user20	1056	11	1271874985691	0	0	1a509ee1f517541020df4700aca0
user20	1050	15	1271874985699	0	0	1a509ee1f517541020df4700aca0
user20	1044	20	1271874985707	0	0	1a509ee1f517541020df4700aca0
user20	1038	23	1271874985715	0	0	1a509ee1f517541020df4700aca0
user20	1031	31	1271874985723	0	0	1a509ee1f517541020df4700aca0
user20	1025	36	1271874985731	0	0	1a509ee1f517541020df4700aca0
user20	1019	40	1271874985739	0	0	1a509ee1f517541020df4700aca0
user20	1013	45	1271874985747	0	0	1a509ee1f517541020df4700aca0
user20	1007	49	1271874985755	0	0	1a509ee1f517541020df4700aca0
user20	1001	54	1271874985763	0	0	1a509ee1f517541020df4700aca0
user20	995	57	1271874985771	0	0	1a509ee1f517541020df4700aca0
user20	989	60	1271874985779	0	0	1a509ee1f517541020df4700aca0
user20	981	65	1271874985787	0	0	1a509ee1f517541020df4700aca0
user20	973	69	1271874985795	0	0	1a509ee1f517541020df4700aca0
user20	969	74	1271874985803	0	0	1a509ee1f517541020df4700aca0
user20	961	77	1271874985811	0	0	1a509ee1f517541020df4700aca0
user20	953	80	1271874985819	0	0	1a509ee1f517541020df4700aca0
user20	945	87	1271874985827	0	0	1a509ee1f517541020df4700aca0
user20	941	91	1271874985835	0	0	1a509ee1f517541020df4700aca0
user20	932	97	1271874985843	0	0	1a509ee1f517541020df4700aca0
user20	922	106	1271874985851	0	0	1a509ee1f517541020df4700aca0
user20	913	113	1271874985859	0	0	1a509ee1f517541020df4700aca0
user20	907	119	1271874985867	0	0	1a509ee1f517541020df4700aca0
user20	899	126	1271874985875	0	0	1a509ee1f517541020df4700aca0
user20	893	127	1271874985883	0	0	1a509ee1f517541020df4700aca0
user20	887	132	1271874985891	0	0	1a509ee1f517541020df4700aca0
user20	881	138	1271874985899	0	0	1a509ee1f517541020df4700aca0
user20	870	143	1271874985907	0	0	1a509ee1f517541020df4700aca0
user20	860	151	1271874985915	0	0	1a509ee1f517541020df4700aca0
user20	851	157	1271874985923	0	0	1a509ee1f517541020df4700aca0
user20	841	162	1271874985931	0	0	1a509ee1f517541020df4700aca0
user20	829	166	1271874985939	0	0	1a509ee1f517541020df4700aca0
user20	816	173	1271874985947	0	0	1a509ee1f517541020df4700aca0
user20	804	179	1271874985955	0	0	1a509ee1f517541020df4700aca0
user20	789	186	1271874985963	0	0	1a509ee1f517541020df4700aca0
user20	779	189	1271874985971	0	0	1a509ee1f517541020df4700aca0
user20	770	196	1271874985979	0	0	1a509ee1f517541020df4700aca0
user20	765	199	1271874985987	0	0	1a509ee1f517541020df4700aca0
user20	757	202	1271874985995	0	0	1a509ee1f517541020df4700aca0
user20	748	207	1271874986003	0	0	1a509ee1f517541020df4700aca0
user20	738	212	1271874986011	0	0	1a509ee1f517541020df4700aca0
user20	732	217	1271874986019	0	0	1a509ee1f517541020df4700aca0
user20	724	222	1271874986027	0	0	1a509ee1f517541020df4700aca0
user20	716	225	1271874986035	0	0	1a509ee1f517541020df4700aca0
user20	706	230	1271874986043	0	0	1a509ee1f517541020df4700aca0
user20	698	233	1271874986051	0	0	1a509ee1f517541020df4700aca0
user20	687	238	1271874986059	0	0	1a509ee1f517541020df4700aca0
user20	679	243	1271874986068	0	0	1a509ee1f517541020df4700aca0
user20	667	247	1271874986076	0	0	1a509ee1f517541020df4700aca0
user20	657	250	1271874986083	0	0	1a509ee1f517541020df4700aca0
user20	649	253	1271874986091	0	0	1a509ee1f517541020df4700aca0
user20	639	255	1271874986099	0	0	1a509ee1f517541020df4700aca0
user20	630	255	1271874986107	0	0	1a509ee1f517541020df4700aca0
user20	620	255	1271874986115	0	0	1a509ee1f517541020df4700aca0
user20	611	255	1271874986123	0	0	1a509ee1f517541020df4700aca0
user20	603	255	1271874986131	0	0	1a509ee1f517541020df4700aca0
user20	594	255	1271874986139	0	0	1a509ee1f517541020df4700aca0
user20	586	253	1271874986147	0	0	1a509ee1f517541020df4700aca0
user20	579	251	1271874986155	0	0	1a509ee1f517541020df4700aca0
user20	571	248	1271874986163	0	0	1a509ee1f517541020df4700aca0
user20	561	245	1271874986171	0	0	1a509ee1f517541020df4700aca0
user20	555	240	1271874986179	0	0	1a509ee1f517541020df4700aca0
user20	545	237	1271874986187	0	0	1a509ee1f517541020df4700aca0
user20	534	230	1271874986195	0	0	1a509ee1f517541020df4700aca0
user20	526	223	1271874986203	0	0	1a509ee1f517541020df4700aca0
user20	515	216	1271874986211	0	0	1a509ee1f517541020df4700aca0
user20	506	206	1271874986219	0	0	1a509ee1f517541020df4700aca0
user20	495	195	1271874986227	0	0	1a509ee1f517541020df4700aca0
user20	484	184	1271874986235	0	0	1a509ee1f517541020df4700aca0
user20	474	173	1271874986243	0	0	1a509ee1f517541020df4700aca0
user20	461	164	1271874986251	0	0	1a509ee1f517541020df4700aca0
user20	452	155	1271874986259	0	0	1a509ee1f517541020df4700aca0
user20	443	144	1271874986267	0	0	1a509ee1f517541020df4700aca0
user20	432	135	1271874986275	0	0	1a509ee1f517541020df4700aca0
user20	426	127	1271874986283	0	0	1a509ee1f517541020df4700aca0
user20	419	119	1271874986291	0	0	1a509ee1f517541020df4700aca0
user20	414	113	1271874986299	0	0	1a509ee1f517541020df4700aca0
user20	410	110	1271874986307	0	0	1a509ee1f517541020df4700aca0
user20	406	102	1271874986315	0	0	1a509ee1f517541020df4700aca0
user20	402	98	1271874986323	0	0	1a509ee1f517541020df4700aca0
user20	401	93	1271874986331	0	0	1a509ee1f517541020df4700aca0
user20	401	88	1271874986339	0	0	1a509ee1f517541020df4700aca0
user20	399	85	1271874986347	0	0	1a509ee1f517541020df4700aca0
user20	399	82	1271874986355	0	0	1a509ee1f517541020df4700aca0
user20	399	81	1271874986363	0	0	1a509ee1f517541020df4700aca0
user20	399	78	1271874986371	0	0	1a509ee1f517541020df4700aca0
user20	399	76	1271874986379	0	0	1a509ee1f517541020df4700aca0
user20	399	74	1271874986387	0	0	1a509ee1f517541020df4700aca0
user20	400	72	1271874986395	0	0	1a509ee1f517541020df4700aca0
user20	400	69	1271874986403	0	0	1a509ee1f517541020df4700aca0
user20	401	67	1271874986411	0	0	1a509ee1f517541020df4700aca0
user20	402	66	1271874986419	0	0	1a509ee1f517541020df4700aca0
user20	404	64	1271874986427	0	0	1a509ee1f517541020df4700aca0
user20	404	63	1271874986435	0	0	1a509ee1f517541020df4700aca0
user20	404	62	1271874986444	0	0	1a509ee1f517541020df4700aca0
user20	404	61	1271874986451	0	0	1a509ee1f517541020df4700aca0
user20	404	60	1271874986467	0	0	1a509ee1f517541020df4700aca0
user20	405	59	1271874986483	0	0	1a509ee1f517541020df4700aca0
user20	408	57	1271874986491	0	0	1a509ee1f517541020df4700aca0
user20	409	57	1271874986499	0	0	1a509ee1f517541020df4700aca0
user20	410	57	1271874986507	0	0	1a509ee1f517541020df4700aca0
user20	411	57	1271874986515	0	0	1a509ee1f517541020df4700aca0
user20	413	57	1271874986523	0	0	1a509ee1f517541020df4700aca0
user20	415	57	1271874986531	0	0	1a509ee1f517541020df4700aca0
user20	420	57	1271874986539	0	0	1a509ee1f517541020df4700aca0
user20	426	55	1271874986547	0	0	1a509ee1f517541020df4700aca0
user20	433	55	1271874986555	0	0	1a509ee1f517541020df4700aca0
user20	442	55	1271874986563	0	0	1a509ee1f517541020df4700aca0
user20	446	55	1271874986571	0	0	1a509ee1f517541020df4700aca0
user20	455	55	1271874986579	0	0	1a509ee1f517541020df4700aca0
user20	463	53	1271874986588	0	0	1a509ee1f517541020df4700aca0
user20	468	53	1271874986595	0	0	1a509ee1f517541020df4700aca0
user20	472	53	1271874986603	0	0	1a509ee1f517541020df4700aca0
user20	474	53	1271874986611	0	0	1a509ee1f517541020df4700aca0
user20	476	53	1271874986619	0	0	1a509ee1f517541020df4700aca0
user20	477	52	1271874986627	0	0	1a509ee1f517541020df4700aca0
user20	477	52	1271874986891	1271874986811	1271874986891	1a509ee1f517541020df4700aca0
user20	796	24	1271874993725	0	0	1a509ee1f517541020df4700aca0
user20	779	32	1271874993731	0	0	1a509ee1f517541020df4700aca0
user20	757	39	1271874993739	0	0	1a509ee1f517541020df4700aca0
user20	741	45	1271874993747	0	0	1a509ee1f517541020df4700aca0
user20	723	53	1271874993755	0	0	1a509ee1f517541020df4700aca0
user20	707	58	1271874993763	0	0	1a509ee1f517541020df4700aca0
user20	694	62	1271874993771	0	0	1a509ee1f517541020df4700aca0
user20	684	65	1271874993779	0	0	1a509ee1f517541020df4700aca0
user20	674	67	1271874993787	0	0	1a509ee1f517541020df4700aca0
user20	669	67	1271874993795	0	0	1a509ee1f517541020df4700aca0
user20	660	68	1271874993803	0	0	1a509ee1f517541020df4700aca0
user20	656	68	1271874993811	0	0	1a509ee1f517541020df4700aca0
user20	651	68	1271874993819	0	0	1a509ee1f517541020df4700aca0
user20	647	69	1271874993827	0	0	1a509ee1f517541020df4700aca0
user20	644	69	1271874993835	0	0	1a509ee1f517541020df4700aca0
user20	640	69	1271874993843	0	0	1a509ee1f517541020df4700aca0
user20	639	69	1271874993851	0	0	1a509ee1f517541020df4700aca0
user20	635	69	1271874993859	0	0	1a509ee1f517541020df4700aca0
user20	633	69	1271874993867	0	0	1a509ee1f517541020df4700aca0
user20	632	69	1271874993875	0	0	1a509ee1f517541020df4700aca0
user20	630	69	1271874993883	0	0	1a509ee1f517541020df4700aca0
user20	628	69	1271874993899	0	0	1a509ee1f517541020df4700aca0
user20	626	69	1271874993907	0	0	1a509ee1f517541020df4700aca0
user20	623	69	1271874993915	0	0	1a509ee1f517541020df4700aca0
user20	621	67	1271874993924	0	0	1a509ee1f517541020df4700aca0
user20	619	67	1271874993931	0	0	1a509ee1f517541020df4700aca0
user20	618	67	1271874993939	0	0	1a509ee1f517541020df4700aca0
user20	617	67	1271874993963	0	0	1a509ee1f517541020df4700aca0
user20	616	67	1271874993979	0	0	1a509ee1f517541020df4700aca0
user20	615	67	1271874993987	0	0	1a509ee1f517541020df4700aca0
user20	614	66	1271874993995	0	0	1a509ee1f517541020df4700aca0
user20	613	66	1271874994003	0	0	1a509ee1f517541020df4700aca0
user20	612	65	1271874994027	0	0	1a509ee1f517541020df4700aca0
user20	611	65	1271874994043	0	0	1a509ee1f517541020df4700aca0
user20	611	64	1271874994051	0	0	1a509ee1f517541020df4700aca0
user20	608	62	1271874994059	0	0	1a509ee1f517541020df4700aca0
user20	608	61	1271874994067	0	0	1a509ee1f517541020df4700aca0
user20	607	60	1271874994075	0	0	1a509ee1f517541020df4700aca0
user20	606	59	1271874994083	0	0	1a509ee1f517541020df4700aca0
user20	605	58	1271874994091	0	0	1a509ee1f517541020df4700aca0
user20	604	57	1271874994099	0	0	1a509ee1f517541020df4700aca0
user20	602	55	1271874994107	0	0	1a509ee1f517541020df4700aca0
user20	601	55	1271874994115	0	0	1a509ee1f517541020df4700aca0
user20	599	55	1271874994123	0	0	1a509ee1f517541020df4700aca0
user20	599	52	1271874994131	0	0	1a509ee1f517541020df4700aca0
user20	598	52	1271874994139	0	0	1a509ee1f517541020df4700aca0
user20	597	52	1271874994147	0	0	1a509ee1f517541020df4700aca0
user20	597	51	1271874994155	0	0	1a509ee1f517541020df4700aca0
user20	597	51	1271874994363	1271874994275	1271874994363	1a509ee1f517541020df4700aca0
user20	534	85	1271875014515	0	0	1a509ee1f517541020df4700aca0
user20	533	85	1271875014522	0	0	1a509ee1f517541020df4700aca0
user20	532	85	1271875014530	0	0	1a509ee1f517541020df4700aca0
user20	532	86	1271875014555	0	0	1a509ee1f517541020df4700aca0
user20	532	87	1271875014563	0	0	1a509ee1f517541020df4700aca0
user20	532	88	1271875014578	0	0	1a509ee1f517541020df4700aca0
user20	532	89	1271875014587	0	0	1a509ee1f517541020df4700aca0
user20	532	90	1271875014594	0	0	1a509ee1f517541020df4700aca0
user20	532	94	1271875014602	0	0	1a509ee1f517541020df4700aca0
user20	532	95	1271875014611	0	0	1a509ee1f517541020df4700aca0
user20	530	98	1271875014619	0	0	1a509ee1f517541020df4700aca0
user20	524	104	1271875014626	0	0	1a509ee1f517541020df4700aca0
user20	516	109	1271875014635	0	0	1a509ee1f517541020df4700aca0
user20	508	116	1271875014643	0	0	1a509ee1f517541020df4700aca0
user20	500	121	1271875014651	0	0	1a509ee1f517541020df4700aca0
user20	496	122	1271875014658	0	0	1a509ee1f517541020df4700aca0
user20	495	122	1271875014867	0	0	1a509ee1f517541020df4700aca0
user20	491	122	1271875014875	0	0	1a509ee1f517541020df4700aca0
user20	484	123	1271875014882	0	0	1a509ee1f517541020df4700aca0
user20	463	131	1271875014890	0	0	1a509ee1f517541020df4700aca0
user20	439	139	1271875014898	0	0	1a509ee1f517541020df4700aca0
user20	398	158	1271875014907	0	0	1a509ee1f517541020df4700aca0
user20	349	178	1271875014915	0	0	1a509ee1f517541020df4700aca0
user20	303	201	1271875014923	0	0	1a509ee1f517541020df4700aca0
user20	249	225	1271875014931	0	0	1a509ee1f517541020df4700aca0
user20	198	252	1271875014939	0	0	1a509ee1f517541020df4700aca0
user20	152	275	1271875014946	0	0	1a509ee1f517541020df4700aca0
user20	110	300	1271875014954	0	0	1a509ee1f517541020df4700aca0
user20	87	312	1271875014963	0	0	1a509ee1f517541020df4700aca0
user20	56	327	1271875014971	0	0	1a509ee1f517541020df4700aca0
user20	37	341	1271875014978	0	0	1a509ee1f517541020df4700aca0
user20	21	354	1271875014986	0	0	1a509ee1f517541020df4700aca0
user20	3	375	1271875014994	0	0	1a509ee1f517541020df4700aca0
user20	7	800	1271875018171	0	0	1a509ee1f517541020df4700aca0
user20	23	797	1271875018178	0	0	1a509ee1f517541020df4700aca0
user20	38	791	1271875018186	0	0	1a509ee1f517541020df4700aca0
user20	53	784	1271875018194	0	0	1a509ee1f517541020df4700aca0
user20	63	777	1271875018202	0	0	1a509ee1f517541020df4700aca0
user20	74	770	1271875018211	0	0	1a509ee1f517541020df4700aca0
user20	84	763	1271875018219	0	0	1a509ee1f517541020df4700aca0
user20	93	758	1271875018226	0	0	1a509ee1f517541020df4700aca0
user20	99	753	1271875018234	0	0	1a509ee1f517541020df4700aca0
user20	103	749	1271875018242	0	0	1a509ee1f517541020df4700aca0
user20	104	747	1271875018250	0	0	1a509ee1f517541020df4700aca0
user20	105	743	1271875018258	0	0	1a509ee1f517541020df4700aca0
user20	105	741	1271875018266	0	0	1a509ee1f517541020df4700aca0
user20	103	738	1271875018274	0	0	1a509ee1f517541020df4700aca0
user20	101	738	1271875018282	0	0	1a509ee1f517541020df4700aca0
user20	99	735	1271875018290	0	0	1a509ee1f517541020df4700aca0
user20	98	735	1271875018298	0	0	1a509ee1f517541020df4700aca0
user20	95	735	1271875018515	0	0	1a509ee1f517541020df4700aca0
user20	90	736	1271875018522	0	0	1a509ee1f517541020df4700aca0
user20	80	737	1271875018530	0	0	1a509ee1f517541020df4700aca0
user20	69	737	1271875018539	0	0	1a509ee1f517541020df4700aca0
user20	50	740	1271875018546	0	0	1a509ee1f517541020df4700aca0
user20	31	740	1271875018554	0	0	1a509ee1f517541020df4700aca0
user20	17	740	1271875018562	0	0	1a509ee1f517541020df4700aca0
user20	26	783	1271875019307	0	0	1a509ee1f517541020df4700aca0
user20	77	771	1271875019314	0	0	1a509ee1f517541020df4700aca0
user20	125	757	1271875019322	0	0	1a509ee1f517541020df4700aca0
user20	176	746	1271875019330	0	0	1a509ee1f517541020df4700aca0
user20	219	735	1271875019338	0	0	1a509ee1f517541020df4700aca0
user20	265	724	1271875019346	0	0	1a509ee1f517541020df4700aca0
user20	307	716	1271875019354	0	0	1a509ee1f517541020df4700aca0
user20	335	710	1271875019362	0	0	1a509ee1f517541020df4700aca0
user20	374	697	1271875019370	0	0	1a509ee1f517541020df4700aca0
user20	393	695	1271875019378	0	0	1a509ee1f517541020df4700aca0
user20	412	689	1271875019386	0	0	1a509ee1f517541020df4700aca0
user20	422	690	1271875019394	0	0	1a509ee1f517541020df4700aca0
user20	436	684	1271875019403	0	0	1a509ee1f517541020df4700aca0
user20	451	680	1271875019410	0	0	1a509ee1f517541020df4700aca0
user20	461	677	1271875019419	0	0	1a509ee1f517541020df4700aca0
user20	471	672	1271875019426	0	0	1a509ee1f517541020df4700aca0
user20	475	671	1271875019434	0	0	1a509ee1f517541020df4700aca0
user20	479	668	1271875019443	0	0	1a509ee1f517541020df4700aca0
user20	483	667	1271875019450	0	0	1a509ee1f517541020df4700aca0
user20	487	664	1271875019459	0	0	1a509ee1f517541020df4700aca0
user20	491	661	1271875019467	0	0	1a509ee1f517541020df4700aca0
user20	495	657	1271875019475	0	0	1a509ee1f517541020df4700aca0
user20	497	655	1271875019483	0	0	1a509ee1f517541020df4700aca0
user20	501	651	1271875019490	0	0	1a509ee1f517541020df4700aca0
user20	504	650	1271875019499	0	0	1a509ee1f517541020df4700aca0
user20	505	646	1271875019507	0	0	1a509ee1f517541020df4700aca0
user20	509	643	1271875019515	0	0	1a509ee1f517541020df4700aca0
user20	511	639	1271875019522	0	0	1a509ee1f517541020df4700aca0
user20	514	635	1271875019530	0	0	1a509ee1f517541020df4700aca0
user20	517	631	1271875019538	0	0	1a509ee1f517541020df4700aca0
user20	519	629	1271875019546	0	0	1a509ee1f517541020df4700aca0
user20	523	625	1271875019556	0	0	1a509ee1f517541020df4700aca0
user20	526	619	1271875019562	0	0	1a509ee1f517541020df4700aca0
user20	527	617	1271875019571	0	0	1a509ee1f517541020df4700aca0
user20	530	611	1271875019578	0	0	1a509ee1f517541020df4700aca0
user20	533	607	1271875019587	0	0	1a509ee1f517541020df4700aca0
user20	534	603	1271875019594	0	0	1a509ee1f517541020df4700aca0
user20	537	596	1271875019602	0	0	1a509ee1f517541020df4700aca0
user20	540	590	1271875019610	0	0	1a509ee1f517541020df4700aca0
user20	540	587	1271875019618	0	0	1a509ee1f517541020df4700aca0
user20	541	583	1271875019626	0	0	1a509ee1f517541020df4700aca0
user20	542	575	1271875019634	0	0	1a509ee1f517541020df4700aca0
user20	542	568	1271875019642	0	0	1a509ee1f517541020df4700aca0
user20	543	558	1271875019650	0	0	1a509ee1f517541020df4700aca0
user20	545	549	1271875019659	0	0	1a509ee1f517541020df4700aca0
user20	545	543	1271875019666	0	0	1a509ee1f517541020df4700aca0
user20	545	536	1271875019675	0	0	1a509ee1f517541020df4700aca0
user20	546	531	1271875019683	0	0	1a509ee1f517541020df4700aca0
user20	546	527	1271875019690	0	0	1a509ee1f517541020df4700aca0
user20	546	522	1271875019699	0	0	1a509ee1f517541020df4700aca0
user20	546	517	1271875019706	0	0	1a509ee1f517541020df4700aca0
user20	546	512	1271875019715	0	0	1a509ee1f517541020df4700aca0
user20	546	505	1271875019722	0	0	1a509ee1f517541020df4700aca0
user20	546	497	1271875019730	0	0	1a509ee1f517541020df4700aca0
user20	546	488	1271875019738	0	0	1a509ee1f517541020df4700aca0
user20	546	481	1271875019747	0	0	1a509ee1f517541020df4700aca0
user20	546	473	1271875019754	0	0	1a509ee1f517541020df4700aca0
user20	544	466	1271875019763	0	0	1a509ee1f517541020df4700aca0
user20	544	459	1271875019770	0	0	1a509ee1f517541020df4700aca0
user20	544	449	1271875019779	0	0	1a509ee1f517541020df4700aca0
user20	542	439	1271875019786	0	0	1a509ee1f517541020df4700aca0
user20	539	435	1271875019794	0	0	1a509ee1f517541020df4700aca0
user20	538	430	1271875019803	0	0	1a509ee1f517541020df4700aca0
user20	534	426	1271875019811	0	0	1a509ee1f517541020df4700aca0
user20	528	421	1271875019818	0	0	1a509ee1f517541020df4700aca0
user20	520	417	1271875019826	0	0	1a509ee1f517541020df4700aca0
user20	508	417	1271875019835	0	0	1a509ee1f517541020df4700aca0
user20	491	415	1271875019842	0	0	1a509ee1f517541020df4700aca0
user20	468	411	1271875019851	0	0	1a509ee1f517541020df4700aca0
user20	433	411	1271875019859	0	0	1a509ee1f517541020df4700aca0
user20	385	411	1271875019866	0	0	1a509ee1f517541020df4700aca0
user20	336	408	1271875019874	0	0	1a509ee1f517541020df4700aca0
user20	279	408	1271875019882	0	0	1a509ee1f517541020df4700aca0
user20	229	402	1271875019890	0	0	1a509ee1f517541020df4700aca0
user20	186	402	1271875019899	0	0	1a509ee1f517541020df4700aca0
user20	139	402	1271875019907	0	0	1a509ee1f517541020df4700aca0
user20	99	399	1271875019915	0	0	1a509ee1f517541020df4700aca0
user20	66	399	1271875019922	0	0	1a509ee1f517541020df4700aca0
user20	31	396	1271875019930	0	0	1a509ee1f517541020df4700aca0
user20	8	394	1271875019938	0	0	1a509ee1f517541020df4700aca0
user20	356	9	1271875055603	0	0	1a509ee1f517541020df4700aca0
user20	302	38	1271875055628	0	0	1a509ee1f517541020df4700aca0
user20	282	48	1271875055634	0	0	1a509ee1f517541020df4700aca0
user20	265	61	1271875055642	0	0	1a509ee1f517541020df4700aca0
user20	236	75	1271875055650	0	0	1a509ee1f517541020df4700aca0
user20	209	88	1271875055658	0	0	1a509ee1f517541020df4700aca0
user20	188	98	1271875055666	0	0	1a509ee1f517541020df4700aca0
user20	166	110	1271875055673	0	0	1a509ee1f517541020df4700aca0
user20	139	124	1271875055682	0	0	1a509ee1f517541020df4700aca0
user20	122	133	1271875055690	0	0	1a509ee1f517541020df4700aca0
user20	104	143	1271875055698	0	0	1a509ee1f517541020df4700aca0
user20	96	151	1271875055705	0	0	1a509ee1f517541020df4700aca0
user20	89	160	1271875055714	0	0	1a509ee1f517541020df4700aca0
user20	83	164	1271875055722	0	0	1a509ee1f517541020df4700aca0
user20	80	168	1271875055730	0	0	1a509ee1f517541020df4700aca0
user20	76	172	1271875055737	0	0	1a509ee1f517541020df4700aca0
user20	72	178	1271875055746	0	0	1a509ee1f517541020df4700aca0
user20	65	189	1271875055754	0	0	1a509ee1f517541020df4700aca0
user20	57	201	1271875055762	0	0	1a509ee1f517541020df4700aca0
user20	46	221	1271875055770	0	0	1a509ee1f517541020df4700aca0
user20	34	238	1271875055778	0	0	1a509ee1f517541020df4700aca0
user20	22	258	1271875055785	0	0	1a509ee1f517541020df4700aca0
user20	13	275	1271875055793	0	0	1a509ee1f517541020df4700aca0
user20	1	290	1271875055802	0	0	1a509ee1f517541020df4700aca0
