User	X	Y	MouseTimeStamp	MouseDownTimeStamp	MouseUpTimeStamp	SessionID
user7	675	345	1271886562508	0	0	258c0d26ccd0f08332cf737d8f7f
user7	673	345	1271886563310	0	0	258c0d26ccd0f08332cf737d8f7f
user7	664	340	1271886563320	0	0	258c0d26ccd0f08332cf737d8f7f
user7	649	328	1271886563334	0	0	258c0d26ccd0f08332cf737d8f7f
user7	623	308	1271886563346	0	0	258c0d26ccd0f08332cf737d8f7f
user7	596	277	1271886563355	0	0	258c0d26ccd0f08332cf737d8f7f
user7	564	228	1271886563366	0	0	258c0d26ccd0f08332cf737d8f7f
user7	535	178	1271886563377	0	0	258c0d26ccd0f08332cf737d8f7f
user7	513	128	1271886563388	0	0	258c0d26ccd0f08332cf737d8f7f
user7	499	92	1271886563395	0	0	258c0d26ccd0f08332cf737d8f7f
user7	485	61	1271886563405	0	0	258c0d26ccd0f08332cf737d8f7f
user7	483	54	1271886563415	0	0	258c0d26ccd0f08332cf737d8f7f
user7	482	53	1271886563647	0	0	258c0d26ccd0f08332cf737d8f7f
user7	480	52	1271886563660	0	0	258c0d26ccd0f08332cf737d8f7f
user7	475	50	1271886563674	0	0	258c0d26ccd0f08332cf737d8f7f
user7	468	45	1271886563683	0	0	258c0d26ccd0f08332cf737d8f7f
user7	458	34	1271886563693	0	0	258c0d26ccd0f08332cf737d8f7f
user7	446	19	1271886563703	0	0	258c0d26ccd0f08332cf737d8f7f
user7	659	714	1271887933707	0	0	258c0d26ccd0f08332cf737d8f7f
user7	640	672	1271887933719	0	0	258c0d26ccd0f08332cf737d8f7f
user7	621	604	1271887933731	0	0	258c0d26ccd0f08332cf737d8f7f
user7	608	532	1271887933743	0	0	258c0d26ccd0f08332cf737d8f7f
user7	602	453	1271887933752	0	0	258c0d26ccd0f08332cf737d8f7f
user7	602	388	1271887933764	0	0	258c0d26ccd0f08332cf737d8f7f
user7	602	321	1271887933777	0	0	258c0d26ccd0f08332cf737d8f7f
user7	602	317	1271887933790	0	0	258c0d26ccd0f08332cf737d8f7f
user7	602	316	1271887933800	0	0	258c0d26ccd0f08332cf737d8f7f
user7	602	315	1271887934094	0	0	258c0d26ccd0f08332cf737d8f7f
user7	602	311	1271887934104	0	0	258c0d26ccd0f08332cf737d8f7f
user7	602	304	1271887934114	0	0	258c0d26ccd0f08332cf737d8f7f
user7	609	295	1271887934125	0	0	258c0d26ccd0f08332cf737d8f7f
user7	622	282	1271887934138	0	0	258c0d26ccd0f08332cf737d8f7f
user7	641	266	1271887934149	0	0	258c0d26ccd0f08332cf737d8f7f
user7	672	253	1271887934162	0	0	258c0d26ccd0f08332cf737d8f7f
user7	712	243	1271887934175	0	0	258c0d26ccd0f08332cf737d8f7f
user7	765	236	1271887934188	0	0	258c0d26ccd0f08332cf737d8f7f
user7	828	234	1271887934201	0	0	258c0d26ccd0f08332cf737d8f7f
user7	920	234	1271887934210	0	0	258c0d26ccd0f08332cf737d8f7f
user7	968	234	1271887934220	0	0	258c0d26ccd0f08332cf737d8f7f
user7	999	232	1271887934231	0	0	258c0d26ccd0f08332cf737d8f7f
user7	1000	232	1271887934442	0	0	258c0d26ccd0f08332cf737d8f7f
user7	1003	232	1271887934452	0	0	258c0d26ccd0f08332cf737d8f7f
user7	1007	232	1271887934465	0	0	258c0d26ccd0f08332cf737d8f7f
user7	1014	231	1271887934475	0	0	258c0d26ccd0f08332cf737d8f7f
user7	1024	228	1271887934489	0	0	258c0d26ccd0f08332cf737d8f7f
user7	1035	223	1271887934499	0	0	258c0d26ccd0f08332cf737d8f7f
user7	1051	217	1271887934512	0	0	258c0d26ccd0f08332cf737d8f7f
user7	1064	209	1271887934525	0	0	258c0d26ccd0f08332cf737d8f7f
user7	1078	198	1271887934536	0	0	258c0d26ccd0f08332cf737d8f7f
user7	1090	190	1271887934546	0	0	258c0d26ccd0f08332cf737d8f7f
user7	1100	182	1271887934557	0	0	258c0d26ccd0f08332cf737d8f7f
user7	1100	180	1271887934568	0	0	258c0d26ccd0f08332cf737d8f7f
user7	1101	180	1271887934578	0	0	258c0d26ccd0f08332cf737d8f7f
user7	1101	180	1271887938364	0	0	258c0d26ccd0f08332cf737d8f7f
user7	1101	180	1271887938443	1271887938352	1271887938443	258c0d26ccd0f08332cf737d8f7f
user7	1101	180	1271887939065	0	0	258c0d26ccd0f08332cf737d8f7f
user7	1098	182	1271887942791	0	0	258c0d26ccd0f08332cf737d8f7f
user7	1090	189	1271887942805	0	0	258c0d26ccd0f08332cf737d8f7f
user7	1080	199	1271887942815	0	0	258c0d26ccd0f08332cf737d8f7f
user7	1071	210	1271887942828	0	0	258c0d26ccd0f08332cf737d8f7f
user7	1061	222	1271887942838	0	0	258c0d26ccd0f08332cf737d8f7f
user7	1054	232	1271887942849	0	0	258c0d26ccd0f08332cf737d8f7f
user7	1047	240	1271887942859	0	0	258c0d26ccd0f08332cf737d8f7f
user7	1043	246	1271887942868	0	0	258c0d26ccd0f08332cf737d8f7f
user7	1042	249	1271887942878	0	0	258c0d26ccd0f08332cf737d8f7f
user7	1040	251	1271887942888	0	0	258c0d26ccd0f08332cf737d8f7f
user7	1040	253	1271887942898	0	0	258c0d26ccd0f08332cf737d8f7f
user7	1039	256	1271887942907	0	0	258c0d26ccd0f08332cf737d8f7f
user7	1039	257	1271887942918	0	0	258c0d26ccd0f08332cf737d8f7f
user7	1039	259	1271887942927	0	0	258c0d26ccd0f08332cf737d8f7f
user7	1039	260	1271887942938	0	0	258c0d26ccd0f08332cf737d8f7f
user7	1039	261	1271887943098	0	0	258c0d26ccd0f08332cf737d8f7f
user7	1039	262	1271887943107	0	0	258c0d26ccd0f08332cf737d8f7f
user7	1039	264	1271887943121	0	0	258c0d26ccd0f08332cf737d8f7f
user7	1039	265	1271887943130	0	0	258c0d26ccd0f08332cf737d8f7f
user7	1039	268	1271887943140	0	0	258c0d26ccd0f08332cf737d8f7f
user7	1039	271	1271887943150	0	0	258c0d26ccd0f08332cf737d8f7f
user7	1038	274	1271887943161	0	0	258c0d26ccd0f08332cf737d8f7f
user7	1038	275	1271887943180	0	0	258c0d26ccd0f08332cf737d8f7f
user7	1038	275	1271887943362	1271887943262	1271887943362	258c0d26ccd0f08332cf737d8f7f
user7	706	722	1271887956103	0	0	258c0d26ccd0f08332cf737d8f7f
user7	693	679	1271887956117	0	0	258c0d26ccd0f08332cf737d8f7f
user7	678	609	1271887956130	0	0	258c0d26ccd0f08332cf737d8f7f
user7	670	532	1271887956142	0	0	258c0d26ccd0f08332cf737d8f7f
user7	666	453	1271887956156	0	0	258c0d26ccd0f08332cf737d8f7f
user7	664	394	1271887956165	0	0	258c0d26ccd0f08332cf737d8f7f
user7	664	326	1271887956176	0	0	258c0d26ccd0f08332cf737d8f7f
user7	662	326	1271887958940	0	0	258c0d26ccd0f08332cf737d8f7f
user7	659	324	1271887958954	0	0	258c0d26ccd0f08332cf737d8f7f
user7	654	314	1271887958971	0	0	258c0d26ccd0f08332cf737d8f7f
user7	646	297	1271887958975	0	0	258c0d26ccd0f08332cf737d8f7f
user7	640	271	1271887958991	0	0	258c0d26ccd0f08332cf737d8f7f
user7	632	223	1271887958995	0	0	258c0d26ccd0f08332cf737d8f7f
user7	628	171	1271887959014	0	0	258c0d26ccd0f08332cf737d8f7f
user7	626	68	1271887959030	0	0	258c0d26ccd0f08332cf737d8f7f
user7	624	68	1271887959345	0	0	258c0d26ccd0f08332cf737d8f7f
user7	620	68	1271887959356	0	0	258c0d26ccd0f08332cf737d8f7f
user7	613	68	1271887959368	0	0	258c0d26ccd0f08332cf737d8f7f
user7	605	68	1271887959379	0	0	258c0d26ccd0f08332cf737d8f7f
user7	596	65	1271887959391	0	0	258c0d26ccd0f08332cf737d8f7f
user7	585	62	1271887959399	0	0	258c0d26ccd0f08332cf737d8f7f
user7	576	58	1271887959410	0	0	258c0d26ccd0f08332cf737d8f7f
user7	569	55	1271887959420	0	0	258c0d26ccd0f08332cf737d8f7f
user7	565	52	1271887959432	0	0	258c0d26ccd0f08332cf737d8f7f
user7	562	51	1271887959444	0	0	258c0d26ccd0f08332cf737d8f7f
user7	563	51	1271887960495	0	0	258c0d26ccd0f08332cf737d8f7f
user7	566	51	1271887960508	0	0	258c0d26ccd0f08332cf737d8f7f
user7	571	51	1271887960518	0	0	258c0d26ccd0f08332cf737d8f7f
user7	579	51	1271887960529	0	0	258c0d26ccd0f08332cf737d8f7f
user7	591	51	1271887960541	0	0	258c0d26ccd0f08332cf737d8f7f
user7	604	52	1271887960554	0	0	258c0d26ccd0f08332cf737d8f7f
user7	621	54	1271887960565	0	0	258c0d26ccd0f08332cf737d8f7f
user7	636	56	1271887960578	0	0	258c0d26ccd0f08332cf737d8f7f
user7	654	59	1271887960586	0	0	258c0d26ccd0f08332cf737d8f7f
user7	666	61	1271887960599	0	0	258c0d26ccd0f08332cf737d8f7f
user7	681	62	1271887960608	0	0	258c0d26ccd0f08332cf737d8f7f
user7	684	63	1271887960618	0	0	258c0d26ccd0f08332cf737d8f7f
user7	686	63	1271887960628	0	0	258c0d26ccd0f08332cf737d8f7f
user7	687	63	1271887960639	0	0	258c0d26ccd0f08332cf737d8f7f
user7	687	65	1271887961817	0	0	258c0d26ccd0f08332cf737d8f7f
user7	684	67	1271887961832	0	0	258c0d26ccd0f08332cf737d8f7f
user7	675	81	1271887961848	0	0	258c0d26ccd0f08332cf737d8f7f
user7	667	91	1271887961866	0	0	258c0d26ccd0f08332cf737d8f7f
user7	656	104	1271887961868	0	0	258c0d26ccd0f08332cf737d8f7f
user7	643	121	1271887961884	0	0	258c0d26ccd0f08332cf737d8f7f
user7	620	152	1271887961901	0	0	258c0d26ccd0f08332cf737d8f7f
user7	612	162	1271887961914	0	0	258c0d26ccd0f08332cf737d8f7f
user7	605	170	1271887961924	0	0	258c0d26ccd0f08332cf737d8f7f
user7	601	174	1271887961937	0	0	258c0d26ccd0f08332cf737d8f7f
user7	599	176	1271887961945	0	0	258c0d26ccd0f08332cf737d8f7f
user7	598	177	1271887961956	0	0	258c0d26ccd0f08332cf737d8f7f
user7	598	178	1271887962281	0	0	258c0d26ccd0f08332cf737d8f7f
user7	597	179	1271887962291	0	0	258c0d26ccd0f08332cf737d8f7f
user7	596	180	1271887962301	0	0	258c0d26ccd0f08332cf737d8f7f
user7	595	183	1271887962313	0	0	258c0d26ccd0f08332cf737d8f7f
user7	593	186	1271887962324	0	0	258c0d26ccd0f08332cf737d8f7f
user7	591	187	1271887962333	0	0	258c0d26ccd0f08332cf737d8f7f
user7	590	189	1271887962344	0	0	258c0d26ccd0f08332cf737d8f7f
user7	589	190	1271887962364	0	0	258c0d26ccd0f08332cf737d8f7f
user7	589	190	1271887962733	1271887962633	1271887962733	258c0d26ccd0f08332cf737d8f7f
user7	590	190	1271887963241	0	0	258c0d26ccd0f08332cf737d8f7f
user7	592	185	1271887963256	0	0	258c0d26ccd0f08332cf737d8f7f
user7	598	175	1271887963266	0	0	258c0d26ccd0f08332cf737d8f7f
user7	606	161	1271887963281	0	0	258c0d26ccd0f08332cf737d8f7f
user7	617	140	1271887963295	0	0	258c0d26ccd0f08332cf737d8f7f
user7	628	117	1271887963297	0	0	258c0d26ccd0f08332cf737d8f7f
user7	637	98	1271887963312	0	0	258c0d26ccd0f08332cf737d8f7f
user7	643	87	1271887963324	0	0	258c0d26ccd0f08332cf737d8f7f
user7	647	79	1271887963328	0	0	258c0d26ccd0f08332cf737d8f7f
user7	649	75	1271887963338	0	0	258c0d26ccd0f08332cf737d8f7f
user7	650	73	1271887963352	0	0	258c0d26ccd0f08332cf737d8f7f
user7	651	73	1271887963405	0	0	258c0d26ccd0f08332cf737d8f7f
user7	651	72	1271887963456	0	0	258c0d26ccd0f08332cf737d8f7f
user7	651	71	1271887963553	0	0	258c0d26ccd0f08332cf737d8f7f
user7	652	71	1271887963591	0	0	258c0d26ccd0f08332cf737d8f7f
user7	652	68	1271887963600	0	0	258c0d26ccd0f08332cf737d8f7f
user7	655	64	1271887963615	0	0	258c0d26ccd0f08332cf737d8f7f
user7	657	58	1271887963622	0	0	258c0d26ccd0f08332cf737d8f7f
user7	659	53	1271887963634	0	0	258c0d26ccd0f08332cf737d8f7f
user7	660	50	1271887963641	0	0	258c0d26ccd0f08332cf737d8f7f
user7	660	49	1271887963653	0	0	258c0d26ccd0f08332cf737d8f7f
user7	661	48	1271887963664	0	0	258c0d26ccd0f08332cf737d8f7f
user7	661	48	1271887964165	1271887964066	1271887964165	258c0d26ccd0f08332cf737d8f7f
user7	771	606	1271887970330	0	0	258c0d26ccd0f08332cf737d8f7f
user7	771	606	1271887970830	0	0	258c0d26ccd0f08332cf737d8f7f
user7	769	606	1271887970986	0	0	258c0d26ccd0f08332cf737d8f7f
user7	763	606	1271887970998	0	0	258c0d26ccd0f08332cf737d8f7f
user7	751	601	1271887971010	0	0	258c0d26ccd0f08332cf737d8f7f
user7	734	589	1271887971025	0	0	258c0d26ccd0f08332cf737d8f7f
user7	708	562	1271887971037	0	0	258c0d26ccd0f08332cf737d8f7f
user7	677	521	1271887971052	0	0	258c0d26ccd0f08332cf737d8f7f
user7	645	463	1271887971065	0	0	258c0d26ccd0f08332cf737d8f7f
user7	620	397	1271887971076	0	0	258c0d26ccd0f08332cf737d8f7f
user7	600	342	1271887971088	0	0	258c0d26ccd0f08332cf737d8f7f
user7	579	288	1271887971100	0	0	258c0d26ccd0f08332cf737d8f7f
user7	575	274	1271887971111	0	0	258c0d26ccd0f08332cf737d8f7f
user7	572	265	1271887971120	0	0	258c0d26ccd0f08332cf737d8f7f
user7	570	265	1271887971386	0	0	258c0d26ccd0f08332cf737d8f7f
user7	566	265	1271887971399	0	0	258c0d26ccd0f08332cf737d8f7f
user7	560	265	1271887971409	0	0	258c0d26ccd0f08332cf737d8f7f
user7	552	265	1271887971418	0	0	258c0d26ccd0f08332cf737d8f7f
user7	541	265	1271887971429	0	0	258c0d26ccd0f08332cf737d8f7f
user7	530	264	1271887971438	0	0	258c0d26ccd0f08332cf737d8f7f
user7	518	258	1271887971449	0	0	258c0d26ccd0f08332cf737d8f7f
user7	508	253	1271887971461	0	0	258c0d26ccd0f08332cf737d8f7f
user7	498	249	1271887971471	0	0	258c0d26ccd0f08332cf737d8f7f
user7	490	245	1271887971483	0	0	258c0d26ccd0f08332cf737d8f7f
user7	483	242	1271887971496	0	0	258c0d26ccd0f08332cf737d8f7f
user7	477	241	1271887971505	0	0	258c0d26ccd0f08332cf737d8f7f
user7	474	241	1271887971518	0	0	258c0d26ccd0f08332cf737d8f7f
user7	472	240	1271887971527	0	0	258c0d26ccd0f08332cf737d8f7f
user7	470	239	1271887971538	0	0	258c0d26ccd0f08332cf737d8f7f
user7	469	239	1271887971548	0	0	258c0d26ccd0f08332cf737d8f7f
user7	469	239	1271887972131	1271887972031	1271887972131	258c0d26ccd0f08332cf737d8f7f
user7	470	238	1271887991593	0	0	258c0d26ccd0f08332cf737d8f7f
user7	478	234	1271887991605	0	0	258c0d26ccd0f08332cf737d8f7f
user7	490	229	1271887991615	0	0	258c0d26ccd0f08332cf737d8f7f
user7	513	217	1271887991627	0	0	258c0d26ccd0f08332cf737d8f7f
user7	547	199	1271887991640	0	0	258c0d26ccd0f08332cf737d8f7f
user7	584	183	1271887991648	0	0	258c0d26ccd0f08332cf737d8f7f
user7	626	164	1271887991660	0	0	258c0d26ccd0f08332cf737d8f7f
user7	664	149	1271887991673	0	0	258c0d26ccd0f08332cf737d8f7f
user7	708	136	1271887991683	0	0	258c0d26ccd0f08332cf737d8f7f
user7	752	121	1271887991695	0	0	258c0d26ccd0f08332cf737d8f7f
user7	809	102	1271887991708	0	0	258c0d26ccd0f08332cf737d8f7f
user7	807	104	1271887993808	0	0	258c0d26ccd0f08332cf737d8f7f
user7	803	109	1271887993825	0	0	258c0d26ccd0f08332cf737d8f7f
user7	789	133	1271887993847	0	0	258c0d26ccd0f08332cf737d8f7f
user7	780	151	1271887993852	0	0	258c0d26ccd0f08332cf737d8f7f
user7	773	171	1271887993874	0	0	258c0d26ccd0f08332cf737d8f7f
user7	767	188	1271887993879	0	0	258c0d26ccd0f08332cf737d8f7f
user7	759	215	1271887993900	0	0	258c0d26ccd0f08332cf737d8f7f
user7	757	224	1271887993910	0	0	258c0d26ccd0f08332cf737d8f7f
user7	755	229	1271887993922	0	0	258c0d26ccd0f08332cf737d8f7f
user7	754	234	1271887993932	0	0	258c0d26ccd0f08332cf737d8f7f
user7	753	236	1271887993943	0	0	258c0d26ccd0f08332cf737d8f7f
user7	752	238	1271887993952	0	0	258c0d26ccd0f08332cf737d8f7f
user7	751	240	1271887993964	0	0	258c0d26ccd0f08332cf737d8f7f
user7	750	240	1271887993975	0	0	258c0d26ccd0f08332cf737d8f7f
user7	749	240	1271887994114	0	0	258c0d26ccd0f08332cf737d8f7f
user7	748	240	1271887994133	0	0	258c0d26ccd0f08332cf737d8f7f
user7	746	240	1271887994145	0	0	258c0d26ccd0f08332cf737d8f7f
user7	743	240	1271887994156	0	0	258c0d26ccd0f08332cf737d8f7f
user7	739	242	1271887994169	0	0	258c0d26ccd0f08332cf737d8f7f
user7	732	244	1271887994183	0	0	258c0d26ccd0f08332cf737d8f7f
user7	722	248	1271887994193	0	0	258c0d26ccd0f08332cf737d8f7f
user7	714	252	1271887994203	0	0	258c0d26ccd0f08332cf737d8f7f
user7	705	257	1271887994213	0	0	258c0d26ccd0f08332cf737d8f7f
user7	566	265	1271887971399	0	0	258c0d26ccd0f08332cf737d8f7f
user7	560	265	1271887971409	0	0	258c0d26ccd0f08332cf737d8f7f
user7	552	265	1271887971418	0	0	258c0d26ccd0f08332cf737d8f7f
user7	541	265	1271887971429	0	0	258c0d26ccd0f08332cf737d8f7f
user7	530	264	1271887971438	0	0	258c0d26ccd0f08332cf737d8f7f
user7	518	258	1271887971449	0	0	258c0d26ccd0f08332cf737d8f7f
user7	508	253	1271887971461	0	0	258c0d26ccd0f08332cf737d8f7f
user7	498	249	1271887971471	0	0	258c0d26ccd0f08332cf737d8f7f
user7	490	245	1271887971483	0	0	258c0d26ccd0f08332cf737d8f7f
user7	483	242	1271887971496	0	0	258c0d26ccd0f08332cf737d8f7f
user7	477	241	1271887971505	0	0	258c0d26ccd0f08332cf737d8f7f
user7	474	241	1271887971518	0	0	258c0d26ccd0f08332cf737d8f7f
user7	472	240	1271887971527	0	0	258c0d26ccd0f08332cf737d8f7f
user7	470	239	1271887971538	0	0	258c0d26ccd0f08332cf737d8f7f
user7	469	239	1271887971548	0	0	258c0d26ccd0f08332cf737d8f7f
user7	469	239	1271887972131	1271887972031	1271887972131	258c0d26ccd0f08332cf737d8f7f
user7	470	238	1271887991593	0	0	258c0d26ccd0f08332cf737d8f7f
user7	478	234	1271887991605	0	0	258c0d26ccd0f08332cf737d8f7f
user7	490	229	1271887991615	0	0	258c0d26ccd0f08332cf737d8f7f
user7	513	217	1271887991627	0	0	258c0d26ccd0f08332cf737d8f7f
user7	547	199	1271887991640	0	0	258c0d26ccd0f08332cf737d8f7f
user7	584	183	1271887991648	0	0	258c0d26ccd0f08332cf737d8f7f
user7	626	164	1271887991660	0	0	258c0d26ccd0f08332cf737d8f7f
user7	664	149	1271887991673	0	0	258c0d26ccd0f08332cf737d8f7f
user7	708	136	1271887991683	0	0	258c0d26ccd0f08332cf737d8f7f
user7	752	121	1271887991695	0	0	258c0d26ccd0f08332cf737d8f7f
user7	809	102	1271887991708	0	0	258c0d26ccd0f08332cf737d8f7f
user7	807	104	1271887993808	0	0	258c0d26ccd0f08332cf737d8f7f
user7	803	109	1271887993825	0	0	258c0d26ccd0f08332cf737d8f7f
user7	789	133	1271887993847	0	0	258c0d26ccd0f08332cf737d8f7f
user7	780	151	1271887993852	0	0	258c0d26ccd0f08332cf737d8f7f
user7	773	171	1271887993874	0	0	258c0d26ccd0f08332cf737d8f7f
user7	767	188	1271887993879	0	0	258c0d26ccd0f08332cf737d8f7f
user7	759	215	1271887993900	0	0	258c0d26ccd0f08332cf737d8f7f
user7	757	224	1271887993910	0	0	258c0d26ccd0f08332cf737d8f7f
user7	755	229	1271887993922	0	0	258c0d26ccd0f08332cf737d8f7f
user7	754	234	1271887993932	0	0	258c0d26ccd0f08332cf737d8f7f
user7	753	236	1271887993943	0	0	258c0d26ccd0f08332cf737d8f7f
user7	752	238	1271887993952	0	0	258c0d26ccd0f08332cf737d8f7f
user7	751	240	1271887993964	0	0	258c0d26ccd0f08332cf737d8f7f
user7	750	240	1271887993975	0	0	258c0d26ccd0f08332cf737d8f7f
user7	749	240	1271887994114	0	0	258c0d26ccd0f08332cf737d8f7f
user7	748	240	1271887994133	0	0	258c0d26ccd0f08332cf737d8f7f
user7	746	240	1271887994145	0	0	258c0d26ccd0f08332cf737d8f7f
user7	743	240	1271887994156	0	0	258c0d26ccd0f08332cf737d8f7f
user7	739	242	1271887994169	0	0	258c0d26ccd0f08332cf737d8f7f
user7	732	244	1271887994183	0	0	258c0d26ccd0f08332cf737d8f7f
user7	722	248	1271887994193	0	0	258c0d26ccd0f08332cf737d8f7f
user7	714	252	1271887994203	0	0	258c0d26ccd0f08332cf737d8f7f
user7	705	257	1271887994213	0	0	258c0d26ccd0f08332cf737d8f7f
user7	692	264	1271887994224	0	0	258c0d26ccd0f08332cf737d8f7f
user7	686	268	1271887994237	0	0	258c0d26ccd0f08332cf737d8f7f
user7	682	269	1271887994247	0	0	258c0d26ccd0f08332cf737d8f7f
user7	680	270	1271887994258	0	0	258c0d26ccd0f08332cf737d8f7f
user7	678	272	1271887994277	0	0	258c0d26ccd0f08332cf737d8f7f
user7	677	275	1271887994284	0	0	258c0d26ccd0f08332cf737d8f7f
user7	675	275	1271887994886	0	0	258c0d26ccd0f08332cf737d8f7f
user7	674	275	1271887994897	0	0	258c0d26ccd0f08332cf737d8f7f
user7	671	273	1271887994909	0	0	258c0d26ccd0f08332cf737d8f7f
user7	666	271	1271887994922	0	0	258c0d26ccd0f08332cf737d8f7f
user7	662	268	1271887994933	0	0	258c0d26ccd0f08332cf737d8f7f
user7	658	266	1271887994943	0	0	258c0d26ccd0f08332cf737d8f7f
user7	655	264	1271887994953	0	0	258c0d26ccd0f08332cf737d8f7f
user7	654	264	1271887994963	0	0	258c0d26ccd0f08332cf737d8f7f
user7	653	264	1271887994974	0	0	258c0d26ccd0f08332cf737d8f7f
user7	653	264	1271887995315	1271887995214	1271887995315	258c0d26ccd0f08332cf737d8f7f
user7	653	264	1271887995329	0	0	258c0d26ccd0f08332cf737d8f7f
user7	652	264	1271887995592	0	0	258c0d26ccd0f08332cf737d8f7f
user7	649	263	1271887995604	0	0	258c0d26ccd0f08332cf737d8f7f
user7	643	256	1271887995619	0	0	258c0d26ccd0f08332cf737d8f7f
user7	635	243	1271887995633	0	0	258c0d26ccd0f08332cf737d8f7f
user7	624	220	1271887995648	0	0	258c0d26ccd0f08332cf737d8f7f
user7	609	182	1271887995652	0	0	258c0d26ccd0f08332cf737d8f7f
user7	594	138	1271887995669	0	0	258c0d26ccd0f08332cf737d8f7f
user7	576	88	1271887995684	0	0	258c0d26ccd0f08332cf737d8f7f
user7	561	47	1271887995688	0	0	258c0d26ccd0f08332cf737d8f7f
user7	546	9	1271887995702	0	0	258c0d26ccd0f08332cf737d8f7f
user7	546	5	1271887995980	0	0	258c0d26ccd0f08332cf737d8f7f
user7	550	9	1271887995991	0	0	258c0d26ccd0f08332cf737d8f7f
user7	554	13	1271887996000	0	0	258c0d26ccd0f08332cf737d8f7f
user7	558	17	1271887996011	0	0	258c0d26ccd0f08332cf737d8f7f
user7	562	22	1271887996021	0	0	258c0d26ccd0f08332cf737d8f7f
user7	566	27	1271887996031	0	0	258c0d26ccd0f08332cf737d8f7f
user7	569	31	1271887996043	0	0	258c0d26ccd0f08332cf737d8f7f
user7	570	37	1271887996053	0	0	258c0d26ccd0f08332cf737d8f7f
user7	572	42	1271887996065	0	0	258c0d26ccd0f08332cf737d8f7f
user7	574	46	1271887996077	0	0	258c0d26ccd0f08332cf737d8f7f
user7	575	49	1271887996089	0	0	258c0d26ccd0f08332cf737d8f7f
user7	576	53	1271887996101	0	0	258c0d26ccd0f08332cf737d8f7f
user7	576	54	1271887996113	0	0	258c0d26ccd0f08332cf737d8f7f
user7	577	54	1271887996123	0	0	258c0d26ccd0f08332cf737d8f7f
user7	577	54	1271887996195	0	0	258c0d26ccd0f08332cf737d8f7f
user7	577	54	1271887998033	1271887997934	1271887998033	258c0d26ccd0f08332cf737d8f7f
user7	577	54	1271888006203	0	0	258c0d26ccd0f08332cf737d8f7f
user7	578	54	1271888007671	0	0	258c0d26ccd0f08332cf737d8f7f
user7	580	54	1271888007684	0	0	258c0d26ccd0f08332cf737d8f7f
user7	586	58	1271888007700	0	0	258c0d26ccd0f08332cf737d8f7f
user7	594	63	1271888007703	0	0	258c0d26ccd0f08332cf737d8f7f
user7	605	71	1271888007718	0	0	258c0d26ccd0f08332cf737d8f7f
user7	620	80	1271888007736	0	0	258c0d26ccd0f08332cf737d8f7f
user7	642	95	1271888007738	0	0	258c0d26ccd0f08332cf737d8f7f
user7	667	114	1271888007755	0	0	258c0d26ccd0f08332cf737d8f7f
user7	692	134	1271888007760	0	0	258c0d26ccd0f08332cf737d8f7f
user7	713	151	1271888007774	0	0	258c0d26ccd0f08332cf737d8f7f
user7	735	170	1271888007790	0	0	258c0d26ccd0f08332cf737d8f7f
user7	744	177	1271888007793	0	0	258c0d26ccd0f08332cf737d8f7f
user7	744	176	1271888008137	0	0	258c0d26ccd0f08332cf737d8f7f
user7	745	175	1271888008147	0	0	258c0d26ccd0f08332cf737d8f7f
user7	747	175	1271888008159	0	0	258c0d26ccd0f08332cf737d8f7f
user7	750	173	1271888008168	0	0	258c0d26ccd0f08332cf737d8f7f
user7	752	172	1271888008180	0	0	258c0d26ccd0f08332cf737d8f7f
user7	754	172	1271888008190	0	0	258c0d26ccd0f08332cf737d8f7f
user7	756	171	1271888008202	0	0	258c0d26ccd0f08332cf737d8f7f
user7	757	170	1271888008214	0	0	258c0d26ccd0f08332cf737d8f7f
user7	759	170	1271888008236	0	0	258c0d26ccd0f08332cf737d8f7f
user7	760	170	1271888008258	0	0	258c0d26ccd0f08332cf737d8f7f
user7	760	170	1271888008611	1271888008511	1271888008611	258c0d26ccd0f08332cf737d8f7f
user7	760	170	1271888010281	0	0	258c0d26ccd0f08332cf737d8f7f
user7	758	171	1271888010939	0	0	258c0d26ccd0f08332cf737d8f7f
user7	751	176	1271888010952	0	0	258c0d26ccd0f08332cf737d8f7f
user7	739	187	1271888010968	0	0	258c0d26ccd0f08332cf737d8f7f
user7	719	206	1271888010984	0	0	258c0d26ccd0f08332cf737d8f7f
user7	690	235	1271888010989	0	0	258c0d26ccd0f08332cf737d8f7f
user7	654	277	1271888011002	0	0	258c0d26ccd0f08332cf737d8f7f
user7	623	315	1271888011012	0	0	258c0d26ccd0f08332cf737d8f7f
user7	596	344	1271888011023	0	0	258c0d26ccd0f08332cf737d8f7f
user7	579	366	1271888011033	0	0	258c0d26ccd0f08332cf737d8f7f
user7	563	382	1271888011044	0	0	258c0d26ccd0f08332cf737d8f7f
user7	558	387	1271888011054	0	0	258c0d26ccd0f08332cf737d8f7f
user7	555	389	1271888011064	0	0	258c0d26ccd0f08332cf737d8f7f
user7	553	389	1271888011075	0	0	258c0d26ccd0f08332cf737d8f7f
user7	552	389	1271888011456	0	0	258c0d26ccd0f08332cf737d8f7f
user7	549	389	1271888011467	0	0	258c0d26ccd0f08332cf737d8f7f
user7	545	389	1271888011478	0	0	258c0d26ccd0f08332cf737d8f7f
user7	539	389	1271888011487	0	0	258c0d26ccd0f08332cf737d8f7f
user7	531	385	1271888011498	0	0	258c0d26ccd0f08332cf737d8f7f
user7	524	381	1271888011507	0	0	258c0d26ccd0f08332cf737d8f7f
user7	516	377	1271888011518	0	0	258c0d26ccd0f08332cf737d8f7f
user7	510	374	1271888011526	0	0	258c0d26ccd0f08332cf737d8f7f
user7	505	371	1271888011538	0	0	258c0d26ccd0f08332cf737d8f7f
user7	503	370	1271888011548	0	0	258c0d26ccd0f08332cf737d8f7f
user7	501	370	1271888011558	0	0	258c0d26ccd0f08332cf737d8f7f
user7	500	370	1271888011568	0	0	258c0d26ccd0f08332cf737d8f7f
user7	500	370	1271888011954	1271888011854	1271888011954	258c0d26ccd0f08332cf737d8f7f
user7	502	370	1271888021974	0	0	258c0d26ccd0f08332cf737d8f7f
user7	508	370	1271888021985	0	0	258c0d26ccd0f08332cf737d8f7f
user7	518	371	1271888021995	0	0	258c0d26ccd0f08332cf737d8f7f
user7	531	372	1271888022006	0	0	258c0d26ccd0f08332cf737d8f7f
user7	549	373	1271888022018	0	0	258c0d26ccd0f08332cf737d8f7f
user7	572	374	1271888022029	0	0	258c0d26ccd0f08332cf737d8f7f
user7	597	374	1271888022041	0	0	258c0d26ccd0f08332cf737d8f7f
user7	624	376	1271888022051	0	0	258c0d26ccd0f08332cf737d8f7f
user7	649	376	1271888022061	0	0	258c0d26ccd0f08332cf737d8f7f
user7	682	376	1271888022073	0	0	258c0d26ccd0f08332cf737d8f7f
user7	693	376	1271888022081	0	0	258c0d26ccd0f08332cf737d8f7f
user7	701	376	1271888022093	0	0	258c0d26ccd0f08332cf737d8f7f
user7	708	376	1271888022104	0	0	258c0d26ccd0f08332cf737d8f7f
user7	713	377	1271888022115	0	0	258c0d26ccd0f08332cf737d8f7f
user7	716	377	1271888022126	0	0	258c0d26ccd0f08332cf737d8f7f
user7	717	381	1271888022136	0	0	258c0d26ccd0f08332cf737d8f7f
user7	717	383	1271888022148	0	0	258c0d26ccd0f08332cf737d8f7f
user7	717	384	1271888022179	0	0	258c0d26ccd0f08332cf737d8f7f
user7	717	385	1271888022192	0	0	258c0d26ccd0f08332cf737d8f7f
user7	717	386	1271888022201	0	0	258c0d26ccd0f08332cf737d8f7f
user7	717	387	1271888022213	0	0	258c0d26ccd0f08332cf737d8f7f
user7	715	389	1271888022223	0	0	258c0d26ccd0f08332cf737d8f7f
user7	713	389	1271888022236	0	0	258c0d26ccd0f08332cf737d8f7f
user7	711	391	1271888022245	0	0	258c0d26ccd0f08332cf737d8f7f
user7	709	392	1271888022256	0	0	258c0d26ccd0f08332cf737d8f7f
user7	707	394	1271888022268	0	0	258c0d26ccd0f08332cf737d8f7f
user7	705	394	1271888022278	0	0	258c0d26ccd0f08332cf737d8f7f
user7	703	395	1271888022291	0	0	258c0d26ccd0f08332cf737d8f7f
user7	703	396	1271888022302	0	0	258c0d26ccd0f08332cf737d8f7f
user7	702	396	1271888022314	0	0	258c0d26ccd0f08332cf737d8f7f
user7	701	396	1271888022325	0	0	258c0d26ccd0f08332cf737d8f7f
user7	701	396	1271888022831	1271888022732	1271888022831	258c0d26ccd0f08332cf737d8f7f
user7	757	167	1271888027036	0	0	258c0d26ccd0f08332cf737d8f7f
user7	757	167	1271888028000	1271888027901	1271888028000	258c0d26ccd0f08332cf737d8f7f
user7	757	167	1271888028203	0	0	258c0d26ccd0f08332cf737d8f7f
user7	757	167	1271888028239	0	0	258c0d26ccd0f08332cf737d8f7f
user7	757	167	1271888028735	0	0	258c0d26ccd0f08332cf737d8f7f
user7	755	167	1271888029092	0	0	258c0d26ccd0f08332cf737d8f7f
user7	749	173	1271888029106	0	0	258c0d26ccd0f08332cf737d8f7f
user7	737	185	1271888029121	0	0	258c0d26ccd0f08332cf737d8f7f
user7	717	208	1271888029130	0	0	258c0d26ccd0f08332cf737d8f7f
user7	697	233	1271888029142	0	0	258c0d26ccd0f08332cf737d8f7f
user7	668	269	1271888029149	0	0	258c0d26ccd0f08332cf737d8f7f
user7	642	307	1271888029162	0	0	258c0d26ccd0f08332cf737d8f7f
user7	613	348	1271888029174	0	0	258c0d26ccd0f08332cf737d8f7f
user7	588	383	1271888029185	0	0	258c0d26ccd0f08332cf737d8f7f
user7	564	423	1271888029198	0	0	258c0d26ccd0f08332cf737d8f7f
user7	557	435	1271888029210	0	0	258c0d26ccd0f08332cf737d8f7f
user7	553	441	1271888029220	0	0	258c0d26ccd0f08332cf737d8f7f
user7	551	443	1271888029231	0	0	258c0d26ccd0f08332cf737d8f7f
user7	551	444	1271888029251	0	0	258c0d26ccd0f08332cf737d8f7f
user7	551	442	1271888029552	0	0	258c0d26ccd0f08332cf737d8f7f
user7	551	437	1271888029561	0	0	258c0d26ccd0f08332cf737d8f7f
user7	554	430	1271888029570	0	0	258c0d26ccd0f08332cf737d8f7f
user7	556	423	1271888029582	0	0	258c0d26ccd0f08332cf737d8f7f
user7	559	417	1271888029593	0	0	258c0d26ccd0f08332cf737d8f7f
user7	562	411	1271888029604	0	0	258c0d26ccd0f08332cf737d8f7f
user7	563	408	1271888029616	0	0	258c0d26ccd0f08332cf737d8f7f
user7	564	407	1271888029623	0	0	258c0d26ccd0f08332cf737d8f7f
user7	564	406	1271888029634	0	0	258c0d26ccd0f08332cf737d8f7f
user7	565	406	1271888029825	0	0	258c0d26ccd0f08332cf737d8f7f
user7	565	406	1271888030152	1271888030050	1271888030152	258c0d26ccd0f08332cf737d8f7f
user7	566	406	1271888047830	0	0	258c0d26ccd0f08332cf737d8f7f
user7	568	407	1271888047843	0	0	258c0d26ccd0f08332cf737d8f7f
user7	573	409	1271888047859	0	0	258c0d26ccd0f08332cf737d8f7f
user7	580	413	1271888047873	0	0	258c0d26ccd0f08332cf737d8f7f
user7	590	417	1271888047877	0	0	258c0d26ccd0f08332cf737d8f7f
user7	602	421	1271888047893	0	0	258c0d26ccd0f08332cf737d8f7f
user7	619	426	1271888047906	0	0	258c0d26ccd0f08332cf737d8f7f
user7	636	431	1271888047912	0	0	258c0d26ccd0f08332cf737d8f7f
user7	655	435	1271888047930	0	0	258c0d26ccd0f08332cf737d8f7f
user7	667	439	1271888047934	0	0	258c0d26ccd0f08332cf737d8f7f
user7	681	445	1271888047950	0	0	258c0d26ccd0f08332cf737d8f7f
user7	687	446	1271888047967	0	0	258c0d26ccd0f08332cf737d8f7f
user7	688	447	1271888047983	0	0	258c0d26ccd0f08332cf737d8f7f
user7	688	445	1271888048222	0	0	258c0d26ccd0f08332cf737d8f7f
user7	690	438	1271888048246	0	0	258c0d26ccd0f08332cf737d8f7f
user7	691	433	1271888048271	0	0	258c0d26ccd0f08332cf737d8f7f
user7	691	432	1271888048280	0	0	258c0d26ccd0f08332cf737d8f7f
user7	691	432	1271888048720	1271888048619	1271888048720	258c0d26ccd0f08332cf737d8f7f
user7	758	164	1271888052836	0	0	258c0d26ccd0f08332cf737d8f7f
user7	758	166	1271888052847	0	0	258c0d26ccd0f08332cf737d8f7f
user7	757	170	1271888052859	0	0	258c0d26ccd0f08332cf737d8f7f
user7	757	175	1271888052871	0	0	258c0d26ccd0f08332cf737d8f7f
user7	756	182	1271888052882	0	0	258c0d26ccd0f08332cf737d8f7f
user7	755	187	1271888052895	0	0	258c0d26ccd0f08332cf737d8f7f
user7	755	194	1271888052903	0	0	258c0d26ccd0f08332cf737d8f7f
user7	755	201	1271888052914	0	0	258c0d26ccd0f08332cf737d8f7f
user7	755	206	1271888052921	0	0	258c0d26ccd0f08332cf737d8f7f
user7	755	209	1271888052932	0	0	258c0d26ccd0f08332cf737d8f7f
user7	755	211	1271888052943	0	0	258c0d26ccd0f08332cf737d8f7f
user7	755	212	1271888052953	0	0	258c0d26ccd0f08332cf737d8f7f
user7	756	210	1271888053034	0	0	258c0d26ccd0f08332cf737d8f7f
user7	758	205	1271888053047	0	0	258c0d26ccd0f08332cf737d8f7f
user7	762	197	1271888053057	0	0	258c0d26ccd0f08332cf737d8f7f
user7	765	187	1271888053068	0	0	258c0d26ccd0f08332cf737d8f7f
user7	768	176	1271888053080	0	0	258c0d26ccd0f08332cf737d8f7f
user7	771	170	1271888053090	0	0	258c0d26ccd0f08332cf737d8f7f
user7	772	167	1271888053103	0	0	258c0d26ccd0f08332cf737d8f7f
user7	772	166	1271888053113	0	0	258c0d26ccd0f08332cf737d8f7f
user7	772	166	1271888053210	0	0	258c0d26ccd0f08332cf737d8f7f
user7	772	166	1271888054704	1271888054605	1271888054704	258c0d26ccd0f08332cf737d8f7f
user7	772	166	1271888056113	0	0	258c0d26ccd0f08332cf737d8f7f
user7	771	166	1271888056804	0	0	258c0d26ccd0f08332cf737d8f7f
user7	768	166	1271888056818	0	0	258c0d26ccd0f08332cf737d8f7f
user7	763	164	1271888056833	0	0	258c0d26ccd0f08332cf737d8f7f
user7	755	160	1271888056836	0	0	258c0d26ccd0f08332cf737d8f7f
user7	742	151	1271888056851	0	0	258c0d26ccd0f08332cf737d8f7f
user7	714	125	1271888056872	0	0	258c0d26ccd0f08332cf737d8f7f
user7	703	113	1271888056875	0	0	258c0d26ccd0f08332cf737d8f7f
user7	691	98	1271888056891	0	0	258c0d26ccd0f08332cf737d8f7f
user7	679	77	1271888056906	0	0	258c0d26ccd0f08332cf737d8f7f
user7	677	75	1271888056915	0	0	258c0d26ccd0f08332cf737d8f7f
user7	676	73	1271888056926	0	0	258c0d26ccd0f08332cf737d8f7f
user7	676	70	1271888056937	0	0	258c0d26ccd0f08332cf737d8f7f
user7	675	70	1271888057087	0	0	258c0d26ccd0f08332cf737d8f7f
user7	675	69	1271888057149	0	0	258c0d26ccd0f08332cf737d8f7f
user7	674	68	1271888057170	0	0	258c0d26ccd0f08332cf737d8f7f
user7	674	65	1271888057181	0	0	258c0d26ccd0f08332cf737d8f7f
user7	674	62	1271888057191	0	0	258c0d26ccd0f08332cf737d8f7f
user7	674	58	1271888057203	0	0	258c0d26ccd0f08332cf737d8f7f
user7	673	56	1271888057212	0	0	258c0d26ccd0f08332cf737d8f7f
user7	673	54	1271888057224	0	0	258c0d26ccd0f08332cf737d8f7f
user7	673	54	1271888057625	1271888057525	1271888057625	258c0d26ccd0f08332cf737d8f7f
user7	381	353	1271888062257	0	0	258c0d26ccd0f08332cf737d8f7f
user7	381	352	1271888070929	0	0	258c0d26ccd0f08332cf737d8f7f
user7	381	350	1271888070938	0	0	258c0d26ccd0f08332cf737d8f7f
user7	383	346	1271888070950	0	0	258c0d26ccd0f08332cf737d8f7f
user7	386	339	1271888070961	0	0	258c0d26ccd0f08332cf737d8f7f
user7	389	328	1271888070973	0	0	258c0d26ccd0f08332cf737d8f7f
user7	394	315	1271888070982	0	0	258c0d26ccd0f08332cf737d8f7f
user7	400	301	1271888070994	0	0	258c0d26ccd0f08332cf737d8f7f
user7	405	289	1271888071005	0	0	258c0d26ccd0f08332cf737d8f7f
user7	410	279	1271888071015	0	0	258c0d26ccd0f08332cf737d8f7f
user7	413	272	1271888071027	0	0	258c0d26ccd0f08332cf737d8f7f
user7	414	269	1271888071038	0	0	258c0d26ccd0f08332cf737d8f7f
user7	415	267	1271888071049	0	0	258c0d26ccd0f08332cf737d8f7f
user7	416	266	1271888071409	0	0	258c0d26ccd0f08332cf737d8f7f
user7	417	266	1271888071421	0	0	258c0d26ccd0f08332cf737d8f7f
user7	418	264	1271888071434	0	0	258c0d26ccd0f08332cf737d8f7f
user7	418	264	1271888071803	1271888071703	1271888071803	258c0d26ccd0f08332cf737d8f7f
user7	419	263	1271888094963	0	0	258c0d26ccd0f08332cf737d8f7f
user7	424	257	1271888094977	0	0	258c0d26ccd0f08332cf737d8f7f
user7	432	246	1271888094995	0	0	258c0d26ccd0f08332cf737d8f7f
user7	444	227	1271888094998	0	0	258c0d26ccd0f08332cf737d8f7f
user7	464	195	1271888095012	0	0	258c0d26ccd0f08332cf737d8f7f
user7	489	152	1271888095025	0	0	258c0d26ccd0f08332cf737d8f7f
user7	512	112	1271888095027	0	0	258c0d26ccd0f08332cf737d8f7f
user7	535	70	1271888095040	0	0	258c0d26ccd0f08332cf737d8f7f
user7	555	37	1271888095050	0	0	258c0d26ccd0f08332cf737d8f7f
user7	579	9	1271888095364	0	0	258c0d26ccd0f08332cf737d8f7f
user7	578	15	1271888095376	0	0	258c0d26ccd0f08332cf737d8f7f
user7	578	24	1271888095386	0	0	258c0d26ccd0f08332cf737d8f7f
user7	577	30	1271888095398	0	0	258c0d26ccd0f08332cf737d8f7f
user7	576	39	1271888095409	0	0	258c0d26ccd0f08332cf737d8f7f
user7	576	46	1271888095423	0	0	258c0d26ccd0f08332cf737d8f7f
user7	575	51	1271888095435	0	0	258c0d26ccd0f08332cf737d8f7f
user7	575	56	1271888095443	0	0	258c0d26ccd0f08332cf737d8f7f
user7	575	56	1271888095820	1271888095718	1271888095820	258c0d26ccd0f08332cf737d8f7f
user7	637	260	1271888098463	0	0	258c0d26ccd0f08332cf737d8f7f
user7	638	257	1271888099636	0	0	258c0d26ccd0f08332cf737d8f7f
user7	642	254	1271888099648	0	0	258c0d26ccd0f08332cf737d8f7f
user7	647	249	1271888099659	0	0	258c0d26ccd0f08332cf737d8f7f
user7	654	243	1271888099669	0	0	258c0d26ccd0f08332cf737d8f7f
user7	664	235	1271888099682	0	0	258c0d26ccd0f08332cf737d8f7f
user7	677	227	1271888099690	0	0	258c0d26ccd0f08332cf737d8f7f
user7	696	215	1271888099702	0	0	258c0d26ccd0f08332cf737d8f7f
user7	714	205	1271888099712	0	0	258c0d26ccd0f08332cf737d8f7f
user7	729	199	1271888099723	0	0	258c0d26ccd0f08332cf737d8f7f
user7	757	187	1271888099736	0	0	258c0d26ccd0f08332cf737d8f7f
user7	775	179	1271888099747	0	0	258c0d26ccd0f08332cf737d8f7f
user7	790	173	1271888099762	0	0	258c0d26ccd0f08332cf737d8f7f
user7	789	173	1271888103088	0	0	258c0d26ccd0f08332cf737d8f7f
user7	788	173	1271888103097	0	0	258c0d26ccd0f08332cf737d8f7f
user7	787	173	1271888103108	0	0	258c0d26ccd0f08332cf737d8f7f
user7	785	173	1271888103126	0	0	258c0d26ccd0f08332cf737d8f7f
user7	784	173	1271888103147	0	0	258c0d26ccd0f08332cf737d8f7f
user7	783	173	1271888103156	0	0	258c0d26ccd0f08332cf737d8f7f
user7	782	173	1271888103168	0	0	258c0d26ccd0f08332cf737d8f7f
user7	781	174	1271888103177	0	0	258c0d26ccd0f08332cf737d8f7f
user7	780	174	1271888103197	0	0	258c0d26ccd0f08332cf737d8f7f
user7	779	174	1271888103239	0	0	258c0d26ccd0f08332cf737d8f7f
user7	779	175	1271888103250	0	0	258c0d26ccd0f08332cf737d8f7f
user7	778	175	1271888103272	0	0	258c0d26ccd0f08332cf737d8f7f
user7	777	175	1271888103300	0	0	258c0d26ccd0f08332cf737d8f7f
user7	776	175	1271888103332	0	0	258c0d26ccd0f08332cf737d8f7f
user7	775	175	1271888103362	0	0	258c0d26ccd0f08332cf737d8f7f
user7	774	175	1271888103382	0	0	258c0d26ccd0f08332cf737d8f7f
user7	773	175	1271888103405	0	0	258c0d26ccd0f08332cf737d8f7f
user7	772	175	1271888103428	0	0	258c0d26ccd0f08332cf737d8f7f
user7	771	174	1271888103450	0	0	258c0d26ccd0f08332cf737d8f7f
user7	770	173	1271888103460	0	0	258c0d26ccd0f08332cf737d8f7f
user7	769	173	1271888103471	0	0	258c0d26ccd0f08332cf737d8f7f
user7	769	172	1271888103483	0	0	258c0d26ccd0f08332cf737d8f7f
user7	768	172	1271888103499	0	0	258c0d26ccd0f08332cf737d8f7f
user7	767	171	1271888103532	0	0	258c0d26ccd0f08332cf737d8f7f
user7	767	171	1271888104068	1271888103969	1271888104068	258c0d26ccd0f08332cf737d8f7f
user7	767	171	1271888106077	0	0	258c0d26ccd0f08332cf737d8f7f
user7	767	172	1271888106555	0	0	258c0d26ccd0f08332cf737d8f7f
user7	772	177	1271888106567	0	0	258c0d26ccd0f08332cf737d8f7f
user7	781	189	1271888106584	0	0	258c0d26ccd0f08332cf737d8f7f
user7	796	208	1271888106598	0	0	258c0d26ccd0f08332cf737d8f7f
user7	818	232	1271888106602	0	0	258c0d26ccd0f08332cf737d8f7f
user7	849	263	1271888106616	0	0	258c0d26ccd0f08332cf737d8f7f
user7	885	294	1271888106632	0	0	258c0d26ccd0f08332cf737d8f7f
user7	921	322	1271888106650	0	0	258c0d26ccd0f08332cf737d8f7f
user7	954	344	1271888106653	0	0	258c0d26ccd0f08332cf737d8f7f
user7	992	373	1271888106676	0	0	258c0d26ccd0f08332cf737d8f7f
user7	1005	385	1271888106679	0	0	258c0d26ccd0f08332cf737d8f7f
user7	1013	395	1271888106698	0	0	258c0d26ccd0f08332cf737d8f7f
user7	1014	395	1271888106974	0	0	258c0d26ccd0f08332cf737d8f7f
user7	1015	395	1271888106985	0	0	258c0d26ccd0f08332cf737d8f7f
user7	1021	393	1271888106996	0	0	258c0d26ccd0f08332cf737d8f7f
user7	1028	387	1271888107007	0	0	258c0d26ccd0f08332cf737d8f7f
user7	1039	381	1271888107018	0	0	258c0d26ccd0f08332cf737d8f7f
user7	1052	373	1271888107031	0	0	258c0d26ccd0f08332cf737d8f7f
user7	1073	360	1271888107039	0	0	258c0d26ccd0f08332cf737d8f7f
user7	1097	348	1271888107053	0	0	258c0d26ccd0f08332cf737d8f7f
user7	1121	335	1271888107063	0	0	258c0d26ccd0f08332cf737d8f7f
user7	1144	323	1271888107076	0	0	258c0d26ccd0f08332cf737d8f7f
user7	1171	306	1271888107090	0	0	258c0d26ccd0f08332cf737d8f7f
user7	1182	300	1271888107100	0	0	258c0d26ccd0f08332cf737d8f7f
user7	1192	296	1271888107103	0	0	258c0d26ccd0f08332cf737d8f7f
user7	1200	293	1271888107113	0	0	258c0d26ccd0f08332cf737d8f7f
user7	1205	290	1271888107127	0	0	258c0d26ccd0f08332cf737d8f7f
user7	1208	289	1271888107137	0	0	258c0d26ccd0f08332cf737d8f7f
user7	1210	288	1271888107149	0	0	258c0d26ccd0f08332cf737d8f7f
user7	1212	288	1271888107161	0	0	258c0d26ccd0f08332cf737d8f7f
user7	1211	288	1271888107287	0	0	258c0d26ccd0f08332cf737d8f7f
user7	1207	288	1271888107298	0	0	258c0d26ccd0f08332cf737d8f7f
user7	1196	291	1271888107311	0	0	258c0d26ccd0f08332cf737d8f7f
user7	1183	291	1271888107323	0	0	258c0d26ccd0f08332cf737d8f7f
user7	1164	295	1271888107336	0	0	258c0d26ccd0f08332cf737d8f7f
user7	1138	298	1271888107346	0	0	258c0d26ccd0f08332cf737d8f7f
user7	1107	302	1271888107358	0	0	258c0d26ccd0f08332cf737d8f7f
user7	1085	303	1271888107372	0	0	258c0d26ccd0f08332cf737d8f7f
user7	1068	303	1271888107381	0	0	258c0d26ccd0f08332cf737d8f7f
user7	1056	303	1271888107393	0	0	258c0d26ccd0f08332cf737d8f7f
user7	1048	303	1271888107403	0	0	258c0d26ccd0f08332cf737d8f7f
user7	1043	302	1271888107408	0	0	258c0d26ccd0f08332cf737d8f7f
user7	1040	300	1271888107417	0	0	258c0d26ccd0f08332cf737d8f7f
user7	1040	299	1271888107431	0	0	258c0d26ccd0f08332cf737d8f7f
user7	1041	298	1271888107490	0	0	258c0d26ccd0f08332cf737d8f7f
user7	1045	298	1271888107500	0	0	258c0d26ccd0f08332cf737d8f7f
user7	1052	298	1271888107514	0	0	258c0d26ccd0f08332cf737d8f7f
user7	1061	298	1271888107522	0	0	258c0d26ccd0f08332cf737d8f7f
user7	1076	301	1271888107536	0	0	258c0d26ccd0f08332cf737d8f7f
user7	1101	307	1271888107545	0	0	258c0d26ccd0f08332cf737d8f7f
user7	1127	313	1271888107556	0	0	258c0d26ccd0f08332cf737d8f7f
user7	1157	320	1271888107570	0	0	258c0d26ccd0f08332cf737d8f7f
user7	1193	323	1271888107579	0	0	258c0d26ccd0f08332cf737d8f7f
user7	1228	323	1271888107592	0	0	258c0d26ccd0f08332cf737d8f7f
user7	1264	323	1271888107600	0	0	258c0d26ccd0f08332cf737d8f7f
user7	1297	321	1271888107613	0	0	258c0d26ccd0f08332cf737d8f7f
user7	1319	312	1271888107626	0	0	258c0d26ccd0f08332cf737d8f7f
user7	1332	307	1271888107635	0	0	258c0d26ccd0f08332cf737d8f7f
user7	1336	306	1271888107648	0	0	258c0d26ccd0f08332cf737d8f7f
user7	1336	304	1271888107870	0	0	258c0d26ccd0f08332cf737d8f7f
user7	1339	301	1271888107880	0	0	258c0d26ccd0f08332cf737d8f7f
user7	1346	293	1271888107893	0	0	258c0d26ccd0f08332cf737d8f7f
user7	1355	286	1271888107902	0	0	258c0d26ccd0f08332cf737d8f7f
user7	1366	277	1271888107915	0	0	258c0d26ccd0f08332cf737d8f7f
user7	1382	266	1271888107927	0	0	258c0d26ccd0f08332cf737d8f7f
user7	1397	255	1271888107937	0	0	258c0d26ccd0f08332cf737d8f7f
user7	1407	248	1271888107951	0	0	258c0d26ccd0f08332cf737d8f7f
user7	1414	242	1271888107959	0	0	258c0d26ccd0f08332cf737d8f7f
user7	1419	240	1271888107977	0	0	258c0d26ccd0f08332cf737d8f7f
user7	1420	239	1271888107979	0	0	258c0d26ccd0f08332cf737d8f7f
user7	1420	238	1271888108048	0	0	258c0d26ccd0f08332cf737d8f7f
user7	1421	238	1271888108262	0	0	258c0d26ccd0f08332cf737d8f7f
user7	1422	430	1271888109211	0	0	258c0d26ccd0f08332cf737d8f7f
user7	1416	430	1271888109544	0	0	258c0d26ccd0f08332cf737d8f7f
user7	1403	428	1271888109560	0	0	258c0d26ccd0f08332cf737d8f7f
user7	1376	424	1271888109563	0	0	258c0d26ccd0f08332cf737d8f7f
user7	1331	419	1271888109581	0	0	258c0d26ccd0f08332cf737d8f7f
user7	1271	415	1271888109583	0	0	258c0d26ccd0f08332cf737d8f7f
user7	1212	415	1271888109600	0	0	258c0d26ccd0f08332cf737d8f7f
user7	1149	415	1271888109603	0	0	258c0d26ccd0f08332cf737d8f7f
user7	1101	424	1271888109617	0	0	258c0d26ccd0f08332cf737d8f7f
user7	1063	437	1271888109625	0	0	258c0d26ccd0f08332cf737d8f7f
user7	1038	445	1271888109637	0	0	258c0d26ccd0f08332cf737d8f7f
user7	1021	451	1271888109646	0	0	258c0d26ccd0f08332cf737d8f7f
user7	1020	453	1271888109657	0	0	258c0d26ccd0f08332cf737d8f7f
user7	1019	453	1271888109862	0	0	258c0d26ccd0f08332cf737d8f7f
user7	1010	455	1271888109875	0	0	258c0d26ccd0f08332cf737d8f7f
user7	988	459	1271888109888	0	0	258c0d26ccd0f08332cf737d8f7f
user7	949	467	1271888109902	0	0	258c0d26ccd0f08332cf737d8f7f
user7	901	474	1271888109910	0	0	258c0d26ccd0f08332cf737d8f7f
user7	845	486	1271888109923	0	0	258c0d26ccd0f08332cf737d8f7f
user7	791	500	1271888109932	0	0	258c0d26ccd0f08332cf737d8f7f
user7	747	516	1271888109945	0	0	258c0d26ccd0f08332cf737d8f7f
user7	720	525	1271888109958	0	0	258c0d26ccd0f08332cf737d8f7f
user7	697	534	1271888109965	0	0	258c0d26ccd0f08332cf737d8f7f
user7	693	537	1271888109981	0	0	258c0d26ccd0f08332cf737d8f7f
user7	692	539	1271888110338	0	0	258c0d26ccd0f08332cf737d8f7f
user7	685	542	1271888110352	0	0	258c0d26ccd0f08332cf737d8f7f
user7	673	548	1271888110365	0	0	258c0d26ccd0f08332cf737d8f7f
user7	653	556	1271888110373	0	0	258c0d26ccd0f08332cf737d8f7f
user7	623	566	1271888110387	0	0	258c0d26ccd0f08332cf737d8f7f
user7	579	579	1271888110396	0	0	258c0d26ccd0f08332cf737d8f7f
user7	541	594	1271888110407	0	0	258c0d26ccd0f08332cf737d8f7f
user7	505	604	1271888110419	0	0	258c0d26ccd0f08332cf737d8f7f
user7	477	614	1271888110429	0	0	258c0d26ccd0f08332cf737d8f7f
user7	442	625	1271888110442	0	0	258c0d26ccd0f08332cf737d8f7f
user7	431	629	1271888110450	0	0	258c0d26ccd0f08332cf737d8f7f
user7	425	630	1271888110464	0	0	258c0d26ccd0f08332cf737d8f7f
user7	424	630	1271888110476	0	0	258c0d26ccd0f08332cf737d8f7f
user7	426	629	1271888111839	0	0	258c0d26ccd0f08332cf737d8f7f
user7	432	626	1271888111855	0	0	258c0d26ccd0f08332cf737d8f7f
user7	457	615	1271888111874	0	0	258c0d26ccd0f08332cf737d8f7f
user7	503	595	1271888111894	0	0	258c0d26ccd0f08332cf737d8f7f
user7	534	581	1271888111911	0	0	258c0d26ccd0f08332cf737d8f7f
user7	560	568	1271888111913	0	0	258c0d26ccd0f08332cf737d8f7f
user7	586	557	1271888111927	0	0	258c0d26ccd0f08332cf737d8f7f
user7	606	550	1271888111935	0	0	258c0d26ccd0f08332cf737d8f7f
user7	631	540	1271888111948	0	0	258c0d26ccd0f08332cf737d8f7f
user7	643	534	1271888111957	0	0	258c0d26ccd0f08332cf737d8f7f
user7	653	530	1271888111968	0	0	258c0d26ccd0f08332cf737d8f7f
user7	660	528	1271888111980	0	0	258c0d26ccd0f08332cf737d8f7f
user7	666	526	1271888111990	0	0	258c0d26ccd0f08332cf737d8f7f
user7	667	526	1271888112003	0	0	258c0d26ccd0f08332cf737d8f7f
user7	668	526	1271888112281	0	0	258c0d26ccd0f08332cf737d8f7f
user7	670	526	1271888112292	0	0	258c0d26ccd0f08332cf737d8f7f
user7	678	526	1271888112307	0	0	258c0d26ccd0f08332cf737d8f7f
user7	688	526	1271888112316	0	0	258c0d26ccd0f08332cf737d8f7f
user7	708	518	1271888112329	0	0	258c0d26ccd0f08332cf737d8f7f
user7	744	506	1271888112339	0	0	258c0d26ccd0f08332cf737d8f7f
user7	796	488	1271888112351	0	0	258c0d26ccd0f08332cf737d8f7f
user7	852	474	1271888112364	0	0	258c0d26ccd0f08332cf737d8f7f
user7	909	462	1271888112372	0	0	258c0d26ccd0f08332cf737d8f7f
user7	959	456	1271888112385	0	0	258c0d26ccd0f08332cf737d8f7f
user7	1027	447	1271888112396	0	0	258c0d26ccd0f08332cf737d8f7f
user7	1058	437	1271888112407	0	0	258c0d26ccd0f08332cf737d8f7f
user7	1077	432	1271888112420	0	0	258c0d26ccd0f08332cf737d8f7f
user7	1080	432	1271888112653	0	0	258c0d26ccd0f08332cf737d8f7f
user7	1088	432	1271888112666	0	0	258c0d26ccd0f08332cf737d8f7f
user7	1104	432	1271888112679	0	0	258c0d26ccd0f08332cf737d8f7f
user7	1131	432	1271888112689	0	0	258c0d26ccd0f08332cf737d8f7f
user7	1168	428	1271888112702	0	0	258c0d26ccd0f08332cf737d8f7f
user7	1220	423	1271888112711	0	0	258c0d26ccd0f08332cf737d8f7f
user7	1273	417	1271888112724	0	0	258c0d26ccd0f08332cf737d8f7f
user7	1325	411	1271888112733	0	0	258c0d26ccd0f08332cf737d8f7f
user7	1362	407	1271888112745	0	0	258c0d26ccd0f08332cf737d8f7f
user7	1402	407	1271888112757	0	0	258c0d26ccd0f08332cf737d8f7f
user7	1412	407	1271888112766	0	0	258c0d26ccd0f08332cf737d8f7f
user7	1413	407	1271888113062	0	0	258c0d26ccd0f08332cf737d8f7f
user7	1414	405	1271888113072	0	0	258c0d26ccd0f08332cf737d8f7f
user7	1419	403	1271888113086	0	0	258c0d26ccd0f08332cf737d8f7f
user7	1424	398	1271888113097	0	0	258c0d26ccd0f08332cf737d8f7f
user7	1431	390	1271888113110	0	0	258c0d26ccd0f08332cf737d8f7f
user7	1435	364	1271888113277	0	0	258c0d26ccd0f08332cf737d8f7f
user7	1434	364	1271888113297	0	0	258c0d26ccd0f08332cf737d8f7f
user7	1433	364	1271888113369	0	0	258c0d26ccd0f08332cf737d8f7f
user7	1433	365	1271888113381	0	0	258c0d26ccd0f08332cf737d8f7f
user7	1433	366	1271888113396	0	0	258c0d26ccd0f08332cf737d8f7f
user7	1432	367	1271888113408	0	0	258c0d26ccd0f08332cf737d8f7f
user7	1432	370	1271888113417	0	0	258c0d26ccd0f08332cf737d8f7f
user7	1432	371	1271888113431	0	0	258c0d26ccd0f08332cf737d8f7f
user7	1432	372	1271888113448	0	0	258c0d26ccd0f08332cf737d8f7f
user7	1432	373	1271888113479	0	0	258c0d26ccd0f08332cf737d8f7f
user7	1431	373	1271888113489	0	0	258c0d26ccd0f08332cf737d8f7f
user7	1431	374	1271888113503	0	0	258c0d26ccd0f08332cf737d8f7f
user7	1431	375	1271888113522	0	0	258c0d26ccd0f08332cf737d8f7f
user7	1416	114	1271888114265	0	0	258c0d26ccd0f08332cf737d8f7f
user7	1413	114	1271888114383	0	0	258c0d26ccd0f08332cf737d8f7f
user7	1398	114	1271888114394	0	0	258c0d26ccd0f08332cf737d8f7f
user7	1368	114	1271888114411	0	0	258c0d26ccd0f08332cf737d8f7f
user7	1319	114	1271888114413	0	0	258c0d26ccd0f08332cf737d8f7f
user7	1260	114	1271888114429	0	0	258c0d26ccd0f08332cf737d8f7f
user7	1206	114	1271888114441	0	0	258c0d26ccd0f08332cf737d8f7f
user7	1150	126	1271888114446	0	0	258c0d26ccd0f08332cf737d8f7f
user7	1106	141	1271888114457	0	0	258c0d26ccd0f08332cf737d8f7f
user7	1075	153	1271888114474	0	0	258c0d26ccd0f08332cf737d8f7f
user7	1062	160	1271888114477	0	0	258c0d26ccd0f08332cf737d8f7f
user7	1054	161	1271888114674	0	0	258c0d26ccd0f08332cf737d8f7f
user7	1035	163	1271888114683	0	0	258c0d26ccd0f08332cf737d8f7f
user7	1001	170	1271888114693	0	0	258c0d26ccd0f08332cf737d8f7f
user7	960	181	1271888114708	0	0	258c0d26ccd0f08332cf737d8f7f
user7	915	192	1271888114722	0	0	258c0d26ccd0f08332cf737d8f7f
user7	877	201	1271888114731	0	0	258c0d26ccd0f08332cf737d8f7f
user7	850	208	1271888114737	0	0	258c0d26ccd0f08332cf737d8f7f
user7	837	211	1271888114745	0	0	258c0d26ccd0f08332cf737d8f7f
user7	833	211	1271888114941	0	0	258c0d26ccd0f08332cf737d8f7f
user7	823	209	1271888114952	0	0	258c0d26ccd0f08332cf737d8f7f
user7	812	204	1271888114962	0	0	258c0d26ccd0f08332cf737d8f7f
user7	800	198	1271888114975	0	0	258c0d26ccd0f08332cf737d8f7f
user7	787	191	1271888114989	0	0	258c0d26ccd0f08332cf737d8f7f
user7	771	182	1271888115002	0	0	258c0d26ccd0f08332cf737d8f7f
user7	761	175	1271888115009	0	0	258c0d26ccd0f08332cf737d8f7f
user7	753	170	1271888115018	0	0	258c0d26ccd0f08332cf737d8f7f
user7	748	166	1271888115030	0	0	258c0d26ccd0f08332cf737d8f7f
user7	745	165	1271888115042	0	0	258c0d26ccd0f08332cf737d8f7f
user7	743	163	1271888115052	0	0	258c0d26ccd0f08332cf737d8f7f
user7	742	162	1271888115066	0	0	258c0d26ccd0f08332cf737d8f7f
user7	741	162	1271888115074	0	0	258c0d26ccd0f08332cf737d8f7f
user7	741	161	1271888115092	0	0	258c0d26ccd0f08332cf737d8f7f
user7	741	162	1271888115313	0	0	258c0d26ccd0f08332cf737d8f7f
user7	741	166	1271888115322	0	0	258c0d26ccd0f08332cf737d8f7f
user7	741	169	1271888115335	0	0	258c0d26ccd0f08332cf737d8f7f
user7	743	172	1271888115348	0	0	258c0d26ccd0f08332cf737d8f7f
user7	744	174	1271888115357	0	0	258c0d26ccd0f08332cf737d8f7f
user7	745	177	1271888115371	0	0	258c0d26ccd0f08332cf737d8f7f
user7	746	177	1271888115381	0	0	258c0d26ccd0f08332cf737d8f7f
user7	746	178	1271888115397	0	0	258c0d26ccd0f08332cf737d8f7f
user7	746	178	1271888115592	1271888115491	1271888115592	258c0d26ccd0f08332cf737d8f7f
user7	746	178	1271888122296	0	0	258c0d26ccd0f08332cf737d8f7f
user7	746	178	1271888122642	0	0	258c0d26ccd0f08332cf737d8f7f
user7	744	177	1271888139673	0	0	258c0d26ccd0f08332cf737d8f7f
user7	739	174	1271888139684	0	0	258c0d26ccd0f08332cf737d8f7f
user7	732	170	1271888139695	0	0	258c0d26ccd0f08332cf737d8f7f
user7	723	164	1271888139706	0	0	258c0d26ccd0f08332cf737d8f7f
user7	714	153	1271888139720	0	0	258c0d26ccd0f08332cf737d8f7f
user7	702	141	1271888139731	0	0	258c0d26ccd0f08332cf737d8f7f
user7	693	130	1271888139735	0	0	258c0d26ccd0f08332cf737d8f7f
user7	681	111	1271888139748	0	0	258c0d26ccd0f08332cf737d8f7f
user7	675	96	1271888139762	0	0	258c0d26ccd0f08332cf737d8f7f
user7	666	76	1271888139778	0	0	258c0d26ccd0f08332cf737d8f7f
user7	662	66	1271888139782	0	0	258c0d26ccd0f08332cf737d8f7f
user7	659	58	1271888139800	0	0	258c0d26ccd0f08332cf737d8f7f
user7	657	52	1271888139802	0	0	258c0d26ccd0f08332cf737d8f7f
user7	656	46	1271888139814	0	0	258c0d26ccd0f08332cf737d8f7f
user7	655	44	1271888139824	0	0	258c0d26ccd0f08332cf737d8f7f
user7	654	43	1271888139833	0	0	258c0d26ccd0f08332cf737d8f7f
user7	653	42	1271888139851	0	0	258c0d26ccd0f08332cf737d8f7f
user7	653	41	1271888139902	0	0	258c0d26ccd0f08332cf737d8f7f
user7	653	41	1271888140384	1271888140284	1271888140384	258c0d26ccd0f08332cf737d8f7f
user7	378	434	1271888144422	0	0	258c0d26ccd0f08332cf737d8f7f
user7	378	434	1271888144917	0	0	258c0d26ccd0f08332cf737d8f7f
user7	377	436	1271888154721	0	0	258c0d26ccd0f08332cf737d8f7f
user7	374	443	1271888154733	0	0	258c0d26ccd0f08332cf737d8f7f
user7	367	453	1271888154744	0	0	258c0d26ccd0f08332cf737d8f7f
user7	356	473	1271888154755	0	0	258c0d26ccd0f08332cf737d8f7f
user7	340	505	1271888154767	0	0	258c0d26ccd0f08332cf737d8f7f
user7	323	547	1271888154778	0	0	258c0d26ccd0f08332cf737d8f7f
user7	310	593	1271888154789	0	0	258c0d26ccd0f08332cf737d8f7f
user7	296	641	1271888154801	0	0	258c0d26ccd0f08332cf737d8f7f
user7	288	674	1271888154809	0	0	258c0d26ccd0f08332cf737d8f7f
user7	277	706	1271888154822	0	0	258c0d26ccd0f08332cf737d8f7f
user7	275	716	1271888154835	0	0	258c0d26ccd0f08332cf737d8f7f
user7	273	722	1271888154844	0	0	258c0d26ccd0f08332cf737d8f7f
user7	272	724	1271888154855	0	0	258c0d26ccd0f08332cf737d8f7f
user7	272	726	1271888154864	0	0	258c0d26ccd0f08332cf737d8f7f
user7	156	701	1271888188889	0	0	258c0d26ccd0f08332cf737d8f7f
user7	140	672	1271888188906	0	0	258c0d26ccd0f08332cf737d8f7f
user7	126	636	1271888188922	0	0	258c0d26ccd0f08332cf737d8f7f
user7	115	603	1271888188925	0	0	258c0d26ccd0f08332cf737d8f7f
user7	104	560	1271888188941	0	0	258c0d26ccd0f08332cf737d8f7f
user7	102	544	1271888188943	0	0	258c0d26ccd0f08332cf737d8f7f
user7	102	534	1271888188960	0	0	258c0d26ccd0f08332cf737d8f7f
user7	102	528	1271888188975	0	0	258c0d26ccd0f08332cf737d8f7f
user7	106	526	1271888189407	0	0	258c0d26ccd0f08332cf737d8f7f
user7	112	520	1271888189418	0	0	258c0d26ccd0f08332cf737d8f7f
user7	124	511	1271888189431	0	0	258c0d26ccd0f08332cf737d8f7f
user7	138	499	1271888189440	0	0	258c0d26ccd0f08332cf737d8f7f
user7	163	479	1271888189452	0	0	258c0d26ccd0f08332cf737d8f7f
user7	193	457	1271888189465	0	0	258c0d26ccd0f08332cf737d8f7f
user7	231	435	1271888189476	0	0	258c0d26ccd0f08332cf737d8f7f
user7	265	421	1271888189489	0	0	258c0d26ccd0f08332cf737d8f7f
user7	330	397	1271888189503	0	0	258c0d26ccd0f08332cf737d8f7f
user7	374	382	1271888189514	0	0	258c0d26ccd0f08332cf737d8f7f
user7	411	373	1271888189525	0	0	258c0d26ccd0f08332cf737d8f7f
user7	440	368	1271888189535	0	0	258c0d26ccd0f08332cf737d8f7f
user7	459	368	1271888189546	0	0	258c0d26ccd0f08332cf737d8f7f
user7	461	368	1271888191529	0	0	258c0d26ccd0f08332cf737d8f7f
user7	469	368	1271888191541	0	0	258c0d26ccd0f08332cf737d8f7f
user7	480	372	1271888191551	0	0	258c0d26ccd0f08332cf737d8f7f
user7	492	374	1271888191564	0	0	258c0d26ccd0f08332cf737d8f7f
user7	509	376	1271888191578	0	0	258c0d26ccd0f08332cf737d8f7f
user7	527	379	1271888191591	0	0	258c0d26ccd0f08332cf737d8f7f
user7	542	381	1271888191603	0	0	258c0d26ccd0f08332cf737d8f7f
user7	557	382	1271888191617	0	0	258c0d26ccd0f08332cf737d8f7f
user7	569	383	1271888191620	0	0	258c0d26ccd0f08332cf737d8f7f
user7	585	385	1271888191634	0	0	258c0d26ccd0f08332cf737d8f7f
user7	588	385	1271888191647	0	0	258c0d26ccd0f08332cf737d8f7f
user7	588	383	1271888191930	0	0	258c0d26ccd0f08332cf737d8f7f
user7	590	376	1271888191941	0	0	258c0d26ccd0f08332cf737d8f7f
user7	593	365	1271888191952	0	0	258c0d26ccd0f08332cf737d8f7f
user7	600	349	1271888191964	0	0	258c0d26ccd0f08332cf737d8f7f
user7	608	329	1271888191979	0	0	258c0d26ccd0f08332cf737d8f7f
user7	618	303	1271888191981	0	0	258c0d26ccd0f08332cf737d8f7f
user7	627	278	1271888191994	0	0	258c0d26ccd0f08332cf737d8f7f
user7	636	255	1271888192005	0	0	258c0d26ccd0f08332cf737d8f7f
user7	642	243	1271888192019	0	0	258c0d26ccd0f08332cf737d8f7f
user7	651	228	1271888192035	0	0	258c0d26ccd0f08332cf737d8f7f
user7	653	224	1271888192039	0	0	258c0d26ccd0f08332cf737d8f7f
user7	656	220	1271888192052	0	0	258c0d26ccd0f08332cf737d8f7f
user7	657	220	1271888192066	0	0	258c0d26ccd0f08332cf737d8f7f
user7	657	219	1271888192429	0	0	258c0d26ccd0f08332cf737d8f7f
user7	656	218	1271888192443	0	0	258c0d26ccd0f08332cf737d8f7f
user7	648	211	1271888192461	0	0	258c0d26ccd0f08332cf737d8f7f
user7	640	203	1271888192479	0	0	258c0d26ccd0f08332cf737d8f7f
user7	632	190	1271888192497	0	0	258c0d26ccd0f08332cf737d8f7f
user7	621	173	1271888192501	0	0	258c0d26ccd0f08332cf737d8f7f
user7	610	157	1271888192518	0	0	258c0d26ccd0f08332cf737d8f7f
user7	598	140	1271888192522	0	0	258c0d26ccd0f08332cf737d8f7f
user7	579	115	1271888192540	0	0	258c0d26ccd0f08332cf737d8f7f
user7	574	104	1271888192545	0	0	258c0d26ccd0f08332cf737d8f7f
user7	570	99	1271888192562	0	0	258c0d26ccd0f08332cf737d8f7f
user7	567	97	1271888192581	0	0	258c0d26ccd0f08332cf737d8f7f
user7	567	96	1271888192818	0	0	258c0d26ccd0f08332cf737d8f7f
user7	567	94	1271888192827	0	0	258c0d26ccd0f08332cf737d8f7f
user7	567	88	1271888192835	0	0	258c0d26ccd0f08332cf737d8f7f
user7	568	80	1271888192846	0	0	258c0d26ccd0f08332cf737d8f7f
user7	569	70	1271888192856	0	0	258c0d26ccd0f08332cf737d8f7f
user7	571	58	1271888192866	0	0	258c0d26ccd0f08332cf737d8f7f
user7	572	49	1271888192880	0	0	258c0d26ccd0f08332cf737d8f7f
user7	572	45	1271888192890	0	0	258c0d26ccd0f08332cf737d8f7f
user7	572	42	1271888192900	0	0	258c0d26ccd0f08332cf737d8f7f
user7	572	41	1271888192920	0	0	258c0d26ccd0f08332cf737d8f7f
user7	572	41	1271888193270	1271888193170	1271888193270	258c0d26ccd0f08332cf737d8f7f
user7	572	443	1271888196629	0	0	258c0d26ccd0f08332cf737d8f7f
user7	572	442	1271888197510	0	0	258c0d26ccd0f08332cf737d8f7f
user7	575	439	1271888197520	0	0	258c0d26ccd0f08332cf737d8f7f
user7	582	433	1271888197530	0	0	258c0d26ccd0f08332cf737d8f7f
user7	591	421	1271888197542	0	0	258c0d26ccd0f08332cf737d8f7f
user7	603	404	1271888197556	0	0	258c0d26ccd0f08332cf737d8f7f
user7	624	377	1271888197565	0	0	258c0d26ccd0f08332cf737d8f7f
user7	644	351	1271888197577	0	0	258c0d26ccd0f08332cf737d8f7f
user7	663	331	1271888197580	0	0	258c0d26ccd0f08332cf737d8f7f
user7	683	308	1271888197595	0	0	258c0d26ccd0f08332cf737d8f7f
user7	711	275	1271888197604	0	0	258c0d26ccd0f08332cf737d8f7f
user7	723	260	1271888197616	0	0	258c0d26ccd0f08332cf737d8f7f
user7	734	248	1271888197629	0	0	258c0d26ccd0f08332cf737d8f7f
user7	741	240	1271888197638	0	0	258c0d26ccd0f08332cf737d8f7f
user7	745	237	1271888197651	0	0	258c0d26ccd0f08332cf737d8f7f
user7	747	235	1271888197664	0	0	258c0d26ccd0f08332cf737d8f7f
user7	748	235	1271888197675	0	0	258c0d26ccd0f08332cf737d8f7f
user7	748	234	1271888197743	0	0	258c0d26ccd0f08332cf737d8f7f
user7	748	232	1271888197754	0	0	258c0d26ccd0f08332cf737d8f7f
user7	748	230	1271888197766	0	0	258c0d26ccd0f08332cf737d8f7f
user7	748	225	1271888197778	0	0	258c0d26ccd0f08332cf737d8f7f
user7	748	217	1271888197791	0	0	258c0d26ccd0f08332cf737d8f7f
user7	749	207	1271888197800	0	0	258c0d26ccd0f08332cf737d8f7f
user7	752	195	1271888197812	0	0	258c0d26ccd0f08332cf737d8f7f
user7	755	180	1271888197825	0	0	258c0d26ccd0f08332cf737d8f7f
user7	757	168	1271888197841	0	0	258c0d26ccd0f08332cf737d8f7f
user7	760	158	1271888197851	0	0	258c0d26ccd0f08332cf737d8f7f
user7	762	152	1271888197863	0	0	258c0d26ccd0f08332cf737d8f7f
user7	764	149	1271888197874	0	0	258c0d26ccd0f08332cf737d8f7f
user7	765	148	1271888197886	0	0	258c0d26ccd0f08332cf737d8f7f
user7	766	148	1271888197918	0	0	258c0d26ccd0f08332cf737d8f7f
user7	766	149	1271888198059	0	0	258c0d26ccd0f08332cf737d8f7f
user7	766	151	1271888198070	0	0	258c0d26ccd0f08332cf737d8f7f
user7	766	154	1271888198082	0	0	258c0d26ccd0f08332cf737d8f7f
user7	765	157	1271888198091	0	0	258c0d26ccd0f08332cf737d8f7f
user7	764	160	1271888198104	0	0	258c0d26ccd0f08332cf737d8f7f
user7	763	162	1271888198117	0	0	258c0d26ccd0f08332cf737d8f7f
user7	763	164	1271888198125	0	0	258c0d26ccd0f08332cf737d8f7f
user7	763	165	1271888198139	0	0	258c0d26ccd0f08332cf737d8f7f
user7	763	166	1271888198149	0	0	258c0d26ccd0f08332cf737d8f7f
user7	763	167	1271888198162	0	0	258c0d26ccd0f08332cf737d8f7f
user7	763	167	1271888198507	1271888198407	1271888198507	258c0d26ccd0f08332cf737d8f7f
user7	763	167	1271888200516	0	0	258c0d26ccd0f08332cf737d8f7f
user7	763	167	1271888204007	1271888203906	1271888204007	258c0d26ccd0f08332cf737d8f7f
user7	763	167	1271888204237	0	0	258c0d26ccd0f08332cf737d8f7f
user7	763	167	1271888204474	0	0	258c0d26ccd0f08332cf737d8f7f
user7	763	167	1271888204975	0	0	258c0d26ccd0f08332cf737d8f7f
user7	763	167	1271888208669	1271888208568	1271888208669	258c0d26ccd0f08332cf737d8f7f
user7	763	167	1271888209158	0	0	258c0d26ccd0f08332cf737d8f7f
user7	763	167	1271888209657	0	0	258c0d26ccd0f08332cf737d8f7f
user7	761	167	1271888211870	0	0	258c0d26ccd0f08332cf737d8f7f
user7	756	172	1271888211886	0	0	258c0d26ccd0f08332cf737d8f7f
user7	728	210	1271888211906	0	0	258c0d26ccd0f08332cf737d8f7f
user7	703	253	1271888211923	0	0	258c0d26ccd0f08332cf737d8f7f
user7	672	311	1271888211936	0	0	258c0d26ccd0f08332cf737d8f7f
user7	639	385	1271888211939	0	0	258c0d26ccd0f08332cf737d8f7f
user7	611	456	1271888211949	0	0	258c0d26ccd0f08332cf737d8f7f
user7	591	514	1271888211963	0	0	258c0d26ccd0f08332cf737d8f7f
user7	577	542	1271888211977	0	0	258c0d26ccd0f08332cf737d8f7f
user7	569	560	1271888211989	0	0	258c0d26ccd0f08332cf737d8f7f
user7	567	566	1271888212001	0	0	258c0d26ccd0f08332cf737d8f7f
user7	566	566	1271888212251	0	0	258c0d26ccd0f08332cf737d8f7f
user7	565	568	1271888212260	0	0	258c0d26ccd0f08332cf737d8f7f
user7	563	570	1271888212274	0	0	258c0d26ccd0f08332cf737d8f7f
user7	558	575	1271888212283	0	0	258c0d26ccd0f08332cf737d8f7f
user7	553	580	1271888212296	0	0	258c0d26ccd0f08332cf737d8f7f
user7	547	585	1271888212307	0	0	258c0d26ccd0f08332cf737d8f7f
user7	541	588	1271888212319	0	0	258c0d26ccd0f08332cf737d8f7f
user7	535	591	1271888212321	0	0	258c0d26ccd0f08332cf737d8f7f
user7	532	592	1271888212334	0	0	258c0d26ccd0f08332cf737d8f7f
user7	530	593	1271888212348	0	0	258c0d26ccd0f08332cf737d8f7f
user7	527	593	1271888212357	0	0	258c0d26ccd0f08332cf737d8f7f
user7	525	593	1271888212371	0	0	258c0d26ccd0f08332cf737d8f7f
user7	524	593	1271888212387	0	0	258c0d26ccd0f08332cf737d8f7f
user7	523	593	1271888212410	0	0	258c0d26ccd0f08332cf737d8f7f
user7	522	593	1271888212460	0	0	258c0d26ccd0f08332cf737d8f7f
user7	522	594	1271888212510	0	0	258c0d26ccd0f08332cf737d8f7f
user7	522	594	1271888212852	1271888212752	1271888212852	258c0d26ccd0f08332cf737d8f7f
user7	523	594	1271888249452	0	0	258c0d26ccd0f08332cf737d8f7f
user7	525	594	1271888249470	0	0	258c0d26ccd0f08332cf737d8f7f
user7	531	594	1271888249473	0	0	258c0d26ccd0f08332cf737d8f7f
user7	539	594	1271888249490	0	0	258c0d26ccd0f08332cf737d8f7f
user7	551	594	1271888249493	0	0	258c0d26ccd0f08332cf737d8f7f
user7	576	598	1271888249512	0	0	258c0d26ccd0f08332cf737d8f7f
user7	590	603	1271888249526	0	0	258c0d26ccd0f08332cf737d8f7f
user7	604	608	1271888249535	0	0	258c0d26ccd0f08332cf737d8f7f
user7	615	612	1271888249549	0	0	258c0d26ccd0f08332cf737d8f7f
user7	633	618	1271888249562	0	0	258c0d26ccd0f08332cf737d8f7f
user7	642	622	1271888249573	0	0	258c0d26ccd0f08332cf737d8f7f
user7	655	627	1271888249587	0	0	258c0d26ccd0f08332cf737d8f7f
user7	659	629	1271888249603	0	0	258c0d26ccd0f08332cf737d8f7f
user7	662	631	1271888249616	0	0	258c0d26ccd0f08332cf737d8f7f
user7	664	632	1271888249619	0	0	258c0d26ccd0f08332cf737d8f7f
user7	665	633	1271888249628	0	0	258c0d26ccd0f08332cf737d8f7f
user7	665	634	1271888249660	0	0	258c0d26ccd0f08332cf737d8f7f
user7	665	632	1271888249875	0	0	258c0d26ccd0f08332cf737d8f7f
user7	665	629	1271888249886	0	0	258c0d26ccd0f08332cf737d8f7f
user7	665	627	1271888249896	0	0	258c0d26ccd0f08332cf737d8f7f
user7	665	624	1271888249910	0	0	258c0d26ccd0f08332cf737d8f7f
user7	666	622	1271888249924	0	0	258c0d26ccd0f08332cf737d8f7f
user7	666	620	1271888249934	0	0	258c0d26ccd0f08332cf737d8f7f
user7	667	618	1271888249949	0	0	258c0d26ccd0f08332cf737d8f7f
user7	667	617	1271888250045	0	0	258c0d26ccd0f08332cf737d8f7f
user7	668	616	1271888250055	0	0	258c0d26ccd0f08332cf737d8f7f
user7	665	616	1271888253957	0	0	258c0d26ccd0f08332cf737d8f7f
user7	655	616	1271888253972	0	0	258c0d26ccd0f08332cf737d8f7f
user7	595	628	1271888253991	0	0	258c0d26ccd0f08332cf737d8f7f
user7	546	641	1271888254010	0	0	258c0d26ccd0f08332cf737d8f7f
user7	486	660	1271888254018	0	0	258c0d26ccd0f08332cf737d8f7f
user7	370	712	1271888254037	0	0	258c0d26ccd0f08332cf737d8f7f
user7	311	712	1271888254598	0	0	258c0d26ccd0f08332cf737d8f7f
user7	346	688	1271888254615	0	0	258c0d26ccd0f08332cf737d8f7f
user7	422	635	1271888254629	0	0	258c0d26ccd0f08332cf737d8f7f
user7	441	623	1271888254639	0	0	258c0d26ccd0f08332cf737d8f7f
user7	452	617	1271888254652	0	0	258c0d26ccd0f08332cf737d8f7f
user7	463	613	1271888254667	0	0	258c0d26ccd0f08332cf737d8f7f
user7	474	612	1271888254677	0	0	258c0d26ccd0f08332cf737d8f7f
user7	479	611	1271888254690	0	0	258c0d26ccd0f08332cf737d8f7f
user7	485	611	1271888254704	0	0	258c0d26ccd0f08332cf737d8f7f
user7	487	611	1271888295738	0	0	258c0d26ccd0f08332cf737d8f7f
user7	494	611	1271888295751	0	0	258c0d26ccd0f08332cf737d8f7f
user7	507	614	1271888295768	0	0	258c0d26ccd0f08332cf737d8f7f
user7	522	617	1271888295770	0	0	258c0d26ccd0f08332cf737d8f7f
user7	537	620	1271888295786	0	0	258c0d26ccd0f08332cf737d8f7f
user7	553	622	1271888295798	0	0	258c0d26ccd0f08332cf737d8f7f
user7	563	623	1271888295803	0	0	258c0d26ccd0f08332cf737d8f7f
user7	570	623	1271888295815	0	0	258c0d26ccd0f08332cf737d8f7f
user7	576	623	1271888295831	0	0	258c0d26ccd0f08332cf737d8f7f
user7	580	623	1271888295833	0	0	258c0d26ccd0f08332cf737d8f7f
user7	582	623	1271888295849	0	0	258c0d26ccd0f08332cf737d8f7f
user7	585	623	1271888295866	0	0	258c0d26ccd0f08332cf737d8f7f
user7	586	623	1271888295886	0	0	258c0d26ccd0f08332cf737d8f7f
user7	587	623	1271888295933	0	0	258c0d26ccd0f08332cf737d8f7f
user7	591	622	1271888295946	0	0	258c0d26ccd0f08332cf737d8f7f
user7	594	620	1271888295960	0	0	258c0d26ccd0f08332cf737d8f7f
user7	601	619	1271888295978	0	0	258c0d26ccd0f08332cf737d8f7f
user7	609	617	1271888295980	0	0	258c0d26ccd0f08332cf737d8f7f
user7	618	616	1271888295996	0	0	258c0d26ccd0f08332cf737d8f7f
user7	633	614	1271888296013	0	0	258c0d26ccd0f08332cf737d8f7f
user7	636	612	1271888296030	0	0	258c0d26ccd0f08332cf737d8f7f
user7	639	612	1271888296032	0	0	258c0d26ccd0f08332cf737d8f7f
user7	640	612	1271888296046	0	0	258c0d26ccd0f08332cf737d8f7f
user7	641	612	1271888296056	0	0	258c0d26ccd0f08332cf737d8f7f
user7	642	612	1271888296071	0	0	258c0d26ccd0f08332cf737d8f7f
user7	642	611	1271888296074	0	0	258c0d26ccd0f08332cf737d8f7f
user7	642	612	1271888296331	0	0	258c0d26ccd0f08332cf737d8f7f
user7	642	613	1271888296361	0	0	258c0d26ccd0f08332cf737d8f7f
user7	642	613	1271888296606	1271888296566	1271888296606	258c0d26ccd0f08332cf737d8f7f
