User	X	Y	MouseTimeStamp	MouseDownTimeStamp	MouseUpTimeStamp	SessionID
user24	942	173	1272400820637	0	0	0ffa606a87ee504482c4a8a48b43
user24	596	6	1272400822429	0	0	0ffa606a87ee504482c4a8a48b43
user24	594	11	1272400822437	0	0	0ffa606a87ee504482c4a8a48b43
user24	594	16	1272400822444	0	0	0ffa606a87ee504482c4a8a48b43
user24	593	22	1272400822452	0	0	0ffa606a87ee504482c4a8a48b43
user24	593	28	1272400822461	0	0	0ffa606a87ee504482c4a8a48b43
user24	593	34	1272400822469	0	0	0ffa606a87ee504482c4a8a48b43
user24	594	42	1272400822477	0	0	0ffa606a87ee504482c4a8a48b43
user24	598	49	1272400822485	0	0	0ffa606a87ee504482c4a8a48b43
user24	603	55	1272400822493	0	0	0ffa606a87ee504482c4a8a48b43
user24	610	61	1272400822501	0	0	0ffa606a87ee504482c4a8a48b43
user24	618	66	1272400822510	0	0	0ffa606a87ee504482c4a8a48b43
user24	627	71	1272400822517	0	0	0ffa606a87ee504482c4a8a48b43
user24	637	77	1272400822525	0	0	0ffa606a87ee504482c4a8a48b43
user24	648	80	1272400822533	0	0	0ffa606a87ee504482c4a8a48b43
user24	658	85	1272400822541	0	0	0ffa606a87ee504482c4a8a48b43
user24	670	87	1272400822549	0	0	0ffa606a87ee504482c4a8a48b43
user24	909	185	1272400822819	0	0	0ffa606a87ee504482c4a8a48b43
user24	910	186	1272400822825	0	0	0ffa606a87ee504482c4a8a48b43
user24	912	186	1272400822826	0	0	0ffa606a87ee504482c4a8a48b43
user24	913	186	1272400822829	0	0	0ffa606a87ee504482c4a8a48b43
user24	914	186	1272400822837	0	0	0ffa606a87ee504482c4a8a48b43
user24	916	186	1272400822845	0	0	0ffa606a87ee504482c4a8a48b43
user24	918	186	1272400822853	0	0	0ffa606a87ee504482c4a8a48b43
user24	920	185	1272400822861	0	0	0ffa606a87ee504482c4a8a48b43
user24	923	182	1272400822871	0	0	0ffa606a87ee504482c4a8a48b43
user24	924	180	1272400822877	0	0	0ffa606a87ee504482c4a8a48b43
user24	926	178	1272400822885	0	0	0ffa606a87ee504482c4a8a48b43
user24	926	174	1272400822893	0	0	0ffa606a87ee504482c4a8a48b43
user24	928	172	1272400822904	0	0	0ffa606a87ee504482c4a8a48b43
user24	929	169	1272400822909	0	0	0ffa606a87ee504482c4a8a48b43
user24	930	167	1272400822919	0	0	0ffa606a87ee504482c4a8a48b43
user24	930	165	1272400822925	0	0	0ffa606a87ee504482c4a8a48b43
user24	930	164	1272400822933	0	0	0ffa606a87ee504482c4a8a48b43
user24	930	163	1272400822941	0	0	0ffa606a87ee504482c4a8a48b43
user24	930	161	1272400822949	0	0	0ffa606a87ee504482c4a8a48b43
user24	929	160	1272400822965	0	0	0ffa606a87ee504482c4a8a48b43
user24	928	160	1272400823101	0	0	0ffa606a87ee504482c4a8a48b43
user24	928	160	1272400823102	1272400822998	1272400823102	0ffa606a87ee504482c4a8a48b43
user24	928	160	1272400823261	1272400823173	1272400823261	0ffa606a87ee504482c4a8a48b43
user24	928	160	1272400823462	1272400823389	1272400823462	0ffa606a87ee504482c4a8a48b43
user24	927	162	1272400823478	0	0	0ffa606a87ee504482c4a8a48b43
user24	927	163	1272400823485	0	0	0ffa606a87ee504482c4a8a48b43
user24	925	164	1272400823493	0	0	0ffa606a87ee504482c4a8a48b43
user24	924	166	1272400823517	0	0	0ffa606a87ee504482c4a8a48b43
user24	923	168	1272400823525	0	0	0ffa606a87ee504482c4a8a48b43
user24	923	169	1272400823533	0	0	0ffa606a87ee504482c4a8a48b43
user24	923	170	1272400823541	0	0	0ffa606a87ee504482c4a8a48b43
user24	923	171	1272400823557	0	0	0ffa606a87ee504482c4a8a48b43
user24	923	171	1272400823701	1272400823605	1272400823701	0ffa606a87ee504482c4a8a48b43
user24	923	171	1272400823901	1272400823781	1272400823901	0ffa606a87ee504482c4a8a48b43
user24	923	173	1272400824237	0	0	0ffa606a87ee504482c4a8a48b43
user24	925	176	1272400824246	0	0	0ffa606a87ee504482c4a8a48b43
user24	925	179	1272400824253	0	0	0ffa606a87ee504482c4a8a48b43
user24	926	182	1272400824261	0	0	0ffa606a87ee504482c4a8a48b43
user24	927	184	1272400824269	0	0	0ffa606a87ee504482c4a8a48b43
user24	959	200	1272400824584	0	0	0ffa606a87ee504482c4a8a48b43
user24	961	200	1272400824589	0	0	0ffa606a87ee504482c4a8a48b43
user24	962	200	1272400824596	0	0	0ffa606a87ee504482c4a8a48b43
user24	964	200	1272400824605	0	0	0ffa606a87ee504482c4a8a48b43
user24	967	200	1272400824613	0	0	0ffa606a87ee504482c4a8a48b43
user24	971	200	1272400824621	0	0	0ffa606a87ee504482c4a8a48b43
user24	976	201	1272400824629	0	0	0ffa606a87ee504482c4a8a48b43
user24	982	202	1272400824637	0	0	0ffa606a87ee504482c4a8a48b43
user24	986	204	1272400824645	0	0	0ffa606a87ee504482c4a8a48b43
user24	992	205	1272400824652	0	0	0ffa606a87ee504482c4a8a48b43
user24	998	207	1272400824669	0	0	0ffa606a87ee504482c4a8a48b43
user24	1005	209	1272400824670	0	0	0ffa606a87ee504482c4a8a48b43
user24	1011	210	1272400824677	0	0	0ffa606a87ee504482c4a8a48b43
user24	1017	212	1272400824685	0	0	0ffa606a87ee504482c4a8a48b43
user24	1022	212	1272400824693	0	0	0ffa606a87ee504482c4a8a48b43
user24	1027	214	1272400824701	0	0	0ffa606a87ee504482c4a8a48b43
user24	1032	215	1272400824709	0	0	0ffa606a87ee504482c4a8a48b43
user24	1036	217	1272400824717	0	0	0ffa606a87ee504482c4a8a48b43
user24	1038	218	1272400824725	0	0	0ffa606a87ee504482c4a8a48b43
user24	1040	218	1272400824733	0	0	0ffa606a87ee504482c4a8a48b43
user24	1039	218	1272400824789	0	0	0ffa606a87ee504482c4a8a48b43
user24	1036	218	1272400824797	0	0	0ffa606a87ee504482c4a8a48b43
user24	1031	218	1272400824805	0	0	0ffa606a87ee504482c4a8a48b43
user24	1026	218	1272400824813	0	0	0ffa606a87ee504482c4a8a48b43
user24	1020	218	1272400824821	0	0	0ffa606a87ee504482c4a8a48b43
user24	1015	218	1272400824829	0	0	0ffa606a87ee504482c4a8a48b43
user24	1009	218	1272400824837	0	0	0ffa606a87ee504482c4a8a48b43
user24	1004	218	1272400824845	0	0	0ffa606a87ee504482c4a8a48b43
user24	998	218	1272400824854	0	0	0ffa606a87ee504482c4a8a48b43
user24	991	220	1272400824861	0	0	0ffa606a87ee504482c4a8a48b43
user24	984	222	1272400824869	0	0	0ffa606a87ee504482c4a8a48b43
user24	977	225	1272400824877	0	0	0ffa606a87ee504482c4a8a48b43
user24	969	228	1272400824887	0	0	0ffa606a87ee504482c4a8a48b43
user24	962	232	1272400824893	0	0	0ffa606a87ee504482c4a8a48b43
user24	956	235	1272400824901	0	0	0ffa606a87ee504482c4a8a48b43
user24	951	239	1272400824910	0	0	0ffa606a87ee504482c4a8a48b43
user24	946	243	1272400824917	0	0	0ffa606a87ee504482c4a8a48b43
user24	942	248	1272400824924	0	0	0ffa606a87ee504482c4a8a48b43
user24	939	251	1272400824932	0	0	0ffa606a87ee504482c4a8a48b43
user24	937	255	1272400824941	0	0	0ffa606a87ee504482c4a8a48b43
user24	935	258	1272400824948	0	0	0ffa606a87ee504482c4a8a48b43
user24	933	263	1272400824957	0	0	0ffa606a87ee504482c4a8a48b43
user24	931	267	1272400824965	0	0	0ffa606a87ee504482c4a8a48b43
user24	929	273	1272400824973	0	0	0ffa606a87ee504482c4a8a48b43
user24	928	279	1272400824981	0	0	0ffa606a87ee504482c4a8a48b43
user24	926	289	1272400824990	0	0	0ffa606a87ee504482c4a8a48b43
user24	926	297	1272400824997	0	0	0ffa606a87ee504482c4a8a48b43
user24	926	307	1272400825005	0	0	0ffa606a87ee504482c4a8a48b43
user24	926	315	1272400825013	0	0	0ffa606a87ee504482c4a8a48b43
user24	928	325	1272400825021	0	0	0ffa606a87ee504482c4a8a48b43
user24	933	334	1272400825029	0	0	0ffa606a87ee504482c4a8a48b43
user24	936	342	1272400825036	0	0	0ffa606a87ee504482c4a8a48b43
user24	941	348	1272400825045	0	0	0ffa606a87ee504482c4a8a48b43
user24	944	354	1272400825053	0	0	0ffa606a87ee504482c4a8a48b43
user24	948	361	1272400825061	0	0	0ffa606a87ee504482c4a8a48b43
user24	952	366	1272400825068	0	0	0ffa606a87ee504482c4a8a48b43
user24	955	368	1272400825077	0	0	0ffa606a87ee504482c4a8a48b43
user24	957	370	1272400825085	0	0	0ffa606a87ee504482c4a8a48b43
user24	959	373	1272400825093	0	0	0ffa606a87ee504482c4a8a48b43
user24	963	373	1272400825101	0	0	0ffa606a87ee504482c4a8a48b43
user24	965	374	1272400825109	0	0	0ffa606a87ee504482c4a8a48b43
user24	967	375	1272400825117	0	0	0ffa606a87ee504482c4a8a48b43
user24	969	375	1272400825124	0	0	0ffa606a87ee504482c4a8a48b43
user24	971	375	1272400825132	0	0	0ffa606a87ee504482c4a8a48b43
user24	975	374	1272400825141	0	0	0ffa606a87ee504482c4a8a48b43
user24	977	373	1272400825149	0	0	0ffa606a87ee504482c4a8a48b43
user24	979	370	1272400825156	0	0	0ffa606a87ee504482c4a8a48b43
user24	981	367	1272400825165	0	0	0ffa606a87ee504482c4a8a48b43
user24	983	364	1272400825173	0	0	0ffa606a87ee504482c4a8a48b43
user24	985	359	1272400825181	0	0	0ffa606a87ee504482c4a8a48b43
user24	985	356	1272400825189	0	0	0ffa606a87ee504482c4a8a48b43
user24	985	353	1272400825197	0	0	0ffa606a87ee504482c4a8a48b43
user24	985	351	1272400825205	0	0	0ffa606a87ee504482c4a8a48b43
user24	985	349	1272400825213	0	0	0ffa606a87ee504482c4a8a48b43
user24	985	346	1272400825221	0	0	0ffa606a87ee504482c4a8a48b43
user24	985	343	1272400825229	0	0	0ffa606a87ee504482c4a8a48b43
user24	985	341	1272400825237	0	0	0ffa606a87ee504482c4a8a48b43
user24	984	338	1272400825245	0	0	0ffa606a87ee504482c4a8a48b43
user24	983	335	1272400825252	0	0	0ffa606a87ee504482c4a8a48b43
user24	980	330	1272400825261	0	0	0ffa606a87ee504482c4a8a48b43
user24	978	325	1272400825269	0	0	0ffa606a87ee504482c4a8a48b43
user24	974	319	1272400825277	0	0	0ffa606a87ee504482c4a8a48b43
user24	971	313	1272400825289	0	0	0ffa606a87ee504482c4a8a48b43
user24	967	308	1272400825292	0	0	0ffa606a87ee504482c4a8a48b43
user24	964	304	1272400825301	0	0	0ffa606a87ee504482c4a8a48b43
user24	961	302	1272400825309	0	0	0ffa606a87ee504482c4a8a48b43
user24	960	300	1272400825318	0	0	0ffa606a87ee504482c4a8a48b43
user24	958	299	1272400825325	0	0	0ffa606a87ee504482c4a8a48b43
user24	957	298	1272400825332	0	0	0ffa606a87ee504482c4a8a48b43
user24	955	296	1272400825341	0	0	0ffa606a87ee504482c4a8a48b43
user24	954	295	1272400825349	0	0	0ffa606a87ee504482c4a8a48b43
user24	953	293	1272400825357	0	0	0ffa606a87ee504482c4a8a48b43
user24	953	291	1272400825372	0	0	0ffa606a87ee504482c4a8a48b43
user24	952	290	1272400825381	0	0	0ffa606a87ee504482c4a8a48b43
user24	951	289	1272400825389	0	0	0ffa606a87ee504482c4a8a48b43
user24	951	287	1272400825399	0	0	0ffa606a87ee504482c4a8a48b43
user24	951	286	1272400825405	0	0	0ffa606a87ee504482c4a8a48b43
user24	951	285	1272400825413	0	0	0ffa606a87ee504482c4a8a48b43
user24	951	284	1272400825541	0	0	0ffa606a87ee504482c4a8a48b43
user24	951	284	1272400825542	1272400825437	1272400825542	0ffa606a87ee504482c4a8a48b43
user24	404	72	1272400832624	0	0	0ffa606a87ee504482c4a8a48b43
user24	413	68	1272400832639	0	0	0ffa606a87ee504482c4a8a48b43
user24	423	64	1272400832658	0	0	0ffa606a87ee504482c4a8a48b43
user24	434	61	1272400832699	0	0	0ffa606a87ee504482c4a8a48b43
user24	438	59	1272400832735	0	0	0ffa606a87ee504482c4a8a48b43
user24	439	59	1272400832748	0	0	0ffa606a87ee504482c4a8a48b43
user24	438	58	1272400832796	0	0	0ffa606a87ee504482c4a8a48b43
user24	436	57	1272400832805	0	0	0ffa606a87ee504482c4a8a48b43
user24	434	57	1272400832812	0	0	0ffa606a87ee504482c4a8a48b43
user24	433	57	1272400832820	0	0	0ffa606a87ee504482c4a8a48b43
user24	431	57	1272400832828	0	0	0ffa606a87ee504482c4a8a48b43
user24	429	57	1272400832836	0	0	0ffa606a87ee504482c4a8a48b43
user24	428	57	1272400832844	0	0	0ffa606a87ee504482c4a8a48b43
user24	426	57	1272400832852	0	0	0ffa606a87ee504482c4a8a48b43
user24	425	56	1272400832860	0	0	0ffa606a87ee504482c4a8a48b43
user24	424	56	1272400832876	0	0	0ffa606a87ee504482c4a8a48b43
user24	425	55	1272400832965	0	0	0ffa606a87ee504482c4a8a48b43
user24	429	55	1272400832972	0	0	0ffa606a87ee504482c4a8a48b43
user24	434	55	1272400832980	0	0	0ffa606a87ee504482c4a8a48b43
user24	439	55	1272400832988	0	0	0ffa606a87ee504482c4a8a48b43
user24	446	56	1272400832996	0	0	0ffa606a87ee504482c4a8a48b43
user24	455	56	1272400833005	0	0	0ffa606a87ee504482c4a8a48b43
user24	474	58	1272400833022	0	0	0ffa606a87ee504482c4a8a48b43
user24	485	59	1272400833030	0	0	0ffa606a87ee504482c4a8a48b43
user24	497	61	1272400833036	0	0	0ffa606a87ee504482c4a8a48b43
user24	508	62	1272400833044	0	0	0ffa606a87ee504482c4a8a48b43
user24	519	63	1272400833054	0	0	0ffa606a87ee504482c4a8a48b43
user24	528	64	1272400833060	0	0	0ffa606a87ee504482c4a8a48b43
user24	537	65	1272400833068	0	0	0ffa606a87ee504482c4a8a48b43
user24	543	67	1272400833077	0	0	0ffa606a87ee504482c4a8a48b43
user24	549	69	1272400833085	0	0	0ffa606a87ee504482c4a8a48b43
user24	554	71	1272400833092	0	0	0ffa606a87ee504482c4a8a48b43
user24	556	71	1272400833101	0	0	0ffa606a87ee504482c4a8a48b43
user24	557	73	1272400833108	0	0	0ffa606a87ee504482c4a8a48b43
user24	558	73	1272400833116	0	0	0ffa606a87ee504482c4a8a48b43
user24	558	75	1272400833127	0	0	0ffa606a87ee504482c4a8a48b43
user24	558	76	1272400833132	0	0	0ffa606a87ee504482c4a8a48b43
user24	558	78	1272400833140	0	0	0ffa606a87ee504482c4a8a48b43
user24	558	81	1272400833148	0	0	0ffa606a87ee504482c4a8a48b43
user24	556	86	1272400833156	0	0	0ffa606a87ee504482c4a8a48b43
user24	553	92	1272400833164	0	0	0ffa606a87ee504482c4a8a48b43
user24	548	99	1272400833172	0	0	0ffa606a87ee504482c4a8a48b43
user24	544	108	1272400833182	0	0	0ffa606a87ee504482c4a8a48b43
user24	540	118	1272400833188	0	0	0ffa606a87ee504482c4a8a48b43
user24	535	128	1272400833196	0	0	0ffa606a87ee504482c4a8a48b43
user24	530	139	1272400833204	0	0	0ffa606a87ee504482c4a8a48b43
user24	525	149	1272400833212	0	0	0ffa606a87ee504482c4a8a48b43
user24	521	161	1272400833220	0	0	0ffa606a87ee504482c4a8a48b43
user24	517	171	1272400833228	0	0	0ffa606a87ee504482c4a8a48b43
user24	516	180	1272400833237	0	0	0ffa606a87ee504482c4a8a48b43
user24	516	189	1272400833245	0	0	0ffa606a87ee504482c4a8a48b43
user24	516	195	1272400833252	0	0	0ffa606a87ee504482c4a8a48b43
user24	517	201	1272400833260	0	0	0ffa606a87ee504482c4a8a48b43
user24	521	207	1272400833269	0	0	0ffa606a87ee504482c4a8a48b43
user24	526	212	1272400833276	0	0	0ffa606a87ee504482c4a8a48b43
user24	534	217	1272400833285	0	0	0ffa606a87ee504482c4a8a48b43
user24	540	220	1272400833292	0	0	0ffa606a87ee504482c4a8a48b43
user24	547	222	1272400833300	0	0	0ffa606a87ee504482c4a8a48b43
user24	554	223	1272400833308	0	0	0ffa606a87ee504482c4a8a48b43
user24	561	223	1272400833316	0	0	0ffa606a87ee504482c4a8a48b43
user24	568	223	1272400833324	0	0	0ffa606a87ee504482c4a8a48b43
user24	576	223	1272400833332	0	0	0ffa606a87ee504482c4a8a48b43
user24	583	222	1272400833347	0	0	0ffa606a87ee504482c4a8a48b43
user24	590	220	1272400833350	0	0	0ffa606a87ee504482c4a8a48b43
user24	422	207	1272400833611	0	0	0ffa606a87ee504482c4a8a48b43
user24	401	207	1272400833631	0	0	0ffa606a87ee504482c4a8a48b43
user24	397	207	1272400833639	0	0	0ffa606a87ee504482c4a8a48b43
user24	394	207	1272400833644	0	0	0ffa606a87ee504482c4a8a48b43
user24	392	207	1272400833652	0	0	0ffa606a87ee504482c4a8a48b43
user24	392	207	1272400833796	1272400833685	1272400833796	0ffa606a87ee504482c4a8a48b43
user24	396	207	1272400834029	0	0	0ffa606a87ee504482c4a8a48b43
user24	402	205	1272400834036	0	0	0ffa606a87ee504482c4a8a48b43
user24	407	203	1272400834044	0	0	0ffa606a87ee504482c4a8a48b43
user24	411	200	1272400834055	0	0	0ffa606a87ee504482c4a8a48b43
user24	414	196	1272400834060	0	0	0ffa606a87ee504482c4a8a48b43
user24	417	193	1272400834068	0	0	0ffa606a87ee504482c4a8a48b43
user24	421	186	1272400834076	0	0	0ffa606a87ee504482c4a8a48b43
user24	424	179	1272400834089	0	0	0ffa606a87ee504482c4a8a48b43
user24	427	172	1272400834092	0	0	0ffa606a87ee504482c4a8a48b43
user24	431	164	1272400834100	0	0	0ffa606a87ee504482c4a8a48b43
user24	434	157	1272400834108	0	0	0ffa606a87ee504482c4a8a48b43
user24	439	148	1272400834116	0	0	0ffa606a87ee504482c4a8a48b43
user24	442	140	1272400834124	0	0	0ffa606a87ee504482c4a8a48b43
user24	446	132	1272400834138	0	0	0ffa606a87ee504482c4a8a48b43
user24	449	125	1272400834141	0	0	0ffa606a87ee504482c4a8a48b43
user24	451	118	1272400834148	0	0	0ffa606a87ee504482c4a8a48b43
user24	453	112	1272400834156	0	0	0ffa606a87ee504482c4a8a48b43
user24	455	106	1272400834164	0	0	0ffa606a87ee504482c4a8a48b43
user24	456	102	1272400834172	0	0	0ffa606a87ee504482c4a8a48b43
user24	457	97	1272400834180	0	0	0ffa606a87ee504482c4a8a48b43
user24	458	94	1272400834188	0	0	0ffa606a87ee504482c4a8a48b43
user24	458	91	1272400834196	0	0	0ffa606a87ee504482c4a8a48b43
user24	458	88	1272400834204	0	0	0ffa606a87ee504482c4a8a48b43
user24	458	86	1272400834212	0	0	0ffa606a87ee504482c4a8a48b43
user24	458	84	1272400834220	0	0	0ffa606a87ee504482c4a8a48b43
user24	458	82	1272400834228	0	0	0ffa606a87ee504482c4a8a48b43
user24	457	81	1272400834237	0	0	0ffa606a87ee504482c4a8a48b43
user24	455	78	1272400834244	0	0	0ffa606a87ee504482c4a8a48b43
user24	454	77	1272400834252	0	0	0ffa606a87ee504482c4a8a48b43
user24	452	75	1272400834260	0	0	0ffa606a87ee504482c4a8a48b43
user24	451	75	1272400834274	0	0	0ffa606a87ee504482c4a8a48b43
user24	449	73	1272400834277	0	0	0ffa606a87ee504482c4a8a48b43
user24	448	73	1272400834284	0	0	0ffa606a87ee504482c4a8a48b43
user24	447	73	1272400834292	0	0	0ffa606a87ee504482c4a8a48b43
user24	446	72	1272400834300	0	0	0ffa606a87ee504482c4a8a48b43
user24	445	72	1272400834308	0	0	0ffa606a87ee504482c4a8a48b43
user24	444	71	1272400834318	0	0	0ffa606a87ee504482c4a8a48b43
user24	442	70	1272400834332	0	0	0ffa606a87ee504482c4a8a48b43
user24	439	69	1272400834340	0	0	0ffa606a87ee504482c4a8a48b43
user24	436	69	1272400834348	0	0	0ffa606a87ee504482c4a8a48b43
user24	434	67	1272400834357	0	0	0ffa606a87ee504482c4a8a48b43
user24	431	65	1272400834364	0	0	0ffa606a87ee504482c4a8a48b43
user24	427	65	1272400834372	0	0	0ffa606a87ee504482c4a8a48b43
user24	425	63	1272400834380	0	0	0ffa606a87ee504482c4a8a48b43
user24	424	62	1272400834388	0	0	0ffa606a87ee504482c4a8a48b43
user24	418	57	1272400834952	0	0	0ffa606a87ee504482c4a8a48b43
user24	418	57	1272400834963	1272400834954	1272400834963	0ffa606a87ee504482c4a8a48b43
user24	522	46	1272400839942	0	0	0ffa606a87ee504482c4a8a48b43
user24	517	45	1272400839958	0	0	0ffa606a87ee504482c4a8a48b43
user24	516	45	1272400839963	0	0	0ffa606a87ee504482c4a8a48b43
user24	514	45	1272400839964	0	0	0ffa606a87ee504482c4a8a48b43
user24	512	45	1272400839972	0	0	0ffa606a87ee504482c4a8a48b43
user24	509	45	1272400839980	0	0	0ffa606a87ee504482c4a8a48b43
user24	508	45	1272400839988	0	0	0ffa606a87ee504482c4a8a48b43
user24	506	45	1272400839996	0	0	0ffa606a87ee504482c4a8a48b43
user24	505	45	1272400840004	0	0	0ffa606a87ee504482c4a8a48b43
user24	504	45	1272400840020	0	0	0ffa606a87ee504482c4a8a48b43
user24	503	45	1272400840028	0	0	0ffa606a87ee504482c4a8a48b43
user24	502	45	1272400840036	0	0	0ffa606a87ee504482c4a8a48b43
user24	501	45	1272400840044	0	0	0ffa606a87ee504482c4a8a48b43
user24	499	45	1272400840052	0	0	0ffa606a87ee504482c4a8a48b43
user24	497	45	1272400840061	0	0	0ffa606a87ee504482c4a8a48b43
user24	495	45	1272400840068	0	0	0ffa606a87ee504482c4a8a48b43
user24	491	46	1272400840076	0	0	0ffa606a87ee504482c4a8a48b43
user24	489	46	1272400840084	0	0	0ffa606a87ee504482c4a8a48b43
user24	486	46	1272400840092	0	0	0ffa606a87ee504482c4a8a48b43
user24	484	46	1272400840100	0	0	0ffa606a87ee504482c4a8a48b43
user24	482	46	1272400840108	0	0	0ffa606a87ee504482c4a8a48b43
user24	480	46	1272400840116	0	0	0ffa606a87ee504482c4a8a48b43
user24	481	46	1272400840188	0	0	0ffa606a87ee504482c4a8a48b43
user24	483	46	1272400840204	0	0	0ffa606a87ee504482c4a8a48b43
user24	484	46	1272400840212	0	0	0ffa606a87ee504482c4a8a48b43
user24	486	46	1272400840220	0	0	0ffa606a87ee504482c4a8a48b43
user24	488	46	1272400840228	0	0	0ffa606a87ee504482c4a8a48b43
user24	490	46	1272400840236	0	0	0ffa606a87ee504482c4a8a48b43
user24	494	46	1272400840244	0	0	0ffa606a87ee504482c4a8a48b43
user24	496	47	1272400840252	0	0	0ffa606a87ee504482c4a8a48b43
user24	499	47	1272400840262	0	0	0ffa606a87ee504482c4a8a48b43
user24	501	48	1272400840268	0	0	0ffa606a87ee504482c4a8a48b43
user24	503	48	1272400840276	0	0	0ffa606a87ee504482c4a8a48b43
user24	505	48	1272400840285	0	0	0ffa606a87ee504482c4a8a48b43
user24	506	48	1272400840292	0	0	0ffa606a87ee504482c4a8a48b43
user24	507	48	1272400840300	0	0	0ffa606a87ee504482c4a8a48b43
user24	508	48	1272400840318	0	0	0ffa606a87ee504482c4a8a48b43
user24	508	48	1272400840476	1272400840373	1272400840476	0ffa606a87ee504482c4a8a48b43
user24	764	542	1272400954169	0	0	0ffa606a87ee504482c4a8a48b43
user24	764	535	1272400954177	0	0	0ffa606a87ee504482c4a8a48b43
user24	764	526	1272400954185	0	0	0ffa606a87ee504482c4a8a48b43
user24	763	514	1272400954193	0	0	0ffa606a87ee504482c4a8a48b43
user24	762	501	1272400954201	0	0	0ffa606a87ee504482c4a8a48b43
user24	762	488	1272400954211	0	0	0ffa606a87ee504482c4a8a48b43
user24	761	471	1272400954217	0	0	0ffa606a87ee504482c4a8a48b43
user24	761	451	1272400954225	0	0	0ffa606a87ee504482c4a8a48b43
user24	759	431	1272400954233	0	0	0ffa606a87ee504482c4a8a48b43
user24	758	413	1272400954241	0	0	0ffa606a87ee504482c4a8a48b43
user24	757	398	1272400954249	0	0	0ffa606a87ee504482c4a8a48b43
user24	756	383	1272400954257	0	0	0ffa606a87ee504482c4a8a48b43
user24	638	221	1272400954434	0	0	0ffa606a87ee504482c4a8a48b43
user24	631	219	1272400954441	0	0	0ffa606a87ee504482c4a8a48b43
user24	625	217	1272400954448	0	0	0ffa606a87ee504482c4a8a48b43
user24	619	216	1272400954457	0	0	0ffa606a87ee504482c4a8a48b43
user24	614	214	1272400954464	0	0	0ffa606a87ee504482c4a8a48b43
user24	610	214	1272400954472	0	0	0ffa606a87ee504482c4a8a48b43
user24	605	213	1272400954481	0	0	0ffa606a87ee504482c4a8a48b43
user24	602	212	1272400954489	0	0	0ffa606a87ee504482c4a8a48b43
user24	598	211	1272400954497	0	0	0ffa606a87ee504482c4a8a48b43
user24	595	210	1272400954505	0	0	0ffa606a87ee504482c4a8a48b43
user24	590	210	1272400954513	0	0	0ffa606a87ee504482c4a8a48b43
user24	586	209	1272400954521	0	0	0ffa606a87ee504482c4a8a48b43
user24	582	209	1272400954529	0	0	0ffa606a87ee504482c4a8a48b43
user24	577	209	1272400954537	0	0	0ffa606a87ee504482c4a8a48b43
user24	571	209	1272400954545	0	0	0ffa606a87ee504482c4a8a48b43
user24	564	209	1272400954553	0	0	0ffa606a87ee504482c4a8a48b43
user24	557	209	1272400954561	0	0	0ffa606a87ee504482c4a8a48b43
user24	548	210	1272400954569	0	0	0ffa606a87ee504482c4a8a48b43
user24	540	211	1272400954577	0	0	0ffa606a87ee504482c4a8a48b43
user24	532	211	1272400954585	0	0	0ffa606a87ee504482c4a8a48b43
user24	523	212	1272400954593	0	0	0ffa606a87ee504482c4a8a48b43
user24	516	213	1272400954601	0	0	0ffa606a87ee504482c4a8a48b43
user24	509	213	1272400954609	0	0	0ffa606a87ee504482c4a8a48b43
user24	502	214	1272400954616	0	0	0ffa606a87ee504482c4a8a48b43
user24	495	214	1272400954625	0	0	0ffa606a87ee504482c4a8a48b43
user24	488	215	1272400954633	0	0	0ffa606a87ee504482c4a8a48b43
user24	481	216	1272400954641	0	0	0ffa606a87ee504482c4a8a48b43
user24	474	217	1272400954649	0	0	0ffa606a87ee504482c4a8a48b43
user24	470	219	1272400954657	0	0	0ffa606a87ee504482c4a8a48b43
user24	464	220	1272400954665	0	0	0ffa606a87ee504482c4a8a48b43
user24	461	222	1272400954673	0	0	0ffa606a87ee504482c4a8a48b43
user24	457	223	1272400954681	0	0	0ffa606a87ee504482c4a8a48b43
user24	456	224	1272400954697	0	0	0ffa606a87ee504482c4a8a48b43
user24	455	225	1272400954705	0	0	0ffa606a87ee504482c4a8a48b43
user24	454	225	1272400954713	0	0	0ffa606a87ee504482c4a8a48b43
user24	452	227	1272400954729	0	0	0ffa606a87ee504482c4a8a48b43
user24	451	229	1272400954761	0	0	0ffa606a87ee504482c4a8a48b43
user24	451	229	1272400954985	1272400954810	1272400954985	0ffa606a87ee504482c4a8a48b43
user24	451	228	1272400955305	0	0	0ffa606a87ee504482c4a8a48b43
user24	451	227	1272400955313	0	0	0ffa606a87ee504482c4a8a48b43
user24	451	226	1272400955320	0	0	0ffa606a87ee504482c4a8a48b43
user24	451	224	1272400955337	0	0	0ffa606a87ee504482c4a8a48b43
user24	451	223	1272400955345	0	0	0ffa606a87ee504482c4a8a48b43
user24	451	222	1272400955353	0	0	0ffa606a87ee504482c4a8a48b43
user24	451	221	1272400955361	0	0	0ffa606a87ee504482c4a8a48b43
user24	451	220	1272400955497	0	0	0ffa606a87ee504482c4a8a48b43
user24	453	220	1272400955633	0	0	0ffa606a87ee504482c4a8a48b43
user24	454	220	1272400955640	0	0	0ffa606a87ee504482c4a8a48b43
user24	456	220	1272400955938	0	0	0ffa606a87ee504482c4a8a48b43
user24	528	229	1272400955939	0	0	0ffa606a87ee504482c4a8a48b43
user24	529	229	1272400955985	0	0	0ffa606a87ee504482c4a8a48b43
user24	531	229	1272400955993	0	0	0ffa606a87ee504482c4a8a48b43
user24	534	229	1272400956001	0	0	0ffa606a87ee504482c4a8a48b43
user24	538	229	1272400956008	0	0	0ffa606a87ee504482c4a8a48b43
user24	543	230	1272400956017	0	0	0ffa606a87ee504482c4a8a48b43
user24	551	231	1272400956025	0	0	0ffa606a87ee504482c4a8a48b43
user24	559	232	1272400956033	0	0	0ffa606a87ee504482c4a8a48b43
user24	568	232	1272400956041	0	0	0ffa606a87ee504482c4a8a48b43
user24	579	233	1272400956049	0	0	0ffa606a87ee504482c4a8a48b43
user24	592	234	1272400956057	0	0	0ffa606a87ee504482c4a8a48b43
user24	603	235	1272400956065	0	0	0ffa606a87ee504482c4a8a48b43
user24	615	236	1272400956073	0	0	0ffa606a87ee504482c4a8a48b43
user24	627	236	1272400956081	0	0	0ffa606a87ee504482c4a8a48b43
user24	638	236	1272400956089	0	0	0ffa606a87ee504482c4a8a48b43
user24	650	236	1272400956097	0	0	0ffa606a87ee504482c4a8a48b43
user24	663	237	1272400956105	0	0	0ffa606a87ee504482c4a8a48b43
user24	674	237	1272400956113	0	0	0ffa606a87ee504482c4a8a48b43
user24	684	237	1272400956121	0	0	0ffa606a87ee504482c4a8a48b43
user24	695	237	1272400956129	0	0	0ffa606a87ee504482c4a8a48b43
user24	705	238	1272400956137	0	0	0ffa606a87ee504482c4a8a48b43
user24	712	238	1272400956145	0	0	0ffa606a87ee504482c4a8a48b43
user24	720	239	1272400956153	0	0	0ffa606a87ee504482c4a8a48b43
user24	724	239	1272400956160	0	0	0ffa606a87ee504482c4a8a48b43
user24	728	239	1272400956169	0	0	0ffa606a87ee504482c4a8a48b43
user24	730	239	1272400956177	0	0	0ffa606a87ee504482c4a8a48b43
user24	731	239	1272400956193	0	0	0ffa606a87ee504482c4a8a48b43
user24	731	239	1272400956321	1272400956193	1272400956321	0ffa606a87ee504482c4a8a48b43
user24	728	239	1272400956601	0	0	0ffa606a87ee504482c4a8a48b43
user24	722	239	1272400956609	0	0	0ffa606a87ee504482c4a8a48b43
user24	716	237	1272400956617	0	0	0ffa606a87ee504482c4a8a48b43
user24	709	233	1272400956625	0	0	0ffa606a87ee504482c4a8a48b43
user24	699	229	1272400956633	0	0	0ffa606a87ee504482c4a8a48b43
user24	688	224	1272400956641	0	0	0ffa606a87ee504482c4a8a48b43
user24	672	221	1272400956649	0	0	0ffa606a87ee504482c4a8a48b43
user24	655	215	1272400956657	0	0	0ffa606a87ee504482c4a8a48b43
user24	638	212	1272400956664	0	0	0ffa606a87ee504482c4a8a48b43
user24	625	209	1272400956673	0	0	0ffa606a87ee504482c4a8a48b43
user24	611	207	1272400956680	0	0	0ffa606a87ee504482c4a8a48b43
user24	597	206	1272400956689	0	0	0ffa606a87ee504482c4a8a48b43
user24	584	204	1272400956697	0	0	0ffa606a87ee504482c4a8a48b43
user24	569	202	1272400956705	0	0	0ffa606a87ee504482c4a8a48b43
user24	558	200	1272400956713	0	0	0ffa606a87ee504482c4a8a48b43
user24	547	199	1272400956721	0	0	0ffa606a87ee504482c4a8a48b43
user24	535	197	1272400956728	0	0	0ffa606a87ee504482c4a8a48b43
user24	527	196	1272400956736	0	0	0ffa606a87ee504482c4a8a48b43
user24	520	194	1272400956745	0	0	0ffa606a87ee504482c4a8a48b43
user24	513	192	1272400956753	0	0	0ffa606a87ee504482c4a8a48b43
user24	507	189	1272400956761	0	0	0ffa606a87ee504482c4a8a48b43
user24	503	186	1272400956769	0	0	0ffa606a87ee504482c4a8a48b43
user24	498	182	1272400956777	0	0	0ffa606a87ee504482c4a8a48b43
user24	496	178	1272400956785	0	0	0ffa606a87ee504482c4a8a48b43
user24	493	175	1272400956793	0	0	0ffa606a87ee504482c4a8a48b43
user24	492	169	1272400956800	0	0	0ffa606a87ee504482c4a8a48b43
user24	491	163	1272400956809	0	0	0ffa606a87ee504482c4a8a48b43
user24	490	156	1272400956816	0	0	0ffa606a87ee504482c4a8a48b43
user24	490	148	1272400956825	0	0	0ffa606a87ee504482c4a8a48b43
user24	490	139	1272400956833	0	0	0ffa606a87ee504482c4a8a48b43
user24	490	128	1272400956841	0	0	0ffa606a87ee504482c4a8a48b43
user24	490	118	1272400956849	0	0	0ffa606a87ee504482c4a8a48b43
user24	491	108	1272400956857	0	0	0ffa606a87ee504482c4a8a48b43
user24	491	99	1272400956865	0	0	0ffa606a87ee504482c4a8a48b43
user24	492	91	1272400956873	0	0	0ffa606a87ee504482c4a8a48b43
user24	493	83	1272400956881	0	0	0ffa606a87ee504482c4a8a48b43
user24	494	78	1272400956888	0	0	0ffa606a87ee504482c4a8a48b43
user24	496	74	1272400956897	0	0	0ffa606a87ee504482c4a8a48b43
user24	497	71	1272400956904	0	0	0ffa606a87ee504482c4a8a48b43
user24	498	69	1272400956913	0	0	0ffa606a87ee504482c4a8a48b43
user24	499	67	1272400956921	0	0	0ffa606a87ee504482c4a8a48b43
user24	500	65	1272400956929	0	0	0ffa606a87ee504482c4a8a48b43
user24	500	64	1272400956937	0	0	0ffa606a87ee504482c4a8a48b43
user24	500	63	1272400956945	0	0	0ffa606a87ee504482c4a8a48b43
user24	500	62	1272400956953	0	0	0ffa606a87ee504482c4a8a48b43
user24	500	61	1272400956961	0	0	0ffa606a87ee504482c4a8a48b43
user24	498	60	1272400956969	0	0	0ffa606a87ee504482c4a8a48b43
user24	497	59	1272400956977	0	0	0ffa606a87ee504482c4a8a48b43
user24	496	59	1272400956984	0	0	0ffa606a87ee504482c4a8a48b43
user24	493	58	1272400956993	0	0	0ffa606a87ee504482c4a8a48b43
user24	490	57	1272400957001	0	0	0ffa606a87ee504482c4a8a48b43
user24	487	56	1272400957008	0	0	0ffa606a87ee504482c4a8a48b43
user24	485	56	1272400957016	0	0	0ffa606a87ee504482c4a8a48b43
user24	482	55	1272400957025	0	0	0ffa606a87ee504482c4a8a48b43
user24	480	54	1272400957032	0	0	0ffa606a87ee504482c4a8a48b43
user24	479	53	1272400957040	0	0	0ffa606a87ee504482c4a8a48b43
user24	480	53	1272400957081	0	0	0ffa606a87ee504482c4a8a48b43
user24	485	53	1272400957088	0	0	0ffa606a87ee504482c4a8a48b43
user24	495	53	1272400957097	0	0	0ffa606a87ee504482c4a8a48b43
user24	507	54	1272400957105	0	0	0ffa606a87ee504482c4a8a48b43
user24	521	56	1272400957113	0	0	0ffa606a87ee504482c4a8a48b43
user24	538	57	1272400957121	0	0	0ffa606a87ee504482c4a8a48b43
user24	556	59	1272400957129	0	0	0ffa606a87ee504482c4a8a48b43
user24	571	60	1272400957137	0	0	0ffa606a87ee504482c4a8a48b43
user24	583	61	1272400957145	0	0	0ffa606a87ee504482c4a8a48b43
user24	593	61	1272400957152	0	0	0ffa606a87ee504482c4a8a48b43
user24	599	61	1272400957161	0	0	0ffa606a87ee504482c4a8a48b43
user24	603	61	1272400957168	0	0	0ffa606a87ee504482c4a8a48b43
user24	603	61	1272400957321	1272400957185	1272400957321	0ffa606a87ee504482c4a8a48b43
