User	X	Y	MouseTimeStamp	MouseDownTimeStamp	MouseUpTimeStamp	SessionID
user24	970	100	1272400975337	0	0	1020e9c11cb981af093e9d26c7d1
user24	970	104	1272400975344	0	0	1020e9c11cb981af093e9d26c7d1
user24	970	107	1272400975352	0	0	1020e9c11cb981af093e9d26c7d1
user24	970	110	1272400975360	0	0	1020e9c11cb981af093e9d26c7d1
user24	970	114	1272400975368	0	0	1020e9c11cb981af093e9d26c7d1
user24	970	117	1272400975376	0	0	1020e9c11cb981af093e9d26c7d1
user24	970	122	1272400975384	0	0	1020e9c11cb981af093e9d26c7d1
user24	970	127	1272400975392	0	0	1020e9c11cb981af093e9d26c7d1
user24	970	132	1272400975400	0	0	1020e9c11cb981af093e9d26c7d1
user24	971	138	1272400975408	0	0	1020e9c11cb981af093e9d26c7d1
user24	971	144	1272400975416	0	0	1020e9c11cb981af093e9d26c7d1
user24	972	151	1272400975424	0	0	1020e9c11cb981af093e9d26c7d1
user24	973	156	1272400975432	0	0	1020e9c11cb981af093e9d26c7d1
user24	974	162	1272400975440	0	0	1020e9c11cb981af093e9d26c7d1
user24	975	168	1272400975448	0	0	1020e9c11cb981af093e9d26c7d1
user24	976	174	1272400975456	0	0	1020e9c11cb981af093e9d26c7d1
user24	978	178	1272400975464	0	0	1020e9c11cb981af093e9d26c7d1
user24	979	183	1272400975472	0	0	1020e9c11cb981af093e9d26c7d1
user24	980	187	1272400975481	0	0	1020e9c11cb981af093e9d26c7d1
user24	981	192	1272400975488	0	0	1020e9c11cb981af093e9d26c7d1
user24	981	195	1272400975496	0	0	1020e9c11cb981af093e9d26c7d1
user24	981	197	1272400975504	0	0	1020e9c11cb981af093e9d26c7d1
user24	981	199	1272400975512	0	0	1020e9c11cb981af093e9d26c7d1
user24	981	201	1272400975520	0	0	1020e9c11cb981af093e9d26c7d1
user24	981	203	1272400975528	0	0	1020e9c11cb981af093e9d26c7d1
user24	981	204	1272400975536	0	0	1020e9c11cb981af093e9d26c7d1
user24	981	205	1272400975544	0	0	1020e9c11cb981af093e9d26c7d1
user24	981	207	1272400975552	0	0	1020e9c11cb981af093e9d26c7d1
user24	981	211	1272400975560	0	0	1020e9c11cb981af093e9d26c7d1
user24	980	214	1272400975568	0	0	1020e9c11cb981af093e9d26c7d1
user24	978	217	1272400975576	0	0	1020e9c11cb981af093e9d26c7d1
user24	976	222	1272400975584	0	0	1020e9c11cb981af093e9d26c7d1
user24	972	228	1272400975592	0	0	1020e9c11cb981af093e9d26c7d1
user24	968	234	1272400975600	0	0	1020e9c11cb981af093e9d26c7d1
user24	965	240	1272400975608	0	0	1020e9c11cb981af093e9d26c7d1
user24	962	246	1272400975616	0	0	1020e9c11cb981af093e9d26c7d1
user24	959	251	1272400975624	0	0	1020e9c11cb981af093e9d26c7d1
user24	957	258	1272400975632	0	0	1020e9c11cb981af093e9d26c7d1
user24	954	264	1272400975640	0	0	1020e9c11cb981af093e9d26c7d1
user24	951	270	1272400975648	0	0	1020e9c11cb981af093e9d26c7d1
user24	949	276	1272400975656	0	0	1020e9c11cb981af093e9d26c7d1
user24	946	284	1272400975664	0	0	1020e9c11cb981af093e9d26c7d1
user24	944	289	1272400975672	0	0	1020e9c11cb981af093e9d26c7d1
user24	942	297	1272400975680	0	0	1020e9c11cb981af093e9d26c7d1
user24	941	305	1272400975688	0	0	1020e9c11cb981af093e9d26c7d1
user24	940	312	1272400975696	0	0	1020e9c11cb981af093e9d26c7d1
user24	940	319	1272400975704	0	0	1020e9c11cb981af093e9d26c7d1
user24	940	325	1272400975712	0	0	1020e9c11cb981af093e9d26c7d1
user24	940	330	1272400975720	0	0	1020e9c11cb981af093e9d26c7d1
user24	942	334	1272400975728	0	0	1020e9c11cb981af093e9d26c7d1
user24	944	335	1272400975736	0	0	1020e9c11cb981af093e9d26c7d1
user24	982	240	1272400975888	0	0	1020e9c11cb981af093e9d26c7d1
user24	978	235	1272400975889	0	0	1020e9c11cb981af093e9d26c7d1
user24	976	231	1272400975896	0	0	1020e9c11cb981af093e9d26c7d1
user24	972	227	1272400975904	0	0	1020e9c11cb981af093e9d26c7d1
user24	942	199	1272400976072	0	0	1020e9c11cb981af093e9d26c7d1
user24	941	198	1272400976080	0	0	1020e9c11cb981af093e9d26c7d1
user24	940	198	1272400976112	0	0	1020e9c11cb981af093e9d26c7d1
user24	940	196	1272400976128	0	0	1020e9c11cb981af093e9d26c7d1
user24	940	195	1272400976136	0	0	1020e9c11cb981af093e9d26c7d1
user24	940	193	1272400976152	0	0	1020e9c11cb981af093e9d26c7d1
user24	940	191	1272400976160	0	0	1020e9c11cb981af093e9d26c7d1
user24	939	189	1272400976168	0	0	1020e9c11cb981af093e9d26c7d1
user24	939	188	1272400976176	0	0	1020e9c11cb981af093e9d26c7d1
user24	939	187	1272400976184	0	0	1020e9c11cb981af093e9d26c7d1
user24	938	184	1272400976192	0	0	1020e9c11cb981af093e9d26c7d1
user24	938	183	1272400976200	0	0	1020e9c11cb981af093e9d26c7d1
user24	938	182	1272400976208	0	0	1020e9c11cb981af093e9d26c7d1
user24	938	180	1272400976216	0	0	1020e9c11cb981af093e9d26c7d1
user24	938	179	1272400976232	0	0	1020e9c11cb981af093e9d26c7d1
user24	938	178	1272400976304	0	0	1020e9c11cb981af093e9d26c7d1
user24	938	178	1272400976360	1272400976306	1272400976360	1020e9c11cb981af093e9d26c7d1
user24	939	178	1272400976568	0	0	1020e9c11cb981af093e9d26c7d1
user24	939	178	1272400976570	1272400976440	1272400976570	1020e9c11cb981af093e9d26c7d1
user24	939	180	1272400976648	0	0	1020e9c11cb981af093e9d26c7d1
user24	939	181	1272400976664	0	0	1020e9c11cb981af093e9d26c7d1
user24	939	182	1272400976672	0	0	1020e9c11cb981af093e9d26c7d1
user24	939	183	1272400976680	0	0	1020e9c11cb981af093e9d26c7d1
user24	939	185	1272400976688	0	0	1020e9c11cb981af093e9d26c7d1
user24	954	194	1272400977128	0	0	1020e9c11cb981af093e9d26c7d1
user24	955	195	1272400977136	0	0	1020e9c11cb981af093e9d26c7d1
user24	956	197	1272400977144	0	0	1020e9c11cb981af093e9d26c7d1
user24	959	200	1272400977152	0	0	1020e9c11cb981af093e9d26c7d1
user24	961	203	1272400977160	0	0	1020e9c11cb981af093e9d26c7d1
user24	964	206	1272400977168	0	0	1020e9c11cb981af093e9d26c7d1
user24	967	210	1272400977176	0	0	1020e9c11cb981af093e9d26c7d1
user24	971	215	1272400977184	0	0	1020e9c11cb981af093e9d26c7d1
user24	975	220	1272400977192	0	0	1020e9c11cb981af093e9d26c7d1
user24	978	223	1272400977200	0	0	1020e9c11cb981af093e9d26c7d1
user24	981	228	1272400977208	0	0	1020e9c11cb981af093e9d26c7d1
user24	983	232	1272400977216	0	0	1020e9c11cb981af093e9d26c7d1
user24	985	235	1272400977224	0	0	1020e9c11cb981af093e9d26c7d1
user24	986	238	1272400977232	0	0	1020e9c11cb981af093e9d26c7d1
user24	987	241	1272400977240	0	0	1020e9c11cb981af093e9d26c7d1
user24	988	243	1272400977248	0	0	1020e9c11cb981af093e9d26c7d1
user24	988	247	1272400977256	0	0	1020e9c11cb981af093e9d26c7d1
user24	988	249	1272400977264	0	0	1020e9c11cb981af093e9d26c7d1
user24	988	251	1272400977272	0	0	1020e9c11cb981af093e9d26c7d1
user24	988	253	1272400977280	0	0	1020e9c11cb981af093e9d26c7d1
user24	987	255	1272400977288	0	0	1020e9c11cb981af093e9d26c7d1
user24	986	256	1272400977296	0	0	1020e9c11cb981af093e9d26c7d1
user24	986	258	1272400977304	0	0	1020e9c11cb981af093e9d26c7d1
user24	984	260	1272400977312	0	0	1020e9c11cb981af093e9d26c7d1
user24	983	263	1272400977320	0	0	1020e9c11cb981af093e9d26c7d1
user24	980	265	1272400977328	0	0	1020e9c11cb981af093e9d26c7d1
user24	977	268	1272400977336	0	0	1020e9c11cb981af093e9d26c7d1
user24	974	272	1272400977345	0	0	1020e9c11cb981af093e9d26c7d1
user24	970	274	1272400977352	0	0	1020e9c11cb981af093e9d26c7d1
user24	968	278	1272400977360	0	0	1020e9c11cb981af093e9d26c7d1
user24	966	280	1272400977368	0	0	1020e9c11cb981af093e9d26c7d1
user24	965	281	1272400977376	0	0	1020e9c11cb981af093e9d26c7d1
user24	964	283	1272400977384	0	0	1020e9c11cb981af093e9d26c7d1
user24	963	284	1272400977392	0	0	1020e9c11cb981af093e9d26c7d1
user24	963	284	1272400977544	1272400977449	1272400977544	1020e9c11cb981af093e9d26c7d1
user24	1266	395	1272400985336	0	0	1020e9c11cb981af093e9d26c7d1
user24	1188	372	1272400985344	0	0	1020e9c11cb981af093e9d26c7d1
user24	1113	350	1272400985352	0	0	1020e9c11cb981af093e9d26c7d1
user24	1044	331	1272400985360	0	0	1020e9c11cb981af093e9d26c7d1
user24	978	314	1272400985368	0	0	1020e9c11cb981af093e9d26c7d1
user24	909	297	1272400985376	0	0	1020e9c11cb981af093e9d26c7d1
user24	843	280	1272400985384	0	0	1020e9c11cb981af093e9d26c7d1
user24	777	265	1272400985392	0	0	1020e9c11cb981af093e9d26c7d1
user24	709	252	1272400985400	0	0	1020e9c11cb981af093e9d26c7d1
user24	649	237	1272400985408	0	0	1020e9c11cb981af093e9d26c7d1
user24	586	229	1272400985416	0	0	1020e9c11cb981af093e9d26c7d1
user24	529	217	1272400985424	0	0	1020e9c11cb981af093e9d26c7d1
user24	477	205	1272400985433	0	0	1020e9c11cb981af093e9d26c7d1
user24	431	197	1272400985440	0	0	1020e9c11cb981af093e9d26c7d1
user24	390	190	1272400985448	0	0	1020e9c11cb981af093e9d26c7d1
user24	355	184	1272400985456	0	0	1020e9c11cb981af093e9d26c7d1
user24	329	183	1272400985467	0	0	1020e9c11cb981af093e9d26c7d1
user24	308	180	1272400985472	0	0	1020e9c11cb981af093e9d26c7d1
user24	293	180	1272400985480	0	0	1020e9c11cb981af093e9d26c7d1
user24	278	179	1272400985488	0	0	1020e9c11cb981af093e9d26c7d1
user24	266	179	1272400985496	0	0	1020e9c11cb981af093e9d26c7d1
user24	255	179	1272400985504	0	0	1020e9c11cb981af093e9d26c7d1
user24	246	179	1272400985512	0	0	1020e9c11cb981af093e9d26c7d1
user24	236	180	1272400985520	0	0	1020e9c11cb981af093e9d26c7d1
user24	228	182	1272400985528	0	0	1020e9c11cb981af093e9d26c7d1
user24	219	185	1272400985536	0	0	1020e9c11cb981af093e9d26c7d1
user24	212	190	1272400985544	0	0	1020e9c11cb981af093e9d26c7d1
user24	205	195	1272400985552	0	0	1020e9c11cb981af093e9d26c7d1
user24	199	199	1272400985560	0	0	1020e9c11cb981af093e9d26c7d1
user24	193	204	1272400985568	0	0	1020e9c11cb981af093e9d26c7d1
user24	188	208	1272400985576	0	0	1020e9c11cb981af093e9d26c7d1
user24	184	212	1272400985584	0	0	1020e9c11cb981af093e9d26c7d1
user24	179	217	1272400985592	0	0	1020e9c11cb981af093e9d26c7d1
user24	175	221	1272400985600	0	0	1020e9c11cb981af093e9d26c7d1
user24	171	225	1272400985608	0	0	1020e9c11cb981af093e9d26c7d1
user24	168	227	1272400985616	0	0	1020e9c11cb981af093e9d26c7d1
user24	166	228	1272400985624	0	0	1020e9c11cb981af093e9d26c7d1
user24	164	229	1272400985632	0	0	1020e9c11cb981af093e9d26c7d1
user24	164	231	1272400985640	0	0	1020e9c11cb981af093e9d26c7d1
user24	164	232	1272400985664	0	0	1020e9c11cb981af093e9d26c7d1
user24	165	233	1272400985688	0	0	1020e9c11cb981af093e9d26c7d1
user24	166	233	1272400985720	0	0	1020e9c11cb981af093e9d26c7d1
user24	167	234	1272400985736	0	0	1020e9c11cb981af093e9d26c7d1
user24	170	234	1272400985760	0	0	1020e9c11cb981af093e9d26c7d1
user24	171	234	1272400985768	0	0	1020e9c11cb981af093e9d26c7d1
user24	174	232	1272400985776	0	0	1020e9c11cb981af093e9d26c7d1
user24	180	231	1272400985784	0	0	1020e9c11cb981af093e9d26c7d1
user24	188	229	1272400985792	0	0	1020e9c11cb981af093e9d26c7d1
user24	200	227	1272400985800	0	0	1020e9c11cb981af093e9d26c7d1
user24	212	224	1272400985808	0	0	1020e9c11cb981af093e9d26c7d1
user24	228	220	1272400985816	0	0	1020e9c11cb981af093e9d26c7d1
user24	242	215	1272400985824	0	0	1020e9c11cb981af093e9d26c7d1
user24	262	210	1272400985832	0	0	1020e9c11cb981af093e9d26c7d1
user24	279	204	1272400985840	0	0	1020e9c11cb981af093e9d26c7d1
user24	301	200	1272400985848	0	0	1020e9c11cb981af093e9d26c7d1
user24	319	196	1272400985856	0	0	1020e9c11cb981af093e9d26c7d1
user24	343	195	1272400985864	0	0	1020e9c11cb981af093e9d26c7d1
user24	363	193	1272400985872	0	0	1020e9c11cb981af093e9d26c7d1
user24	383	192	1272400985880	0	0	1020e9c11cb981af093e9d26c7d1
user24	406	190	1272400985888	0	0	1020e9c11cb981af093e9d26c7d1
user24	545	188	1272400986035	0	0	1020e9c11cb981af093e9d26c7d1
user24	544	190	1272400986128	0	0	1020e9c11cb981af093e9d26c7d1
user24	542	193	1272400986136	0	0	1020e9c11cb981af093e9d26c7d1
user24	538	198	1272400986144	0	0	1020e9c11cb981af093e9d26c7d1
user24	536	202	1272400986152	0	0	1020e9c11cb981af093e9d26c7d1
user24	532	205	1272400986160	0	0	1020e9c11cb981af093e9d26c7d1
user24	530	208	1272400986168	0	0	1020e9c11cb981af093e9d26c7d1
user24	528	210	1272400986176	0	0	1020e9c11cb981af093e9d26c7d1
user24	526	211	1272400986184	0	0	1020e9c11cb981af093e9d26c7d1
user24	525	211	1272400986194	0	0	1020e9c11cb981af093e9d26c7d1
user24	524	212	1272400986248	0	0	1020e9c11cb981af093e9d26c7d1
user24	523	213	1272400986256	0	0	1020e9c11cb981af093e9d26c7d1
user24	523	214	1272400986264	0	0	1020e9c11cb981af093e9d26c7d1
user24	522	214	1272400986272	0	0	1020e9c11cb981af093e9d26c7d1
user24	522	216	1272400986280	0	0	1020e9c11cb981af093e9d26c7d1
user24	520	218	1272400986288	0	0	1020e9c11cb981af093e9d26c7d1
user24	518	220	1272400986296	0	0	1020e9c11cb981af093e9d26c7d1
user24	516	223	1272400986304	0	0	1020e9c11cb981af093e9d26c7d1
user24	514	225	1272400986312	0	0	1020e9c11cb981af093e9d26c7d1
user24	511	227	1272400986320	0	0	1020e9c11cb981af093e9d26c7d1
user24	509	229	1272400986328	0	0	1020e9c11cb981af093e9d26c7d1
user24	506	230	1272400986336	0	0	1020e9c11cb981af093e9d26c7d1
user24	505	230	1272400986344	0	0	1020e9c11cb981af093e9d26c7d1
user24	504	230	1272400986352	0	0	1020e9c11cb981af093e9d26c7d1
user24	503	230	1272400986360	0	0	1020e9c11cb981af093e9d26c7d1
user24	502	230	1272400986368	0	0	1020e9c11cb981af093e9d26c7d1
user24	501	230	1272400986384	0	0	1020e9c11cb981af093e9d26c7d1
user24	500	230	1272400986400	0	0	1020e9c11cb981af093e9d26c7d1
user24	498	230	1272400986416	0	0	1020e9c11cb981af093e9d26c7d1
user24	498	228	1272400986424	0	0	1020e9c11cb981af093e9d26c7d1
user24	496	225	1272400986432	0	0	1020e9c11cb981af093e9d26c7d1
user24	495	219	1272400986440	0	0	1020e9c11cb981af093e9d26c7d1
user24	493	212	1272400986448	0	0	1020e9c11cb981af093e9d26c7d1
user24	493	202	1272400986456	0	0	1020e9c11cb981af093e9d26c7d1
user24	492	191	1272400986464	0	0	1020e9c11cb981af093e9d26c7d1
user24	492	178	1272400986472	0	0	1020e9c11cb981af093e9d26c7d1
user24	492	166	1272400986480	0	0	1020e9c11cb981af093e9d26c7d1
user24	492	151	1272400986488	0	0	1020e9c11cb981af093e9d26c7d1
user24	494	137	1272400986496	0	0	1020e9c11cb981af093e9d26c7d1
user24	498	123	1272400986504	0	0	1020e9c11cb981af093e9d26c7d1
user24	501	109	1272400986512	0	0	1020e9c11cb981af093e9d26c7d1
user24	506	97	1272400986520	0	0	1020e9c11cb981af093e9d26c7d1
user24	510	86	1272400986528	0	0	1020e9c11cb981af093e9d26c7d1
user24	515	76	1272400986536	0	0	1020e9c11cb981af093e9d26c7d1
user24	519	66	1272400986544	0	0	1020e9c11cb981af093e9d26c7d1
user24	523	58	1272400986552	0	0	1020e9c11cb981af093e9d26c7d1
user24	527	52	1272400986560	0	0	1020e9c11cb981af093e9d26c7d1
user24	530	48	1272400986568	0	0	1020e9c11cb981af093e9d26c7d1
user24	533	45	1272400986575	0	0	1020e9c11cb981af093e9d26c7d1
user24	536	42	1272400986584	0	0	1020e9c11cb981af093e9d26c7d1
user24	540	40	1272400986592	0	0	1020e9c11cb981af093e9d26c7d1
user24	543	38	1272400986600	0	0	1020e9c11cb981af093e9d26c7d1
user24	548	37	1272400986608	0	0	1020e9c11cb981af093e9d26c7d1
user24	551	35	1272400986616	0	0	1020e9c11cb981af093e9d26c7d1
user24	555	35	1272400986624	0	0	1020e9c11cb981af093e9d26c7d1
user24	561	35	1272400986632	0	0	1020e9c11cb981af093e9d26c7d1
user24	565	35	1272400986640	0	0	1020e9c11cb981af093e9d26c7d1
user24	571	35	1272400986648	0	0	1020e9c11cb981af093e9d26c7d1
user24	576	35	1272400986656	0	0	1020e9c11cb981af093e9d26c7d1
user24	584	37	1272400986664	0	0	1020e9c11cb981af093e9d26c7d1
user24	591	38	1272400986672	0	0	1020e9c11cb981af093e9d26c7d1
user24	599	40	1272400986680	0	0	1020e9c11cb981af093e9d26c7d1
user24	606	41	1272400986688	0	0	1020e9c11cb981af093e9d26c7d1
user24	616	44	1272400986696	0	0	1020e9c11cb981af093e9d26c7d1
user24	625	46	1272400986704	0	0	1020e9c11cb981af093e9d26c7d1
user24	633	48	1272400986712	0	0	1020e9c11cb981af093e9d26c7d1
user24	642	50	1272400986720	0	0	1020e9c11cb981af093e9d26c7d1
user24	650	52	1272400986727	0	0	1020e9c11cb981af093e9d26c7d1
user24	661	55	1272400986736	0	0	1020e9c11cb981af093e9d26c7d1
user24	672	58	1272400986743	0	0	1020e9c11cb981af093e9d26c7d1
user24	684	61	1272400986751	0	0	1020e9c11cb981af093e9d26c7d1
user24	698	66	1272400986760	0	0	1020e9c11cb981af093e9d26c7d1
user24	710	69	1272400986768	0	0	1020e9c11cb981af093e9d26c7d1
user24	727	75	1272400986776	0	0	1020e9c11cb981af093e9d26c7d1
user24	742	82	1272400986784	0	0	1020e9c11cb981af093e9d26c7d1
user24	759	89	1272400986792	0	0	1020e9c11cb981af093e9d26c7d1
user24	777	95	1272400986800	0	0	1020e9c11cb981af093e9d26c7d1
user24	796	105	1272400986808	0	0	1020e9c11cb981af093e9d26c7d1
user24	811	113	1272400986816	0	0	1020e9c11cb981af093e9d26c7d1
user24	830	122	1272400986823	0	0	1020e9c11cb981af093e9d26c7d1
user24	844	130	1272400986832	0	0	1020e9c11cb981af093e9d26c7d1
user24	858	141	1272400986840	0	0	1020e9c11cb981af093e9d26c7d1
user24	868	149	1272400986848	0	0	1020e9c11cb981af093e9d26c7d1
user24	878	158	1272400986856	0	0	1020e9c11cb981af093e9d26c7d1
user24	887	166	1272400986864	0	0	1020e9c11cb981af093e9d26c7d1
user24	895	174	1272400986872	0	0	1020e9c11cb981af093e9d26c7d1
user24	900	180	1272400986880	0	0	1020e9c11cb981af093e9d26c7d1
user24	906	187	1272400986888	0	0	1020e9c11cb981af093e9d26c7d1
user24	911	194	1272400986896	0	0	1020e9c11cb981af093e9d26c7d1
user24	915	200	1272400986904	0	0	1020e9c11cb981af093e9d26c7d1
user24	919	206	1272400986912	0	0	1020e9c11cb981af093e9d26c7d1
user24	922	210	1272400986920	0	0	1020e9c11cb981af093e9d26c7d1
user24	924	212	1272400986928	0	0	1020e9c11cb981af093e9d26c7d1
user24	924	213	1272400986936	0	0	1020e9c11cb981af093e9d26c7d1
user24	926	213	1272400986944	0	0	1020e9c11cb981af093e9d26c7d1
user24	925	213	1272400986992	0	0	1020e9c11cb981af093e9d26c7d1
user24	924	212	1272400987000	0	0	1020e9c11cb981af093e9d26c7d1
user24	923	211	1272400987008	0	0	1020e9c11cb981af093e9d26c7d1
user24	923	209	1272400987016	0	0	1020e9c11cb981af093e9d26c7d1
user24	923	208	1272400987024	0	0	1020e9c11cb981af093e9d26c7d1
user24	923	206	1272400987032	0	0	1020e9c11cb981af093e9d26c7d1
user24	923	203	1272400987040	0	0	1020e9c11cb981af093e9d26c7d1
user24	923	200	1272400987048	0	0	1020e9c11cb981af093e9d26c7d1
user24	923	197	1272400987056	0	0	1020e9c11cb981af093e9d26c7d1
user24	923	194	1272400987064	0	0	1020e9c11cb981af093e9d26c7d1
user24	924	192	1272400987072	0	0	1020e9c11cb981af093e9d26c7d1
user24	926	188	1272400987080	0	0	1020e9c11cb981af093e9d26c7d1
user24	927	186	1272400987088	0	0	1020e9c11cb981af093e9d26c7d1
user24	929	184	1272400987096	0	0	1020e9c11cb981af093e9d26c7d1
user24	930	182	1272400987104	0	0	1020e9c11cb981af093e9d26c7d1
user24	930	181	1272400987120	0	0	1020e9c11cb981af093e9d26c7d1
user24	930	180	1272400987152	0	0	1020e9c11cb981af093e9d26c7d1
user24	930	179	1272400987209	0	0	1020e9c11cb981af093e9d26c7d1
user24	929	178	1272400987232	0	0	1020e9c11cb981af093e9d26c7d1
user24	929	177	1272400987248	0	0	1020e9c11cb981af093e9d26c7d1
user24	928	177	1272400987256	0	0	1020e9c11cb981af093e9d26c7d1
user24	928	175	1272400987264	0	0	1020e9c11cb981af093e9d26c7d1
user24	927	173	1272400987272	0	0	1020e9c11cb981af093e9d26c7d1
user24	927	170	1272400987280	0	0	1020e9c11cb981af093e9d26c7d1
user24	927	165	1272400987288	0	0	1020e9c11cb981af093e9d26c7d1
user24	930	160	1272400987296	0	0	1020e9c11cb981af093e9d26c7d1
user24	933	153	1272400987304	0	0	1020e9c11cb981af093e9d26c7d1
user24	939	146	1272400987312	0	0	1020e9c11cb981af093e9d26c7d1
user24	944	139	1272400987320	0	0	1020e9c11cb981af093e9d26c7d1
user24	950	133	1272400987328	0	0	1020e9c11cb981af093e9d26c7d1
user24	957	125	1272400987336	0	0	1020e9c11cb981af093e9d26c7d1
user24	963	119	1272400987344	0	0	1020e9c11cb981af093e9d26c7d1
user24	967	112	1272400987352	0	0	1020e9c11cb981af093e9d26c7d1
user24	972	107	1272400987360	0	0	1020e9c11cb981af093e9d26c7d1
user24	976	104	1272400987368	0	0	1020e9c11cb981af093e9d26c7d1
user24	980	100	1272400987376	0	0	1020e9c11cb981af093e9d26c7d1
user24	982	96	1272400987384	0	0	1020e9c11cb981af093e9d26c7d1
user24	985	95	1272400987392	0	0	1020e9c11cb981af093e9d26c7d1
user24	987	93	1272400987400	0	0	1020e9c11cb981af093e9d26c7d1
user24	989	91	1272400987408	0	0	1020e9c11cb981af093e9d26c7d1
user24	989	90	1272400987424	0	0	1020e9c11cb981af093e9d26c7d1
user24	988	90	1272400987480	0	0	1020e9c11cb981af093e9d26c7d1
user24	985	90	1272400987487	0	0	1020e9c11cb981af093e9d26c7d1
user24	983	90	1272400987496	0	0	1020e9c11cb981af093e9d26c7d1
user24	981	90	1272400987503	0	0	1020e9c11cb981af093e9d26c7d1
user24	978	90	1272400987511	0	0	1020e9c11cb981af093e9d26c7d1
user24	976	92	1272400987519	0	0	1020e9c11cb981af093e9d26c7d1
user24	973	93	1272400987528	0	0	1020e9c11cb981af093e9d26c7d1
user24	971	93	1272400987536	0	0	1020e9c11cb981af093e9d26c7d1
user24	969	94	1272400987544	0	0	1020e9c11cb981af093e9d26c7d1
user24	967	95	1272400987552	0	0	1020e9c11cb981af093e9d26c7d1
user24	965	95	1272400987559	0	0	1020e9c11cb981af093e9d26c7d1
user24	964	96	1272400987568	0	0	1020e9c11cb981af093e9d26c7d1
user24	962	97	1272400987576	0	0	1020e9c11cb981af093e9d26c7d1
user24	961	97	1272400987592	0	0	1020e9c11cb981af093e9d26c7d1
user24	961	98	1272400987648	0	0	1020e9c11cb981af093e9d26c7d1
user24	962	98	1272400987656	0	0	1020e9c11cb981af093e9d26c7d1
user24	963	98	1272400987664	0	0	1020e9c11cb981af093e9d26c7d1
user24	964	98	1272400987672	0	0	1020e9c11cb981af093e9d26c7d1
user24	965	98	1272400987680	0	0	1020e9c11cb981af093e9d26c7d1
user24	966	98	1272400987696	0	0	1020e9c11cb981af093e9d26c7d1
user24	965	99	1272400987936	0	0	1020e9c11cb981af093e9d26c7d1
user24	964	99	1272400987944	0	0	1020e9c11cb981af093e9d26c7d1
user24	962	99	1272400987951	0	0	1020e9c11cb981af093e9d26c7d1
user24	959	99	1272400987960	0	0	1020e9c11cb981af093e9d26c7d1
user24	957	99	1272400987968	0	0	1020e9c11cb981af093e9d26c7d1
user24	953	99	1272400987976	0	0	1020e9c11cb981af093e9d26c7d1
user24	947	99	1272400987984	0	0	1020e9c11cb981af093e9d26c7d1
user24	939	99	1272400987992	0	0	1020e9c11cb981af093e9d26c7d1
user24	930	99	1272400988000	0	0	1020e9c11cb981af093e9d26c7d1
user24	916	99	1272400988008	0	0	1020e9c11cb981af093e9d26c7d1
user24	901	99	1272400988016	0	0	1020e9c11cb981af093e9d26c7d1
user24	881	99	1272400988023	0	0	1020e9c11cb981af093e9d26c7d1
user24	855	99	1272400988032	0	0	1020e9c11cb981af093e9d26c7d1
user24	824	100	1272400988040	0	0	1020e9c11cb981af093e9d26c7d1
user24	790	104	1272400988047	0	0	1020e9c11cb981af093e9d26c7d1
user24	750	107	1272400988056	0	0	1020e9c11cb981af093e9d26c7d1
user24	710	111	1272400988063	0	0	1020e9c11cb981af093e9d26c7d1
user24	667	117	1272400988072	0	0	1020e9c11cb981af093e9d26c7d1
user24	624	120	1272400988079	0	0	1020e9c11cb981af093e9d26c7d1
user24	585	124	1272400988088	0	0	1020e9c11cb981af093e9d26c7d1
user24	545	128	1272400988096	0	0	1020e9c11cb981af093e9d26c7d1
user24	511	129	1272400988104	0	0	1020e9c11cb981af093e9d26c7d1
user24	480	131	1272400988112	0	0	1020e9c11cb981af093e9d26c7d1
user24	454	131	1272400988119	0	0	1020e9c11cb981af093e9d26c7d1
user24	435	131	1272400988128	0	0	1020e9c11cb981af093e9d26c7d1
user24	412	131	1272400988148	0	0	1020e9c11cb981af093e9d26c7d1
user24	402	131	1272400988152	0	0	1020e9c11cb981af093e9d26c7d1
user24	397	131	1272400988161	0	0	1020e9c11cb981af093e9d26c7d1
user24	391	131	1272400988168	0	0	1020e9c11cb981af093e9d26c7d1
user24	388	132	1272400988176	0	0	1020e9c11cb981af093e9d26c7d1
user24	385	133	1272400988184	0	0	1020e9c11cb981af093e9d26c7d1
user24	384	134	1272400988193	0	0	1020e9c11cb981af093e9d26c7d1
user24	383	136	1272400988200	0	0	1020e9c11cb981af093e9d26c7d1
user24	382	138	1272400988208	0	0	1020e9c11cb981af093e9d26c7d1
user24	382	140	1272400988216	0	0	1020e9c11cb981af093e9d26c7d1
user24	382	141	1272400988224	0	0	1020e9c11cb981af093e9d26c7d1
user24	382	143	1272400988232	0	0	1020e9c11cb981af093e9d26c7d1
user24	382	145	1272400988240	0	0	1020e9c11cb981af093e9d26c7d1
user24	382	146	1272400988248	0	0	1020e9c11cb981af093e9d26c7d1
user24	382	147	1272400988256	0	0	1020e9c11cb981af093e9d26c7d1
user24	383	149	1272400988264	0	0	1020e9c11cb981af093e9d26c7d1
user24	384	150	1272400988272	0	0	1020e9c11cb981af093e9d26c7d1
user24	387	152	1272400988280	0	0	1020e9c11cb981af093e9d26c7d1
user24	390	153	1272400988288	0	0	1020e9c11cb981af093e9d26c7d1
user24	393	154	1272400988296	0	0	1020e9c11cb981af093e9d26c7d1
user24	396	155	1272400988304	0	0	1020e9c11cb981af093e9d26c7d1
user24	400	155	1272400988312	0	0	1020e9c11cb981af093e9d26c7d1
user24	405	155	1272400988320	0	0	1020e9c11cb981af093e9d26c7d1
user24	408	155	1272400988328	0	0	1020e9c11cb981af093e9d26c7d1
user24	412	155	1272400988336	0	0	1020e9c11cb981af093e9d26c7d1
user24	416	155	1272400988344	0	0	1020e9c11cb981af093e9d26c7d1
user24	419	155	1272400988352	0	0	1020e9c11cb981af093e9d26c7d1
user24	422	156	1272400988360	0	0	1020e9c11cb981af093e9d26c7d1
user24	424	156	1272400988368	0	0	1020e9c11cb981af093e9d26c7d1
user24	427	157	1272400988375	0	0	1020e9c11cb981af093e9d26c7d1
user24	428	157	1272400988384	0	0	1020e9c11cb981af093e9d26c7d1
user24	429	158	1272400988400	0	0	1020e9c11cb981af093e9d26c7d1
user24	430	156	1272400988480	0	0	1020e9c11cb981af093e9d26c7d1
user24	431	152	1272400988487	0	0	1020e9c11cb981af093e9d26c7d1
user24	434	147	1272400988496	0	0	1020e9c11cb981af093e9d26c7d1
user24	437	142	1272400988504	0	0	1020e9c11cb981af093e9d26c7d1
user24	442	136	1272400988512	0	0	1020e9c11cb981af093e9d26c7d1
user24	447	128	1272400988519	0	0	1020e9c11cb981af093e9d26c7d1
user24	455	119	1272400988528	0	0	1020e9c11cb981af093e9d26c7d1
user24	463	110	1272400988536	0	0	1020e9c11cb981af093e9d26c7d1
user24	471	101	1272400988543	0	0	1020e9c11cb981af093e9d26c7d1
user24	480	93	1272400988552	0	0	1020e9c11cb981af093e9d26c7d1
user24	488	86	1272400988559	0	0	1020e9c11cb981af093e9d26c7d1
user24	495	80	1272400988568	0	0	1020e9c11cb981af093e9d26c7d1
user24	501	74	1272400988576	0	0	1020e9c11cb981af093e9d26c7d1
user24	509	70	1272400988584	0	0	1020e9c11cb981af093e9d26c7d1
user24	515	66	1272400988592	0	0	1020e9c11cb981af093e9d26c7d1
user24	520	62	1272400988600	0	0	1020e9c11cb981af093e9d26c7d1
user24	526	60	1272400988608	0	0	1020e9c11cb981af093e9d26c7d1
user24	529	57	1272400988616	0	0	1020e9c11cb981af093e9d26c7d1
user24	533	56	1272400988623	0	0	1020e9c11cb981af093e9d26c7d1
user24	535	55	1272400988632	0	0	1020e9c11cb981af093e9d26c7d1
user24	537	54	1272400988639	0	0	1020e9c11cb981af093e9d26c7d1
user24	538	53	1272400988648	0	0	1020e9c11cb981af093e9d26c7d1
user24	539	53	1272400988664	0	0	1020e9c11cb981af093e9d26c7d1
user24	540	53	1272400988696	0	0	1020e9c11cb981af093e9d26c7d1
user24	539	53	1272400988752	0	0	1020e9c11cb981af093e9d26c7d1
user24	537	53	1272400988759	0	0	1020e9c11cb981af093e9d26c7d1
user24	536	53	1272400988767	0	0	1020e9c11cb981af093e9d26c7d1
user24	533	52	1272400988775	0	0	1020e9c11cb981af093e9d26c7d1
user24	530	52	1272400988783	0	0	1020e9c11cb981af093e9d26c7d1
user24	526	52	1272400988792	0	0	1020e9c11cb981af093e9d26c7d1
user24	521	52	1272400988800	0	0	1020e9c11cb981af093e9d26c7d1
user24	516	52	1272400988808	0	0	1020e9c11cb981af093e9d26c7d1
user24	511	52	1272400988816	0	0	1020e9c11cb981af093e9d26c7d1
user24	507	52	1272400988824	0	0	1020e9c11cb981af093e9d26c7d1
user24	504	52	1272400988832	0	0	1020e9c11cb981af093e9d26c7d1
user24	502	53	1272400988839	0	0	1020e9c11cb981af093e9d26c7d1
user24	500	54	1272400988847	0	0	1020e9c11cb981af093e9d26c7d1
user24	499	54	1272400988855	0	0	1020e9c11cb981af093e9d26c7d1
user24	498	54	1272400988865	0	0	1020e9c11cb981af093e9d26c7d1
user24	498	55	1272400988968	0	0	1020e9c11cb981af093e9d26c7d1
user24	498	55	1272400988969	1272400988872	1272400988969	1020e9c11cb981af093e9d26c7d1
user24	707	20	1272401022711	0	0	1020e9c11cb981af093e9d26c7d1
user24	719	35	1272401022718	0	0	1020e9c11cb981af093e9d26c7d1
user24	732	53	1272401022727	0	0	1020e9c11cb981af093e9d26c7d1
user24	744	68	1272401022735	0	0	1020e9c11cb981af093e9d26c7d1
user24	756	84	1272401022743	0	0	1020e9c11cb981af093e9d26c7d1
user24	765	101	1272401022751	0	0	1020e9c11cb981af093e9d26c7d1
user24	774	114	1272401022759	0	0	1020e9c11cb981af093e9d26c7d1
user24	780	127	1272401022768	0	0	1020e9c11cb981af093e9d26c7d1
user24	784	141	1272401022775	0	0	1020e9c11cb981af093e9d26c7d1
user24	788	152	1272401022783	0	0	1020e9c11cb981af093e9d26c7d1
user24	789	165	1272401022791	0	0	1020e9c11cb981af093e9d26c7d1
user24	789	176	1272401022799	0	0	1020e9c11cb981af093e9d26c7d1
user24	789	187	1272401022807	0	0	1020e9c11cb981af093e9d26c7d1
user24	789	195	1272401022814	0	0	1020e9c11cb981af093e9d26c7d1
user24	785	202	1272401022822	0	0	1020e9c11cb981af093e9d26c7d1
user24	780	210	1272401022830	0	0	1020e9c11cb981af093e9d26c7d1
user24	773	215	1272401022839	0	0	1020e9c11cb981af093e9d26c7d1
user24	765	222	1272401022847	0	0	1020e9c11cb981af093e9d26c7d1
user24	755	228	1272401022855	0	0	1020e9c11cb981af093e9d26c7d1
user24	742	234	1272401022863	0	0	1020e9c11cb981af093e9d26c7d1
user24	730	240	1272401022871	0	0	1020e9c11cb981af093e9d26c7d1
user24	717	246	1272401022878	0	0	1020e9c11cb981af093e9d26c7d1
user24	703	250	1272401022886	0	0	1020e9c11cb981af093e9d26c7d1
user24	689	254	1272401022895	0	0	1020e9c11cb981af093e9d26c7d1
user24	675	259	1272401022902	0	0	1020e9c11cb981af093e9d26c7d1
user24	662	261	1272401022911	0	0	1020e9c11cb981af093e9d26c7d1
user24	650	264	1272401022918	0	0	1020e9c11cb981af093e9d26c7d1
user24	637	268	1272401022927	0	0	1020e9c11cb981af093e9d26c7d1
user24	624	271	1272401022935	0	0	1020e9c11cb981af093e9d26c7d1
user24	613	273	1272401022943	0	0	1020e9c11cb981af093e9d26c7d1
user24	601	277	1272401022951	0	0	1020e9c11cb981af093e9d26c7d1
user24	592	279	1272401022959	0	0	1020e9c11cb981af093e9d26c7d1
user24	583	282	1272401022967	0	0	1020e9c11cb981af093e9d26c7d1
user24	577	285	1272401022975	0	0	1020e9c11cb981af093e9d26c7d1
user24	571	288	1272401022983	0	0	1020e9c11cb981af093e9d26c7d1
user24	567	293	1272401022991	0	0	1020e9c11cb981af093e9d26c7d1
user24	562	298	1272401022999	0	0	1020e9c11cb981af093e9d26c7d1
user24	559	303	1272401023007	0	0	1020e9c11cb981af093e9d26c7d1
user24	557	309	1272401023015	0	0	1020e9c11cb981af093e9d26c7d1
user24	556	316	1272401023023	0	0	1020e9c11cb981af093e9d26c7d1
user24	556	321	1272401023031	0	0	1020e9c11cb981af093e9d26c7d1
user24	556	327	1272401023039	0	0	1020e9c11cb981af093e9d26c7d1
user24	557	333	1272401023047	0	0	1020e9c11cb981af093e9d26c7d1
user24	559	336	1272401023056	0	0	1020e9c11cb981af093e9d26c7d1
user24	563	341	1272401023063	0	0	1020e9c11cb981af093e9d26c7d1
user24	566	345	1272401023071	0	0	1020e9c11cb981af093e9d26c7d1
user24	571	347	1272401023079	0	0	1020e9c11cb981af093e9d26c7d1
user24	576	350	1272401023088	0	0	1020e9c11cb981af093e9d26c7d1
user24	579	350	1272401023095	0	0	1020e9c11cb981af093e9d26c7d1
user24	583	350	1272401023102	0	0	1020e9c11cb981af093e9d26c7d1
user24	587	350	1272401023111	0	0	1020e9c11cb981af093e9d26c7d1
user24	592	350	1272401023119	0	0	1020e9c11cb981af093e9d26c7d1
user24	596	349	1272401023126	0	0	1020e9c11cb981af093e9d26c7d1
user24	601	346	1272401023135	0	0	1020e9c11cb981af093e9d26c7d1
user24	606	342	1272401023143	0	0	1020e9c11cb981af093e9d26c7d1
user24	610	336	1272401023151	0	0	1020e9c11cb981af093e9d26c7d1
user24	614	330	1272401023159	0	0	1020e9c11cb981af093e9d26c7d1
user24	620	323	1272401023167	0	0	1020e9c11cb981af093e9d26c7d1
user24	624	317	1272401023175	0	0	1020e9c11cb981af093e9d26c7d1
user24	627	312	1272401023183	0	0	1020e9c11cb981af093e9d26c7d1
user24	631	309	1272401023191	0	0	1020e9c11cb981af093e9d26c7d1
user24	634	307	1272401023199	0	0	1020e9c11cb981af093e9d26c7d1
user24	639	303	1272401023207	0	0	1020e9c11cb981af093e9d26c7d1
user24	642	300	1272401023215	0	0	1020e9c11cb981af093e9d26c7d1
user24	645	298	1272401023223	0	0	1020e9c11cb981af093e9d26c7d1
user24	648	295	1272401023231	0	0	1020e9c11cb981af093e9d26c7d1
user24	653	291	1272401023238	0	0	1020e9c11cb981af093e9d26c7d1
user24	655	289	1272401023246	0	0	1020e9c11cb981af093e9d26c7d1
user24	659	285	1272401023254	0	0	1020e9c11cb981af093e9d26c7d1
user24	663	281	1272401023262	0	0	1020e9c11cb981af093e9d26c7d1
user24	667	277	1272401023270	0	0	1020e9c11cb981af093e9d26c7d1
user24	671	272	1272401023278	0	0	1020e9c11cb981af093e9d26c7d1
user24	674	268	1272401023286	0	0	1020e9c11cb981af093e9d26c7d1
user24	677	266	1272401023295	0	0	1020e9c11cb981af093e9d26c7d1
user24	679	264	1272401023302	0	0	1020e9c11cb981af093e9d26c7d1
user24	681	263	1272401023310	0	0	1020e9c11cb981af093e9d26c7d1
user24	685	261	1272401023318	0	0	1020e9c11cb981af093e9d26c7d1
user24	687	260	1272401023327	0	0	1020e9c11cb981af093e9d26c7d1
user24	688	259	1272401023335	0	0	1020e9c11cb981af093e9d26c7d1
user24	692	257	1272401023343	0	0	1020e9c11cb981af093e9d26c7d1
user24	694	256	1272401023351	0	0	1020e9c11cb981af093e9d26c7d1
user24	696	256	1272401023359	0	0	1020e9c11cb981af093e9d26c7d1
user24	699	254	1272401023367	0	0	1020e9c11cb981af093e9d26c7d1
user24	703	253	1272401023374	0	0	1020e9c11cb981af093e9d26c7d1
user24	706	253	1272401023382	0	0	1020e9c11cb981af093e9d26c7d1
user24	709	251	1272401023391	0	0	1020e9c11cb981af093e9d26c7d1
user24	713	250	1272401023399	0	0	1020e9c11cb981af093e9d26c7d1
user24	717	248	1272401023407	0	0	1020e9c11cb981af093e9d26c7d1
user24	720	248	1272401023415	0	0	1020e9c11cb981af093e9d26c7d1
user24	722	248	1272401023422	0	0	1020e9c11cb981af093e9d26c7d1
user24	724	248	1272401023431	0	0	1020e9c11cb981af093e9d26c7d1
user24	726	248	1272401023438	0	0	1020e9c11cb981af093e9d26c7d1
user24	726	248	1272401023551	1272401023463	1272401023551	1020e9c11cb981af093e9d26c7d1
user24	724	246	1272401023566	0	0	1020e9c11cb981af093e9d26c7d1
user24	722	245	1272401023574	0	0	1020e9c11cb981af093e9d26c7d1
user24	719	242	1272401023582	0	0	1020e9c11cb981af093e9d26c7d1
user24	716	236	1272401023590	0	0	1020e9c11cb981af093e9d26c7d1
user24	714	229	1272401023599	0	0	1020e9c11cb981af093e9d26c7d1
user24	709	218	1272401023607	0	0	1020e9c11cb981af093e9d26c7d1
user24	703	205	1272401023615	0	0	1020e9c11cb981af093e9d26c7d1
user24	696	190	1272401023623	0	0	1020e9c11cb981af093e9d26c7d1
user24	684	171	1272401023631	0	0	1020e9c11cb981af093e9d26c7d1
user24	670	151	1272401023639	0	0	1020e9c11cb981af093e9d26c7d1
user24	653	130	1272401023647	0	0	1020e9c11cb981af093e9d26c7d1
user24	639	115	1272401023655	0	0	1020e9c11cb981af093e9d26c7d1
user24	624	101	1272401023663	0	0	1020e9c11cb981af093e9d26c7d1
user24	613	92	1272401023671	0	0	1020e9c11cb981af093e9d26c7d1
user24	603	85	1272401023679	0	0	1020e9c11cb981af093e9d26c7d1
user24	597	79	1272401023686	0	0	1020e9c11cb981af093e9d26c7d1
user24	593	74	1272401023694	0	0	1020e9c11cb981af093e9d26c7d1
user24	590	70	1272401023702	0	0	1020e9c11cb981af093e9d26c7d1
user24	589	67	1272401023711	0	0	1020e9c11cb981af093e9d26c7d1
user24	589	64	1272401023719	0	0	1020e9c11cb981af093e9d26c7d1
user24	589	61	1272401023727	0	0	1020e9c11cb981af093e9d26c7d1
user24	589	58	1272401023735	0	0	1020e9c11cb981af093e9d26c7d1
user24	589	56	1272401023742	0	0	1020e9c11cb981af093e9d26c7d1
user24	589	54	1272401023750	0	0	1020e9c11cb981af093e9d26c7d1
user24	591	54	1272401023783	0	0	1020e9c11cb981af093e9d26c7d1
user24	594	54	1272401023799	0	0	1020e9c11cb981af093e9d26c7d1
user24	596	56	1272401023806	0	0	1020e9c11cb981af093e9d26c7d1
user24	601	57	1272401023814	0	0	1020e9c11cb981af093e9d26c7d1
user24	604	58	1272401023822	0	0	1020e9c11cb981af093e9d26c7d1
user24	608	59	1272401023830	0	0	1020e9c11cb981af093e9d26c7d1
user24	610	60	1272401023838	0	0	1020e9c11cb981af093e9d26c7d1
user24	612	60	1272401023846	0	0	1020e9c11cb981af093e9d26c7d1
user24	613	60	1272401023854	0	0	1020e9c11cb981af093e9d26c7d1
user24	614	60	1272401023871	0	0	1020e9c11cb981af093e9d26c7d1
user24	614	61	1272401023887	0	0	1020e9c11cb981af093e9d26c7d1
user24	614	63	1272401023894	0	0	1020e9c11cb981af093e9d26c7d1
user24	615	66	1272401023903	0	0	1020e9c11cb981af093e9d26c7d1
user24	616	72	1272401023911	0	0	1020e9c11cb981af093e9d26c7d1
user24	617	78	1272401023918	0	0	1020e9c11cb981af093e9d26c7d1
user24	619	85	1272401023926	0	0	1020e9c11cb981af093e9d26c7d1
user24	621	93	1272401023934	0	0	1020e9c11cb981af093e9d26c7d1
user24	624	103	1272401023943	0	0	1020e9c11cb981af093e9d26c7d1
user24	628	112	1272401023951	0	0	1020e9c11cb981af093e9d26c7d1
user24	633	120	1272401023959	0	0	1020e9c11cb981af093e9d26c7d1
user24	638	126	1272401023966	0	0	1020e9c11cb981af093e9d26c7d1
user24	643	130	1272401023974	0	0	1020e9c11cb981af093e9d26c7d1
user24	649	134	1272401023982	0	0	1020e9c11cb981af093e9d26c7d1
user24	654	138	1272401023990	0	0	1020e9c11cb981af093e9d26c7d1
user24	660	141	1272401023999	0	0	1020e9c11cb981af093e9d26c7d1
user24	664	142	1272401024006	0	0	1020e9c11cb981af093e9d26c7d1
user24	667	144	1272401024015	0	0	1020e9c11cb981af093e9d26c7d1
user24	669	145	1272401024023	0	0	1020e9c11cb981af093e9d26c7d1
user24	673	147	1272401024030	0	0	1020e9c11cb981af093e9d26c7d1
user24	674	149	1272401024039	0	0	1020e9c11cb981af093e9d26c7d1
user24	676	150	1272401024047	0	0	1020e9c11cb981af093e9d26c7d1
user24	678	152	1272401024055	0	0	1020e9c11cb981af093e9d26c7d1
user24	679	154	1272401024062	0	0	1020e9c11cb981af093e9d26c7d1
user24	681	156	1272401024071	0	0	1020e9c11cb981af093e9d26c7d1
user24	681	157	1272401024079	0	0	1020e9c11cb981af093e9d26c7d1
user24	682	158	1272401024087	0	0	1020e9c11cb981af093e9d26c7d1
user24	682	159	1272401024103	0	0	1020e9c11cb981af093e9d26c7d1
user24	683	161	1272401024118	0	0	1020e9c11cb981af093e9d26c7d1
user24	683	162	1272401024134	0	0	1020e9c11cb981af093e9d26c7d1
user24	683	163	1272401024151	0	0	1020e9c11cb981af093e9d26c7d1
user24	683	163	1272401024375	1272401024263	1272401024375	1020e9c11cb981af093e9d26c7d1
user24	796	565	1272401035951	0	0	1020e9c11cb981af093e9d26c7d1
user24	790	562	1272401035958	0	0	1020e9c11cb981af093e9d26c7d1
user24	779	555	1272401035966	0	0	1020e9c11cb981af093e9d26c7d1
user24	764	548	1272401035974	0	0	1020e9c11cb981af093e9d26c7d1
user24	746	541	1272401035982	0	0	1020e9c11cb981af093e9d26c7d1
user24	721	533	1272401035990	0	0	1020e9c11cb981af093e9d26c7d1
user24	699	529	1272401035998	0	0	1020e9c11cb981af093e9d26c7d1
user24	676	526	1272401036006	0	0	1020e9c11cb981af093e9d26c7d1
user24	649	523	1272401036014	0	0	1020e9c11cb981af093e9d26c7d1
user24	626	520	1272401036023	0	0	1020e9c11cb981af093e9d26c7d1
user24	597	517	1272401036030	0	0	1020e9c11cb981af093e9d26c7d1
user24	570	514	1272401036038	0	0	1020e9c11cb981af093e9d26c7d1
user24	547	512	1272401036047	0	0	1020e9c11cb981af093e9d26c7d1
user24	524	509	1272401036054	0	0	1020e9c11cb981af093e9d26c7d1
user24	503	508	1272401036062	0	0	1020e9c11cb981af093e9d26c7d1
user24	484	508	1272401036070	0	0	1020e9c11cb981af093e9d26c7d1
user24	466	507	1272401036078	0	0	1020e9c11cb981af093e9d26c7d1
user24	451	507	1272401036086	0	0	1020e9c11cb981af093e9d26c7d1
user24	436	507	1272401036094	0	0	1020e9c11cb981af093e9d26c7d1
user24	424	507	1272401036102	0	0	1020e9c11cb981af093e9d26c7d1
user24	410	507	1272401036110	0	0	1020e9c11cb981af093e9d26c7d1
user24	399	507	1272401036118	0	0	1020e9c11cb981af093e9d26c7d1
user24	390	507	1272401036126	0	0	1020e9c11cb981af093e9d26c7d1
user24	382	508	1272401036134	0	0	1020e9c11cb981af093e9d26c7d1
user24	373	508	1272401036142	0	0	1020e9c11cb981af093e9d26c7d1
user24	366	509	1272401036150	0	0	1020e9c11cb981af093e9d26c7d1
user24	362	509	1272401036158	0	0	1020e9c11cb981af093e9d26c7d1
user24	358	509	1272401036166	0	0	1020e9c11cb981af093e9d26c7d1
user24	355	510	1272401036174	0	0	1020e9c11cb981af093e9d26c7d1
user24	352	510	1272401036182	0	0	1020e9c11cb981af093e9d26c7d1
user24	349	510	1272401036191	0	0	1020e9c11cb981af093e9d26c7d1
user24	347	510	1272401036198	0	0	1020e9c11cb981af093e9d26c7d1
user24	346	510	1272401036206	0	0	1020e9c11cb981af093e9d26c7d1
user24	345	510	1272401036214	0	0	1020e9c11cb981af093e9d26c7d1
user24	343	510	1272401036222	0	0	1020e9c11cb981af093e9d26c7d1
user24	342	510	1272401036230	0	0	1020e9c11cb981af093e9d26c7d1
user24	341	509	1272401036238	0	0	1020e9c11cb981af093e9d26c7d1
user24	339	508	1272401036246	0	0	1020e9c11cb981af093e9d26c7d1
user24	338	508	1272401036254	0	0	1020e9c11cb981af093e9d26c7d1
user24	337	507	1272401036262	0	0	1020e9c11cb981af093e9d26c7d1
user24	336	506	1272401036278	0	0	1020e9c11cb981af093e9d26c7d1
user24	335	505	1272401036286	0	0	1020e9c11cb981af093e9d26c7d1
user24	334	504	1272401036294	0	0	1020e9c11cb981af093e9d26c7d1
user24	333	503	1272401036302	0	0	1020e9c11cb981af093e9d26c7d1
user24	331	503	1272401036310	0	0	1020e9c11cb981af093e9d26c7d1
user24	331	501	1272401036318	0	0	1020e9c11cb981af093e9d26c7d1
user24	329	500	1272401036326	0	0	1020e9c11cb981af093e9d26c7d1
user24	328	499	1272401036334	0	0	1020e9c11cb981af093e9d26c7d1
user24	326	498	1272401036342	0	0	1020e9c11cb981af093e9d26c7d1
user24	325	497	1272401036350	0	0	1020e9c11cb981af093e9d26c7d1
user24	323	495	1272401036358	0	0	1020e9c11cb981af093e9d26c7d1
user24	322	494	1272401036366	0	0	1020e9c11cb981af093e9d26c7d1
user24	320	492	1272401036374	0	0	1020e9c11cb981af093e9d26c7d1
user24	318	490	1272401036382	0	0	1020e9c11cb981af093e9d26c7d1
user24	317	488	1272401036390	0	0	1020e9c11cb981af093e9d26c7d1
user24	314	486	1272401036398	0	0	1020e9c11cb981af093e9d26c7d1
user24	314	485	1272401036406	0	0	1020e9c11cb981af093e9d26c7d1
user24	313	484	1272401036414	0	0	1020e9c11cb981af093e9d26c7d1
user24	312	484	1272401036422	0	0	1020e9c11cb981af093e9d26c7d1
user24	312	483	1272401036439	0	0	1020e9c11cb981af093e9d26c7d1
user24	312	482	1272401036481	0	0	1020e9c11cb981af093e9d26c7d1
user24	312	481	1272401036486	0	0	1020e9c11cb981af093e9d26c7d1
user24	312	480	1272401036494	0	0	1020e9c11cb981af093e9d26c7d1
user24	312	478	1272401036502	0	0	1020e9c11cb981af093e9d26c7d1
user24	312	476	1272401036510	0	0	1020e9c11cb981af093e9d26c7d1
user24	313	475	1272401036518	0	0	1020e9c11cb981af093e9d26c7d1
user24	314	474	1272401036542	0	0	1020e9c11cb981af093e9d26c7d1
user24	314	473	1272401036558	0	0	1020e9c11cb981af093e9d26c7d1
user24	315	473	1272401036566	0	0	1020e9c11cb981af093e9d26c7d1
user24	316	472	1272401036582	0	0	1020e9c11cb981af093e9d26c7d1
user24	317	472	1272401036590	0	0	1020e9c11cb981af093e9d26c7d1
user24	317	471	1272401036598	0	0	1020e9c11cb981af093e9d26c7d1
user24	318	471	1272401036606	0	0	1020e9c11cb981af093e9d26c7d1
user24	318	471	1272401036814	1272401036695	1272401036814	1020e9c11cb981af093e9d26c7d1
user24	646	329	1272401037367	0	0	1020e9c11cb981af093e9d26c7d1
user24	653	312	1272401037375	0	0	1020e9c11cb981af093e9d26c7d1
user24	660	294	1272401037382	0	0	1020e9c11cb981af093e9d26c7d1
user24	662	280	1272401037390	0	0	1020e9c11cb981af093e9d26c7d1
user24	662	267	1272401037398	0	0	1020e9c11cb981af093e9d26c7d1
user24	662	256	1272401037406	0	0	1020e9c11cb981af093e9d26c7d1
user24	658	247	1272401037414	0	0	1020e9c11cb981af093e9d26c7d1
user24	651	241	1272401037422	0	0	1020e9c11cb981af093e9d26c7d1
user24	451	202	1272401037608	0	0	1020e9c11cb981af093e9d26c7d1
user24	453	202	1272401037614	0	0	1020e9c11cb981af093e9d26c7d1
user24	454	201	1272401037622	0	0	1020e9c11cb981af093e9d26c7d1
user24	456	201	1272401037630	0	0	1020e9c11cb981af093e9d26c7d1
user24	456	200	1272401037670	0	0	1020e9c11cb981af093e9d26c7d1
user24	456	201	1272401037814	0	0	1020e9c11cb981af093e9d26c7d1
user24	456	201	1272401037816	1272401037672	1272401037816	1020e9c11cb981af093e9d26c7d1
user24	455	203	1272401037822	0	0	1020e9c11cb981af093e9d26c7d1
user24	454	205	1272401037830	0	0	1020e9c11cb981af093e9d26c7d1
user24	453	208	1272401037838	0	0	1020e9c11cb981af093e9d26c7d1
user24	453	211	1272401037846	0	0	1020e9c11cb981af093e9d26c7d1
user24	453	215	1272401037854	0	0	1020e9c11cb981af093e9d26c7d1
user24	452	221	1272401037862	0	0	1020e9c11cb981af093e9d26c7d1
user24	451	228	1272401037870	0	0	1020e9c11cb981af093e9d26c7d1
user24	451	234	1272401037878	0	0	1020e9c11cb981af093e9d26c7d1
user24	450	239	1272401037886	0	0	1020e9c11cb981af093e9d26c7d1
user24	450	242	1272401037894	0	0	1020e9c11cb981af093e9d26c7d1
user24	450	244	1272401037906	0	0	1020e9c11cb981af093e9d26c7d1
user24	450	245	1272401037910	0	0	1020e9c11cb981af093e9d26c7d1
user24	451	245	1272401037966	0	0	1020e9c11cb981af093e9d26c7d1
user24	451	245	1272401038062	1272401037969	1272401038062	1020e9c11cb981af093e9d26c7d1
user24	451	246	1272401038070	0	0	1020e9c11cb981af093e9d26c7d1
user24	453	251	1272401038078	0	0	1020e9c11cb981af093e9d26c7d1
user24	455	254	1272401038086	0	0	1020e9c11cb981af093e9d26c7d1
user24	458	259	1272401038094	0	0	1020e9c11cb981af093e9d26c7d1
user24	463	264	1272401038102	0	0	1020e9c11cb981af093e9d26c7d1
user24	468	269	1272401038110	0	0	1020e9c11cb981af093e9d26c7d1
user24	474	271	1272401038118	0	0	1020e9c11cb981af093e9d26c7d1
user24	480	274	1272401038126	0	0	1020e9c11cb981af093e9d26c7d1
user24	487	278	1272401038134	0	0	1020e9c11cb981af093e9d26c7d1
user24	495	284	1272401038142	0	0	1020e9c11cb981af093e9d26c7d1
user24	503	289	1272401038150	0	0	1020e9c11cb981af093e9d26c7d1
user24	512	295	1272401038158	0	0	1020e9c11cb981af093e9d26c7d1
user24	519	298	1272401038166	0	0	1020e9c11cb981af093e9d26c7d1
user24	526	301	1272401038174	0	0	1020e9c11cb981af093e9d26c7d1
user24	530	303	1272401038182	0	0	1020e9c11cb981af093e9d26c7d1
user24	534	304	1272401038190	0	0	1020e9c11cb981af093e9d26c7d1
user24	535	304	1272401038199	0	0	1020e9c11cb981af093e9d26c7d1
user24	536	304	1272401038206	0	0	1020e9c11cb981af093e9d26c7d1
user24	536	304	1272401038358	1272401038231	1272401038358	1020e9c11cb981af093e9d26c7d1
user24	538	304	1272401038414	0	0	1020e9c11cb981af093e9d26c7d1
user24	544	305	1272401038422	0	0	1020e9c11cb981af093e9d26c7d1
user24	551	306	1272401038430	0	0	1020e9c11cb981af093e9d26c7d1
user24	559	309	1272401038439	0	0	1020e9c11cb981af093e9d26c7d1
user24	572	312	1272401038446	0	0	1020e9c11cb981af093e9d26c7d1
user24	584	315	1272401038454	0	0	1020e9c11cb981af093e9d26c7d1
user24	600	320	1272401038462	0	0	1020e9c11cb981af093e9d26c7d1
user24	617	325	1272401038470	0	0	1020e9c11cb981af093e9d26c7d1
user24	640	331	1272401038479	0	0	1020e9c11cb981af093e9d26c7d1
user24	662	337	1272401038487	0	0	1020e9c11cb981af093e9d26c7d1
user24	684	343	1272401038494	0	0	1020e9c11cb981af093e9d26c7d1
user24	706	349	1272401038502	0	0	1020e9c11cb981af093e9d26c7d1
user24	730	353	1272401038511	0	0	1020e9c11cb981af093e9d26c7d1
user24	753	359	1272401038518	0	0	1020e9c11cb981af093e9d26c7d1
user24	777	364	1272401038526	0	0	1020e9c11cb981af093e9d26c7d1
user24	798	368	1272401038534	0	0	1020e9c11cb981af093e9d26c7d1
user24	823	373	1272401038542	0	0	1020e9c11cb981af093e9d26c7d1
user24	841	375	1272401038550	0	0	1020e9c11cb981af093e9d26c7d1
user24	859	377	1272401038558	0	0	1020e9c11cb981af093e9d26c7d1
user24	872	379	1272401038566	0	0	1020e9c11cb981af093e9d26c7d1
user24	886	381	1272401038574	0	0	1020e9c11cb981af093e9d26c7d1
user24	897	382	1272401038582	0	0	1020e9c11cb981af093e9d26c7d1
user24	906	383	1272401038590	0	0	1020e9c11cb981af093e9d26c7d1
user24	911	383	1272401038598	0	0	1020e9c11cb981af093e9d26c7d1
user24	914	384	1272401038606	0	0	1020e9c11cb981af093e9d26c7d1
user24	916	384	1272401038614	0	0	1020e9c11cb981af093e9d26c7d1
user24	918	384	1272401038630	0	0	1020e9c11cb981af093e9d26c7d1
user24	919	384	1272401038862	0	0	1020e9c11cb981af093e9d26c7d1
user24	923	379	1272401038870	0	0	1020e9c11cb981af093e9d26c7d1
user24	929	371	1272401038878	0	0	1020e9c11cb981af093e9d26c7d1
user24	936	362	1272401038886	0	0	1020e9c11cb981af093e9d26c7d1
user24	944	351	1272401038894	0	0	1020e9c11cb981af093e9d26c7d1
user24	952	339	1272401038902	0	0	1020e9c11cb981af093e9d26c7d1
user24	960	328	1272401038910	0	0	1020e9c11cb981af093e9d26c7d1
user24	966	318	1272401038918	0	0	1020e9c11cb981af093e9d26c7d1
user24	966	311	1272401038926	0	0	1020e9c11cb981af093e9d26c7d1
user24	966	307	1272401038934	0	0	1020e9c11cb981af093e9d26c7d1
user24	961	299	1272401038942	0	0	1020e9c11cb981af093e9d26c7d1
user24	953	291	1272401038950	0	0	1020e9c11cb981af093e9d26c7d1
user24	941	280	1272401038958	0	0	1020e9c11cb981af093e9d26c7d1
user24	927	272	1272401038966	0	0	1020e9c11cb981af093e9d26c7d1
user24	908	260	1272401038974	0	0	1020e9c11cb981af093e9d26c7d1
user24	891	250	1272401038982	0	0	1020e9c11cb981af093e9d26c7d1
user24	873	242	1272401038990	0	0	1020e9c11cb981af093e9d26c7d1
user24	852	233	1272401038998	0	0	1020e9c11cb981af093e9d26c7d1
user24	829	224	1272401039006	0	0	1020e9c11cb981af093e9d26c7d1
user24	805	213	1272401039014	0	0	1020e9c11cb981af093e9d26c7d1
user24	782	201	1272401039022	0	0	1020e9c11cb981af093e9d26c7d1
user24	758	190	1272401039030	0	0	1020e9c11cb981af093e9d26c7d1
user24	735	183	1272401039038	0	0	1020e9c11cb981af093e9d26c7d1
user24	713	177	1272401039046	0	0	1020e9c11cb981af093e9d26c7d1
user24	694	173	1272401039054	0	0	1020e9c11cb981af093e9d26c7d1
user24	678	170	1272401039062	0	0	1020e9c11cb981af093e9d26c7d1
user24	663	168	1272401039070	0	0	1020e9c11cb981af093e9d26c7d1
user24	648	167	1272401039078	0	0	1020e9c11cb981af093e9d26c7d1
user24	635	167	1272401039086	0	0	1020e9c11cb981af093e9d26c7d1
user24	625	167	1272401039094	0	0	1020e9c11cb981af093e9d26c7d1
user24	618	167	1272401039103	0	0	1020e9c11cb981af093e9d26c7d1
user24	613	167	1272401039110	0	0	1020e9c11cb981af093e9d26c7d1
user24	611	167	1272401039118	0	0	1020e9c11cb981af093e9d26c7d1
user24	612	167	1272401039174	0	0	1020e9c11cb981af093e9d26c7d1
user24	615	167	1272401039182	0	0	1020e9c11cb981af093e9d26c7d1
user24	621	167	1272401039190	0	0	1020e9c11cb981af093e9d26c7d1
user24	628	166	1272401039198	0	0	1020e9c11cb981af093e9d26c7d1
user24	634	165	1272401039206	0	0	1020e9c11cb981af093e9d26c7d1
user24	639	165	1272401039214	0	0	1020e9c11cb981af093e9d26c7d1
user24	645	164	1272401039222	0	0	1020e9c11cb981af093e9d26c7d1
user24	649	164	1272401039231	0	0	1020e9c11cb981af093e9d26c7d1
user24	653	164	1272401039238	0	0	1020e9c11cb981af093e9d26c7d1
user24	656	164	1272401039246	0	0	1020e9c11cb981af093e9d26c7d1
user24	661	164	1272401039254	0	0	1020e9c11cb981af093e9d26c7d1
user24	664	164	1272401039262	0	0	1020e9c11cb981af093e9d26c7d1
user24	667	164	1272401039270	0	0	1020e9c11cb981af093e9d26c7d1
user24	669	164	1272401039278	0	0	1020e9c11cb981af093e9d26c7d1
user24	670	164	1272401039302	0	0	1020e9c11cb981af093e9d26c7d1
user24	670	164	1272401039414	1272401039303	1272401039414	1020e9c11cb981af093e9d26c7d1
user24	1239	399	1272401061022	0	0	1020e9c11cb981af093e9d26c7d1
user24	1169	395	1272401061029	0	0	1020e9c11cb981af093e9d26c7d1
user24	1102	390	1272401061037	0	0	1020e9c11cb981af093e9d26c7d1
user24	1032	384	1272401061045	0	0	1020e9c11cb981af093e9d26c7d1
user24	968	380	1272401061053	0	0	1020e9c11cb981af093e9d26c7d1
user24	897	373	1272401061061	0	0	1020e9c11cb981af093e9d26c7d1
user24	827	367	1272401061069	0	0	1020e9c11cb981af093e9d26c7d1
user24	757	361	1272401061077	0	0	1020e9c11cb981af093e9d26c7d1
user24	690	354	1272401061085	0	0	1020e9c11cb981af093e9d26c7d1
user24	626	350	1272401061094	0	0	1020e9c11cb981af093e9d26c7d1
user24	561	342	1272401061102	0	0	1020e9c11cb981af093e9d26c7d1
user24	501	336	1272401061110	0	0	1020e9c11cb981af093e9d26c7d1
user24	445	330	1272401061118	0	0	1020e9c11cb981af093e9d26c7d1
user24	393	322	1272401061126	0	0	1020e9c11cb981af093e9d26c7d1
user24	350	316	1272401061133	0	0	1020e9c11cb981af093e9d26c7d1
user24	308	312	1272401061141	0	0	1020e9c11cb981af093e9d26c7d1
user24	276	307	1272401061149	0	0	1020e9c11cb981af093e9d26c7d1
user24	247	304	1272401061158	0	0	1020e9c11cb981af093e9d26c7d1
user24	225	300	1272401061165	0	0	1020e9c11cb981af093e9d26c7d1
user24	211	298	1272401061173	0	0	1020e9c11cb981af093e9d26c7d1
user24	200	294	1272401061181	0	0	1020e9c11cb981af093e9d26c7d1
user24	193	293	1272401061189	0	0	1020e9c11cb981af093e9d26c7d1
user24	188	291	1272401061197	0	0	1020e9c11cb981af093e9d26c7d1
user24	185	291	1272401061205	0	0	1020e9c11cb981af093e9d26c7d1
user24	185	290	1272401061253	0	0	1020e9c11cb981af093e9d26c7d1
user24	185	289	1272401061261	0	0	1020e9c11cb981af093e9d26c7d1
user24	190	288	1272401061269	0	0	1020e9c11cb981af093e9d26c7d1
user24	198	284	1272401061277	0	0	1020e9c11cb981af093e9d26c7d1
user24	209	282	1272401061285	0	0	1020e9c11cb981af093e9d26c7d1
user24	222	278	1272401061293	0	0	1020e9c11cb981af093e9d26c7d1
user24	238	273	1272401061301	0	0	1020e9c11cb981af093e9d26c7d1
user24	256	266	1272401061310	0	0	1020e9c11cb981af093e9d26c7d1
user24	273	259	1272401061317	0	0	1020e9c11cb981af093e9d26c7d1
user24	292	251	1272401061325	0	0	1020e9c11cb981af093e9d26c7d1
user24	310	241	1272401061333	0	0	1020e9c11cb981af093e9d26c7d1
user24	325	234	1272401061341	0	0	1020e9c11cb981af093e9d26c7d1
user24	341	228	1272401061350	0	0	1020e9c11cb981af093e9d26c7d1
user24	352	225	1272401061357	0	0	1020e9c11cb981af093e9d26c7d1
user24	363	221	1272401061365	0	0	1020e9c11cb981af093e9d26c7d1
user24	371	219	1272401061373	0	0	1020e9c11cb981af093e9d26c7d1
user24	380	217	1272401061381	0	0	1020e9c11cb981af093e9d26c7d1
user24	388	216	1272401061389	0	0	1020e9c11cb981af093e9d26c7d1
user24	397	216	1272401061397	0	0	1020e9c11cb981af093e9d26c7d1
user24	406	216	1272401061405	0	0	1020e9c11cb981af093e9d26c7d1
user24	416	216	1272401061414	0	0	1020e9c11cb981af093e9d26c7d1
user24	427	216	1272401061421	0	0	1020e9c11cb981af093e9d26c7d1
user24	438	217	1272401061430	0	0	1020e9c11cb981af093e9d26c7d1
user24	449	218	1272401061437	0	0	1020e9c11cb981af093e9d26c7d1
user24	458	218	1272401061445	0	0	1020e9c11cb981af093e9d26c7d1
user24	468	218	1272401061453	0	0	1020e9c11cb981af093e9d26c7d1
user24	476	218	1272401061461	0	0	1020e9c11cb981af093e9d26c7d1
user24	483	216	1272401061470	0	0	1020e9c11cb981af093e9d26c7d1
user24	490	214	1272401061477	0	0	1020e9c11cb981af093e9d26c7d1
user24	497	211	1272401061485	0	0	1020e9c11cb981af093e9d26c7d1
user24	503	208	1272401061493	0	0	1020e9c11cb981af093e9d26c7d1
user24	508	206	1272401061502	0	0	1020e9c11cb981af093e9d26c7d1
user24	513	203	1272401061509	0	0	1020e9c11cb981af093e9d26c7d1
user24	518	200	1272401061518	0	0	1020e9c11cb981af093e9d26c7d1
user24	523	195	1272401061525	0	0	1020e9c11cb981af093e9d26c7d1
user24	528	190	1272401061533	0	0	1020e9c11cb981af093e9d26c7d1
user24	533	184	1272401061541	0	0	1020e9c11cb981af093e9d26c7d1
user24	538	177	1272401061549	0	0	1020e9c11cb981af093e9d26c7d1
user24	542	170	1272401061557	0	0	1020e9c11cb981af093e9d26c7d1
user24	545	164	1272401061565	0	0	1020e9c11cb981af093e9d26c7d1
user24	548	160	1272401061573	0	0	1020e9c11cb981af093e9d26c7d1
user24	548	155	1272401061581	0	0	1020e9c11cb981af093e9d26c7d1
user24	549	149	1272401061589	0	0	1020e9c11cb981af093e9d26c7d1
user24	549	146	1272401061597	0	0	1020e9c11cb981af093e9d26c7d1
user24	549	142	1272401061605	0	0	1020e9c11cb981af093e9d26c7d1
user24	549	140	1272401061613	0	0	1020e9c11cb981af093e9d26c7d1
user24	549	138	1272401061621	0	0	1020e9c11cb981af093e9d26c7d1
user24	548	136	1272401061629	0	0	1020e9c11cb981af093e9d26c7d1
user24	547	135	1272401061637	0	0	1020e9c11cb981af093e9d26c7d1
user24	545	133	1272401061645	0	0	1020e9c11cb981af093e9d26c7d1
user24	543	131	1272401061653	0	0	1020e9c11cb981af093e9d26c7d1
user24	541	130	1272401061661	0	0	1020e9c11cb981af093e9d26c7d1
user24	537	128	1272401061669	0	0	1020e9c11cb981af093e9d26c7d1
user24	535	126	1272401061677	0	0	1020e9c11cb981af093e9d26c7d1
user24	530	124	1272401061685	0	0	1020e9c11cb981af093e9d26c7d1
user24	527	121	1272401061693	0	0	1020e9c11cb981af093e9d26c7d1
user24	522	119	1272401061701	0	0	1020e9c11cb981af093e9d26c7d1
user24	519	117	1272401061709	0	0	1020e9c11cb981af093e9d26c7d1
user24	513	114	1272401061718	0	0	1020e9c11cb981af093e9d26c7d1
user24	508	113	1272401061725	0	0	1020e9c11cb981af093e9d26c7d1
user24	503	110	1272401061733	0	0	1020e9c11cb981af093e9d26c7d1
user24	498	106	1272401061742	0	0	1020e9c11cb981af093e9d26c7d1
user24	495	103	1272401061749	0	0	1020e9c11cb981af093e9d26c7d1
user24	490	99	1272401061757	0	0	1020e9c11cb981af093e9d26c7d1
user24	486	94	1272401061765	0	0	1020e9c11cb981af093e9d26c7d1
user24	482	89	1272401061773	0	0	1020e9c11cb981af093e9d26c7d1
user24	478	84	1272401061781	0	0	1020e9c11cb981af093e9d26c7d1
user24	474	78	1272401061789	0	0	1020e9c11cb981af093e9d26c7d1
user24	470	73	1272401061797	0	0	1020e9c11cb981af093e9d26c7d1
user24	467	70	1272401061805	0	0	1020e9c11cb981af093e9d26c7d1
user24	463	66	1272401061814	0	0	1020e9c11cb981af093e9d26c7d1
user24	459	63	1272401061821	0	0	1020e9c11cb981af093e9d26c7d1
user24	454	60	1272401061830	0	0	1020e9c11cb981af093e9d26c7d1
user24	449	57	1272401061838	0	0	1020e9c11cb981af093e9d26c7d1
user24	445	56	1272401061845	0	0	1020e9c11cb981af093e9d26c7d1
user24	440	54	1272401061854	0	0	1020e9c11cb981af093e9d26c7d1
user24	436	53	1272401061861	0	0	1020e9c11cb981af093e9d26c7d1
user24	431	52	1272401061869	0	0	1020e9c11cb981af093e9d26c7d1
user24	427	51	1272401061877	0	0	1020e9c11cb981af093e9d26c7d1
user24	423	51	1272401061886	0	0	1020e9c11cb981af093e9d26c7d1
user24	420	51	1272401061893	0	0	1020e9c11cb981af093e9d26c7d1
user24	416	50	1272401061902	0	0	1020e9c11cb981af093e9d26c7d1
user24	414	50	1272401061909	0	0	1020e9c11cb981af093e9d26c7d1
user24	413	50	1272401061917	0	0	1020e9c11cb981af093e9d26c7d1
user24	412	50	1272401061942	0	0	1020e9c11cb981af093e9d26c7d1
user24	412	50	1272401062070	1272401061948	1272401062070	1020e9c11cb981af093e9d26c7d1
user24	446	236	1272401065326	0	0	1020e9c11cb981af093e9d26c7d1
user24	447	235	1272401065334	0	0	1020e9c11cb981af093e9d26c7d1
user24	447	233	1272401065341	0	0	1020e9c11cb981af093e9d26c7d1
user24	447	232	1272401065349	0	0	1020e9c11cb981af093e9d26c7d1
user24	447	231	1272401065357	0	0	1020e9c11cb981af093e9d26c7d1
user24	447	228	1272401065366	0	0	1020e9c11cb981af093e9d26c7d1
user24	447	227	1272401065373	0	0	1020e9c11cb981af093e9d26c7d1
user24	448	225	1272401065383	0	0	1020e9c11cb981af093e9d26c7d1
user24	449	223	1272401065389	0	0	1020e9c11cb981af093e9d26c7d1
user24	449	221	1272401065397	0	0	1020e9c11cb981af093e9d26c7d1
user24	450	219	1272401065405	0	0	1020e9c11cb981af093e9d26c7d1
user24	451	217	1272401065413	0	0	1020e9c11cb981af093e9d26c7d1
user24	452	215	1272401065422	0	0	1020e9c11cb981af093e9d26c7d1
user24	453	214	1272401065429	0	0	1020e9c11cb981af093e9d26c7d1
user24	454	212	1272401065437	0	0	1020e9c11cb981af093e9d26c7d1
user24	455	210	1272401065445	0	0	1020e9c11cb981af093e9d26c7d1
user24	456	209	1272401065453	0	0	1020e9c11cb981af093e9d26c7d1
user24	457	207	1272401065461	0	0	1020e9c11cb981af093e9d26c7d1
user24	457	206	1272401065469	0	0	1020e9c11cb981af093e9d26c7d1
user24	459	204	1272401065477	0	0	1020e9c11cb981af093e9d26c7d1
user24	460	203	1272401065485	0	0	1020e9c11cb981af093e9d26c7d1
user24	461	202	1272401065493	0	0	1020e9c11cb981af093e9d26c7d1
user24	462	201	1272401065501	0	0	1020e9c11cb981af093e9d26c7d1
user24	462	200	1272401065509	0	0	1020e9c11cb981af093e9d26c7d1
user24	463	199	1272401065517	0	0	1020e9c11cb981af093e9d26c7d1
user24	463	198	1272401065533	0	0	1020e9c11cb981af093e9d26c7d1
user24	464	197	1272401065541	0	0	1020e9c11cb981af093e9d26c7d1
user24	465	196	1272401065557	0	0	1020e9c11cb981af093e9d26c7d1
user24	465	194	1272401065589	0	0	1020e9c11cb981af093e9d26c7d1
user24	466	192	1272401065774	0	0	1020e9c11cb981af093e9d26c7d1
user24	467	191	1272401065781	0	0	1020e9c11cb981af093e9d26c7d1
user24	468	190	1272401065789	0	0	1020e9c11cb981af093e9d26c7d1
user24	469	188	1272401065798	0	0	1020e9c11cb981af093e9d26c7d1
user24	470	187	1272401065805	0	0	1020e9c11cb981af093e9d26c7d1
user24	471	185	1272401065813	0	0	1020e9c11cb981af093e9d26c7d1
user24	472	184	1272401065821	0	0	1020e9c11cb981af093e9d26c7d1
user24	473	182	1272401065829	0	0	1020e9c11cb981af093e9d26c7d1
user24	475	180	1272401065837	0	0	1020e9c11cb981af093e9d26c7d1
user24	476	179	1272401065845	0	0	1020e9c11cb981af093e9d26c7d1
user24	478	176	1272401065853	0	0	1020e9c11cb981af093e9d26c7d1
user24	479	174	1272401065861	0	0	1020e9c11cb981af093e9d26c7d1
user24	481	171	1272401065869	0	0	1020e9c11cb981af093e9d26c7d1
user24	483	167	1272401065877	0	0	1020e9c11cb981af093e9d26c7d1
user24	484	164	1272401065885	0	0	1020e9c11cb981af093e9d26c7d1
user24	486	159	1272401065893	0	0	1020e9c11cb981af093e9d26c7d1
user24	489	155	1272401065901	0	0	1020e9c11cb981af093e9d26c7d1
user24	491	149	1272401065909	0	0	1020e9c11cb981af093e9d26c7d1
user24	494	143	1272401065917	0	0	1020e9c11cb981af093e9d26c7d1
user24	497	137	1272401065925	0	0	1020e9c11cb981af093e9d26c7d1
user24	499	131	1272401065933	0	0	1020e9c11cb981af093e9d26c7d1
user24	501	124	1272401065941	0	0	1020e9c11cb981af093e9d26c7d1
user24	503	118	1272401065949	0	0	1020e9c11cb981af093e9d26c7d1
user24	505	110	1272401065957	0	0	1020e9c11cb981af093e9d26c7d1
user24	506	105	1272401065965	0	0	1020e9c11cb981af093e9d26c7d1
user24	507	98	1272401065973	0	0	1020e9c11cb981af093e9d26c7d1
user24	507	93	1272401065981	0	0	1020e9c11cb981af093e9d26c7d1
user24	507	88	1272401065989	0	0	1020e9c11cb981af093e9d26c7d1
user24	506	83	1272401065997	0	0	1020e9c11cb981af093e9d26c7d1
user24	503	77	1272401066005	0	0	1020e9c11cb981af093e9d26c7d1
user24	500	72	1272401066013	0	0	1020e9c11cb981af093e9d26c7d1
user24	498	69	1272401066021	0	0	1020e9c11cb981af093e9d26c7d1
user24	494	66	1272401066030	0	0	1020e9c11cb981af093e9d26c7d1
user24	492	64	1272401066037	0	0	1020e9c11cb981af093e9d26c7d1
user24	488	61	1272401066045	0	0	1020e9c11cb981af093e9d26c7d1
user24	487	60	1272401066054	0	0	1020e9c11cb981af093e9d26c7d1
user24	485	59	1272401066066	0	0	1020e9c11cb981af093e9d26c7d1
user24	484	58	1272401066069	0	0	1020e9c11cb981af093e9d26c7d1
user24	484	57	1272401066142	0	0	1020e9c11cb981af093e9d26c7d1
user24	485	56	1272401066189	0	0	1020e9c11cb981af093e9d26c7d1
user24	486	56	1272401066205	0	0	1020e9c11cb981af093e9d26c7d1
user24	487	55	1272401066221	0	0	1020e9c11cb981af093e9d26c7d1
user24	489	55	1272401066229	0	0	1020e9c11cb981af093e9d26c7d1
user24	490	55	1272401066237	0	0	1020e9c11cb981af093e9d26c7d1
user24	491	54	1272401066245	0	0	1020e9c11cb981af093e9d26c7d1
user24	492	54	1272401066253	0	0	1020e9c11cb981af093e9d26c7d1
user24	492	53	1272401066261	0	0	1020e9c11cb981af093e9d26c7d1
user24	494	53	1272401066269	0	0	1020e9c11cb981af093e9d26c7d1
user24	495	52	1272401066277	0	0	1020e9c11cb981af093e9d26c7d1
user24	496	52	1272401066293	0	0	1020e9c11cb981af093e9d26c7d1
user24	496	51	1272401066309	0	0	1020e9c11cb981af093e9d26c7d1
user24	496	51	1272401066406	1272401066295	1272401066406	1020e9c11cb981af093e9d26c7d1
user24	592	559	1272401090694	0	0	1020e9c11cb981af093e9d26c7d1
user24	585	558	1272401090701	0	0	1020e9c11cb981af093e9d26c7d1
user24	579	552	1272401090709	0	0	1020e9c11cb981af093e9d26c7d1
user24	573	546	1272401090717	0	0	1020e9c11cb981af093e9d26c7d1
user24	567	539	1272401090725	0	0	1020e9c11cb981af093e9d26c7d1
user24	560	528	1272401090736	0	0	1020e9c11cb981af093e9d26c7d1
user24	555	517	1272401090742	0	0	1020e9c11cb981af093e9d26c7d1
user24	549	504	1272401090749	0	0	1020e9c11cb981af093e9d26c7d1
user24	544	492	1272401090757	0	0	1020e9c11cb981af093e9d26c7d1
user24	541	481	1272401090765	0	0	1020e9c11cb981af093e9d26c7d1
user24	538	471	1272401090773	0	0	1020e9c11cb981af093e9d26c7d1
user24	534	459	1272401090781	0	0	1020e9c11cb981af093e9d26c7d1
user24	531	447	1272401090789	0	0	1020e9c11cb981af093e9d26c7d1
user24	528	434	1272401090797	0	0	1020e9c11cb981af093e9d26c7d1
user24	523	418	1272401090805	0	0	1020e9c11cb981af093e9d26c7d1
user24	517	401	1272401090813	0	0	1020e9c11cb981af093e9d26c7d1
user24	512	382	1272401090821	0	0	1020e9c11cb981af093e9d26c7d1
user24	508	365	1272401090829	0	0	1020e9c11cb981af093e9d26c7d1
user24	503	351	1272401090836	0	0	1020e9c11cb981af093e9d26c7d1
user24	499	338	1272401090845	0	0	1020e9c11cb981af093e9d26c7d1
user24	495	328	1272401090853	0	0	1020e9c11cb981af093e9d26c7d1
user24	492	321	1272401090861	0	0	1020e9c11cb981af093e9d26c7d1
user24	489	315	1272401090868	0	0	1020e9c11cb981af093e9d26c7d1
user24	487	310	1272401090876	0	0	1020e9c11cb981af093e9d26c7d1
user24	485	306	1272401090885	0	0	1020e9c11cb981af093e9d26c7d1
user24	484	301	1272401090893	0	0	1020e9c11cb981af093e9d26c7d1
user24	484	299	1272401090901	0	0	1020e9c11cb981af093e9d26c7d1
user24	484	297	1272401090909	0	0	1020e9c11cb981af093e9d26c7d1
user24	484	296	1272401090917	0	0	1020e9c11cb981af093e9d26c7d1
user24	484	295	1272401090925	0	0	1020e9c11cb981af093e9d26c7d1
user24	484	294	1272401090933	0	0	1020e9c11cb981af093e9d26c7d1
user24	484	293	1272401090941	0	0	1020e9c11cb981af093e9d26c7d1
user24	483	292	1272401090949	0	0	1020e9c11cb981af093e9d26c7d1
user24	483	291	1272401090957	0	0	1020e9c11cb981af093e9d26c7d1
user24	482	289	1272401090965	0	0	1020e9c11cb981af093e9d26c7d1
user24	482	288	1272401090973	0	0	1020e9c11cb981af093e9d26c7d1
user24	480	286	1272401090981	0	0	1020e9c11cb981af093e9d26c7d1
user24	479	283	1272401090989	0	0	1020e9c11cb981af093e9d26c7d1
user24	477	281	1272401090997	0	0	1020e9c11cb981af093e9d26c7d1
user24	476	280	1272401091005	0	0	1020e9c11cb981af093e9d26c7d1
user24	474	277	1272401091013	0	0	1020e9c11cb981af093e9d26c7d1
user24	473	276	1272401091021	0	0	1020e9c11cb981af093e9d26c7d1
user24	472	274	1272401091029	0	0	1020e9c11cb981af093e9d26c7d1
user24	471	272	1272401091037	0	0	1020e9c11cb981af093e9d26c7d1
user24	469	271	1272401091045	0	0	1020e9c11cb981af093e9d26c7d1
user24	468	269	1272401091052	0	0	1020e9c11cb981af093e9d26c7d1
user24	467	267	1272401091061	0	0	1020e9c11cb981af093e9d26c7d1
user24	465	265	1272401091069	0	0	1020e9c11cb981af093e9d26c7d1
user24	465	263	1272401091077	0	0	1020e9c11cb981af093e9d26c7d1
user24	464	262	1272401091085	0	0	1020e9c11cb981af093e9d26c7d1
user24	463	260	1272401091093	0	0	1020e9c11cb981af093e9d26c7d1
user24	462	257	1272401091101	0	0	1020e9c11cb981af093e9d26c7d1
user24	462	256	1272401091108	0	0	1020e9c11cb981af093e9d26c7d1
user24	461	254	1272401091116	0	0	1020e9c11cb981af093e9d26c7d1
user24	460	252	1272401091125	0	0	1020e9c11cb981af093e9d26c7d1
user24	460	251	1272401091133	0	0	1020e9c11cb981af093e9d26c7d1
user24	460	250	1272401091141	0	0	1020e9c11cb981af093e9d26c7d1
user24	459	249	1272401091148	0	0	1020e9c11cb981af093e9d26c7d1
user24	459	240	1272401091338	0	0	1020e9c11cb981af093e9d26c7d1
user24	459	240	1272401091422	1272401091341	1272401091422	1020e9c11cb981af093e9d26c7d1
user24	458	240	1272401091493	0	0	1020e9c11cb981af093e9d26c7d1
user24	456	242	1272401091500	0	0	1020e9c11cb981af093e9d26c7d1
user24	454	242	1272401091509	0	0	1020e9c11cb981af093e9d26c7d1
user24	452	244	1272401091516	0	0	1020e9c11cb981af093e9d26c7d1
user24	450	246	1272401091525	0	0	1020e9c11cb981af093e9d26c7d1
user24	449	248	1272401091533	0	0	1020e9c11cb981af093e9d26c7d1
user24	446	250	1272401091541	0	0	1020e9c11cb981af093e9d26c7d1
user24	444	253	1272401091549	0	0	1020e9c11cb981af093e9d26c7d1
user24	440	256	1272401091557	0	0	1020e9c11cb981af093e9d26c7d1
user24	437	261	1272401091565	0	0	1020e9c11cb981af093e9d26c7d1
user24	434	266	1272401091573	0	0	1020e9c11cb981af093e9d26c7d1
user24	431	271	1272401091580	0	0	1020e9c11cb981af093e9d26c7d1
user24	427	277	1272401091588	0	0	1020e9c11cb981af093e9d26c7d1
user24	424	283	1272401091597	0	0	1020e9c11cb981af093e9d26c7d1
user24	421	289	1272401091605	0	0	1020e9c11cb981af093e9d26c7d1
user24	418	295	1272401091613	0	0	1020e9c11cb981af093e9d26c7d1
user24	417	299	1272401091621	0	0	1020e9c11cb981af093e9d26c7d1
user24	417	302	1272401091629	0	0	1020e9c11cb981af093e9d26c7d1
user24	416	305	1272401091637	0	0	1020e9c11cb981af093e9d26c7d1
user24	416	306	1272401091645	0	0	1020e9c11cb981af093e9d26c7d1
user24	416	307	1272401091653	0	0	1020e9c11cb981af093e9d26c7d1
user24	416	309	1272401091669	0	0	1020e9c11cb981af093e9d26c7d1
user24	418	309	1272401091821	0	0	1020e9c11cb981af093e9d26c7d1
user24	419	308	1272401091829	0	0	1020e9c11cb981af093e9d26c7d1
user24	424	307	1272401091836	0	0	1020e9c11cb981af093e9d26c7d1
user24	429	303	1272401091845	0	0	1020e9c11cb981af093e9d26c7d1
user24	438	297	1272401091853	0	0	1020e9c11cb981af093e9d26c7d1
user24	448	292	1272401091861	0	0	1020e9c11cb981af093e9d26c7d1
user24	459	285	1272401091869	0	0	1020e9c11cb981af093e9d26c7d1
user24	470	278	1272401091877	0	0	1020e9c11cb981af093e9d26c7d1
user24	484	269	1272401091884	0	0	1020e9c11cb981af093e9d26c7d1
user24	495	261	1272401091892	0	0	1020e9c11cb981af093e9d26c7d1
user24	509	251	1272401091901	0	0	1020e9c11cb981af093e9d26c7d1
user24	523	241	1272401091908	0	0	1020e9c11cb981af093e9d26c7d1
user24	538	229	1272401091917	0	0	1020e9c11cb981af093e9d26c7d1
user24	554	215	1272401091925	0	0	1020e9c11cb981af093e9d26c7d1
user24	569	202	1272401091932	0	0	1020e9c11cb981af093e9d26c7d1
user24	581	193	1272401091941	0	0	1020e9c11cb981af093e9d26c7d1
user24	591	184	1272401091949	0	0	1020e9c11cb981af093e9d26c7d1
user24	599	177	1272401091957	0	0	1020e9c11cb981af093e9d26c7d1
user24	605	171	1272401091965	0	0	1020e9c11cb981af093e9d26c7d1
user24	610	166	1272401091972	0	0	1020e9c11cb981af093e9d26c7d1
user24	615	161	1272401091980	0	0	1020e9c11cb981af093e9d26c7d1
user24	619	158	1272401091988	0	0	1020e9c11cb981af093e9d26c7d1
user24	620	156	1272401091996	0	0	1020e9c11cb981af093e9d26c7d1
user24	622	154	1272401092005	0	0	1020e9c11cb981af093e9d26c7d1
user24	622	153	1272401092020	0	0	1020e9c11cb981af093e9d26c7d1
user24	621	152	1272401092052	0	0	1020e9c11cb981af093e9d26c7d1
user24	619	152	1272401092060	0	0	1020e9c11cb981af093e9d26c7d1
user24	618	152	1272401092068	0	0	1020e9c11cb981af093e9d26c7d1
user24	615	152	1272401092076	0	0	1020e9c11cb981af093e9d26c7d1
user24	613	152	1272401092084	0	0	1020e9c11cb981af093e9d26c7d1
user24	612	152	1272401092092	0	0	1020e9c11cb981af093e9d26c7d1
user24	610	152	1272401092101	0	0	1020e9c11cb981af093e9d26c7d1
user24	608	151	1272401092109	0	0	1020e9c11cb981af093e9d26c7d1
user24	607	151	1272401092117	0	0	1020e9c11cb981af093e9d26c7d1
user24	606	151	1272401092125	0	0	1020e9c11cb981af093e9d26c7d1
user24	603	151	1272401092133	0	0	1020e9c11cb981af093e9d26c7d1
user24	601	151	1272401092141	0	0	1020e9c11cb981af093e9d26c7d1
user24	598	152	1272401092148	0	0	1020e9c11cb981af093e9d26c7d1
user24	595	153	1272401092156	0	0	1020e9c11cb981af093e9d26c7d1
user24	591	155	1272401092165	0	0	1020e9c11cb981af093e9d26c7d1
user24	588	155	1272401092173	0	0	1020e9c11cb981af093e9d26c7d1
user24	584	157	1272401092180	0	0	1020e9c11cb981af093e9d26c7d1
user24	580	159	1272401092188	0	0	1020e9c11cb981af093e9d26c7d1
user24	577	160	1272401092196	0	0	1020e9c11cb981af093e9d26c7d1
user24	574	160	1272401092205	0	0	1020e9c11cb981af093e9d26c7d1
user24	571	160	1272401092212	0	0	1020e9c11cb981af093e9d26c7d1
user24	568	160	1272401092220	0	0	1020e9c11cb981af093e9d26c7d1
user24	565	160	1272401092228	0	0	1020e9c11cb981af093e9d26c7d1
user24	561	159	1272401092237	0	0	1020e9c11cb981af093e9d26c7d1
user24	555	157	1272401092245	0	0	1020e9c11cb981af093e9d26c7d1
user24	548	153	1272401092252	0	0	1020e9c11cb981af093e9d26c7d1
user24	542	148	1272401092261	0	0	1020e9c11cb981af093e9d26c7d1
user24	535	142	1272401092268	0	0	1020e9c11cb981af093e9d26c7d1
user24	528	136	1272401092276	0	0	1020e9c11cb981af093e9d26c7d1
user24	522	130	1272401092284	0	0	1020e9c11cb981af093e9d26c7d1
user24	515	122	1272401092292	0	0	1020e9c11cb981af093e9d26c7d1
user24	509	114	1272401092301	0	0	1020e9c11cb981af093e9d26c7d1
user24	503	106	1272401092308	0	0	1020e9c11cb981af093e9d26c7d1
user24	497	97	1272401092316	0	0	1020e9c11cb981af093e9d26c7d1
user24	491	88	1272401092324	0	0	1020e9c11cb981af093e9d26c7d1
user24	486	80	1272401092332	0	0	1020e9c11cb981af093e9d26c7d1
user24	482	72	1272401092340	0	0	1020e9c11cb981af093e9d26c7d1
user24	477	66	1272401092350	0	0	1020e9c11cb981af093e9d26c7d1
user24	476	61	1272401092357	0	0	1020e9c11cb981af093e9d26c7d1
user24	475	58	1272401092364	0	0	1020e9c11cb981af093e9d26c7d1
user24	474	55	1272401092372	0	0	1020e9c11cb981af093e9d26c7d1
user24	473	53	1272401092381	0	0	1020e9c11cb981af093e9d26c7d1
user24	473	52	1272401092388	0	0	1020e9c11cb981af093e9d26c7d1
user24	473	51	1272401092396	0	0	1020e9c11cb981af093e9d26c7d1
user24	473	50	1272401092429	0	0	1020e9c11cb981af093e9d26c7d1
user24	474	50	1272401092461	0	0	1020e9c11cb981af093e9d26c7d1
user24	475	50	1272401092477	0	0	1020e9c11cb981af093e9d26c7d1
user24	475	49	1272401092509	0	0	1020e9c11cb981af093e9d26c7d1
user24	473	50	1272401092564	0	0	1020e9c11cb981af093e9d26c7d1
user24	469	50	1272401092573	0	0	1020e9c11cb981af093e9d26c7d1
user24	464	50	1272401092580	0	0	1020e9c11cb981af093e9d26c7d1
user24	461	52	1272401092588	0	0	1020e9c11cb981af093e9d26c7d1
user24	456	53	1272401092597	0	0	1020e9c11cb981af093e9d26c7d1
user24	452	54	1272401092605	0	0	1020e9c11cb981af093e9d26c7d1
user24	449	55	1272401092612	0	0	1020e9c11cb981af093e9d26c7d1
user24	446	55	1272401092621	0	0	1020e9c11cb981af093e9d26c7d1
user24	443	55	1272401092628	0	0	1020e9c11cb981af093e9d26c7d1
user24	440	55	1272401092636	0	0	1020e9c11cb981af093e9d26c7d1
user24	437	55	1272401092644	0	0	1020e9c11cb981af093e9d26c7d1
user24	433	55	1272401092652	0	0	1020e9c11cb981af093e9d26c7d1
user24	431	55	1272401092661	0	0	1020e9c11cb981af093e9d26c7d1
user24	429	55	1272401092668	0	0	1020e9c11cb981af093e9d26c7d1
user24	427	55	1272401092676	0	0	1020e9c11cb981af093e9d26c7d1
user24	426	55	1272401092684	0	0	1020e9c11cb981af093e9d26c7d1
user24	425	55	1272401092805	0	0	1020e9c11cb981af093e9d26c7d1
user24	424	55	1272401092828	0	0	1020e9c11cb981af093e9d26c7d1
user24	424	57	1272401093028	0	0	1020e9c11cb981af093e9d26c7d1
user24	424	60	1272401093037	0	0	1020e9c11cb981af093e9d26c7d1
user24	423	65	1272401093044	0	0	1020e9c11cb981af093e9d26c7d1
user24	423	68	1272401093052	0	0	1020e9c11cb981af093e9d26c7d1
user24	422	71	1272401093061	0	0	1020e9c11cb981af093e9d26c7d1
user24	422	77	1272401093068	0	0	1020e9c11cb981af093e9d26c7d1
user24	422	81	1272401093076	0	0	1020e9c11cb981af093e9d26c7d1
user24	422	88	1272401093084	0	0	1020e9c11cb981af093e9d26c7d1
user24	422	95	1272401093092	0	0	1020e9c11cb981af093e9d26c7d1
user24	432	46	1272401093572	0	0	1020e9c11cb981af093e9d26c7d1
user24	432	46	1272401093621	1272401093575	1272401093621	1020e9c11cb981af093e9d26c7d1
user24	1213	360	1272401107004	0	0	1020e9c11cb981af093e9d26c7d1
user24	1122	340	1272401107013	0	0	1020e9c11cb981af093e9d26c7d1
user24	1031	317	1272401107020	0	0	1020e9c11cb981af093e9d26c7d1
user24	946	297	1272401107028	0	0	1020e9c11cb981af093e9d26c7d1
user24	858	274	1272401107036	0	0	1020e9c11cb981af093e9d26c7d1
user24	769	249	1272401107044	0	0	1020e9c11cb981af093e9d26c7d1
user24	681	227	1272401107052	0	0	1020e9c11cb981af093e9d26c7d1
user24	596	204	1272401107061	0	0	1020e9c11cb981af093e9d26c7d1
user24	505	184	1272401107068	0	0	1020e9c11cb981af093e9d26c7d1
user24	426	171	1272401107076	0	0	1020e9c11cb981af093e9d26c7d1
user24	347	160	1272401107084	0	0	1020e9c11cb981af093e9d26c7d1
user24	282	151	1272401107093	0	0	1020e9c11cb981af093e9d26c7d1
user24	223	145	1272401107100	0	0	1020e9c11cb981af093e9d26c7d1
user24	178	141	1272401107108	0	0	1020e9c11cb981af093e9d26c7d1
user24	144	140	1272401107116	0	0	1020e9c11cb981af093e9d26c7d1
user24	121	138	1272401107124	0	0	1020e9c11cb981af093e9d26c7d1
user24	109	138	1272401107132	0	0	1020e9c11cb981af093e9d26c7d1
user24	102	138	1272401107142	0	0	1020e9c11cb981af093e9d26c7d1
user24	100	138	1272401107148	0	0	1020e9c11cb981af093e9d26c7d1
user24	102	139	1272401107188	0	0	1020e9c11cb981af093e9d26c7d1
user24	104	140	1272401107196	0	0	1020e9c11cb981af093e9d26c7d1
user24	108	142	1272401107204	0	0	1020e9c11cb981af093e9d26c7d1
user24	117	145	1272401107212	0	0	1020e9c11cb981af093e9d26c7d1
user24	128	150	1272401107220	0	0	1020e9c11cb981af093e9d26c7d1
user24	144	154	1272401107228	0	0	1020e9c11cb981af093e9d26c7d1
user24	162	155	1272401107236	0	0	1020e9c11cb981af093e9d26c7d1
user24	184	155	1272401107244	0	0	1020e9c11cb981af093e9d26c7d1
user24	207	154	1272401107252	0	0	1020e9c11cb981af093e9d26c7d1
user24	231	150	1272401107260	0	0	1020e9c11cb981af093e9d26c7d1
user24	256	144	1272401107268	0	0	1020e9c11cb981af093e9d26c7d1
user24	279	134	1272401107276	0	0	1020e9c11cb981af093e9d26c7d1
user24	298	126	1272401107284	0	0	1020e9c11cb981af093e9d26c7d1
user24	314	116	1272401107292	0	0	1020e9c11cb981af093e9d26c7d1
user24	330	107	1272401107300	0	0	1020e9c11cb981af093e9d26c7d1
user24	349	97	1272401107309	0	0	1020e9c11cb981af093e9d26c7d1
user24	365	87	1272401107316	0	0	1020e9c11cb981af093e9d26c7d1
user24	381	78	1272401107324	0	0	1020e9c11cb981af093e9d26c7d1
user24	402	71	1272401107332	0	0	1020e9c11cb981af093e9d26c7d1
user24	420	62	1272401107341	0	0	1020e9c11cb981af093e9d26c7d1
user24	440	55	1272401107348	0	0	1020e9c11cb981af093e9d26c7d1
user24	456	51	1272401107356	0	0	1020e9c11cb981af093e9d26c7d1
user24	469	47	1272401107365	0	0	1020e9c11cb981af093e9d26c7d1
user24	479	43	1272401107372	0	0	1020e9c11cb981af093e9d26c7d1
user24	486	40	1272401107380	0	0	1020e9c11cb981af093e9d26c7d1
user24	491	38	1272401107388	0	0	1020e9c11cb981af093e9d26c7d1
user24	493	37	1272401107396	0	0	1020e9c11cb981af093e9d26c7d1
user24	495	36	1272401107404	0	0	1020e9c11cb981af093e9d26c7d1
user24	496	36	1272401107436	0	0	1020e9c11cb981af093e9d26c7d1
user24	497	36	1272401107444	0	0	1020e9c11cb981af093e9d26c7d1
user24	499	36	1272401107452	0	0	1020e9c11cb981af093e9d26c7d1
user24	501	36	1272401107460	0	0	1020e9c11cb981af093e9d26c7d1
user24	504	37	1272401107468	0	0	1020e9c11cb981af093e9d26c7d1
user24	506	38	1272401107476	0	0	1020e9c11cb981af093e9d26c7d1
user24	508	38	1272401107484	0	0	1020e9c11cb981af093e9d26c7d1
user24	510	38	1272401107492	0	0	1020e9c11cb981af093e9d26c7d1
user24	511	39	1272401107500	0	0	1020e9c11cb981af093e9d26c7d1
user24	512	39	1272401107524	0	0	1020e9c11cb981af093e9d26c7d1
user24	512	40	1272401107564	0	0	1020e9c11cb981af093e9d26c7d1
user24	512	41	1272401107572	0	0	1020e9c11cb981af093e9d26c7d1
user24	512	43	1272401107588	0	0	1020e9c11cb981af093e9d26c7d1
user24	512	44	1272401107596	0	0	1020e9c11cb981af093e9d26c7d1
user24	512	45	1272401107604	0	0	1020e9c11cb981af093e9d26c7d1
user24	512	47	1272401107612	0	0	1020e9c11cb981af093e9d26c7d1
user24	512	48	1272401107620	0	0	1020e9c11cb981af093e9d26c7d1
user24	512	49	1272401107628	0	0	1020e9c11cb981af093e9d26c7d1
user24	512	50	1272401107637	0	0	1020e9c11cb981af093e9d26c7d1
user24	512	51	1272401107644	0	0	1020e9c11cb981af093e9d26c7d1
user24	512	52	1272401107765	0	0	1020e9c11cb981af093e9d26c7d1
user24	512	52	1272401107844	1272401107776	1272401107844	1020e9c11cb981af093e9d26c7d1
user24	797	7	1272401110686	0	0	1020e9c11cb981af093e9d26c7d1
user24	785	15	1272401110692	0	0	1020e9c11cb981af093e9d26c7d1
user24	772	24	1272401110700	0	0	1020e9c11cb981af093e9d26c7d1
user24	761	32	1272401110708	0	0	1020e9c11cb981af093e9d26c7d1
user24	749	40	1272401110716	0	0	1020e9c11cb981af093e9d26c7d1
user24	739	47	1272401110724	0	0	1020e9c11cb981af093e9d26c7d1
user24	727	54	1272401110732	0	0	1020e9c11cb981af093e9d26c7d1
user24	716	61	1272401110740	0	0	1020e9c11cb981af093e9d26c7d1
user24	705	66	1272401110748	0	0	1020e9c11cb981af093e9d26c7d1
user24	690	74	1272401110756	0	0	1020e9c11cb981af093e9d26c7d1
user24	678	78	1272401110764	0	0	1020e9c11cb981af093e9d26c7d1
user24	667	80	1272401110772	0	0	1020e9c11cb981af093e9d26c7d1
user24	658	81	1272401110780	0	0	1020e9c11cb981af093e9d26c7d1
user24	649	81	1272401110788	0	0	1020e9c11cb981af093e9d26c7d1
user24	641	81	1272401110796	0	0	1020e9c11cb981af093e9d26c7d1
user24	634	79	1272401110804	0	0	1020e9c11cb981af093e9d26c7d1
user24	625	76	1272401110812	0	0	1020e9c11cb981af093e9d26c7d1
user24	621	73	1272401110820	0	0	1020e9c11cb981af093e9d26c7d1
user24	614	69	1272401110828	0	0	1020e9c11cb981af093e9d26c7d1
user24	609	64	1272401110836	0	0	1020e9c11cb981af093e9d26c7d1
user24	604	58	1272401110844	0	0	1020e9c11cb981af093e9d26c7d1
user24	600	52	1272401110852	0	0	1020e9c11cb981af093e9d26c7d1
user24	597	46	1272401110860	0	0	1020e9c11cb981af093e9d26c7d1
user24	595	40	1272401110868	0	0	1020e9c11cb981af093e9d26c7d1
user24	593	35	1272401110876	0	0	1020e9c11cb981af093e9d26c7d1
user24	592	33	1272401110885	0	0	1020e9c11cb981af093e9d26c7d1
user24	589	29	1272401110892	0	0	1020e9c11cb981af093e9d26c7d1
user24	587	28	1272401110908	0	0	1020e9c11cb981af093e9d26c7d1
user24	586	28	1272401110932	0	0	1020e9c11cb981af093e9d26c7d1
user24	585	28	1272401110940	0	0	1020e9c11cb981af093e9d26c7d1
user24	583	28	1272401110948	0	0	1020e9c11cb981af093e9d26c7d1
user24	581	28	1272401110956	0	0	1020e9c11cb981af093e9d26c7d1
user24	577	30	1272401110964	0	0	1020e9c11cb981af093e9d26c7d1
user24	574	32	1272401110972	0	0	1020e9c11cb981af093e9d26c7d1
user24	571	35	1272401110980	0	0	1020e9c11cb981af093e9d26c7d1
user24	568	38	1272401110988	0	0	1020e9c11cb981af093e9d26c7d1
user24	566	41	1272401110996	0	0	1020e9c11cb981af093e9d26c7d1
user24	564	43	1272401111004	0	0	1020e9c11cb981af093e9d26c7d1
user24	564	44	1272401111012	0	0	1020e9c11cb981af093e9d26c7d1
user24	563	45	1272401111020	0	0	1020e9c11cb981af093e9d26c7d1
user24	563	46	1272401111044	0	0	1020e9c11cb981af093e9d26c7d1
user24	564	46	1272401111068	0	0	1020e9c11cb981af093e9d26c7d1
user24	566	46	1272401111076	0	0	1020e9c11cb981af093e9d26c7d1
user24	567	47	1272401111084	0	0	1020e9c11cb981af093e9d26c7d1
user24	568	47	1272401111092	0	0	1020e9c11cb981af093e9d26c7d1
user24	570	48	1272401111100	0	0	1020e9c11cb981af093e9d26c7d1
user24	573	48	1272401111108	0	0	1020e9c11cb981af093e9d26c7d1
user24	577	49	1272401111116	0	0	1020e9c11cb981af093e9d26c7d1
user24	583	51	1272401111124	0	0	1020e9c11cb981af093e9d26c7d1
user24	593	55	1272401111132	0	0	1020e9c11cb981af093e9d26c7d1
user24	607	59	1272401111140	0	0	1020e9c11cb981af093e9d26c7d1
user24	627	66	1272401111148	0	0	1020e9c11cb981af093e9d26c7d1
user24	657	80	1272401111156	0	0	1020e9c11cb981af093e9d26c7d1
user24	694	95	1272401111164	0	0	1020e9c11cb981af093e9d26c7d1
user24	740	117	1272401111172	0	0	1020e9c11cb981af093e9d26c7d1
user24	793	140	1272401111180	0	0	1020e9c11cb981af093e9d26c7d1
user24	850	165	1272401111188	0	0	1020e9c11cb981af093e9d26c7d1
user24	914	191	1272401111196	0	0	1020e9c11cb981af093e9d26c7d1
user24	976	218	1272401111204	0	0	1020e9c11cb981af093e9d26c7d1
user24	1044	247	1272401111212	0	0	1020e9c11cb981af093e9d26c7d1
user24	1103	274	1272401111220	0	0	1020e9c11cb981af093e9d26c7d1
user24	1165	300	1272401111228	0	0	1020e9c11cb981af093e9d26c7d1
user24	1224	325	1272401111236	0	0	1020e9c11cb981af093e9d26c7d1
user24	1241	482	1272401119292	0	0	1020e9c11cb981af093e9d26c7d1
user24	1194	469	1272401119300	0	0	1020e9c11cb981af093e9d26c7d1
user24	1146	453	1272401119310	0	0	1020e9c11cb981af093e9d26c7d1
user24	1093	437	1272401119319	0	0	1020e9c11cb981af093e9d26c7d1
user24	1040	418	1272401119324	0	0	1020e9c11cb981af093e9d26c7d1
user24	988	402	1272401119332	0	0	1020e9c11cb981af093e9d26c7d1
user24	935	386	1272401119340	0	0	1020e9c11cb981af093e9d26c7d1
user24	887	366	1272401119348	0	0	1020e9c11cb981af093e9d26c7d1
user24	844	346	1272401119356	0	0	1020e9c11cb981af093e9d26c7d1
user24	804	329	1272401119363	0	0	1020e9c11cb981af093e9d26c7d1
user24	769	310	1272401119372	0	0	1020e9c11cb981af093e9d26c7d1
user24	742	297	1272401119380	0	0	1020e9c11cb981af093e9d26c7d1
user24	720	285	1272401119387	0	0	1020e9c11cb981af093e9d26c7d1
user24	706	274	1272401119395	0	0	1020e9c11cb981af093e9d26c7d1
user24	696	267	1272401119404	0	0	1020e9c11cb981af093e9d26c7d1
user24	691	262	1272401119412	0	0	1020e9c11cb981af093e9d26c7d1
user24	689	260	1272401119420	0	0	1020e9c11cb981af093e9d26c7d1
user24	688	259	1272401119428	0	0	1020e9c11cb981af093e9d26c7d1
user24	688	257	1272401119436	0	0	1020e9c11cb981af093e9d26c7d1
user24	688	256	1272401119444	0	0	1020e9c11cb981af093e9d26c7d1
user24	689	254	1272401119452	0	0	1020e9c11cb981af093e9d26c7d1
user24	691	250	1272401119460	0	0	1020e9c11cb981af093e9d26c7d1
user24	694	248	1272401119468	0	0	1020e9c11cb981af093e9d26c7d1
user24	697	244	1272401119476	0	0	1020e9c11cb981af093e9d26c7d1
user24	704	240	1272401119484	0	0	1020e9c11cb981af093e9d26c7d1
user24	710	236	1272401119492	0	0	1020e9c11cb981af093e9d26c7d1
user24	718	232	1272401119500	0	0	1020e9c11cb981af093e9d26c7d1
user24	726	226	1272401119508	0	0	1020e9c11cb981af093e9d26c7d1
user24	734	221	1272401119516	0	0	1020e9c11cb981af093e9d26c7d1
user24	741	217	1272401119523	0	0	1020e9c11cb981af093e9d26c7d1
user24	748	211	1272401119531	0	0	1020e9c11cb981af093e9d26c7d1
user24	755	207	1272401119540	0	0	1020e9c11cb981af093e9d26c7d1
user24	758	204	1272401119548	0	0	1020e9c11cb981af093e9d26c7d1
user24	762	199	1272401119559	0	0	1020e9c11cb981af093e9d26c7d1
user24	764	195	1272401119564	0	0	1020e9c11cb981af093e9d26c7d1
user24	766	191	1272401119572	0	0	1020e9c11cb981af093e9d26c7d1
user24	767	185	1272401119580	0	0	1020e9c11cb981af093e9d26c7d1
user24	767	181	1272401119588	0	0	1020e9c11cb981af093e9d26c7d1
user24	766	175	1272401119596	0	0	1020e9c11cb981af093e9d26c7d1
user24	763	169	1272401119604	0	0	1020e9c11cb981af093e9d26c7d1
user24	755	161	1272401119612	0	0	1020e9c11cb981af093e9d26c7d1
user24	745	153	1272401119620	0	0	1020e9c11cb981af093e9d26c7d1
user24	733	146	1272401119628	0	0	1020e9c11cb981af093e9d26c7d1
user24	719	139	1272401119636	0	0	1020e9c11cb981af093e9d26c7d1
user24	703	131	1272401119644	0	0	1020e9c11cb981af093e9d26c7d1
user24	683	124	1272401119652	0	0	1020e9c11cb981af093e9d26c7d1
user24	662	117	1272401119660	0	0	1020e9c11cb981af093e9d26c7d1
user24	641	112	1272401119668	0	0	1020e9c11cb981af093e9d26c7d1
user24	619	106	1272401119676	0	0	1020e9c11cb981af093e9d26c7d1
user24	592	103	1272401119684	0	0	1020e9c11cb981af093e9d26c7d1
user24	569	100	1272401119692	0	0	1020e9c11cb981af093e9d26c7d1
user24	537	99	1272401119699	0	0	1020e9c11cb981af093e9d26c7d1
user24	512	97	1272401119707	0	0	1020e9c11cb981af093e9d26c7d1
user24	483	94	1272401119716	0	0	1020e9c11cb981af093e9d26c7d1
user24	454	92	1272401119723	0	0	1020e9c11cb981af093e9d26c7d1
user24	425	89	1272401119732	0	0	1020e9c11cb981af093e9d26c7d1
user24	401	86	1272401119740	0	0	1020e9c11cb981af093e9d26c7d1
user24	383	83	1272401119748	0	0	1020e9c11cb981af093e9d26c7d1
user24	368	82	1272401119755	0	0	1020e9c11cb981af093e9d26c7d1
user24	356	80	1272401119764	0	0	1020e9c11cb981af093e9d26c7d1
user24	345	79	1272401119772	0	0	1020e9c11cb981af093e9d26c7d1
user24	335	77	1272401119780	0	0	1020e9c11cb981af093e9d26c7d1
user24	327	76	1272401119788	0	0	1020e9c11cb981af093e9d26c7d1
user24	321	75	1272401119795	0	0	1020e9c11cb981af093e9d26c7d1
user24	315	74	1272401119804	0	0	1020e9c11cb981af093e9d26c7d1
user24	311	73	1272401119812	0	0	1020e9c11cb981af093e9d26c7d1
user24	309	72	1272401119820	0	0	1020e9c11cb981af093e9d26c7d1
user24	312	71	1272401119868	0	0	1020e9c11cb981af093e9d26c7d1
user24	322	70	1272401119875	0	0	1020e9c11cb981af093e9d26c7d1
user24	333	69	1272401119884	0	0	1020e9c11cb981af093e9d26c7d1
user24	345	68	1272401119892	0	0	1020e9c11cb981af093e9d26c7d1
user24	357	66	1272401119899	0	0	1020e9c11cb981af093e9d26c7d1
user24	371	65	1272401119907	0	0	1020e9c11cb981af093e9d26c7d1
user24	381	64	1272401119916	0	0	1020e9c11cb981af093e9d26c7d1
user24	390	63	1272401119924	0	0	1020e9c11cb981af093e9d26c7d1
user24	399	62	1272401119932	0	0	1020e9c11cb981af093e9d26c7d1
user24	406	61	1272401119940	0	0	1020e9c11cb981af093e9d26c7d1
user24	411	60	1272401119948	0	0	1020e9c11cb981af093e9d26c7d1
user24	415	59	1272401119956	0	0	1020e9c11cb981af093e9d26c7d1
user24	417	59	1272401119964	0	0	1020e9c11cb981af093e9d26c7d1
user24	419	59	1272401119971	0	0	1020e9c11cb981af093e9d26c7d1
user24	420	59	1272401119980	0	0	1020e9c11cb981af093e9d26c7d1
user24	421	59	1272401120004	0	0	1020e9c11cb981af093e9d26c7d1
user24	420	57	1272401120108	0	0	1020e9c11cb981af093e9d26c7d1
user24	418	57	1272401120116	0	0	1020e9c11cb981af093e9d26c7d1
user24	417	57	1272401120124	0	0	1020e9c11cb981af093e9d26c7d1
user24	417	56	1272401120140	0	0	1020e9c11cb981af093e9d26c7d1
user24	416	55	1272401120148	0	0	1020e9c11cb981af093e9d26c7d1
user24	415	55	1272401120181	0	0	1020e9c11cb981af093e9d26c7d1
user24	415	55	1272401120260	1272401120187	1272401120260	1020e9c11cb981af093e9d26c7d1
