User	X	Y	MouseTimeStamp	MouseDownTimeStamp	MouseUpTimeStamp	SessionID
user22	370	383	1271690036085	0	0	6a22bd6753848068bc9845239928
user22	574	364	1271690036111	0	0	6a22bd6753848068bc9845239928
user22	574	363	1271690036142	0	0	6a22bd6753848068bc9845239928
user22	575	362	1271690036726	0	0	6a22bd6753848068bc9845239928
user22	577	361	1271690036734	0	0	6a22bd6753848068bc9845239928
user22	579	359	1271690036742	0	0	6a22bd6753848068bc9845239928
user22	582	357	1271690036750	0	0	6a22bd6753848068bc9845239928
user22	586	355	1271690036758	0	0	6a22bd6753848068bc9845239928
user22	593	351	1271690036766	0	0	6a22bd6753848068bc9845239928
user22	600	346	1271690036774	0	0	6a22bd6753848068bc9845239928
user22	608	342	1271690036782	0	0	6a22bd6753848068bc9845239928
user22	617	338	1271690036790	0	0	6a22bd6753848068bc9845239928
user22	627	333	1271690036798	0	0	6a22bd6753848068bc9845239928
user22	637	329	1271690036806	0	0	6a22bd6753848068bc9845239928
user22	649	325	1271690036814	0	0	6a22bd6753848068bc9845239928
user22	663	321	1271690036822	0	0	6a22bd6753848068bc9845239928
user22	677	317	1271690036830	0	0	6a22bd6753848068bc9845239928
user22	692	312	1271690036838	0	0	6a22bd6753848068bc9845239928
user22	705	307	1271690036846	0	0	6a22bd6753848068bc9845239928
user22	718	303	1271690036854	0	0	6a22bd6753848068bc9845239928
user22	732	299	1271690036862	0	0	6a22bd6753848068bc9845239928
user22	747	295	1271690036870	0	0	6a22bd6753848068bc9845239928
user22	763	291	1271690036878	0	0	6a22bd6753848068bc9845239928
user22	780	287	1271690036886	0	0	6a22bd6753848068bc9845239928
user22	797	282	1271690036894	0	0	6a22bd6753848068bc9845239928
user22	813	275	1271690036902	0	0	6a22bd6753848068bc9845239928
user22	829	267	1271690036910	0	0	6a22bd6753848068bc9845239928
user22	844	259	1271690036918	0	0	6a22bd6753848068bc9845239928
user22	858	252	1271690036926	0	0	6a22bd6753848068bc9845239928
user22	869	245	1271690036934	0	0	6a22bd6753848068bc9845239928
user22	879	237	1271690036942	0	0	6a22bd6753848068bc9845239928
user22	888	229	1271690036951	0	0	6a22bd6753848068bc9845239928
user22	896	221	1271690036958	0	0	6a22bd6753848068bc9845239928
user22	903	214	1271690036966	0	0	6a22bd6753848068bc9845239928
user22	909	207	1271690036975	0	0	6a22bd6753848068bc9845239928
user22	914	200	1271690036982	0	0	6a22bd6753848068bc9845239928
user22	918	194	1271690036990	0	0	6a22bd6753848068bc9845239928
user22	922	187	1271690036998	0	0	6a22bd6753848068bc9845239928
user22	927	182	1271690037007	0	0	6a22bd6753848068bc9845239928
user22	928	177	1271690037016	0	0	6a22bd6753848068bc9845239928
user22	931	172	1271690037022	0	0	6a22bd6753848068bc9845239928
user22	934	168	1271690037030	0	0	6a22bd6753848068bc9845239928
user22	936	164	1271690037038	0	0	6a22bd6753848068bc9845239928
user22	937	160	1271690037047	0	0	6a22bd6753848068bc9845239928
user22	938	159	1271690037054	0	0	6a22bd6753848068bc9845239928
user22	939	158	1271690037062	0	0	6a22bd6753848068bc9845239928
user22	939	157	1271690037070	0	0	6a22bd6753848068bc9845239928
user22	939	156	1271690037078	0	0	6a22bd6753848068bc9845239928
user22	940	156	1271690037086	0	0	6a22bd6753848068bc9845239928
user22	933	177	1271690037475	0	0	6a22bd6753848068bc9845239928
user22	933	177	1271690037583	1271690037509	1271690037583	6a22bd6753848068bc9845239928
user22	933	176	1271690038414	0	0	6a22bd6753848068bc9845239928
user22	932	173	1271690038422	0	0	6a22bd6753848068bc9845239928
user22	931	171	1271690038430	0	0	6a22bd6753848068bc9845239928
user22	931	169	1271690038438	0	0	6a22bd6753848068bc9845239928
user22	931	167	1271690038446	0	0	6a22bd6753848068bc9845239928
user22	930	167	1271690038518	0	0	6a22bd6753848068bc9845239928
user22	930	168	1271690044342	0	0	6a22bd6753848068bc9845239928
user22	930	172	1271690044350	0	0	6a22bd6753848068bc9845239928
user22	932	178	1271690044358	0	0	6a22bd6753848068bc9845239928
user22	932	182	1271690044366	0	0	6a22bd6753848068bc9845239928
user22	933	187	1271690044374	0	0	6a22bd6753848068bc9845239928
user22	933	191	1271690044382	0	0	6a22bd6753848068bc9845239928
user22	933	196	1271690044390	0	0	6a22bd6753848068bc9845239928
user22	933	202	1271690044398	0	0	6a22bd6753848068bc9845239928
user22	955	270	1271690044703	0	0	6a22bd6753848068bc9845239928
user22	955	270	1271690044903	1271690044751	1271690044903	6a22bd6753848068bc9845239928
user22	370	383	1271690036085	0	0	6a22bd6753848068bc9845239928
user22	574	364	1271690036111	0	0	6a22bd6753848068bc9845239928
user22	574	363	1271690036142	0	0	6a22bd6753848068bc9845239928
user22	575	362	1271690036726	0	0	6a22bd6753848068bc9845239928
user22	577	361	1271690036734	0	0	6a22bd6753848068bc9845239928
user22	579	359	1271690036742	0	0	6a22bd6753848068bc9845239928
user22	582	357	1271690036750	0	0	6a22bd6753848068bc9845239928
user22	586	355	1271690036758	0	0	6a22bd6753848068bc9845239928
user22	593	351	1271690036766	0	0	6a22bd6753848068bc9845239928
user22	600	346	1271690036774	0	0	6a22bd6753848068bc9845239928
user22	608	342	1271690036782	0	0	6a22bd6753848068bc9845239928
user22	617	338	1271690036790	0	0	6a22bd6753848068bc9845239928
user22	627	333	1271690036798	0	0	6a22bd6753848068bc9845239928
user22	637	329	1271690036806	0	0	6a22bd6753848068bc9845239928
user22	649	325	1271690036814	0	0	6a22bd6753848068bc9845239928
user22	663	321	1271690036822	0	0	6a22bd6753848068bc9845239928
user22	677	317	1271690036830	0	0	6a22bd6753848068bc9845239928
user22	692	312	1271690036838	0	0	6a22bd6753848068bc9845239928
user22	705	307	1271690036846	0	0	6a22bd6753848068bc9845239928
user22	718	303	1271690036854	0	0	6a22bd6753848068bc9845239928
user22	732	299	1271690036862	0	0	6a22bd6753848068bc9845239928
user22	747	295	1271690036870	0	0	6a22bd6753848068bc9845239928
user22	763	291	1271690036878	0	0	6a22bd6753848068bc9845239928
user22	780	287	1271690036886	0	0	6a22bd6753848068bc9845239928
user22	797	282	1271690036894	0	0	6a22bd6753848068bc9845239928
user22	813	275	1271690036902	0	0	6a22bd6753848068bc9845239928
user22	829	267	1271690036910	0	0	6a22bd6753848068bc9845239928
user22	844	259	1271690036918	0	0	6a22bd6753848068bc9845239928
user22	858	252	1271690036926	0	0	6a22bd6753848068bc9845239928
user22	869	245	1271690036934	0	0	6a22bd6753848068bc9845239928
user22	879	237	1271690036942	0	0	6a22bd6753848068bc9845239928
user22	888	229	1271690036951	0	0	6a22bd6753848068bc9845239928
user22	896	221	1271690036958	0	0	6a22bd6753848068bc9845239928
user22	903	214	1271690036966	0	0	6a22bd6753848068bc9845239928
user22	909	207	1271690036975	0	0	6a22bd6753848068bc9845239928
user22	914	200	1271690036982	0	0	6a22bd6753848068bc9845239928
user22	918	194	1271690036990	0	0	6a22bd6753848068bc9845239928
user22	922	187	1271690036998	0	0	6a22bd6753848068bc9845239928
user22	927	182	1271690037007	0	0	6a22bd6753848068bc9845239928
user22	928	177	1271690037016	0	0	6a22bd6753848068bc9845239928
user22	931	172	1271690037022	0	0	6a22bd6753848068bc9845239928
user22	934	168	1271690037030	0	0	6a22bd6753848068bc9845239928
user22	936	164	1271690037038	0	0	6a22bd6753848068bc9845239928
user22	937	160	1271690037047	0	0	6a22bd6753848068bc9845239928
user22	938	159	1271690037054	0	0	6a22bd6753848068bc9845239928
user22	939	158	1271690037062	0	0	6a22bd6753848068bc9845239928
user22	939	157	1271690037070	0	0	6a22bd6753848068bc9845239928
user22	939	156	1271690037078	0	0	6a22bd6753848068bc9845239928
user22	940	156	1271690037086	0	0	6a22bd6753848068bc9845239928
user22	933	177	1271690037475	0	0	6a22bd6753848068bc9845239928
user22	933	177	1271690037583	1271690037509	1271690037583	6a22bd6753848068bc9845239928
user22	933	176	1271690038414	0	0	6a22bd6753848068bc9845239928
user22	932	173	1271690038422	0	0	6a22bd6753848068bc9845239928
user22	931	171	1271690038430	0	0	6a22bd6753848068bc9845239928
user22	931	169	1271690038438	0	0	6a22bd6753848068bc9845239928
user22	931	167	1271690038446	0	0	6a22bd6753848068bc9845239928
user22	930	167	1271690038518	0	0	6a22bd6753848068bc9845239928
user22	930	168	1271690044342	0	0	6a22bd6753848068bc9845239928
user22	930	172	1271690044350	0	0	6a22bd6753848068bc9845239928
user22	932	178	1271690044358	0	0	6a22bd6753848068bc9845239928
user22	932	182	1271690044366	0	0	6a22bd6753848068bc9845239928
user22	933	187	1271690044374	0	0	6a22bd6753848068bc9845239928
user22	933	191	1271690044382	0	0	6a22bd6753848068bc9845239928
user22	933	196	1271690044390	0	0	6a22bd6753848068bc9845239928
user22	933	202	1271690044398	0	0	6a22bd6753848068bc9845239928
user22	514	597	1271690197669	0	0	6a22bd6753848068bc9845239928
user22	597	542	1271690197706	0	0	6a22bd6753848068bc9845239928
user22	680	489	1271690197738	0	0	6a22bd6753848068bc9845239928
user22	789	406	1271690197778	0	0	6a22bd6753848068bc9845239928
user22	900	287	1271690197986	0	0	6a22bd6753848068bc9845239928
user22	922	235	1271690198536	0	0	6a22bd6753848068bc9845239928
user22	930	230	1271690198545	0	0	6a22bd6753848068bc9845239928
user22	948	220	1271690198571	0	0	6a22bd6753848068bc9845239928
user22	962	212	1271690198588	0	0	6a22bd6753848068bc9845239928
user22	993	201	1271690198620	0	0	6a22bd6753848068bc9845239928
user22	1000	199	1271690198624	0	0	6a22bd6753848068bc9845239928
user22	1008	196	1271690198658	0	0	6a22bd6753848068bc9845239928
user22	1074	173	1271690198774	0	0	6a22bd6753848068bc9845239928
user22	1076	171	1271690199057	0	0	6a22bd6753848068bc9845239928
user22	1047	41	1271690199111	0	0	6a22bd6753848068bc9845239928
user22	921	28	1271690199166	0	0	6a22bd6753848068bc9845239928
user22	796	21	1271690199186	0	0	6a22bd6753848068bc9845239928
user22	395	24	1271690199314	0	0	6a22bd6753848068bc9845239928
user22	341	24	1271690199337	0	0	6a22bd6753848068bc9845239928
user22	326	24	1271690199378	0	0	6a22bd6753848068bc9845239928
user22	224	23	1271690199414	0	0	6a22bd6753848068bc9845239928
user22	214	21	1271690199420	0	0	6a22bd6753848068bc9845239928
user22	114	12	1271690199513	0	0	6a22bd6753848068bc9845239928
user22	100	12	1271690199530	0	0	6a22bd6753848068bc9845239928
user22	94	10	1271690199541	0	0	6a22bd6753848068bc9845239928
user22	82	10	1271690199558	0	0	6a22bd6753848068bc9845239928
user22	79	10	1271690199564	0	0	6a22bd6753848068bc9845239928
user22	76	9	1271690199569	0	0	6a22bd6753848068bc9845239928
user22	74	9	1271690199580	0	0	6a22bd6753848068bc9845239928
user22	70	9	1271690199587	0	0	6a22bd6753848068bc9845239928
user22	66	9	1271690199593	0	0	6a22bd6753848068bc9845239928
user22	64	8	1271690199600	0	0	6a22bd6753848068bc9845239928
user22	62	8	1271690199612	0	0	6a22bd6753848068bc9845239928
user22	60	8	1271690199632	0	0	6a22bd6753848068bc9845239928
user22	59	7	1271690199653	0	0	6a22bd6753848068bc9845239928
user22	59	6	1271690199752	0	0	6a22bd6753848068bc9845239928
user22	59	5	1271690199765	0	0	6a22bd6753848068bc9845239928
user22	59	4	1271690199773	0	0	6a22bd6753848068bc9845239928
user22	59	3	1271690199778	0	0	6a22bd6753848068bc9845239928
user22	59	2	1271690199784	0	0	6a22bd6753848068bc9845239928
user22	449	22	1271690200178	0	0	6a22bd6753848068bc9845239928
user22	490	27	1271690200195	0	0	6a22bd6753848068bc9845239928
user22	615	36	1271690200216	0	0	6a22bd6753848068bc9845239928
user22	689	40	1271690200225	0	0	6a22bd6753848068bc9845239928
user22	751	44	1271690200241	0	0	6a22bd6753848068bc9845239928
user22	774	44	1271690200249	0	0	6a22bd6753848068bc9845239928
user22	814	48	1271690200276	0	0	6a22bd6753848068bc9845239928
user22	861	50	1271690200295	0	0	6a22bd6753848068bc9845239928
user22	885	52	1271690200304	0	0	6a22bd6753848068bc9845239928
user22	894	52	1271690200320	0	0	6a22bd6753848068bc9845239928
user22	921	53	1271690200345	0	0	6a22bd6753848068bc9845239928
user22	934	53	1271690200357	0	0	6a22bd6753848068bc9845239928
user22	943	51	1271690200369	0	0	6a22bd6753848068bc9845239928
user22	947	48	1271690200384	0	0	6a22bd6753848068bc9845239928
user22	949	46	1271690200400	0	0	6a22bd6753848068bc9845239928
user22	956	40	1271690200412	0	0	6a22bd6753848068bc9845239928
user22	959	38	1271690200417	0	0	6a22bd6753848068bc9845239928
user22	966	29	1271690200436	0	0	6a22bd6753848068bc9845239928
user22	970	25	1271690200445	0	0	6a22bd6753848068bc9845239928
user22	971	23	1271690200450	0	0	6a22bd6753848068bc9845239928
user22	977	17	1271690200493	0	0	6a22bd6753848068bc9845239928
user22	979	17	1271690200504	0	0	6a22bd6753848068bc9845239928
user22	983	17	1271690200518	0	0	6a22bd6753848068bc9845239928
user22	988	17	1271690200534	0	0	6a22bd6753848068bc9845239928
user22	993	19	1271690200550	0	0	6a22bd6753848068bc9845239928
user22	1002	25	1271690200565	0	0	6a22bd6753848068bc9845239928
user22	1004	27	1271690200570	0	0	6a22bd6753848068bc9845239928
user22	1006	29	1271690200587	0	0	6a22bd6753848068bc9845239928
user22	1011	37	1271690200594	0	0	6a22bd6753848068bc9845239928
user22	1013	41	1271690200602	0	0	6a22bd6753848068bc9845239928
user22	1016	50	1271690200617	0	0	6a22bd6753848068bc9845239928
user22	1048	125	1271690200698	0	0	6a22bd6753848068bc9845239928
user22	1049	126	1271690200709	0	0	6a22bd6753848068bc9845239928
user22	1049	127	1271690200726	0	0	6a22bd6753848068bc9845239928
user22	1057	121	1271690200771	0	0	6a22bd6753848068bc9845239928
user22	1059	118	1271690200777	0	0	6a22bd6753848068bc9845239928
user22	1061	116	1271690200787	0	0	6a22bd6753848068bc9845239928
user22	1062	113	1271690200803	0	0	6a22bd6753848068bc9845239928
user22	1064	110	1271690200811	0	0	6a22bd6753848068bc9845239928
user22	1065	109	1271690200820	0	0	6a22bd6753848068bc9845239928
user22	1068	107	1271690200835	0	0	6a22bd6753848068bc9845239928
user22	1069	106	1271690200846	0	0	6a22bd6753848068bc9845239928
user22	1071	105	1271690200851	0	0	6a22bd6753848068bc9845239928
user22	1072	104	1271690200860	0	0	6a22bd6753848068bc9845239928
user22	1073	103	1271690200867	0	0	6a22bd6753848068bc9845239928
user22	1074	102	1271690200875	0	0	6a22bd6753848068bc9845239928
user22	1074	101	1271690200882	0	0	6a22bd6753848068bc9845239928
user22	1075	100	1271690200893	0	0	6a22bd6753848068bc9845239928
user22	1076	100	1271690201011	0	0	6a22bd6753848068bc9845239928
user22	1077	99	1271690201017	0	0	6a22bd6753848068bc9845239928
user22	1078	97	1271690201026	0	0	6a22bd6753848068bc9845239928
user22	1079	95	1271690201034	0	0	6a22bd6753848068bc9845239928
user22	1082	93	1271690201138	0	0	6a22bd6753848068bc9845239928
user22	1114	36	1271690201147	0	0	6a22bd6753848068bc9845239928
user22	1119	26	1271690201176	0	0	6a22bd6753848068bc9845239928
user22	1120	24	1271690201185	0	0	6a22bd6753848068bc9845239928
user22	1121	21	1271690201201	0	0	6a22bd6753848068bc9845239928
user22	1122	20	1271690201212	0	0	6a22bd6753848068bc9845239928
user22	1123	18	1271690201229	0	0	6a22bd6753848068bc9845239928
user22	1124	17	1271690201234	0	0	6a22bd6753848068bc9845239928
user22	1125	16	1271690201269	0	0	6a22bd6753848068bc9845239928
user22	1126	14	1271690201273	0	0	6a22bd6753848068bc9845239928
user22	1127	12	1271690201290	0	0	6a22bd6753848068bc9845239928
user22	1128	11	1271690201300	0	0	6a22bd6753848068bc9845239928
user22	1128	10	1271690201306	0	0	6a22bd6753848068bc9845239928
user22	1116	31	1271690202129	0	0	6a22bd6753848068bc9845239928
user22	1100	58	1271690202144	0	0	6a22bd6753848068bc9845239928
user22	1082	88	1271690202166	0	0	6a22bd6753848068bc9845239928
user22	1071	109	1271690202195	0	0	6a22bd6753848068bc9845239928
user22	1049	141	1271690202239	0	0	6a22bd6753848068bc9845239928
user22	898	231	1271690202456	0	0	6a22bd6753848068bc9845239928
user22	895	232	1271690202467	0	0	6a22bd6753848068bc9845239928
user22	893	234	1271690202477	0	0	6a22bd6753848068bc9845239928
user22	891	234	1271690202485	0	0	6a22bd6753848068bc9845239928
user22	891	235	1271690202503	0	0	6a22bd6753848068bc9845239928
user22	890	235	1271690202545	0	0	6a22bd6753848068bc9845239928
user22	889	234	1271690202561	0	0	6a22bd6753848068bc9845239928
user22	885	220	1271690202670	0	0	6a22bd6753848068bc9845239928
user22	886	218	1271690202686	0	0	6a22bd6753848068bc9845239928
user22	887	218	1271690202796	0	0	6a22bd6753848068bc9845239928
user22	888	219	1271690202811	0	0	6a22bd6753848068bc9845239928
user22	890	219	1271690202823	0	0	6a22bd6753848068bc9845239928
user22	892	222	1271690202836	0	0	6a22bd6753848068bc9845239928
user22	893	224	1271690202842	0	0	6a22bd6753848068bc9845239928
user22	894	225	1271690202851	0	0	6a22bd6753848068bc9845239928
user22	894	227	1271690202861	0	0	6a22bd6753848068bc9845239928
user22	895	228	1271690202868	0	0	6a22bd6753848068bc9845239928
user22	896	230	1271690202887	0	0	6a22bd6753848068bc9845239928
user22	896	230	1271690203125	1271690203010	1271690203125	6a22bd6753848068bc9845239928
user22	916	233	1271690205923	0	0	6a22bd6753848068bc9845239928
user22	988	246	1271690205938	0	0	6a22bd6753848068bc9845239928
user22	991	249	1271690205956	0	0	6a22bd6753848068bc9845239928
user22	993	251	1271690205960	0	0	6a22bd6753848068bc9845239928
user22	995	253	1271690205969	0	0	6a22bd6753848068bc9845239928
user22	996	254	1271690205976	0	0	6a22bd6753848068bc9845239928
user22	997	256	1271690205984	0	0	6a22bd6753848068bc9845239928
user22	997	270	1271690206041	0	0	6a22bd6753848068bc9845239928
user22	994	277	1271690206053	0	0	6a22bd6753848068bc9845239928
user22	993	280	1271690206057	0	0	6a22bd6753848068bc9845239928
user22	993	283	1271690206066	0	0	6a22bd6753848068bc9845239928
user22	969	280	1271690206448	0	0	6a22bd6753848068bc9845239928
user22	969	280	1271690206611	1271690206475	1271690206611	6a22bd6753848068bc9845239928
user22	1107	13	1271690231415	0	0	6a22bd6753848068bc9845239928
user22	1100	20	1271690231423	0	0	6a22bd6753848068bc9845239928
user22	1092	28	1271690231431	0	0	6a22bd6753848068bc9845239928
user22	1082	37	1271690231439	0	0	6a22bd6753848068bc9845239928
user22	1074	45	1271690231447	0	0	6a22bd6753848068bc9845239928
user22	1065	54	1271690231455	0	0	6a22bd6753848068bc9845239928
user22	1055	63	1271690231463	0	0	6a22bd6753848068bc9845239928
user22	1045	71	1271690231471	0	0	6a22bd6753848068bc9845239928
user22	1034	79	1271690231479	0	0	6a22bd6753848068bc9845239928
user22	1023	87	1271690231487	0	0	6a22bd6753848068bc9845239928
user22	1013	95	1271690231495	0	0	6a22bd6753848068bc9845239928
user22	1003	103	1271690231503	0	0	6a22bd6753848068bc9845239928
user22	994	111	1271690231511	0	0	6a22bd6753848068bc9845239928
user22	985	119	1271690231519	0	0	6a22bd6753848068bc9845239928
user22	975	126	1271690231527	0	0	6a22bd6753848068bc9845239928
user22	966	135	1271690231535	0	0	6a22bd6753848068bc9845239928
user22	958	144	1271690231543	0	0	6a22bd6753848068bc9845239928
user22	951	152	1271690231551	0	0	6a22bd6753848068bc9845239928
user22	944	161	1271690231559	0	0	6a22bd6753848068bc9845239928
user22	938	169	1271690231567	0	0	6a22bd6753848068bc9845239928
user22	931	177	1271690231575	0	0	6a22bd6753848068bc9845239928
user22	924	185	1271690231583	0	0	6a22bd6753848068bc9845239928
user22	918	193	1271690231591	0	0	6a22bd6753848068bc9845239928
user22	913	200	1271690231599	0	0	6a22bd6753848068bc9845239928
user22	908	205	1271690231607	0	0	6a22bd6753848068bc9845239928
user22	904	211	1271690231615	0	0	6a22bd6753848068bc9845239928
user22	898	215	1271690231623	0	0	6a22bd6753848068bc9845239928
user22	893	220	1271690231631	0	0	6a22bd6753848068bc9845239928
user22	888	224	1271690231639	0	0	6a22bd6753848068bc9845239928
user22	882	227	1271690231647	0	0	6a22bd6753848068bc9845239928
user22	875	231	1271690231655	0	0	6a22bd6753848068bc9845239928
user22	868	234	1271690231663	0	0	6a22bd6753848068bc9845239928
user22	861	239	1271690231671	0	0	6a22bd6753848068bc9845239928
user22	853	243	1271690231679	0	0	6a22bd6753848068bc9845239928
user22	844	248	1271690231687	0	0	6a22bd6753848068bc9845239928
user22	835	252	1271690231695	0	0	6a22bd6753848068bc9845239928
user22	827	254	1271690231703	0	0	6a22bd6753848068bc9845239928
user22	827	255	1271690232671	0	0	6a22bd6753848068bc9845239928
user22	826	255	1271690232679	0	0	6a22bd6753848068bc9845239928
user22	825	255	1271690232711	0	0	6a22bd6753848068bc9845239928
user22	825	254	1271690232719	0	0	6a22bd6753848068bc9845239928
user22	824	254	1271690232751	0	0	6a22bd6753848068bc9845239928
user22	823	254	1271690232775	0	0	6a22bd6753848068bc9845239928
user22	822	254	1271690232783	0	0	6a22bd6753848068bc9845239928
user22	821	254	1271690232791	0	0	6a22bd6753848068bc9845239928
user22	820	254	1271690232799	0	0	6a22bd6753848068bc9845239928
user22	819	254	1271690232807	0	0	6a22bd6753848068bc9845239928
user22	817	254	1271690232815	0	0	6a22bd6753848068bc9845239928
user22	815	254	1271690232823	0	0	6a22bd6753848068bc9845239928
user22	802	256	1271690232933	0	0	6a22bd6753848068bc9845239928
user22	801	256	1271690233943	0	0	6a22bd6753848068bc9845239928
user22	800	256	1271690234519	0	0	6a22bd6753848068bc9845239928
user22	800	257	1271690234527	0	0	6a22bd6753848068bc9845239928
user22	799	257	1271690234535	0	0	6a22bd6753848068bc9845239928
user22	798	257	1271690234575	0	0	6a22bd6753848068bc9845239928
user22	797	257	1271690235679	0	0	6a22bd6753848068bc9845239928
user22	796	257	1271690235719	0	0	6a22bd6753848068bc9845239928
user22	795	257	1271690236815	0	0	6a22bd6753848068bc9845239928
user22	794	256	1271690236823	0	0	6a22bd6753848068bc9845239928
user22	793	256	1271690236847	0	0	6a22bd6753848068bc9845239928
user22	793	255	1271690236855	0	0	6a22bd6753848068bc9845239928
user22	792	255	1271690236863	0	0	6a22bd6753848068bc9845239928
user22	791	255	1271690236871	0	0	6a22bd6753848068bc9845239928
user22	790	255	1271690236879	0	0	6a22bd6753848068bc9845239928
user22	787	254	1271690236887	0	0	6a22bd6753848068bc9845239928
user22	783	254	1271690236895	0	0	6a22bd6753848068bc9845239928
user22	778	254	1271690236903	0	0	6a22bd6753848068bc9845239928
user22	771	253	1271690236911	0	0	6a22bd6753848068bc9845239928
user22	760	251	1271690236919	0	0	6a22bd6753848068bc9845239928
user22	746	247	1271690236927	0	0	6a22bd6753848068bc9845239928
user22	731	243	1271690236935	0	0	6a22bd6753848068bc9845239928
user22	716	238	1271690236943	0	0	6a22bd6753848068bc9845239928
user22	700	233	1271690236951	0	0	6a22bd6753848068bc9845239928
user22	684	228	1271690236959	0	0	6a22bd6753848068bc9845239928
user22	669	221	1271690236967	0	0	6a22bd6753848068bc9845239928
user22	652	213	1271690236975	0	0	6a22bd6753848068bc9845239928
user22	634	205	1271690236983	0	0	6a22bd6753848068bc9845239928
user22	615	196	1271690236991	0	0	6a22bd6753848068bc9845239928
user22	596	187	1271690236999	0	0	6a22bd6753848068bc9845239928
user22	581	178	1271690237007	0	0	6a22bd6753848068bc9845239928
user22	564	169	1271690237015	0	0	6a22bd6753848068bc9845239928
user22	546	160	1271690237023	0	0	6a22bd6753848068bc9845239928
user22	529	149	1271690237031	0	0	6a22bd6753848068bc9845239928
user22	512	140	1271690237039	0	0	6a22bd6753848068bc9845239928
user22	495	132	1271690237047	0	0	6a22bd6753848068bc9845239928
user22	479	123	1271690237055	0	0	6a22bd6753848068bc9845239928
user22	468	114	1271690237063	0	0	6a22bd6753848068bc9845239928
user22	458	106	1271690237071	0	0	6a22bd6753848068bc9845239928
user22	449	98	1271690237079	0	0	6a22bd6753848068bc9845239928
user22	441	90	1271690237087	0	0	6a22bd6753848068bc9845239928
user22	437	84	1271690237095	0	0	6a22bd6753848068bc9845239928
user22	433	79	1271690237103	0	0	6a22bd6753848068bc9845239928
user22	429	74	1271690237111	0	0	6a22bd6753848068bc9845239928
user22	427	70	1271690237119	0	0	6a22bd6753848068bc9845239928
user22	426	69	1271690237127	0	0	6a22bd6753848068bc9845239928
user22	425	69	1271690237135	0	0	6a22bd6753848068bc9845239928
user22	424	68	1271690237143	0	0	6a22bd6753848068bc9845239928
user22	425	67	1271690237255	0	0	6a22bd6753848068bc9845239928
user22	426	66	1271690237263	0	0	6a22bd6753848068bc9845239928
user22	427	66	1271690237271	0	0	6a22bd6753848068bc9845239928
user22	428	65	1271690237279	0	0	6a22bd6753848068bc9845239928
user22	430	65	1271690237287	0	0	6a22bd6753848068bc9845239928
user22	432	64	1271690237295	0	0	6a22bd6753848068bc9845239928
user22	434	63	1271690237303	0	0	6a22bd6753848068bc9845239928
user22	436	62	1271690237311	0	0	6a22bd6753848068bc9845239928
user22	438	62	1271690237319	0	0	6a22bd6753848068bc9845239928
user22	440	61	1271690237327	0	0	6a22bd6753848068bc9845239928
user22	442	61	1271690237335	0	0	6a22bd6753848068bc9845239928
user22	444	60	1271690237343	0	0	6a22bd6753848068bc9845239928
user22	446	60	1271690237351	0	0	6a22bd6753848068bc9845239928
user22	448	59	1271690237359	0	0	6a22bd6753848068bc9845239928
user22	450	59	1271690237367	0	0	6a22bd6753848068bc9845239928
user22	452	59	1271690237375	0	0	6a22bd6753848068bc9845239928
user22	454	58	1271690237383	0	0	6a22bd6753848068bc9845239928
user22	456	58	1271690237391	0	0	6a22bd6753848068bc9845239928
user22	458	58	1271690237399	0	0	6a22bd6753848068bc9845239928
user22	460	58	1271690237407	0	0	6a22bd6753848068bc9845239928
user22	462	58	1271690237416	0	0	6a22bd6753848068bc9845239928
user22	463	58	1271690237423	0	0	6a22bd6753848068bc9845239928
user22	465	58	1271690237431	0	0	6a22bd6753848068bc9845239928
user22	466	58	1271690237439	0	0	6a22bd6753848068bc9845239928
user22	467	58	1271690237447	0	0	6a22bd6753848068bc9845239928
user22	468	58	1271690237455	0	0	6a22bd6753848068bc9845239928
user22	469	58	1271690237479	0	0	6a22bd6753848068bc9845239928
user22	470	58	1271690237495	0	0	6a22bd6753848068bc9845239928
user22	471	58	1271690237519	0	0	6a22bd6753848068bc9845239928
user22	472	58	1271690237535	0	0	6a22bd6753848068bc9845239928
user22	472	57	1271690237543	0	0	6a22bd6753848068bc9845239928
user22	473	57	1271690237551	0	0	6a22bd6753848068bc9845239928
user22	474	57	1271690237559	0	0	6a22bd6753848068bc9845239928
user22	475	57	1271690237567	0	0	6a22bd6753848068bc9845239928
user22	476	56	1271690237583	0	0	6a22bd6753848068bc9845239928
user22	477	56	1271690237598	0	0	6a22bd6753848068bc9845239928
user22	477	55	1271690237607	0	0	6a22bd6753848068bc9845239928
user22	478	55	1271690237615	0	0	6a22bd6753848068bc9845239928
user22	479	55	1271690237623	0	0	6a22bd6753848068bc9845239928
user22	480	55	1271690237639	0	0	6a22bd6753848068bc9845239928
user22	481	55	1271690237647	0	0	6a22bd6753848068bc9845239928
user22	482	54	1271690237656	0	0	6a22bd6753848068bc9845239928
user22	483	54	1271690237671	0	0	6a22bd6753848068bc9845239928
user22	484	54	1271690237679	0	0	6a22bd6753848068bc9845239928
user22	485	53	1271690237695	0	0	6a22bd6753848068bc9845239928
user22	486	53	1271690237719	0	0	6a22bd6753848068bc9845239928
user22	486	53	1271690238023	1271690237872	1271690238023	6a22bd6753848068bc9845239928
user22	617	153	1271690241759	0	0	6a22bd6753848068bc9845239928
user22	618	153	1271690242127	0	0	6a22bd6753848068bc9845239928
user22	619	153	1271690242134	0	0	6a22bd6753848068bc9845239928
user22	619	154	1271690242142	0	0	6a22bd6753848068bc9845239928
user22	620	154	1271690242166	0	0	6a22bd6753848068bc9845239928
user22	621	154	1271690242182	0	0	6a22bd6753848068bc9845239928
user22	622	154	1271690242190	0	0	6a22bd6753848068bc9845239928
user22	622	155	1271690242198	0	0	6a22bd6753848068bc9845239928
user22	623	155	1271690242206	0	0	6a22bd6753848068bc9845239928
user22	624	155	1271690242214	0	0	6a22bd6753848068bc9845239928
user22	625	155	1271690242238	0	0	6a22bd6753848068bc9845239928
user22	625	156	1271690242255	0	0	6a22bd6753848068bc9845239928
user22	625	157	1271690242311	0	0	6a22bd6753848068bc9845239928
user22	625	158	1271690242318	0	0	6a22bd6753848068bc9845239928
user22	625	160	1271690242326	0	0	6a22bd6753848068bc9845239928
user22	625	162	1271690242334	0	0	6a22bd6753848068bc9845239928
user22	624	163	1271690242342	0	0	6a22bd6753848068bc9845239928
user22	624	165	1271690242350	0	0	6a22bd6753848068bc9845239928
user22	624	166	1271690242358	0	0	6a22bd6753848068bc9845239928
user22	623	167	1271690242366	0	0	6a22bd6753848068bc9845239928
user22	623	169	1271690242374	0	0	6a22bd6753848068bc9845239928
user22	622	170	1271690242382	0	0	6a22bd6753848068bc9845239928
user22	622	171	1271690242390	0	0	6a22bd6753848068bc9845239928
user22	621	172	1271690242398	0	0	6a22bd6753848068bc9845239928
user22	620	173	1271690242406	0	0	6a22bd6753848068bc9845239928
user22	619	174	1271690242414	0	0	6a22bd6753848068bc9845239928
user22	618	175	1271690242422	0	0	6a22bd6753848068bc9845239928
user22	618	176	1271690242430	0	0	6a22bd6753848068bc9845239928
user22	617	176	1271690242447	0	0	6a22bd6753848068bc9845239928
user22	616	176	1271690242663	0	0	6a22bd6753848068bc9845239928
user22	615	175	1271690242670	0	0	6a22bd6753848068bc9845239928
user22	614	175	1271690242686	0	0	6a22bd6753848068bc9845239928
user22	614	174	1271690242711	0	0	6a22bd6753848068bc9845239928
user22	614	174	1271690242943	1271690242807	1271690242943	6a22bd6753848068bc9845239928
user22	612	174	1271690244743	0	0	6a22bd6753848068bc9845239928
user22	611	173	1271690244750	0	0	6a22bd6753848068bc9845239928
user22	610	173	1271690244758	0	0	6a22bd6753848068bc9845239928
user22	609	173	1271690244766	0	0	6a22bd6753848068bc9845239928
user22	608	173	1271690244782	0	0	6a22bd6753848068bc9845239928
user22	607	173	1271690244790	0	0	6a22bd6753848068bc9845239928
user22	606	173	1271690244814	0	0	6a22bd6753848068bc9845239928
user22	606	172	1271690245606	0	0	6a22bd6753848068bc9845239928
user22	607	172	1271690246046	0	0	6a22bd6753848068bc9845239928
user22	608	172	1271690246350	0	0	6a22bd6753848068bc9845239928
user22	609	172	1271690246478	0	0	6a22bd6753848068bc9845239928
user22	610	172	1271690246518	0	0	6a22bd6753848068bc9845239928
user22	611	172	1271690246606	0	0	6a22bd6753848068bc9845239928
user22	612	172	1271690246920	0	0	6a22bd6753848068bc9845239928
user22	612	171	1271690246951	0	0	6a22bd6753848068bc9845239928
user22	613	171	1271690246984	0	0	6a22bd6753848068bc9845239928
user22	614	171	1271690247470	0	0	6a22bd6753848068bc9845239928
user22	615	171	1271690247502	0	0	6a22bd6753848068bc9845239928
user22	614	171	1271690248215	0	0	6a22bd6753848068bc9845239928
user22	614	171	1271690248471	1271690248327	1271690248471	6a22bd6753848068bc9845239928
user22	613	170	1271690249911	0	0	6a22bd6753848068bc9845239928
user22	612	170	1271690249926	0	0	6a22bd6753848068bc9845239928
user22	612	169	1271690249950	0	0	6a22bd6753848068bc9845239928
user22	611	169	1271690249958	0	0	6a22bd6753848068bc9845239928
user22	610	169	1271690249998	0	0	6a22bd6753848068bc9845239928
user22	610	168	1271690250070	0	0	6a22bd6753848068bc9845239928
user22	610	168	1271690250327	1271690250159	1271690250327	6a22bd6753848068bc9845239928
user22	611	168	1271690253646	0	0	6a22bd6753848068bc9845239928
user22	611	169	1271690253678	0	0	6a22bd6753848068bc9845239928
user22	612	169	1271690253702	0	0	6a22bd6753848068bc9845239928
user22	612	169	1271690254150	1271690253999	1271690254150	6a22bd6753848068bc9845239928
user22	612	169	1271690255606	1271690255208	1271690255606	6a22bd6753848068bc9845239928
user22	612	169	1271690256511	1271690256367	1271690256511	6a22bd6753848068bc9845239928
user22	613	169	1271690256990	0	0	6a22bd6753848068bc9845239928
user22	614	169	1271690257022	0	0	6a22bd6753848068bc9845239928
user22	616	169	1271690257030	0	0	6a22bd6753848068bc9845239928
user22	618	169	1271690257038	0	0	6a22bd6753848068bc9845239928
user22	620	169	1271690257046	0	0	6a22bd6753848068bc9845239928
user22	622	169	1271690257054	0	0	6a22bd6753848068bc9845239928
user22	624	168	1271690257062	0	0	6a22bd6753848068bc9845239928
user22	626	168	1271690257070	0	0	6a22bd6753848068bc9845239928
user22	627	168	1271690257078	0	0	6a22bd6753848068bc9845239928
user22	629	168	1271690257086	0	0	6a22bd6753848068bc9845239928
user22	630	168	1271690257094	0	0	6a22bd6753848068bc9845239928
user22	632	168	1271690257102	0	0	6a22bd6753848068bc9845239928
user22	633	168	1271690257110	0	0	6a22bd6753848068bc9845239928
user22	634	167	1271690257118	0	0	6a22bd6753848068bc9845239928
user22	635	167	1271690257126	0	0	6a22bd6753848068bc9845239928
user22	636	167	1271690257134	0	0	6a22bd6753848068bc9845239928
user22	637	167	1271690257150	0	0	6a22bd6753848068bc9845239928
user22	638	167	1271690257158	0	0	6a22bd6753848068bc9845239928
user22	639	167	1271690257166	0	0	6a22bd6753848068bc9845239928
user22	640	167	1271690257182	0	0	6a22bd6753848068bc9845239928
user22	641	167	1271690257190	0	0	6a22bd6753848068bc9845239928
user22	642	167	1271690257198	0	0	6a22bd6753848068bc9845239928
user22	643	167	1271690257206	0	0	6a22bd6753848068bc9845239928
user22	644	167	1271690257214	0	0	6a22bd6753848068bc9845239928
user22	645	167	1271690257222	0	0	6a22bd6753848068bc9845239928
user22	646	166	1271690257230	0	0	6a22bd6753848068bc9845239928
user22	647	166	1271690257238	0	0	6a22bd6753848068bc9845239928
user22	648	166	1271690257246	0	0	6a22bd6753848068bc9845239928
user22	649	166	1271690257254	0	0	6a22bd6753848068bc9845239928
user22	650	166	1271690257262	0	0	6a22bd6753848068bc9845239928
user22	651	166	1271690257270	0	0	6a22bd6753848068bc9845239928
user22	653	166	1271690257278	0	0	6a22bd6753848068bc9845239928
user22	654	166	1271690257286	0	0	6a22bd6753848068bc9845239928
user22	655	166	1271690257294	0	0	6a22bd6753848068bc9845239928
user22	657	165	1271690257302	0	0	6a22bd6753848068bc9845239928
user22	658	165	1271690257310	0	0	6a22bd6753848068bc9845239928
user22	659	165	1271690257318	0	0	6a22bd6753848068bc9845239928
user22	660	165	1271690257326	0	0	6a22bd6753848068bc9845239928
user22	661	165	1271690257334	0	0	6a22bd6753848068bc9845239928
user22	662	165	1271690257342	0	0	6a22bd6753848068bc9845239928
user22	663	165	1271690257350	0	0	6a22bd6753848068bc9845239928
user22	664	165	1271690257358	0	0	6a22bd6753848068bc9845239928
user22	665	165	1271690257374	0	0	6a22bd6753848068bc9845239928
user22	666	165	1271690257382	0	0	6a22bd6753848068bc9845239928
user22	667	165	1271690257406	0	0	6a22bd6753848068bc9845239928
user22	667	165	1271690257639	1271690257481	1271690257639	6a22bd6753848068bc9845239928
user22	666	165	1271690259622	0	0	6a22bd6753848068bc9845239928
user22	665	165	1271690259654	0	0	6a22bd6753848068bc9845239928
user22	664	165	1271690259662	0	0	6a22bd6753848068bc9845239928
user22	663	166	1271690259678	0	0	6a22bd6753848068bc9845239928
user22	662	166	1271690259694	0	0	6a22bd6753848068bc9845239928
user22	661	166	1271690259718	0	0	6a22bd6753848068bc9845239928
user22	660	166	1271690259750	0	0	6a22bd6753848068bc9845239928
user22	659	166	1271690259782	0	0	6a22bd6753848068bc9845239928
user22	658	166	1271690259806	0	0	6a22bd6753848068bc9845239928
user22	657	166	1271690259814	0	0	6a22bd6753848068bc9845239928
user22	656	166	1271690259822	0	0	6a22bd6753848068bc9845239928
user22	656	167	1271690259830	0	0	6a22bd6753848068bc9845239928
user22	655	167	1271690259838	0	0	6a22bd6753848068bc9845239928
user22	654	167	1271690259854	0	0	6a22bd6753848068bc9845239928
user22	653	167	1271690259862	0	0	6a22bd6753848068bc9845239928
user22	652	167	1271690259878	0	0	6a22bd6753848068bc9845239928
user22	651	167	1271690259894	0	0	6a22bd6753848068bc9845239928
user22	650	167	1271690259910	0	0	6a22bd6753848068bc9845239928
user22	649	167	1271690259926	0	0	6a22bd6753848068bc9845239928
user22	648	167	1271690259934	0	0	6a22bd6753848068bc9845239928
user22	647	167	1271690259958	0	0	6a22bd6753848068bc9845239928
user22	646	167	1271690259982	0	0	6a22bd6753848068bc9845239928
user22	645	167	1271690260030	0	0	6a22bd6753848068bc9845239928
user22	644	167	1271690260070	0	0	6a22bd6753848068bc9845239928
user22	643	167	1271690260102	0	0	6a22bd6753848068bc9845239928
user22	642	167	1271690260126	0	0	6a22bd6753848068bc9845239928
user22	641	167	1271690260142	0	0	6a22bd6753848068bc9845239928
user22	640	167	1271690260166	0	0	6a22bd6753848068bc9845239928
user22	639	167	1271690260182	0	0	6a22bd6753848068bc9845239928
user22	638	167	1271690260198	0	0	6a22bd6753848068bc9845239928
user22	637	167	1271690260214	0	0	6a22bd6753848068bc9845239928
user22	636	167	1271690260230	0	0	6a22bd6753848068bc9845239928
user22	635	167	1271690260246	0	0	6a22bd6753848068bc9845239928
user22	635	168	1271690260254	0	0	6a22bd6753848068bc9845239928
user22	634	168	1271690260262	0	0	6a22bd6753848068bc9845239928
user22	633	168	1271690260278	0	0	6a22bd6753848068bc9845239928
user22	632	168	1271690260302	0	0	6a22bd6753848068bc9845239928
user22	631	168	1271690260318	0	0	6a22bd6753848068bc9845239928
user22	630	168	1271690260334	0	0	6a22bd6753848068bc9845239928
user22	629	168	1271690260350	0	0	6a22bd6753848068bc9845239928
user22	628	168	1271690260358	0	0	6a22bd6753848068bc9845239928
user22	627	168	1271690260366	0	0	6a22bd6753848068bc9845239928
user22	626	168	1271690260382	0	0	6a22bd6753848068bc9845239928
user22	625	168	1271690260390	0	0	6a22bd6753848068bc9845239928
user22	624	168	1271690260398	0	0	6a22bd6753848068bc9845239928
user22	623	168	1271690260406	0	0	6a22bd6753848068bc9845239928
user22	622	168	1271690260414	0	0	6a22bd6753848068bc9845239928
user22	621	168	1271690260422	0	0	6a22bd6753848068bc9845239928
user22	620	168	1271690260438	0	0	6a22bd6753848068bc9845239928
user22	619	168	1271690260446	0	0	6a22bd6753848068bc9845239928
user22	618	168	1271690260454	0	0	6a22bd6753848068bc9845239928
user22	617	168	1271690260462	0	0	6a22bd6753848068bc9845239928
user22	616	168	1271690260470	0	0	6a22bd6753848068bc9845239928
user22	614	168	1271690260486	0	0	6a22bd6753848068bc9845239928
user22	613	168	1271690260502	0	0	6a22bd6753848068bc9845239928
user22	611	168	1271690260510	0	0	6a22bd6753848068bc9845239928
user22	610	168	1271690260518	0	0	6a22bd6753848068bc9845239928
user22	609	168	1271690260526	0	0	6a22bd6753848068bc9845239928
user22	607	168	1271690260534	0	0	6a22bd6753848068bc9845239928
user22	606	168	1271690260542	0	0	6a22bd6753848068bc9845239928
user22	604	168	1271690260550	0	0	6a22bd6753848068bc9845239928
user22	603	168	1271690260558	0	0	6a22bd6753848068bc9845239928
user22	602	168	1271690260566	0	0	6a22bd6753848068bc9845239928
user22	601	168	1271690260574	0	0	6a22bd6753848068bc9845239928
user22	600	168	1271690260582	0	0	6a22bd6753848068bc9845239928
user22	599	169	1271690260598	0	0	6a22bd6753848068bc9845239928
user22	598	169	1271690260614	0	0	6a22bd6753848068bc9845239928
user22	597	169	1271690260646	0	0	6a22bd6753848068bc9845239928
user22	596	169	1271690260918	0	0	6a22bd6753848068bc9845239928
user22	595	169	1271690260958	0	0	6a22bd6753848068bc9845239928
user22	594	169	1271690261014	0	0	6a22bd6753848068bc9845239928
user22	593	169	1271690261054	0	0	6a22bd6753848068bc9845239928
user22	592	169	1271690261086	0	0	6a22bd6753848068bc9845239928
user22	591	169	1271690261110	0	0	6a22bd6753848068bc9845239928
user22	590	169	1271690261134	0	0	6a22bd6753848068bc9845239928
user22	589	169	1271690261158	0	0	6a22bd6753848068bc9845239928
user22	588	169	1271690261182	0	0	6a22bd6753848068bc9845239928
user22	587	169	1271690261214	0	0	6a22bd6753848068bc9845239928
user22	586	169	1271690261246	0	0	6a22bd6753848068bc9845239928
user22	586	170	1271690261254	0	0	6a22bd6753848068bc9845239928
user22	585	170	1271690261286	0	0	6a22bd6753848068bc9845239928
user22	584	170	1271690261326	0	0	6a22bd6753848068bc9845239928
user22	583	170	1271690261414	0	0	6a22bd6753848068bc9845239928
user22	582	170	1271690261486	0	0	6a22bd6753848068bc9845239928
user22	582	171	1271690261518	0	0	6a22bd6753848068bc9845239928
user22	581	171	1271690261526	0	0	6a22bd6753848068bc9845239928
user22	582	171	1271690261894	0	0	6a22bd6753848068bc9845239928
user22	583	171	1271690261942	0	0	6a22bd6753848068bc9845239928
user22	584	171	1271690261982	0	0	6a22bd6753848068bc9845239928
user22	585	171	1271690262006	0	0	6a22bd6753848068bc9845239928
user22	586	171	1271690262030	0	0	6a22bd6753848068bc9845239928
user22	587	171	1271690262062	0	0	6a22bd6753848068bc9845239928
user22	588	171	1271690262094	0	0	6a22bd6753848068bc9845239928
user22	589	171	1271690262118	0	0	6a22bd6753848068bc9845239928
user22	590	171	1271690262158	0	0	6a22bd6753848068bc9845239928
user22	591	171	1271690262206	0	0	6a22bd6753848068bc9845239928
user22	591	170	1271690262230	0	0	6a22bd6753848068bc9845239928
user22	592	170	1271690262286	0	0	6a22bd6753848068bc9845239928
user22	593	170	1271690262406	0	0	6a22bd6753848068bc9845239928
user22	594	170	1271690262454	0	0	6a22bd6753848068bc9845239928
user22	595	171	1271690262502	0	0	6a22bd6753848068bc9845239928
user22	596	171	1271690262574	0	0	6a22bd6753848068bc9845239928
user22	597	171	1271690262670	0	0	6a22bd6753848068bc9845239928
user22	597	172	1271690262726	0	0	6a22bd6753848068bc9845239928
user22	597	172	1271690263310	1271690263103	1271690263310	6a22bd6753848068bc9845239928
user22	604	157	1271690266103	0	0	6a22bd6753848068bc9845239928
user22	605	156	1271690266115	0	0	6a22bd6753848068bc9845239928
user22	606	155	1271690266131	0	0	6a22bd6753848068bc9845239928
user22	607	153	1271690266150	0	0	6a22bd6753848068bc9845239928
user22	608	152	1271690266158	0	0	6a22bd6753848068bc9845239928
user22	611	149	1271690266193	0	0	6a22bd6753848068bc9845239928
user22	611	148	1271690266200	0	0	6a22bd6753848068bc9845239928
user22	612	147	1271690266206	0	0	6a22bd6753848068bc9845239928
user22	612	146	1271690266222	0	0	6a22bd6753848068bc9845239928
user22	613	146	1271690266229	0	0	6a22bd6753848068bc9845239928
user22	613	145	1271690266246	0	0	6a22bd6753848068bc9845239928
user22	614	145	1271690266310	0	0	6a22bd6753848068bc9845239928
user22	614	144	1271690266342	0	0	6a22bd6753848068bc9845239928
user22	614	145	1271690266686	0	0	6a22bd6753848068bc9845239928
user22	614	146	1271690266693	0	0	6a22bd6753848068bc9845239928
user22	614	147	1271690266709	0	0	6a22bd6753848068bc9845239928
user22	614	148	1271690266726	0	0	6a22bd6753848068bc9845239928
user22	614	149	1271690266766	0	0	6a22bd6753848068bc9845239928
user22	614	150	1271690266838	0	0	6a22bd6753848068bc9845239928
user22	614	151	1271690266862	0	0	6a22bd6753848068bc9845239928
user22	614	152	1271690266878	0	0	6a22bd6753848068bc9845239928
user22	614	153	1271690266885	0	0	6a22bd6753848068bc9845239928
user22	614	154	1271690266901	0	0	6a22bd6753848068bc9845239928
user22	614	155	1271690266909	0	0	6a22bd6753848068bc9845239928
user22	614	156	1271690266918	0	0	6a22bd6753848068bc9845239928
user22	614	157	1271690266934	0	0	6a22bd6753848068bc9845239928
user22	614	158	1271690266941	0	0	6a22bd6753848068bc9845239928
user22	614	159	1271690266957	0	0	6a22bd6753848068bc9845239928
user22	614	160	1271690266990	0	0	6a22bd6753848068bc9845239928
user22	614	160	1271690267278	1271690267111	1271690267278	6a22bd6753848068bc9845239928
user22	614	160	1271690269694	1271690269559	1271690269694	6a22bd6753848068bc9845239928
user22	614	160	1271690271438	1271690271271	1271690271438	6a22bd6753848068bc9845239928
user22	614	160	1271690272790	1271690272582	1271690272790	6a22bd6753848068bc9845239928
user22	613	161	1271690273830	0	0	6a22bd6753848068bc9845239928
user22	612	165	1271690273837	0	0	6a22bd6753848068bc9845239928
user22	608	173	1271690273845	0	0	6a22bd6753848068bc9845239928
user22	602	179	1271690273853	0	0	6a22bd6753848068bc9845239928
user22	598	184	1271690273861	0	0	6a22bd6753848068bc9845239928
user22	595	190	1271690273869	0	0	6a22bd6753848068bc9845239928
user22	593	193	1271690273877	0	0	6a22bd6753848068bc9845239928
user22	592	195	1271690273885	0	0	6a22bd6753848068bc9845239928
user22	590	197	1271690273893	0	0	6a22bd6753848068bc9845239928
user22	589	200	1271690273906	0	0	6a22bd6753848068bc9845239928
user22	587	205	1271690273909	0	0	6a22bd6753848068bc9845239928
user22	583	209	1271690273917	0	0	6a22bd6753848068bc9845239928
user22	580	214	1271690273925	0	0	6a22bd6753848068bc9845239928
user22	578	219	1271690273933	0	0	6a22bd6753848068bc9845239928
user22	576	224	1271690273941	0	0	6a22bd6753848068bc9845239928
user22	574	230	1271690273949	0	0	6a22bd6753848068bc9845239928
user22	572	239	1271690273957	0	0	6a22bd6753848068bc9845239928
user22	568	249	1271690273965	0	0	6a22bd6753848068bc9845239928
user22	565	260	1271690273973	0	0	6a22bd6753848068bc9845239928
user22	560	271	1271690273981	0	0	6a22bd6753848068bc9845239928
user22	554	279	1271690273989	0	0	6a22bd6753848068bc9845239928
user22	549	286	1271690273997	0	0	6a22bd6753848068bc9845239928
user22	544	292	1271690274006	0	0	6a22bd6753848068bc9845239928
user22	540	299	1271690274013	0	0	6a22bd6753848068bc9845239928
user22	534	306	1271690274021	0	0	6a22bd6753848068bc9845239928
user22	530	315	1271690274029	0	0	6a22bd6753848068bc9845239928
user22	525	324	1271690274037	0	0	6a22bd6753848068bc9845239928
user22	520	331	1271690274045	0	0	6a22bd6753848068bc9845239928
user22	517	335	1271690274053	0	0	6a22bd6753848068bc9845239928
user22	517	337	1271690274061	0	0	6a22bd6753848068bc9845239928
user22	516	338	1271690274069	0	0	6a22bd6753848068bc9845239928
user22	515	338	1271690274148	0	0	6a22bd6753848068bc9845239928
user22	515	793	1271690274381	0	0	6a22bd6753848068bc9845239928
user22	516	850	1271690274421	0	0	6a22bd6753848068bc9845239928
user22	516	849	1271690274470	0	0	6a22bd6753848068bc9845239928
user22	516	848	1271690274477	0	0	6a22bd6753848068bc9845239928
user22	516	847	1271690274488	0	0	6a22bd6753848068bc9845239928
user22	517	847	1271690274493	0	0	6a22bd6753848068bc9845239928
user22	517	846	1271690274502	0	0	6a22bd6753848068bc9845239928
user22	518	845	1271690274558	0	0	6a22bd6753848068bc9845239928
user22	517	788	1271690278848	0	0	6a22bd6753848068bc9845239928
user22	516	389	1271690278968	0	0	6a22bd6753848068bc9845239928
user22	516	331	1271690279549	0	0	6a22bd6753848068bc9845239928
user22	516	330	1271690279565	0	0	6a22bd6753848068bc9845239928
user22	518	328	1271690279573	0	0	6a22bd6753848068bc9845239928
user22	519	324	1271690279581	0	0	6a22bd6753848068bc9845239928
user22	521	321	1271690279589	0	0	6a22bd6753848068bc9845239928
user22	522	318	1271690279597	0	0	6a22bd6753848068bc9845239928
user22	522	317	1271690279605	0	0	6a22bd6753848068bc9845239928
user22	523	315	1271690279613	0	0	6a22bd6753848068bc9845239928
user22	523	314	1271690279621	0	0	6a22bd6753848068bc9845239928
user22	524	313	1271690279629	0	0	6a22bd6753848068bc9845239928
user22	524	311	1271690279637	0	0	6a22bd6753848068bc9845239928
user22	525	309	1271690279645	0	0	6a22bd6753848068bc9845239928
user22	525	307	1271690279653	0	0	6a22bd6753848068bc9845239928
user22	526	305	1271690279661	0	0	6a22bd6753848068bc9845239928
user22	527	303	1271690279669	0	0	6a22bd6753848068bc9845239928
user22	528	300	1271690279677	0	0	6a22bd6753848068bc9845239928
user22	530	297	1271690279685	0	0	6a22bd6753848068bc9845239928
user22	532	292	1271690279693	0	0	6a22bd6753848068bc9845239928
user22	535	285	1271690279701	0	0	6a22bd6753848068bc9845239928
user22	537	280	1271690279709	0	0	6a22bd6753848068bc9845239928
user22	538	275	1271690279717	0	0	6a22bd6753848068bc9845239928
user22	538	271	1271690279725	0	0	6a22bd6753848068bc9845239928
user22	539	269	1271690279733	0	0	6a22bd6753848068bc9845239928
user22	539	267	1271690279741	0	0	6a22bd6753848068bc9845239928
user22	540	266	1271690279749	0	0	6a22bd6753848068bc9845239928
user22	540	264	1271690279757	0	0	6a22bd6753848068bc9845239928
user22	541	263	1271690279765	0	0	6a22bd6753848068bc9845239928
user22	541	262	1271690279773	0	0	6a22bd6753848068bc9845239928
user22	542	260	1271690279781	0	0	6a22bd6753848068bc9845239928
user22	543	259	1271690279789	0	0	6a22bd6753848068bc9845239928
user22	543	257	1271690279797	0	0	6a22bd6753848068bc9845239928
user22	544	256	1271690279805	0	0	6a22bd6753848068bc9845239928
user22	545	255	1271690279813	0	0	6a22bd6753848068bc9845239928
user22	546	253	1271690279821	0	0	6a22bd6753848068bc9845239928
user22	547	252	1271690279829	0	0	6a22bd6753848068bc9845239928
user22	548	250	1271690279837	0	0	6a22bd6753848068bc9845239928
user22	549	248	1271690279845	0	0	6a22bd6753848068bc9845239928
user22	550	246	1271690279853	0	0	6a22bd6753848068bc9845239928
user22	551	244	1271690279861	0	0	6a22bd6753848068bc9845239928
user22	552	242	1271690279869	0	0	6a22bd6753848068bc9845239928
user22	554	239	1271690279877	0	0	6a22bd6753848068bc9845239928
user22	556	237	1271690279885	0	0	6a22bd6753848068bc9845239928
user22	558	235	1271690279893	0	0	6a22bd6753848068bc9845239928
user22	560	232	1271690279901	0	0	6a22bd6753848068bc9845239928
user22	562	229	1271690279909	0	0	6a22bd6753848068bc9845239928
user22	564	227	1271690279918	0	0	6a22bd6753848068bc9845239928
user22	566	224	1271690279926	0	0	6a22bd6753848068bc9845239928
user22	568	222	1271690279934	0	0	6a22bd6753848068bc9845239928
user22	570	220	1271690279945	0	0	6a22bd6753848068bc9845239928
user22	573	216	1271690279958	0	0	6a22bd6753848068bc9845239928
user22	574	215	1271690279966	0	0	6a22bd6753848068bc9845239928
user22	575	214	1271690279976	0	0	6a22bd6753848068bc9845239928
user22	575	213	1271690279982	0	0	6a22bd6753848068bc9845239928
user22	576	211	1271690279990	0	0	6a22bd6753848068bc9845239928
user22	577	210	1271690279998	0	0	6a22bd6753848068bc9845239928
user22	577	209	1271690280012	0	0	6a22bd6753848068bc9845239928
user22	578	207	1271690280022	0	0	6a22bd6753848068bc9845239928
user22	579	205	1271690280029	0	0	6a22bd6753848068bc9845239928
user22	580	203	1271690280037	0	0	6a22bd6753848068bc9845239928
user22	581	200	1271690280046	0	0	6a22bd6753848068bc9845239928
user22	583	197	1271690280053	0	0	6a22bd6753848068bc9845239928
user22	585	193	1271690280061	0	0	6a22bd6753848068bc9845239928
user22	587	190	1271690280069	0	0	6a22bd6753848068bc9845239928
user22	589	187	1271690280077	0	0	6a22bd6753848068bc9845239928
user22	590	185	1271690280085	0	0	6a22bd6753848068bc9845239928
user22	591	183	1271690280093	0	0	6a22bd6753848068bc9845239928
user22	592	182	1271690280101	0	0	6a22bd6753848068bc9845239928
user22	592	180	1271690280109	0	0	6a22bd6753848068bc9845239928
user22	593	179	1271690280117	0	0	6a22bd6753848068bc9845239928
user22	594	178	1271690280125	0	0	6a22bd6753848068bc9845239928
user22	594	177	1271690280133	0	0	6a22bd6753848068bc9845239928
user22	594	176	1271690280141	0	0	6a22bd6753848068bc9845239928
user22	594	175	1271690280165	0	0	6a22bd6753848068bc9845239928
user22	595	175	1271690280173	0	0	6a22bd6753848068bc9845239928
user22	595	174	1271690280213	0	0	6a22bd6753848068bc9845239928
user22	595	174	1271690280413	1271690280278	1271690280413	6a22bd6753848068bc9845239928
user22	602	143	1271690283318	0	0	6a22bd6753848068bc9845239928
user22	613	140	1271690283330	0	0	6a22bd6753848068bc9845239928
user22	618	138	1271690283346	0	0	6a22bd6753848068bc9845239928
user22	623	138	1271690283357	0	0	6a22bd6753848068bc9845239928
user22	625	138	1271690283365	0	0	6a22bd6753848068bc9845239928
user22	626	137	1271690283373	0	0	6a22bd6753848068bc9845239928
user22	628	137	1271690283381	0	0	6a22bd6753848068bc9845239928
user22	630	137	1271690283415	0	0	6a22bd6753848068bc9845239928
user22	631	137	1271690283469	0	0	6a22bd6753848068bc9845239928
user22	632	137	1271690283501	0	0	6a22bd6753848068bc9845239928
user22	632	138	1271690283509	0	0	6a22bd6753848068bc9845239928
user22	633	138	1271690283781	0	0	6a22bd6753848068bc9845239928
user22	634	138	1271690283789	0	0	6a22bd6753848068bc9845239928
user22	635	138	1271690283797	0	0	6a22bd6753848068bc9845239928
user22	636	138	1271690283805	0	0	6a22bd6753848068bc9845239928
user22	638	138	1271690283813	0	0	6a22bd6753848068bc9845239928
user22	640	138	1271690283821	0	0	6a22bd6753848068bc9845239928
user22	642	138	1271690283829	0	0	6a22bd6753848068bc9845239928
user22	644	138	1271690283837	0	0	6a22bd6753848068bc9845239928
user22	647	138	1271690283845	0	0	6a22bd6753848068bc9845239928
user22	650	138	1271690283853	0	0	6a22bd6753848068bc9845239928
user22	654	138	1271690283861	0	0	6a22bd6753848068bc9845239928
user22	658	138	1271690283869	0	0	6a22bd6753848068bc9845239928
user22	665	138	1271690283877	0	0	6a22bd6753848068bc9845239928
user22	672	138	1271690283885	0	0	6a22bd6753848068bc9845239928
user22	678	138	1271690283893	0	0	6a22bd6753848068bc9845239928
user22	684	138	1271690283901	0	0	6a22bd6753848068bc9845239928
user22	691	138	1271690283909	0	0	6a22bd6753848068bc9845239928
user22	697	139	1271690283917	0	0	6a22bd6753848068bc9845239928
user22	704	139	1271690283925	0	0	6a22bd6753848068bc9845239928
user22	711	139	1271690283933	0	0	6a22bd6753848068bc9845239928
user22	716	139	1271690283942	0	0	6a22bd6753848068bc9845239928
user22	721	139	1271690283949	0	0	6a22bd6753848068bc9845239928
user22	725	139	1271690283957	0	0	6a22bd6753848068bc9845239928
user22	727	139	1271690283965	0	0	6a22bd6753848068bc9845239928
user22	728	139	1271690283973	0	0	6a22bd6753848068bc9845239928
user22	729	138	1271690283988	0	0	6a22bd6753848068bc9845239928
user22	732	138	1271690283997	0	0	6a22bd6753848068bc9845239928
user22	732	137	1271690284008	0	0	6a22bd6753848068bc9845239928
user22	733	137	1271690284013	0	0	6a22bd6753848068bc9845239928
user22	733	136	1271690284029	0	0	6a22bd6753848068bc9845239928
user22	734	136	1271690284037	0	0	6a22bd6753848068bc9845239928
user22	733	135	1271690284109	0	0	6a22bd6753848068bc9845239928
user22	731	134	1271690284117	0	0	6a22bd6753848068bc9845239928
user22	729	134	1271690284125	0	0	6a22bd6753848068bc9845239928
user22	725	133	1271690284133	0	0	6a22bd6753848068bc9845239928
user22	721	131	1271690284141	0	0	6a22bd6753848068bc9845239928
user22	716	131	1271690284149	0	0	6a22bd6753848068bc9845239928
user22	709	130	1271690284157	0	0	6a22bd6753848068bc9845239928
user22	700	129	1271690284165	0	0	6a22bd6753848068bc9845239928
user22	688	127	1271690284173	0	0	6a22bd6753848068bc9845239928
user22	676	125	1271690284181	0	0	6a22bd6753848068bc9845239928
user22	665	122	1271690284189	0	0	6a22bd6753848068bc9845239928
user22	652	120	1271690284198	0	0	6a22bd6753848068bc9845239928
user22	640	118	1271690284205	0	0	6a22bd6753848068bc9845239928
user22	628	116	1271690284214	0	0	6a22bd6753848068bc9845239928
user22	616	114	1271690284221	0	0	6a22bd6753848068bc9845239928
user22	604	112	1271690284229	0	0	6a22bd6753848068bc9845239928
user22	593	109	1271690284237	0	0	6a22bd6753848068bc9845239928
user22	584	108	1271690284245	0	0	6a22bd6753848068bc9845239928
user22	575	108	1271690284253	0	0	6a22bd6753848068bc9845239928
user22	569	106	1271690284261	0	0	6a22bd6753848068bc9845239928
user22	562	104	1271690284269	0	0	6a22bd6753848068bc9845239928
user22	556	102	1271690284277	0	0	6a22bd6753848068bc9845239928
user22	555	102	1271690284285	0	0	6a22bd6753848068bc9845239928
user22	554	102	1271690284293	0	0	6a22bd6753848068bc9845239928
user22	554	101	1271690284309	0	0	6a22bd6753848068bc9845239928
user22	554	100	1271690284341	0	0	6a22bd6753848068bc9845239928
user22	555	99	1271690284349	0	0	6a22bd6753848068bc9845239928
user22	556	97	1271690284357	0	0	6a22bd6753848068bc9845239928
user22	557	95	1271690284365	0	0	6a22bd6753848068bc9845239928
user22	559	93	1271690284373	0	0	6a22bd6753848068bc9845239928
user22	560	91	1271690284381	0	0	6a22bd6753848068bc9845239928
user22	561	90	1271690284389	0	0	6a22bd6753848068bc9845239928
user22	562	88	1271690284397	0	0	6a22bd6753848068bc9845239928
user22	563	86	1271690284405	0	0	6a22bd6753848068bc9845239928
user22	564	84	1271690284413	0	0	6a22bd6753848068bc9845239928
user22	565	83	1271690284421	0	0	6a22bd6753848068bc9845239928
user22	566	81	1271690284429	0	0	6a22bd6753848068bc9845239928
user22	566	80	1271690284437	0	0	6a22bd6753848068bc9845239928
user22	567	78	1271690284445	0	0	6a22bd6753848068bc9845239928
user22	568	76	1271690284453	0	0	6a22bd6753848068bc9845239928
user22	569	75	1271690284461	0	0	6a22bd6753848068bc9845239928
user22	570	73	1271690284469	0	0	6a22bd6753848068bc9845239928
user22	570	72	1271690284477	0	0	6a22bd6753848068bc9845239928
user22	571	70	1271690284485	0	0	6a22bd6753848068bc9845239928
user22	572	68	1271690284494	0	0	6a22bd6753848068bc9845239928
user22	572	67	1271690284503	0	0	6a22bd6753848068bc9845239928
user22	573	66	1271690284509	0	0	6a22bd6753848068bc9845239928
user22	573	65	1271690284517	0	0	6a22bd6753848068bc9845239928
user22	574	64	1271690284525	0	0	6a22bd6753848068bc9845239928
user22	574	63	1271690284533	0	0	6a22bd6753848068bc9845239928
user22	575	63	1271690284677	0	0	6a22bd6753848068bc9845239928
user22	575	62	1271690284685	0	0	6a22bd6753848068bc9845239928
user22	576	62	1271690284693	0	0	6a22bd6753848068bc9845239928
user22	577	62	1271690284709	0	0	6a22bd6753848068bc9845239928
user22	577	61	1271690284717	0	0	6a22bd6753848068bc9845239928
user22	578	61	1271690284725	0	0	6a22bd6753848068bc9845239928
user22	579	61	1271690284749	0	0	6a22bd6753848068bc9845239928
user22	579	60	1271690284765	0	0	6a22bd6753848068bc9845239928
user22	580	60	1271690284781	0	0	6a22bd6753848068bc9845239928
user22	581	60	1271690285077	0	0	6a22bd6753848068bc9845239928
user22	581	60	1271690285349	1271690285217	1271690285349	6a22bd6753848068bc9845239928
user22	306	213	1271690289677	0	0	6a22bd6753848068bc9845239928
user22	308	212	1271690289685	0	0	6a22bd6753848068bc9845239928
user22	309	212	1271690289693	0	0	6a22bd6753848068bc9845239928
user22	311	212	1271690289701	0	0	6a22bd6753848068bc9845239928
user22	312	212	1271690289709	0	0	6a22bd6753848068bc9845239928
user22	313	211	1271690289717	0	0	6a22bd6753848068bc9845239928
user22	314	211	1271690289725	0	0	6a22bd6753848068bc9845239928
user22	315	211	1271690289741	0	0	6a22bd6753848068bc9845239928
user22	316	211	1271690289749	0	0	6a22bd6753848068bc9845239928
user22	317	211	1271690289757	0	0	6a22bd6753848068bc9845239928
user22	318	211	1271690289765	0	0	6a22bd6753848068bc9845239928
user22	319	211	1271690289773	0	0	6a22bd6753848068bc9845239928
user22	319	210	1271690289781	0	0	6a22bd6753848068bc9845239928
user22	321	210	1271690289789	0	0	6a22bd6753848068bc9845239928
user22	322	210	1271690289797	0	0	6a22bd6753848068bc9845239928
user22	324	210	1271690289805	0	0	6a22bd6753848068bc9845239928
user22	326	210	1271690289813	0	0	6a22bd6753848068bc9845239928
user22	328	210	1271690289821	0	0	6a22bd6753848068bc9845239928
user22	332	210	1271690289829	0	0	6a22bd6753848068bc9845239928
user22	338	210	1271690289837	0	0	6a22bd6753848068bc9845239928
user22	345	210	1271690289845	0	0	6a22bd6753848068bc9845239928
user22	353	210	1271690289853	0	0	6a22bd6753848068bc9845239928
user22	362	210	1271690289861	0	0	6a22bd6753848068bc9845239928
user22	368	210	1271690289869	0	0	6a22bd6753848068bc9845239928
user22	381	210	1271690289877	0	0	6a22bd6753848068bc9845239928
user22	395	210	1271690289885	0	0	6a22bd6753848068bc9845239928
user22	410	212	1271690289893	0	0	6a22bd6753848068bc9845239928
user22	423	214	1271690289901	0	0	6a22bd6753848068bc9845239928
user22	438	216	1271690289909	0	0	6a22bd6753848068bc9845239928
user22	451	218	1271690289917	0	0	6a22bd6753848068bc9845239928
user22	464	220	1271690289925	0	0	6a22bd6753848068bc9845239928
user22	477	222	1271690289933	0	0	6a22bd6753848068bc9845239928
user22	489	224	1271690289941	0	0	6a22bd6753848068bc9845239928
user22	498	226	1271690289949	0	0	6a22bd6753848068bc9845239928
user22	506	228	1271690289957	0	0	6a22bd6753848068bc9845239928
user22	513	230	1271690289965	0	0	6a22bd6753848068bc9845239928
user22	520	232	1271690289973	0	0	6a22bd6753848068bc9845239928
user22	527	233	1271690289981	0	0	6a22bd6753848068bc9845239928
user22	532	235	1271690289989	0	0	6a22bd6753848068bc9845239928
user22	536	238	1271690289997	0	0	6a22bd6753848068bc9845239928
user22	540	239	1271690290005	0	0	6a22bd6753848068bc9845239928
user22	545	242	1271690290013	0	0	6a22bd6753848068bc9845239928
user22	550	245	1271690290021	0	0	6a22bd6753848068bc9845239928
user22	554	249	1271690290029	0	0	6a22bd6753848068bc9845239928
user22	559	253	1271690290037	0	0	6a22bd6753848068bc9845239928
user22	563	257	1271690290045	0	0	6a22bd6753848068bc9845239928
user22	566	262	1271690290053	0	0	6a22bd6753848068bc9845239928
user22	570	266	1271690290061	0	0	6a22bd6753848068bc9845239928
user22	574	270	1271690290069	0	0	6a22bd6753848068bc9845239928
user22	577	273	1271690290077	0	0	6a22bd6753848068bc9845239928
user22	579	277	1271690290085	0	0	6a22bd6753848068bc9845239928
user22	580	278	1271690290092	0	0	6a22bd6753848068bc9845239928
user22	581	280	1271690290101	0	0	6a22bd6753848068bc9845239928
user22	581	281	1271690290109	0	0	6a22bd6753848068bc9845239928
user22	582	282	1271690290117	0	0	6a22bd6753848068bc9845239928
user22	582	283	1271690290125	0	0	6a22bd6753848068bc9845239928
user22	583	284	1271690290141	0	0	6a22bd6753848068bc9845239928
user22	583	285	1271690290165	0	0	6a22bd6753848068bc9845239928
user22	583	286	1271690290189	0	0	6a22bd6753848068bc9845239928
user22	583	287	1271690290197	0	0	6a22bd6753848068bc9845239928
user22	583	288	1271690290205	0	0	6a22bd6753848068bc9845239928
user22	583	289	1271690290213	0	0	6a22bd6753848068bc9845239928
user22	583	290	1271690290221	0	0	6a22bd6753848068bc9845239928
user22	583	291	1271690290229	0	0	6a22bd6753848068bc9845239928
user22	584	292	1271690290237	0	0	6a22bd6753848068bc9845239928
user22	584	294	1271690290245	0	0	6a22bd6753848068bc9845239928
user22	585	295	1271690290253	0	0	6a22bd6753848068bc9845239928
user22	585	297	1271690290261	0	0	6a22bd6753848068bc9845239928
user22	586	299	1271690290269	0	0	6a22bd6753848068bc9845239928
user22	587	300	1271690290277	0	0	6a22bd6753848068bc9845239928
user22	588	302	1271690290285	0	0	6a22bd6753848068bc9845239928
user22	589	303	1271690290293	0	0	6a22bd6753848068bc9845239928
user22	589	304	1271690290301	0	0	6a22bd6753848068bc9845239928
user22	589	305	1271690290309	0	0	6a22bd6753848068bc9845239928
user22	588	306	1271690290885	0	0	6a22bd6753848068bc9845239928
user22	587	306	1271690290893	0	0	6a22bd6753848068bc9845239928
user22	586	307	1271690290901	0	0	6a22bd6753848068bc9845239928
user22	585	307	1271690290909	0	0	6a22bd6753848068bc9845239928
user22	584	308	1271690290917	0	0	6a22bd6753848068bc9845239928
user22	582	309	1271690290925	0	0	6a22bd6753848068bc9845239928
user22	581	310	1271690290933	0	0	6a22bd6753848068bc9845239928
user22	579	310	1271690290941	0	0	6a22bd6753848068bc9845239928
user22	576	311	1271690290949	0	0	6a22bd6753848068bc9845239928
user22	574	312	1271690290957	0	0	6a22bd6753848068bc9845239928
user22	571	313	1271690290965	0	0	6a22bd6753848068bc9845239928
user22	568	314	1271690290973	0	0	6a22bd6753848068bc9845239928
user22	565	315	1271690290981	0	0	6a22bd6753848068bc9845239928
user22	562	316	1271690290989	0	0	6a22bd6753848068bc9845239928
user22	559	318	1271690290997	0	0	6a22bd6753848068bc9845239928
user22	556	320	1271690291005	0	0	6a22bd6753848068bc9845239928
user22	550	323	1271690291013	0	0	6a22bd6753848068bc9845239928
user22	544	326	1271690291021	0	0	6a22bd6753848068bc9845239928
user22	537	331	1271690291029	0	0	6a22bd6753848068bc9845239928
user22	530	335	1271690291037	0	0	6a22bd6753848068bc9845239928
user22	523	339	1271690291045	0	0	6a22bd6753848068bc9845239928
user22	516	343	1271690291053	0	0	6a22bd6753848068bc9845239928
user22	509	348	1271690291061	0	0	6a22bd6753848068bc9845239928
user22	502	352	1271690291069	0	0	6a22bd6753848068bc9845239928
user22	496	356	1271690291077	0	0	6a22bd6753848068bc9845239928
user22	490	359	1271690291084	0	0	6a22bd6753848068bc9845239928
user22	483	361	1271690291093	0	0	6a22bd6753848068bc9845239928
user22	477	363	1271690291101	0	0	6a22bd6753848068bc9845239928
user22	470	367	1271690291109	0	0	6a22bd6753848068bc9845239928
user22	464	369	1271690291117	0	0	6a22bd6753848068bc9845239928
user22	458	371	1271690291125	0	0	6a22bd6753848068bc9845239928
user22	451	373	1271690291133	0	0	6a22bd6753848068bc9845239928
user22	444	374	1271690291141	0	0	6a22bd6753848068bc9845239928
user22	438	376	1271690291149	0	0	6a22bd6753848068bc9845239928
user22	434	378	1271690291157	0	0	6a22bd6753848068bc9845239928
user22	431	378	1271690291165	0	0	6a22bd6753848068bc9845239928
user22	426	379	1271690291173	0	0	6a22bd6753848068bc9845239928
user22	421	379	1271690291181	0	0	6a22bd6753848068bc9845239928
user22	419	379	1271690291189	0	0	6a22bd6753848068bc9845239928
user22	417	380	1271690291197	0	0	6a22bd6753848068bc9845239928
user22	415	380	1271690291205	0	0	6a22bd6753848068bc9845239928
user22	413	380	1271690291213	0	0	6a22bd6753848068bc9845239928
user22	412	380	1271690291221	0	0	6a22bd6753848068bc9845239928
user22	410	380	1271690291229	0	0	6a22bd6753848068bc9845239928
user22	409	380	1271690291237	0	0	6a22bd6753848068bc9845239928
user22	408	380	1271690291245	0	0	6a22bd6753848068bc9845239928
user22	407	380	1271690291253	0	0	6a22bd6753848068bc9845239928
user22	406	380	1271690291261	0	0	6a22bd6753848068bc9845239928
user22	405	380	1271690291269	0	0	6a22bd6753848068bc9845239928
user22	404	380	1271690291277	0	0	6a22bd6753848068bc9845239928
user22	402	380	1271690291285	0	0	6a22bd6753848068bc9845239928
user22	401	380	1271690291293	0	0	6a22bd6753848068bc9845239928
user22	400	380	1271690291301	0	0	6a22bd6753848068bc9845239928
user22	398	380	1271690291309	0	0	6a22bd6753848068bc9845239928
user22	397	380	1271690291317	0	0	6a22bd6753848068bc9845239928
user22	396	380	1271690291325	0	0	6a22bd6753848068bc9845239928
user22	395	379	1271690291332	0	0	6a22bd6753848068bc9845239928
user22	394	379	1271690291341	0	0	6a22bd6753848068bc9845239928
user22	393	379	1271690291349	0	0	6a22bd6753848068bc9845239928
user22	392	379	1271690291357	0	0	6a22bd6753848068bc9845239928
user22	391	378	1271690291365	0	0	6a22bd6753848068bc9845239928
user22	390	378	1271690291373	0	0	6a22bd6753848068bc9845239928
user22	389	377	1271690291381	0	0	6a22bd6753848068bc9845239928
user22	388	377	1271690291389	0	0	6a22bd6753848068bc9845239928
user22	387	377	1271690291397	0	0	6a22bd6753848068bc9845239928
user22	386	377	1271690291405	0	0	6a22bd6753848068bc9845239928
user22	385	376	1271690291413	0	0	6a22bd6753848068bc9845239928
user22	386	376	1271690292845	0	0	6a22bd6753848068bc9845239928
user22	387	376	1271690292973	0	0	6a22bd6753848068bc9845239928
user22	387	375	1271690292981	0	0	6a22bd6753848068bc9845239928
user22	388	375	1271690293085	0	0	6a22bd6753848068bc9845239928
user22	389	374	1271690293597	0	0	6a22bd6753848068bc9845239928
user22	390	374	1271690293701	0	0	6a22bd6753848068bc9845239928
user22	391	373	1271690293781	0	0	6a22bd6753848068bc9845239928
user22	392	373	1271690293893	0	0	6a22bd6753848068bc9845239928
user22	392	372	1271690293941	0	0	6a22bd6753848068bc9845239928
user22	393	372	1271690293981	0	0	6a22bd6753848068bc9845239928
user22	394	372	1271690294205	0	0	6a22bd6753848068bc9845239928
user22	394	371	1271690294221	0	0	6a22bd6753848068bc9845239928
user22	395	371	1271690294237	0	0	6a22bd6753848068bc9845239928
user22	396	370	1271690294245	0	0	6a22bd6753848068bc9845239928
user22	397	370	1271690294261	0	0	6a22bd6753848068bc9845239928
user22	398	369	1271690294269	0	0	6a22bd6753848068bc9845239928
user22	399	368	1271690294277	0	0	6a22bd6753848068bc9845239928
user22	399	367	1271690294285	0	0	6a22bd6753848068bc9845239928
user22	400	367	1271690294293	0	0	6a22bd6753848068bc9845239928
user22	401	366	1271690294301	0	0	6a22bd6753848068bc9845239928
user22	403	366	1271690294308	0	0	6a22bd6753848068bc9845239928
user22	404	365	1271690294317	0	0	6a22bd6753848068bc9845239928
user22	405	364	1271690294325	0	0	6a22bd6753848068bc9845239928
user22	407	363	1271690294333	0	0	6a22bd6753848068bc9845239928
user22	408	362	1271690294341	0	0	6a22bd6753848068bc9845239928
user22	410	361	1271690294349	0	0	6a22bd6753848068bc9845239928
user22	412	359	1271690294357	0	0	6a22bd6753848068bc9845239928
user22	417	357	1271690294373	0	0	6a22bd6753848068bc9845239928
user22	420	355	1271690294381	0	0	6a22bd6753848068bc9845239928
user22	422	354	1271690294389	0	0	6a22bd6753848068bc9845239928
user22	425	352	1271690294397	0	0	6a22bd6753848068bc9845239928
user22	429	350	1271690294405	0	0	6a22bd6753848068bc9845239928
user22	434	348	1271690294413	0	0	6a22bd6753848068bc9845239928
user22	439	345	1271690294421	0	0	6a22bd6753848068bc9845239928
user22	445	341	1271690294429	0	0	6a22bd6753848068bc9845239928
user22	450	337	1271690294437	0	0	6a22bd6753848068bc9845239928
user22	455	334	1271690294445	0	0	6a22bd6753848068bc9845239928
user22	461	330	1271690294453	0	0	6a22bd6753848068bc9845239928
user22	469	325	1271690294461	0	0	6a22bd6753848068bc9845239928
user22	477	319	1271690294469	0	0	6a22bd6753848068bc9845239928
user22	485	314	1271690294477	0	0	6a22bd6753848068bc9845239928
user22	494	308	1271690294485	0	0	6a22bd6753848068bc9845239928
user22	504	300	1271690294493	0	0	6a22bd6753848068bc9845239928
user22	514	292	1271690294503	0	0	6a22bd6753848068bc9845239928
user22	525	284	1271690294509	0	0	6a22bd6753848068bc9845239928
user22	536	275	1271690294517	0	0	6a22bd6753848068bc9845239928
user22	548	265	1271690294525	0	0	6a22bd6753848068bc9845239928
user22	559	255	1271690294533	0	0	6a22bd6753848068bc9845239928
user22	570	245	1271690294548	0	0	6a22bd6753848068bc9845239928
user22	605	208	1271690294573	0	0	6a22bd6753848068bc9845239928
user22	612	198	1271690294581	0	0	6a22bd6753848068bc9845239928
user22	619	188	1271690294589	0	0	6a22bd6753848068bc9845239928
user22	623	179	1271690294604	0	0	6a22bd6753848068bc9845239928
user22	634	153	1271690294624	0	0	6a22bd6753848068bc9845239928
user22	636	141	1271690294644	0	0	6a22bd6753848068bc9845239928
user22	636	131	1271690294656	0	0	6a22bd6753848068bc9845239928
user22	636	128	1271690294661	0	0	6a22bd6753848068bc9845239928
user22	635	124	1271690294672	0	0	6a22bd6753848068bc9845239928
user22	629	110	1271690294694	0	0	6a22bd6753848068bc9845239928
user22	624	101	1271690294713	0	0	6a22bd6753848068bc9845239928
user22	619	96	1271690294728	0	0	6a22bd6753848068bc9845239928
user22	612	90	1271690294744	0	0	6a22bd6753848068bc9845239928
user22	608	86	1271690294763	0	0	6a22bd6753848068bc9845239928
user22	600	81	1271690294781	0	0	6a22bd6753848068bc9845239928
user22	595	79	1271690294800	0	0	6a22bd6753848068bc9845239928
user22	590	77	1271690294815	0	0	6a22bd6753848068bc9845239928
user22	586	75	1271690294832	0	0	6a22bd6753848068bc9845239928
user22	583	75	1271690294851	0	0	6a22bd6753848068bc9845239928
user22	579	73	1271690294868	0	0	6a22bd6753848068bc9845239928
user22	574	71	1271690294887	0	0	6a22bd6753848068bc9845239928
user22	573	71	1271690294897	0	0	6a22bd6753848068bc9845239928
user22	572	71	1271690294903	0	0	6a22bd6753848068bc9845239928
user22	571	70	1271690294917	0	0	6a22bd6753848068bc9845239928
user22	570	70	1271690294925	0	0	6a22bd6753848068bc9845239928
user22	569	70	1271690294949	0	0	6a22bd6753848068bc9845239928
user22	568	69	1271690294956	0	0	6a22bd6753848068bc9845239928
user22	567	68	1271690294973	0	0	6a22bd6753848068bc9845239928
user22	566	68	1271690294981	0	0	6a22bd6753848068bc9845239928
user22	565	67	1271690294988	0	0	6a22bd6753848068bc9845239928
user22	564	66	1271690294999	0	0	6a22bd6753848068bc9845239928
user22	563	65	1271690295013	0	0	6a22bd6753848068bc9845239928
user22	563	64	1271690295021	0	0	6a22bd6753848068bc9845239928
user22	562	63	1271690295028	0	0	6a22bd6753848068bc9845239928
user22	562	62	1271690295044	0	0	6a22bd6753848068bc9845239928
user22	561	61	1271690295052	0	0	6a22bd6753848068bc9845239928
user22	561	60	1271690295064	0	0	6a22bd6753848068bc9845239928
user22	561	59	1271690295068	0	0	6a22bd6753848068bc9845239928
user22	561	58	1271690295085	0	0	6a22bd6753848068bc9845239928
user22	561	57	1271690295092	0	0	6a22bd6753848068bc9845239928
user22	561	55	1271690295100	0	0	6a22bd6753848068bc9845239928
user22	562	54	1271690295116	0	0	6a22bd6753848068bc9845239928
user22	562	53	1271690295125	0	0	6a22bd6753848068bc9845239928
user22	562	52	1271690295141	0	0	6a22bd6753848068bc9845239928
user22	563	52	1271690295149	0	0	6a22bd6753848068bc9845239928
user22	563	51	1271690295157	0	0	6a22bd6753848068bc9845239928
user22	563	50	1271690295173	0	0	6a22bd6753848068bc9845239928
user22	564	50	1271690295189	0	0	6a22bd6753848068bc9845239928
user22	563	50	1271690295380	0	0	6a22bd6753848068bc9845239928
user22	562	50	1271690295388	0	0	6a22bd6753848068bc9845239928
user22	560	50	1271690295396	0	0	6a22bd6753848068bc9845239928
user22	559	50	1271690295404	0	0	6a22bd6753848068bc9845239928
user22	558	51	1271690295412	0	0	6a22bd6753848068bc9845239928
user22	557	51	1271690295420	0	0	6a22bd6753848068bc9845239928
user22	555	51	1271690295428	0	0	6a22bd6753848068bc9845239928
user22	554	51	1271690295436	0	0	6a22bd6753848068bc9845239928
user22	553	51	1271690295444	0	0	6a22bd6753848068bc9845239928
user22	552	51	1271690295452	0	0	6a22bd6753848068bc9845239928
user22	551	51	1271690295460	0	0	6a22bd6753848068bc9845239928
user22	550	51	1271690295468	0	0	6a22bd6753848068bc9845239928
user22	549	51	1271690295476	0	0	6a22bd6753848068bc9845239928
user22	548	51	1271690295484	0	0	6a22bd6753848068bc9845239928
user22	547	51	1271690295492	0	0	6a22bd6753848068bc9845239928
user22	546	51	1271690295500	0	0	6a22bd6753848068bc9845239928
user22	545	51	1271690295508	0	0	6a22bd6753848068bc9845239928
user22	544	51	1271690295516	0	0	6a22bd6753848068bc9845239928
user22	543	51	1271690295524	0	0	6a22bd6753848068bc9845239928
user22	542	51	1271690295532	0	0	6a22bd6753848068bc9845239928
user22	541	51	1271690295541	0	0	6a22bd6753848068bc9845239928
user22	540	51	1271690295548	0	0	6a22bd6753848068bc9845239928
user22	539	51	1271690295556	0	0	6a22bd6753848068bc9845239928
user22	538	51	1271690295564	0	0	6a22bd6753848068bc9845239928
user22	537	52	1271690295572	0	0	6a22bd6753848068bc9845239928
user22	536	52	1271690295580	0	0	6a22bd6753848068bc9845239928
user22	535	52	1271690295588	0	0	6a22bd6753848068bc9845239928
user22	534	52	1271690295829	0	0	6a22bd6753848068bc9845239928
user22	533	52	1271690295836	0	0	6a22bd6753848068bc9845239928
user22	531	53	1271690295844	0	0	6a22bd6753848068bc9845239928
user22	529	53	1271690295852	0	0	6a22bd6753848068bc9845239928
user22	527	53	1271690295860	0	0	6a22bd6753848068bc9845239928
user22	525	54	1271690295868	0	0	6a22bd6753848068bc9845239928
user22	524	54	1271690295876	0	0	6a22bd6753848068bc9845239928
user22	521	54	1271690295884	0	0	6a22bd6753848068bc9845239928
user22	519	54	1271690295893	0	0	6a22bd6753848068bc9845239928
user22	518	54	1271690295902	0	0	6a22bd6753848068bc9845239928
user22	516	54	1271690295908	0	0	6a22bd6753848068bc9845239928
user22	515	54	1271690295930	0	0	6a22bd6753848068bc9845239928
user22	514	54	1271690295933	0	0	6a22bd6753848068bc9845239928
user22	513	54	1271690295949	0	0	6a22bd6753848068bc9845239928
user22	512	54	1271690296046	0	0	6a22bd6753848068bc9845239928
user22	512	54	1271690296133	1271690295990	1271690296133	6a22bd6753848068bc9845239928
user22	513	54	1271690302436	0	0	6a22bd6753848068bc9845239928
user22	513	59	1271690302444	0	0	6a22bd6753848068bc9845239928
user22	512	65	1271690302452	0	0	6a22bd6753848068bc9845239928
user22	510	71	1271690302461	0	0	6a22bd6753848068bc9845239928
user22	509	74	1271690302468	0	0	6a22bd6753848068bc9845239928
user22	508	78	1271690302476	0	0	6a22bd6753848068bc9845239928
user22	508	80	1271690302484	0	0	6a22bd6753848068bc9845239928
user22	507	83	1271690302492	0	0	6a22bd6753848068bc9845239928
user22	506	86	1271690302500	0	0	6a22bd6753848068bc9845239928
user22	506	89	1271690302508	0	0	6a22bd6753848068bc9845239928
user22	505	92	1271690302516	0	0	6a22bd6753848068bc9845239928
user22	505	95	1271690302524	0	0	6a22bd6753848068bc9845239928
user22	504	97	1271690302532	0	0	6a22bd6753848068bc9845239928
user22	504	100	1271690302540	0	0	6a22bd6753848068bc9845239928
user22	504	102	1271690302548	0	0	6a22bd6753848068bc9845239928
user22	504	105	1271690302556	0	0	6a22bd6753848068bc9845239928
user22	504	107	1271690302564	0	0	6a22bd6753848068bc9845239928
user22	504	109	1271690302572	0	0	6a22bd6753848068bc9845239928
user22	504	111	1271690302580	0	0	6a22bd6753848068bc9845239928
user22	504	113	1271690302588	0	0	6a22bd6753848068bc9845239928
user22	504	115	1271690302596	0	0	6a22bd6753848068bc9845239928
user22	504	118	1271690302604	0	0	6a22bd6753848068bc9845239928
user22	505	121	1271690302612	0	0	6a22bd6753848068bc9845239928
user22	506	124	1271690302620	0	0	6a22bd6753848068bc9845239928
user22	507	127	1271690302628	0	0	6a22bd6753848068bc9845239928
user22	508	131	1271690302636	0	0	6a22bd6753848068bc9845239928
user22	509	134	1271690302644	0	0	6a22bd6753848068bc9845239928
user22	510	139	1271690302652	0	0	6a22bd6753848068bc9845239928
user22	512	146	1271690302660	0	0	6a22bd6753848068bc9845239928
user22	514	151	1271690302668	0	0	6a22bd6753848068bc9845239928
user22	516	156	1271690302676	0	0	6a22bd6753848068bc9845239928
user22	518	161	1271690302684	0	0	6a22bd6753848068bc9845239928
user22	521	166	1271690302692	0	0	6a22bd6753848068bc9845239928
user22	523	172	1271690302700	0	0	6a22bd6753848068bc9845239928
user22	525	176	1271690302708	0	0	6a22bd6753848068bc9845239928
user22	527	181	1271690302716	0	0	6a22bd6753848068bc9845239928
user22	529	186	1271690302724	0	0	6a22bd6753848068bc9845239928
user22	531	190	1271690302732	0	0	6a22bd6753848068bc9845239928
user22	531	192	1271690302740	0	0	6a22bd6753848068bc9845239928
user22	532	194	1271690302748	0	0	6a22bd6753848068bc9845239928
user22	533	196	1271690302756	0	0	6a22bd6753848068bc9845239928
user22	533	198	1271690302764	0	0	6a22bd6753848068bc9845239928
user22	534	201	1271690302772	0	0	6a22bd6753848068bc9845239928
user22	535	203	1271690302780	0	0	6a22bd6753848068bc9845239928
user22	535	205	1271690302788	0	0	6a22bd6753848068bc9845239928
user22	536	208	1271690302796	0	0	6a22bd6753848068bc9845239928
user22	536	211	1271690302804	0	0	6a22bd6753848068bc9845239928
user22	537	213	1271690302812	0	0	6a22bd6753848068bc9845239928
user22	537	216	1271690302821	0	0	6a22bd6753848068bc9845239928
user22	538	219	1271690302828	0	0	6a22bd6753848068bc9845239928
user22	538	221	1271690302836	0	0	6a22bd6753848068bc9845239928
user22	539	223	1271690302844	0	0	6a22bd6753848068bc9845239928
user22	539	226	1271690302852	0	0	6a22bd6753848068bc9845239928
user22	540	228	1271690302860	0	0	6a22bd6753848068bc9845239928
user22	540	231	1271690302868	0	0	6a22bd6753848068bc9845239928
user22	541	233	1271690302876	0	0	6a22bd6753848068bc9845239928
user22	541	235	1271690302884	0	0	6a22bd6753848068bc9845239928
user22	541	236	1271690302892	0	0	6a22bd6753848068bc9845239928
user22	541	238	1271690302900	0	0	6a22bd6753848068bc9845239928
user22	542	239	1271690302908	0	0	6a22bd6753848068bc9845239928
user22	543	240	1271690302916	0	0	6a22bd6753848068bc9845239928
user22	543	242	1271690302924	0	0	6a22bd6753848068bc9845239928
user22	543	243	1271690302932	0	0	6a22bd6753848068bc9845239928
user22	544	244	1271690302940	0	0	6a22bd6753848068bc9845239928
user22	544	245	1271690302948	0	0	6a22bd6753848068bc9845239928
user22	545	246	1271690302956	0	0	6a22bd6753848068bc9845239928
user22	545	248	1271690302964	0	0	6a22bd6753848068bc9845239928
user22	546	249	1271690302972	0	0	6a22bd6753848068bc9845239928
user22	547	250	1271690302980	0	0	6a22bd6753848068bc9845239928
user22	547	251	1271690302988	0	0	6a22bd6753848068bc9845239928
user22	548	253	1271690302996	0	0	6a22bd6753848068bc9845239928
user22	550	253	1271690303004	0	0	6a22bd6753848068bc9845239928
user22	552	255	1271690303012	0	0	6a22bd6753848068bc9845239928
user22	554	256	1271690303020	0	0	6a22bd6753848068bc9845239928
user22	556	257	1271690303028	0	0	6a22bd6753848068bc9845239928
user22	558	258	1271690303036	0	0	6a22bd6753848068bc9845239928
user22	560	259	1271690303044	0	0	6a22bd6753848068bc9845239928
user22	562	259	1271690303052	0	0	6a22bd6753848068bc9845239928
user22	563	260	1271690303060	0	0	6a22bd6753848068bc9845239928
user22	565	260	1271690303068	0	0	6a22bd6753848068bc9845239928
user22	566	260	1271690303076	0	0	6a22bd6753848068bc9845239928
user22	566	261	1271690303084	0	0	6a22bd6753848068bc9845239928
user22	567	261	1271690303092	0	0	6a22bd6753848068bc9845239928
user22	568	261	1271690303124	0	0	6a22bd6753848068bc9845239928
user22	568	260	1271690303132	0	0	6a22bd6753848068bc9845239928
user22	568	259	1271690303140	0	0	6a22bd6753848068bc9845239928
user22	568	257	1271690303148	0	0	6a22bd6753848068bc9845239928
user22	568	256	1271690303156	0	0	6a22bd6753848068bc9845239928
user22	568	254	1271690303164	0	0	6a22bd6753848068bc9845239928
user22	568	253	1271690303172	0	0	6a22bd6753848068bc9845239928
user22	568	252	1271690303180	0	0	6a22bd6753848068bc9845239928
user22	568	250	1271690303188	0	0	6a22bd6753848068bc9845239928
user22	568	247	1271690303196	0	0	6a22bd6753848068bc9845239928
user22	568	244	1271690303204	0	0	6a22bd6753848068bc9845239928
user22	569	242	1271690303212	0	0	6a22bd6753848068bc9845239928
user22	569	239	1271690303220	0	0	6a22bd6753848068bc9845239928
user22	569	235	1271690303228	0	0	6a22bd6753848068bc9845239928
user22	570	232	1271690303236	0	0	6a22bd6753848068bc9845239928
user22	570	228	1271690303244	0	0	6a22bd6753848068bc9845239928
user22	571	223	1271690303252	0	0	6a22bd6753848068bc9845239928
user22	573	218	1271690303260	0	0	6a22bd6753848068bc9845239928
user22	573	214	1271690303268	0	0	6a22bd6753848068bc9845239928
user22	574	211	1271690303276	0	0	6a22bd6753848068bc9845239928
user22	574	208	1271690303284	0	0	6a22bd6753848068bc9845239928
user22	575	206	1271690303292	0	0	6a22bd6753848068bc9845239928
user22	575	204	1271690303300	0	0	6a22bd6753848068bc9845239928
user22	576	203	1271690303308	0	0	6a22bd6753848068bc9845239928
user22	576	202	1271690303316	0	0	6a22bd6753848068bc9845239928
user22	577	201	1271690303324	0	0	6a22bd6753848068bc9845239928
user22	577	200	1271690303340	0	0	6a22bd6753848068bc9845239928
user22	578	199	1271690303348	0	0	6a22bd6753848068bc9845239928
user22	578	198	1271690303364	0	0	6a22bd6753848068bc9845239928
user22	579	198	1271690303372	0	0	6a22bd6753848068bc9845239928
user22	579	197	1271690303380	0	0	6a22bd6753848068bc9845239928
user22	580	196	1271690303388	0	0	6a22bd6753848068bc9845239928
user22	581	195	1271690303396	0	0	6a22bd6753848068bc9845239928
user22	582	193	1271690303404	0	0	6a22bd6753848068bc9845239928
user22	582	192	1271690303412	0	0	6a22bd6753848068bc9845239928
user22	583	191	1271690303420	0	0	6a22bd6753848068bc9845239928
user22	584	190	1271690303428	0	0	6a22bd6753848068bc9845239928
user22	584	189	1271690303436	0	0	6a22bd6753848068bc9845239928
user22	585	188	1271690303444	0	0	6a22bd6753848068bc9845239928
user22	585	187	1271690303452	0	0	6a22bd6753848068bc9845239928
user22	586	186	1271690303460	0	0	6a22bd6753848068bc9845239928
user22	587	185	1271690303468	0	0	6a22bd6753848068bc9845239928
user22	587	184	1271690303476	0	0	6a22bd6753848068bc9845239928
user22	588	183	1271690303484	0	0	6a22bd6753848068bc9845239928
user22	588	182	1271690303492	0	0	6a22bd6753848068bc9845239928
user22	588	181	1271690303500	0	0	6a22bd6753848068bc9845239928
user22	589	181	1271690303508	0	0	6a22bd6753848068bc9845239928
user22	589	180	1271690303516	0	0	6a22bd6753848068bc9845239928
user22	589	179	1271690303524	0	0	6a22bd6753848068bc9845239928
user22	590	178	1271690303532	0	0	6a22bd6753848068bc9845239928
user22	590	177	1271690303540	0	0	6a22bd6753848068bc9845239928
user22	591	177	1271690303548	0	0	6a22bd6753848068bc9845239928
user22	591	176	1271690303556	0	0	6a22bd6753848068bc9845239928
user22	592	175	1271690303564	0	0	6a22bd6753848068bc9845239928
user22	592	174	1271690303572	0	0	6a22bd6753848068bc9845239928
user22	593	173	1271690303580	0	0	6a22bd6753848068bc9845239928
user22	593	172	1271690303588	0	0	6a22bd6753848068bc9845239928
user22	593	171	1271690303596	0	0	6a22bd6753848068bc9845239928
user22	594	170	1271690303604	0	0	6a22bd6753848068bc9845239928
user22	594	169	1271690303620	0	0	6a22bd6753848068bc9845239928
user22	595	168	1271690303636	0	0	6a22bd6753848068bc9845239928
user22	595	168	1271690303948	1271690303701	1271690303948	6a22bd6753848068bc9845239928
user22	606	162	1271690307294	0	0	6a22bd6753848068bc9845239928
user22	607	162	1271690307306	0	0	6a22bd6753848068bc9845239928
user22	607	160	1271690307318	0	0	6a22bd6753848068bc9845239928
user22	607	159	1271690307325	0	0	6a22bd6753848068bc9845239928
user22	607	158	1271690307336	0	0	6a22bd6753848068bc9845239928
user22	607	152	1271690307366	0	0	6a22bd6753848068bc9845239928
user22	607	151	1271690307373	0	0	6a22bd6753848068bc9845239928
user22	607	149	1271690307380	0	0	6a22bd6753848068bc9845239928
user22	607	146	1271690307388	0	0	6a22bd6753848068bc9845239928
user22	607	144	1271690307396	0	0	6a22bd6753848068bc9845239928
user22	606	142	1271690307404	0	0	6a22bd6753848068bc9845239928
user22	606	140	1271690307412	0	0	6a22bd6753848068bc9845239928
user22	605	138	1271690307420	0	0	6a22bd6753848068bc9845239928
user22	605	137	1271690307428	0	0	6a22bd6753848068bc9845239928
user22	604	136	1271690307436	0	0	6a22bd6753848068bc9845239928
user22	603	135	1271690307444	0	0	6a22bd6753848068bc9845239928
user22	603	134	1271690307451	0	0	6a22bd6753848068bc9845239928
user22	602	133	1271690307460	0	0	6a22bd6753848068bc9845239928
user22	602	132	1271690307468	0	0	6a22bd6753848068bc9845239928
user22	601	132	1271690307492	0	0	6a22bd6753848068bc9845239928
user22	601	133	1271690307804	0	0	6a22bd6753848068bc9845239928
user22	600	134	1271690307820	0	0	6a22bd6753848068bc9845239928
user22	600	135	1271690307828	0	0	6a22bd6753848068bc9845239928
user22	600	136	1271690307836	0	0	6a22bd6753848068bc9845239928
user22	599	137	1271690307844	0	0	6a22bd6753848068bc9845239928
user22	599	138	1271690307852	0	0	6a22bd6753848068bc9845239928
user22	599	139	1271690307860	0	0	6a22bd6753848068bc9845239928
user22	599	140	1271690307868	0	0	6a22bd6753848068bc9845239928
user22	599	141	1271690307876	0	0	6a22bd6753848068bc9845239928
user22	598	141	1271690307884	0	0	6a22bd6753848068bc9845239928
user22	598	143	1271690307892	0	0	6a22bd6753848068bc9845239928
user22	597	144	1271690307900	0	0	6a22bd6753848068bc9845239928
user22	597	146	1271690307908	0	0	6a22bd6753848068bc9845239928
user22	597	147	1271690307916	0	0	6a22bd6753848068bc9845239928
user22	596	149	1271690307924	0	0	6a22bd6753848068bc9845239928
user22	596	151	1271690307932	0	0	6a22bd6753848068bc9845239928
user22	596	153	1271690307940	0	0	6a22bd6753848068bc9845239928
user22	595	154	1271690307948	0	0	6a22bd6753848068bc9845239928
user22	595	155	1271690307956	0	0	6a22bd6753848068bc9845239928
user22	595	157	1271690307964	0	0	6a22bd6753848068bc9845239928
user22	594	159	1271690307972	0	0	6a22bd6753848068bc9845239928
user22	594	160	1271690307980	0	0	6a22bd6753848068bc9845239928
user22	593	161	1271690307988	0	0	6a22bd6753848068bc9845239928
user22	593	162	1271690307996	0	0	6a22bd6753848068bc9845239928
user22	593	163	1271690308004	0	0	6a22bd6753848068bc9845239928
user22	593	164	1271690308012	0	0	6a22bd6753848068bc9845239928
user22	593	165	1271690308020	0	0	6a22bd6753848068bc9845239928
user22	592	166	1271690308028	0	0	6a22bd6753848068bc9845239928
user22	592	167	1271690308036	0	0	6a22bd6753848068bc9845239928
user22	592	168	1271690308044	0	0	6a22bd6753848068bc9845239928
user22	592	169	1271690308052	0	0	6a22bd6753848068bc9845239928
user22	591	170	1271690308060	0	0	6a22bd6753848068bc9845239928
user22	591	171	1271690308068	0	0	6a22bd6753848068bc9845239928
user22	591	172	1271690308084	0	0	6a22bd6753848068bc9845239928
user22	591	173	1271690308092	0	0	6a22bd6753848068bc9845239928
user22	590	174	1271690308108	0	0	6a22bd6753848068bc9845239928
user22	590	175	1271690308124	0	0	6a22bd6753848068bc9845239928
user22	590	176	1271690308140	0	0	6a22bd6753848068bc9845239928
user22	590	177	1271690308156	0	0	6a22bd6753848068bc9845239928
user22	590	178	1271690308180	0	0	6a22bd6753848068bc9845239928
user22	590	179	1271690308196	0	0	6a22bd6753848068bc9845239928
user22	590	180	1271690308204	0	0	6a22bd6753848068bc9845239928
user22	589	180	1271690308212	0	0	6a22bd6753848068bc9845239928
user22	589	181	1271690308220	0	0	6a22bd6753848068bc9845239928
user22	589	182	1271690308236	0	0	6a22bd6753848068bc9845239928
user22	589	183	1271690308252	0	0	6a22bd6753848068bc9845239928
user22	589	184	1271690308404	0	0	6a22bd6753848068bc9845239928
user22	589	184	1271690308660	1271690308509	1271690308660	6a22bd6753848068bc9845239928
user22	590	183	1271690309140	0	0	6a22bd6753848068bc9845239928
user22	590	182	1271690309148	0	0	6a22bd6753848068bc9845239928
user22	591	181	1271690309156	0	0	6a22bd6753848068bc9845239928
user22	591	180	1271690309164	0	0	6a22bd6753848068bc9845239928
user22	591	179	1271690309172	0	0	6a22bd6753848068bc9845239928
user22	592	178	1271690309180	0	0	6a22bd6753848068bc9845239928
user22	592	177	1271690309188	0	0	6a22bd6753848068bc9845239928
user22	592	176	1271690309204	0	0	6a22bd6753848068bc9845239928
user22	593	175	1271690309212	0	0	6a22bd6753848068bc9845239928
user22	593	174	1271690309220	0	0	6a22bd6753848068bc9845239928
user22	593	173	1271690309236	0	0	6a22bd6753848068bc9845239928
user22	593	173	1271690309500	1271690309341	1271690309500	6a22bd6753848068bc9845239928
user22	593	173	1271690311972	1271690311742	1271690311972	6a22bd6753848068bc9845239928
user22	593	173	1271690312884	1271690312685	1271690312884	6a22bd6753848068bc9845239928
user22	593	173	1271690313756	1271690313589	1271690313756	6a22bd6753848068bc9845239928
user22	593	173	1271690314668	1271690314469	1271690314668	6a22bd6753848068bc9845239928
