User	X	Y	MouseTimeStamp	MouseDownTimeStamp	MouseUpTimeStamp	SessionID
user10	284	380	1268978446129	0	0	501e6c47e9d450d95fd77d4a76c8
user10	393	346	1268978446176	0	0	501e6c47e9d450d95fd77d4a76c8
user10	460	333	1268978446192	0	0	501e6c47e9d450d95fd77d4a76c8
user10	489	326	1268978446192	0	0	501e6c47e9d450d95fd77d4a76c8
user10	510	322	1268978446207	0	0	501e6c47e9d450d95fd77d4a76c8
user10	532	318	1268978446207	0	0	501e6c47e9d450d95fd77d4a76c8
user10	542	314	1268978446223	0	0	501e6c47e9d450d95fd77d4a76c8
user10	551	311	1268978446223	0	0	501e6c47e9d450d95fd77d4a76c8
user10	558	310	1268978446238	0	0	501e6c47e9d450d95fd77d4a76c8
user10	562	309	1268978446238	0	0	501e6c47e9d450d95fd77d4a76c8
user10	562	309	1268978446254	0	0	501e6c47e9d450d95fd77d4a76c8
user10	564	308	1268978446254	0	0	501e6c47e9d450d95fd77d4a76c8
user10	567	306	1268978446254	0	0	501e6c47e9d450d95fd77d4a76c8
user10	567	308	1268978446457	0	0	501e6c47e9d450d95fd77d4a76c8
user10	567	311	1268978446457	0	0	501e6c47e9d450d95fd77d4a76c8
user10	567	313	1268978446472	0	0	501e6c47e9d450d95fd77d4a76c8
user10	566	314	1268978446488	0	0	501e6c47e9d450d95fd77d4a76c8
user10	565	315	1268978446488	0	0	501e6c47e9d450d95fd77d4a76c8
user10	564	317	1268978446504	0	0	501e6c47e9d450d95fd77d4a76c8
user10	564	318	1268978446504	0	0	501e6c47e9d450d95fd77d4a76c8
user10	564	320	1268978446519	0	0	501e6c47e9d450d95fd77d4a76c8
user10	563	320	1268978446519	0	0	501e6c47e9d450d95fd77d4a76c8
user10	563	321	1268978446535	0	0	501e6c47e9d450d95fd77d4a76c8
user10	563	322	1268978446550	0	0	501e6c47e9d450d95fd77d4a76c8
user10	564	322	1268978446566	0	0	501e6c47e9d450d95fd77d4a76c8
user10	565	322	1268978446597	0	0	501e6c47e9d450d95fd77d4a76c8
user10	565	321	1268978446613	0	0	501e6c47e9d450d95fd77d4a76c8
user10	565	320	1268978446613	0	0	501e6c47e9d450d95fd77d4a76c8
user10	565	318	1268978446628	0	0	501e6c47e9d450d95fd77d4a76c8
user10	565	317	1268978446628	0	0	501e6c47e9d450d95fd77d4a76c8
user10	564	315	1268978446644	0	0	501e6c47e9d450d95fd77d4a76c8
user10	564	312	1268978446644	0	0	501e6c47e9d450d95fd77d4a76c8
user10	564	312	1268978446660	0	0	501e6c47e9d450d95fd77d4a76c8
user10	562	308	1268978446660	0	0	501e6c47e9d450d95fd77d4a76c8
user10	560	301	1268978446660	0	0	501e6c47e9d450d95fd77d4a76c8
user10	558	291	1268978446675	0	0	501e6c47e9d450d95fd77d4a76c8
user10	555	282	1268978446675	0	0	501e6c47e9d450d95fd77d4a76c8
user10	551	268	1268978446691	0	0	501e6c47e9d450d95fd77d4a76c8
user10	548	253	1268978446691	0	0	501e6c47e9d450d95fd77d4a76c8
user10	543	238	1268978446706	0	0	501e6c47e9d450d95fd77d4a76c8
user10	534	218	1268978446706	0	0	501e6c47e9d450d95fd77d4a76c8
user10	524	198	1268978446722	0	0	501e6c47e9d450d95fd77d4a76c8
user10	514	177	1268978446722	0	0	501e6c47e9d450d95fd77d4a76c8
user10	503	156	1268978446738	0	0	501e6c47e9d450d95fd77d4a76c8
user10	491	135	1268978446738	0	0	501e6c47e9d450d95fd77d4a76c8
user10	479	104	1268978446753	0	0	501e6c47e9d450d95fd77d4a76c8
user10	466	76	1268978446753	0	0	501e6c47e9d450d95fd77d4a76c8
user10	458	53	1268978446769	0	0	501e6c47e9d450d95fd77d4a76c8
user10	450	33	1268978446784	0	0	501e6c47e9d450d95fd77d4a76c8
user10	445	19	1268978446784	0	0	501e6c47e9d450d95fd77d4a76c8
user10	441	9	1268978446800	0	0	501e6c47e9d450d95fd77d4a76c8
user10	550	8	1268978454210	0	0	501e6c47e9d450d95fd77d4a76c8
user10	590	19	1268978454226	0	0	501e6c47e9d450d95fd77d4a76c8
user10	626	30	1268978454226	0	0	501e6c47e9d450d95fd77d4a76c8
user10	661	39	1268978454241	0	0	501e6c47e9d450d95fd77d4a76c8
user10	696	48	1268978454241	0	0	501e6c47e9d450d95fd77d4a76c8
user10	726	58	1268978454257	0	0	501e6c47e9d450d95fd77d4a76c8
user10	764	68	1268978454257	0	0	501e6c47e9d450d95fd77d4a76c8
user10	799	79	1268978454272	0	0	501e6c47e9d450d95fd77d4a76c8
user10	832	88	1268978454288	0	0	501e6c47e9d450d95fd77d4a76c8
user10	865	100	1268978454288	0	0	501e6c47e9d450d95fd77d4a76c8
user10	898	112	1268978454304	0	0	501e6c47e9d450d95fd77d4a76c8
user10	926	122	1268978454304	0	0	501e6c47e9d450d95fd77d4a76c8
user10	942	127	1268978454319	0	0	501e6c47e9d450d95fd77d4a76c8
user10	957	133	1268978454319	0	0	501e6c47e9d450d95fd77d4a76c8
user10	971	137	1268978454335	0	0	501e6c47e9d450d95fd77d4a76c8
user10	982	140	1268978454335	0	0	501e6c47e9d450d95fd77d4a76c8
user10	989	143	1268978454350	0	0	501e6c47e9d450d95fd77d4a76c8
user10	995	146	1268978454350	0	0	501e6c47e9d450d95fd77d4a76c8
user10	998	147	1268978454366	0	0	501e6c47e9d450d95fd77d4a76c8
user10	1000	149	1268978454366	0	0	501e6c47e9d450d95fd77d4a76c8
user10	1002	149	1268978454382	0	0	501e6c47e9d450d95fd77d4a76c8
user10	1003	149	1268978454382	0	0	501e6c47e9d450d95fd77d4a76c8
user10	1004	149	1268978454413	0	0	501e6c47e9d450d95fd77d4a76c8
user10	1002	149	1268978454491	0	0	501e6c47e9d450d95fd77d4a76c8
user10	999	151	1268978454491	0	0	501e6c47e9d450d95fd77d4a76c8
user10	995	154	1268978454506	0	0	501e6c47e9d450d95fd77d4a76c8
user10	994	160	1268978454506	0	0	501e6c47e9d450d95fd77d4a76c8
user10	988	166	1268978454522	0	0	501e6c47e9d450d95fd77d4a76c8
user10	987	172	1268978454522	0	0	501e6c47e9d450d95fd77d4a76c8
user10	985	179	1268978454538	0	0	501e6c47e9d450d95fd77d4a76c8
user10	984	184	1268978454538	0	0	501e6c47e9d450d95fd77d4a76c8
user10	984	191	1268978454553	0	0	501e6c47e9d450d95fd77d4a76c8
user10	984	197	1268978454553	0	0	501e6c47e9d450d95fd77d4a76c8
user10	984	201	1268978454569	0	0	501e6c47e9d450d95fd77d4a76c8
user10	984	204	1268978454569	0	0	501e6c47e9d450d95fd77d4a76c8
user10	984	206	1268978454584	0	0	501e6c47e9d450d95fd77d4a76c8
user10	985	207	1268978454600	0	0	501e6c47e9d450d95fd77d4a76c8
user10	985	208	1268978454600	0	0	501e6c47e9d450d95fd77d4a76c8
user10	986	208	1268978454616	0	0	501e6c47e9d450d95fd77d4a76c8
user10	986	206	1268978454662	0	0	501e6c47e9d450d95fd77d4a76c8
user10	986	204	1268978454662	0	0	501e6c47e9d450d95fd77d4a76c8
user10	986	203	1268978454678	0	0	501e6c47e9d450d95fd77d4a76c8
user10	985	201	1268978454678	0	0	501e6c47e9d450d95fd77d4a76c8
user10	985	199	1268978454694	0	0	501e6c47e9d450d95fd77d4a76c8
user10	984	196	1268978454694	0	0	501e6c47e9d450d95fd77d4a76c8
user10	983	195	1268978454709	0	0	501e6c47e9d450d95fd77d4a76c8
user10	983	193	1268978454709	0	0	501e6c47e9d450d95fd77d4a76c8
user10	982	192	1268978454725	0	0	501e6c47e9d450d95fd77d4a76c8
user10	981	190	1268978454725	0	0	501e6c47e9d450d95fd77d4a76c8
user10	981	189	1268978454740	0	0	501e6c47e9d450d95fd77d4a76c8
user10	981	187	1268978454740	0	0	501e6c47e9d450d95fd77d4a76c8
user10	980	185	1268978454756	0	0	501e6c47e9d450d95fd77d4a76c8
user10	979	183	1268978454756	0	0	501e6c47e9d450d95fd77d4a76c8
user10	979	182	1268978454772	0	0	501e6c47e9d450d95fd77d4a76c8
user10	979	181	1268978454772	0	0	501e6c47e9d450d95fd77d4a76c8
user10	978	179	1268978454787	0	0	501e6c47e9d450d95fd77d4a76c8
user10	977	179	1268978454787	0	0	501e6c47e9d450d95fd77d4a76c8
user10	977	178	1268978454803	0	0	501e6c47e9d450d95fd77d4a76c8
user10	976	177	1268978454803	0	0	501e6c47e9d450d95fd77d4a76c8
user10	976	176	1268978454818	0	0	501e6c47e9d450d95fd77d4a76c8
user10	976	175	1268978454834	0	0	501e6c47e9d450d95fd77d4a76c8
user10	976	174	1268978454850	0	0	501e6c47e9d450d95fd77d4a76c8
user10	976	173	1268978454912	0	0	501e6c47e9d450d95fd77d4a76c8
user10	976	173	1268978455037	1268978454943	1268978455037	501e6c47e9d450d95fd77d4a76c8
user10	975	173	1268978455068	0	0	501e6c47e9d450d95fd77d4a76c8
user10	974	173	1268978455068	0	0	501e6c47e9d450d95fd77d4a76c8
user10	973	173	1268978455084	0	0	501e6c47e9d450d95fd77d4a76c8
user10	972	173	1268978455099	0	0	501e6c47e9d450d95fd77d4a76c8
user10	972	173	1268978456269	0	0	501e6c47e9d450d95fd77d4a76c8
user10	973	173	1268978461324	0	0	501e6c47e9d450d95fd77d4a76c8
user10	976	173	1268978461339	0	0	501e6c47e9d450d95fd77d4a76c8
user10	981	173	1268978461339	0	0	501e6c47e9d450d95fd77d4a76c8
user10	985	174	1268978461355	0	0	501e6c47e9d450d95fd77d4a76c8
user10	988	177	1268978461355	0	0	501e6c47e9d450d95fd77d4a76c8
user10	992	182	1268978461370	0	0	501e6c47e9d450d95fd77d4a76c8
user10	996	186	1268978461370	0	0	501e6c47e9d450d95fd77d4a76c8
user10	999	191	1268978461386	0	0	501e6c47e9d450d95fd77d4a76c8
user10	1003	195	1268978461386	0	0	501e6c47e9d450d95fd77d4a76c8
user10	1005	199	1268978461402	0	0	501e6c47e9d450d95fd77d4a76c8
user10	1009	203	1268978461402	0	0	501e6c47e9d450d95fd77d4a76c8
user10	1012	209	1268978461417	0	0	501e6c47e9d450d95fd77d4a76c8
user10	1014	213	1268978461417	0	0	501e6c47e9d450d95fd77d4a76c8
user10	1016	220	1268978461433	0	0	501e6c47e9d450d95fd77d4a76c8
user10	1018	226	1268978461433	0	0	501e6c47e9d450d95fd77d4a76c8
user10	1019	230	1268978461448	0	0	501e6c47e9d450d95fd77d4a76c8
user10	1019	235	1268978461464	0	0	501e6c47e9d450d95fd77d4a76c8
user10	1019	239	1268978461464	0	0	501e6c47e9d450d95fd77d4a76c8
user10	1019	242	1268978461480	0	0	501e6c47e9d450d95fd77d4a76c8
user10	1018	245	1268978461480	0	0	501e6c47e9d450d95fd77d4a76c8
user10	1016	247	1268978461495	0	0	501e6c47e9d450d95fd77d4a76c8
user10	1016	249	1268978461495	0	0	501e6c47e9d450d95fd77d4a76c8
user10	1014	254	1268978461511	0	0	501e6c47e9d450d95fd77d4a76c8
user10	1013	259	1268978461511	0	0	501e6c47e9d450d95fd77d4a76c8
user10	1012	266	1268978461526	0	0	501e6c47e9d450d95fd77d4a76c8
user10	1011	274	1268978461526	0	0	501e6c47e9d450d95fd77d4a76c8
user10	1010	282	1268978461542	0	0	501e6c47e9d450d95fd77d4a76c8
user10	1010	291	1268978461542	0	0	501e6c47e9d450d95fd77d4a76c8
user10	1010	296	1268978461558	0	0	501e6c47e9d450d95fd77d4a76c8
user10	1010	300	1268978461558	0	0	501e6c47e9d450d95fd77d4a76c8
user10	1009	302	1268978461573	0	0	501e6c47e9d450d95fd77d4a76c8
user10	1009	301	1268978461620	0	0	501e6c47e9d450d95fd77d4a76c8
user10	1009	300	1268978461620	0	0	501e6c47e9d450d95fd77d4a76c8
user10	1009	299	1268978461636	0	0	501e6c47e9d450d95fd77d4a76c8
user10	1009	298	1268978461651	0	0	501e6c47e9d450d95fd77d4a76c8
user10	1008	297	1268978461651	0	0	501e6c47e9d450d95fd77d4a76c8
user10	1007	297	1268978461667	0	0	501e6c47e9d450d95fd77d4a76c8
user10	1007	296	1268978461682	0	0	501e6c47e9d450d95fd77d4a76c8
user10	1006	294	1268978461682	0	0	501e6c47e9d450d95fd77d4a76c8
user10	1005	292	1268978461698	0	0	501e6c47e9d450d95fd77d4a76c8
user10	1004	291	1268978461714	0	0	501e6c47e9d450d95fd77d4a76c8
user10	1004	290	1268978461745	0	0	501e6c47e9d450d95fd77d4a76c8
user10	1004	289	1268978461823	0	0	501e6c47e9d450d95fd77d4a76c8
user10	1004	288	1268978461838	0	0	501e6c47e9d450d95fd77d4a76c8
user10	1004	288	1268978461994	1268978461932	1268978461994	501e6c47e9d450d95fd77d4a76c8
user10	340	364	1268978699317	0	0	501e6c47e9d450d95fd77d4a76c8
user10	447	335	1268978699364	0	0	501e6c47e9d450d95fd77d4a76c8
user10	459	333	1268978699364	0	0	501e6c47e9d450d95fd77d4a76c8
user10	491	329	1268978699380	0	0	501e6c47e9d450d95fd77d4a76c8
user10	500	327	1268978699395	0	0	501e6c47e9d450d95fd77d4a76c8
user10	499	329	1268978699614	0	0	501e6c47e9d450d95fd77d4a76c8
user10	500	330	1268978699629	0	0	501e6c47e9d450d95fd77d4a76c8
user10	501	331	1268978699629	0	0	501e6c47e9d450d95fd77d4a76c8
user10	502	331	1268978699645	0	0	501e6c47e9d450d95fd77d4a76c8
user10	503	331	1268978699645	0	0	501e6c47e9d450d95fd77d4a76c8
user10	505	333	1268978699660	0	0	501e6c47e9d450d95fd77d4a76c8
user10	507	333	1268978699660	0	0	501e6c47e9d450d95fd77d4a76c8
user10	509	333	1268978699676	0	0	501e6c47e9d450d95fd77d4a76c8
user10	513	333	1268978699676	0	0	501e6c47e9d450d95fd77d4a76c8
user10	516	333	1268978699692	0	0	501e6c47e9d450d95fd77d4a76c8
user10	519	333	1268978699692	0	0	501e6c47e9d450d95fd77d4a76c8
user10	523	333	1268978699707	0	0	501e6c47e9d450d95fd77d4a76c8
user10	529	334	1268978699707	0	0	501e6c47e9d450d95fd77d4a76c8
user10	536	335	1268978699723	0	0	501e6c47e9d450d95fd77d4a76c8
user10	544	335	1268978699723	0	0	501e6c47e9d450d95fd77d4a76c8
user10	544	335	1268978699738	0	0	501e6c47e9d450d95fd77d4a76c8
user10	556	336	1268978699738	0	0	501e6c47e9d450d95fd77d4a76c8
user10	566	336	1268978699738	0	0	501e6c47e9d450d95fd77d4a76c8
user10	581	336	1268978699754	0	0	501e6c47e9d450d95fd77d4a76c8
user10	595	336	1268978699754	0	0	501e6c47e9d450d95fd77d4a76c8
user10	616	334	1268978699770	0	0	501e6c47e9d450d95fd77d4a76c8
user10	640	330	1268978699770	0	0	501e6c47e9d450d95fd77d4a76c8
user10	672	323	1268978699785	0	0	501e6c47e9d450d95fd77d4a76c8
user10	701	315	1268978699785	0	0	501e6c47e9d450d95fd77d4a76c8
user10	737	302	1268978699801	0	0	501e6c47e9d450d95fd77d4a76c8
user10	773	290	1268978699801	0	0	501e6c47e9d450d95fd77d4a76c8
user10	804	276	1268978699816	0	0	501e6c47e9d450d95fd77d4a76c8
user10	840	259	1268978699816	0	0	501e6c47e9d450d95fd77d4a76c8
user10	874	245	1268978699832	0	0	501e6c47e9d450d95fd77d4a76c8
user10	905	233	1268978699848	0	0	501e6c47e9d450d95fd77d4a76c8
user10	933	224	1268978699848	0	0	501e6c47e9d450d95fd77d4a76c8
user10	960	216	1268978699863	0	0	501e6c47e9d450d95fd77d4a76c8
user10	978	212	1268978699863	0	0	501e6c47e9d450d95fd77d4a76c8
user10	996	205	1268978699879	0	0	501e6c47e9d450d95fd77d4a76c8
user10	1008	202	1268978699879	0	0	501e6c47e9d450d95fd77d4a76c8
user10	1020	199	1268978699894	0	0	501e6c47e9d450d95fd77d4a76c8
user10	1027	195	1268978699894	0	0	501e6c47e9d450d95fd77d4a76c8
user10	1031	192	1268978699910	0	0	501e6c47e9d450d95fd77d4a76c8
user10	1034	189	1268978699910	0	0	501e6c47e9d450d95fd77d4a76c8
user10	1038	184	1268978699926	0	0	501e6c47e9d450d95fd77d4a76c8
user10	1041	180	1268978699926	0	0	501e6c47e9d450d95fd77d4a76c8
user10	1042	175	1268978699941	0	0	501e6c47e9d450d95fd77d4a76c8
user10	1043	172	1268978699941	0	0	501e6c47e9d450d95fd77d4a76c8
user10	1043	169	1268978699957	0	0	501e6c47e9d450d95fd77d4a76c8
user10	1043	168	1268978699957	0	0	501e6c47e9d450d95fd77d4a76c8
user10	1043	167	1268978699972	0	0	501e6c47e9d450d95fd77d4a76c8
user10	1042	164	1268978699972	0	0	501e6c47e9d450d95fd77d4a76c8
user10	1041	163	1268978699988	0	0	501e6c47e9d450d95fd77d4a76c8
user10	1041	162	1268978699988	0	0	501e6c47e9d450d95fd77d4a76c8
user10	1040	160	1268978700004	0	0	501e6c47e9d450d95fd77d4a76c8
user10	1040	159	1268978700004	0	0	501e6c47e9d450d95fd77d4a76c8
user10	1039	157	1268978700019	0	0	501e6c47e9d450d95fd77d4a76c8
user10	1038	156	1268978700019	0	0	501e6c47e9d450d95fd77d4a76c8
user10	1037	153	1268978700035	0	0	501e6c47e9d450d95fd77d4a76c8
user10	1035	153	1268978700035	0	0	501e6c47e9d450d95fd77d4a76c8
user10	1034	151	1268978700050	0	0	501e6c47e9d450d95fd77d4a76c8
user10	1032	150	1268978700050	0	0	501e6c47e9d450d95fd77d4a76c8
user10	1030	150	1268978700066	0	0	501e6c47e9d450d95fd77d4a76c8
user10	1027	150	1268978700066	0	0	501e6c47e9d450d95fd77d4a76c8
user10	1023	151	1268978700082	0	0	501e6c47e9d450d95fd77d4a76c8
user10	1019	153	1268978700082	0	0	501e6c47e9d450d95fd77d4a76c8
user10	1015	155	1268978700097	0	0	501e6c47e9d450d95fd77d4a76c8
user10	1010	157	1268978700097	0	0	501e6c47e9d450d95fd77d4a76c8
user10	1005	160	1268978700113	0	0	501e6c47e9d450d95fd77d4a76c8
user10	1002	162	1268978700128	0	0	501e6c47e9d450d95fd77d4a76c8
user10	998	164	1268978700128	0	0	501e6c47e9d450d95fd77d4a76c8
user10	996	164	1268978700128	0	0	501e6c47e9d450d95fd77d4a76c8
user10	995	166	1268978700144	0	0	501e6c47e9d450d95fd77d4a76c8
user10	994	166	1268978700160	0	0	501e6c47e9d450d95fd77d4a76c8
user10	994	167	1268978700160	0	0	501e6c47e9d450d95fd77d4a76c8
user10	994	168	1268978700175	0	0	501e6c47e9d450d95fd77d4a76c8
user10	993	168	1268978700191	0	0	501e6c47e9d450d95fd77d4a76c8
user10	993	169	1268978700222	0	0	501e6c47e9d450d95fd77d4a76c8
user10	992	169	1268978700222	0	0	501e6c47e9d450d95fd77d4a76c8
user10	992	170	1268978700238	0	0	501e6c47e9d450d95fd77d4a76c8
user10	991	170	1268978700253	0	0	501e6c47e9d450d95fd77d4a76c8
user10	991	170	1268978700425	1268978700331	1268978700425	501e6c47e9d450d95fd77d4a76c8
user10	992	171	1268978700456	0	0	501e6c47e9d450d95fd77d4a76c8
user10	994	173	1268978700456	0	0	501e6c47e9d450d95fd77d4a76c8
user10	999	176	1268978700472	0	0	501e6c47e9d450d95fd77d4a76c8
user10	1010	181	1268978700472	0	0	501e6c47e9d450d95fd77d4a76c8
user10	1022	188	1268978700487	0	0	501e6c47e9d450d95fd77d4a76c8
user10	1046	198	1268978700487	0	0	501e6c47e9d450d95fd77d4a76c8
user10	1076	210	1268978700503	0	0	501e6c47e9d450d95fd77d4a76c8
user10	1109	221	1268978700503	0	0	501e6c47e9d450d95fd77d4a76c8
user10	1145	231	1268978700518	0	0	501e6c47e9d450d95fd77d4a76c8
user10	1183	235	1268978700518	0	0	501e6c47e9d450d95fd77d4a76c8
user10	1227	237	1268978700534	0	0	501e6c47e9d450d95fd77d4a76c8
user10	1271	237	1268978700534	0	0	501e6c47e9d450d95fd77d4a76c8
user10	1322	237	1268978700550	0	0	501e6c47e9d450d95fd77d4a76c8
user10	1361	330	1268978706743	0	0	501e6c47e9d450d95fd77d4a76c8
user10	1358	334	1268978706743	0	0	501e6c47e9d450d95fd77d4a76c8
user10	1357	336	1268978706758	0	0	501e6c47e9d450d95fd77d4a76c8
user10	1356	338	1268978706758	0	0	501e6c47e9d450d95fd77d4a76c8
user10	1355	339	1268978706774	0	0	501e6c47e9d450d95fd77d4a76c8
user10	1354	339	1268978706774	0	0	501e6c47e9d450d95fd77d4a76c8
user10	1354	337	1268978706805	0	0	501e6c47e9d450d95fd77d4a76c8
user10	1355	336	1268978706821	0	0	501e6c47e9d450d95fd77d4a76c8
user10	1356	336	1268978706821	0	0	501e6c47e9d450d95fd77d4a76c8
user10	1358	335	1268978706836	0	0	501e6c47e9d450d95fd77d4a76c8
user10	1360	334	1268978706852	0	0	501e6c47e9d450d95fd77d4a76c8
user10	1361	334	1268978706883	0	0	501e6c47e9d450d95fd77d4a76c8
user10	1361	335	1268978706883	0	0	501e6c47e9d450d95fd77d4a76c8
user10	1361	367	1268978707024	0	0	501e6c47e9d450d95fd77d4a76c8
user10	1361	365	1268978707039	0	0	501e6c47e9d450d95fd77d4a76c8
user10	1361	363	1268978707039	0	0	501e6c47e9d450d95fd77d4a76c8
user10	1361	358	1268978707055	0	0	501e6c47e9d450d95fd77d4a76c8
user10	1361	353	1268978707055	0	0	501e6c47e9d450d95fd77d4a76c8
user10	1361	302	1268978707117	0	0	501e6c47e9d450d95fd77d4a76c8
user10	1358	293	1268978707117	0	0	501e6c47e9d450d95fd77d4a76c8
user10	1354	284	1268978707133	0	0	501e6c47e9d450d95fd77d4a76c8
user10	1348	276	1268978707133	0	0	501e6c47e9d450d95fd77d4a76c8
user10	1339	267	1268978707148	0	0	501e6c47e9d450d95fd77d4a76c8
user10	1329	258	1268978707148	0	0	501e6c47e9d450d95fd77d4a76c8
user10	1314	248	1268978707164	0	0	501e6c47e9d450d95fd77d4a76c8
user10	1290	235	1268978707164	0	0	501e6c47e9d450d95fd77d4a76c8
user10	1264	224	1268978707180	0	0	501e6c47e9d450d95fd77d4a76c8
user10	1235	219	1268978707180	0	0	501e6c47e9d450d95fd77d4a76c8
user10	1209	215	1268978707195	0	0	501e6c47e9d450d95fd77d4a76c8
user10	1179	215	1268978707195	0	0	501e6c47e9d450d95fd77d4a76c8
user10	1155	215	1268978707211	0	0	501e6c47e9d450d95fd77d4a76c8
user10	1129	216	1268978707211	0	0	501e6c47e9d450d95fd77d4a76c8
user10	1098	221	1268978707226	0	0	501e6c47e9d450d95fd77d4a76c8
user10	1071	227	1268978707242	0	0	501e6c47e9d450d95fd77d4a76c8
user10	1037	232	1268978707242	0	0	501e6c47e9d450d95fd77d4a76c8
user10	1017	239	1268978707258	0	0	501e6c47e9d450d95fd77d4a76c8
user10	1001	243	1268978707258	0	0	501e6c47e9d450d95fd77d4a76c8
user10	989	248	1268978707258	0	0	501e6c47e9d450d95fd77d4a76c8
user10	983	251	1268978707273	0	0	501e6c47e9d450d95fd77d4a76c8
user10	976	251	1268978707273	0	0	501e6c47e9d450d95fd77d4a76c8
user10	974	252	1268978707289	0	0	501e6c47e9d450d95fd77d4a76c8
user10	973	252	1268978707289	0	0	501e6c47e9d450d95fd77d4a76c8
user10	971	253	1268978707304	0	0	501e6c47e9d450d95fd77d4a76c8
user10	970	253	1268978707304	0	0	501e6c47e9d450d95fd77d4a76c8
user10	969	253	1268978707320	0	0	501e6c47e9d450d95fd77d4a76c8
user10	969	252	1268978707336	0	0	501e6c47e9d450d95fd77d4a76c8
user10	968	252	1268978707351	0	0	501e6c47e9d450d95fd77d4a76c8
user10	966	251	1268978707351	0	0	501e6c47e9d450d95fd77d4a76c8
user10	964	248	1268978707367	0	0	501e6c47e9d450d95fd77d4a76c8
user10	963	248	1268978707367	0	0	501e6c47e9d450d95fd77d4a76c8
user10	962	248	1268978707382	0	0	501e6c47e9d450d95fd77d4a76c8
user10	962	249	1268978707414	0	0	501e6c47e9d450d95fd77d4a76c8
user10	963	250	1268978707429	0	0	501e6c47e9d450d95fd77d4a76c8
user10	964	252	1268978707429	0	0	501e6c47e9d450d95fd77d4a76c8
user10	965	254	1268978707445	0	0	501e6c47e9d450d95fd77d4a76c8
user10	966	257	1268978707445	0	0	501e6c47e9d450d95fd77d4a76c8
user10	970	261	1268978707460	0	0	501e6c47e9d450d95fd77d4a76c8
user10	974	266	1268978707460	0	0	501e6c47e9d450d95fd77d4a76c8
user10	979	272	1268978707476	0	0	501e6c47e9d450d95fd77d4a76c8
user10	985	278	1268978707476	0	0	501e6c47e9d450d95fd77d4a76c8
user10	991	284	1268978707492	0	0	501e6c47e9d450d95fd77d4a76c8
user10	1000	290	1268978707492	0	0	501e6c47e9d450d95fd77d4a76c8
user10	1006	293	1268978707507	0	0	501e6c47e9d450d95fd77d4a76c8
user10	1012	296	1268978707507	0	0	501e6c47e9d450d95fd77d4a76c8
user10	1017	298	1268978707523	0	0	501e6c47e9d450d95fd77d4a76c8
user10	1022	298	1268978707523	0	0	501e6c47e9d450d95fd77d4a76c8
user10	1026	298	1268978707538	0	0	501e6c47e9d450d95fd77d4a76c8
user10	1028	298	1268978707538	0	0	501e6c47e9d450d95fd77d4a76c8
user10	1029	297	1268978707554	0	0	501e6c47e9d450d95fd77d4a76c8
user10	1031	296	1268978707554	0	0	501e6c47e9d450d95fd77d4a76c8
user10	1031	294	1268978707570	0	0	501e6c47e9d450d95fd77d4a76c8
user10	1031	293	1268978707585	0	0	501e6c47e9d450d95fd77d4a76c8
user10	1031	292	1268978707585	0	0	501e6c47e9d450d95fd77d4a76c8
user10	1031	291	1268978707601	0	0	501e6c47e9d450d95fd77d4a76c8
user10	1031	288	1268978707616	0	0	501e6c47e9d450d95fd77d4a76c8
user10	1030	287	1268978707616	0	0	501e6c47e9d450d95fd77d4a76c8
user10	1030	286	1268978707616	0	0	501e6c47e9d450d95fd77d4a76c8
user10	1029	284	1268978707632	0	0	501e6c47e9d450d95fd77d4a76c8
user10	1028	283	1268978707648	0	0	501e6c47e9d450d95fd77d4a76c8
user10	1027	281	1268978707663	0	0	501e6c47e9d450d95fd77d4a76c8
user10	1026	281	1268978707663	0	0	501e6c47e9d450d95fd77d4a76c8
user10	1025	280	1268978707679	0	0	501e6c47e9d450d95fd77d4a76c8
user10	1024	279	1268978707679	0	0	501e6c47e9d450d95fd77d4a76c8
user10	1023	279	1268978707694	0	0	501e6c47e9d450d95fd77d4a76c8
user10	1022	279	1268978707694	0	0	501e6c47e9d450d95fd77d4a76c8
user10	1022	278	1268978707710	0	0	501e6c47e9d450d95fd77d4a76c8
user10	1020	278	1268978707710	0	0	501e6c47e9d450d95fd77d4a76c8
user10	1019	278	1268978707726	0	0	501e6c47e9d450d95fd77d4a76c8
user10	1018	278	1268978707741	0	0	501e6c47e9d450d95fd77d4a76c8
user10	1017	278	1268978707757	0	0	501e6c47e9d450d95fd77d4a76c8
user10	1016	278	1268978707772	0	0	501e6c47e9d450d95fd77d4a76c8
user10	1016	278	1268978707882	1268978707804	1268978707882	501e6c47e9d450d95fd77d4a76c8
user10	517	57	1268978714980	0	0	501e6c47e9d450d95fd77d4a76c8
user10	516	57	1268978715245	0	0	501e6c47e9d450d95fd77d4a76c8
user10	516	58	1268978715260	0	0	501e6c47e9d450d95fd77d4a76c8
user10	519	63	1268978715276	0	0	501e6c47e9d450d95fd77d4a76c8
user10	522	68	1268978715292	0	0	501e6c47e9d450d95fd77d4a76c8
user10	536	80	1268978715292	0	0	501e6c47e9d450d95fd77d4a76c8
user10	554	99	1268978715307	0	0	501e6c47e9d450d95fd77d4a76c8
user10	563	109	1268978715323	0	0	501e6c47e9d450d95fd77d4a76c8
user10	572	119	1268978715323	0	0	501e6c47e9d450d95fd77d4a76c8
user10	580	131	1268978715338	0	0	501e6c47e9d450d95fd77d4a76c8
user10	593	146	1268978715338	0	0	501e6c47e9d450d95fd77d4a76c8
user10	604	158	1268978715354	0	0	501e6c47e9d450d95fd77d4a76c8
user10	613	170	1268978715354	0	0	501e6c47e9d450d95fd77d4a76c8
user10	623	180	1268978715370	0	0	501e6c47e9d450d95fd77d4a76c8
user10	635	190	1268978715385	0	0	501e6c47e9d450d95fd77d4a76c8
user10	646	202	1268978715385	0	0	501e6c47e9d450d95fd77d4a76c8
user10	655	212	1268978715385	0	0	501e6c47e9d450d95fd77d4a76c8
user10	664	222	1268978715401	0	0	501e6c47e9d450d95fd77d4a76c8
user10	670	232	1268978715416	0	0	501e6c47e9d450d95fd77d4a76c8
user10	677	245	1268978715416	0	0	501e6c47e9d450d95fd77d4a76c8
user10	683	255	1268978715432	0	0	501e6c47e9d450d95fd77d4a76c8
user10	689	276	1268978715448	0	0	501e6c47e9d450d95fd77d4a76c8
user10	690	285	1268978715448	0	0	501e6c47e9d450d95fd77d4a76c8
user10	693	294	1268978715463	0	0	501e6c47e9d450d95fd77d4a76c8
user10	694	302	1268978715463	0	0	501e6c47e9d450d95fd77d4a76c8
user10	694	310	1268978715479	0	0	501e6c47e9d450d95fd77d4a76c8
user10	695	317	1268978715494	0	0	501e6c47e9d450d95fd77d4a76c8
user10	695	328	1268978715510	0	0	501e6c47e9d450d95fd77d4a76c8
user10	695	331	1268978715510	0	0	501e6c47e9d450d95fd77d4a76c8
user10	696	334	1268978715526	0	0	501e6c47e9d450d95fd77d4a76c8
user10	697	337	1268978715526	0	0	501e6c47e9d450d95fd77d4a76c8
user10	698	340	1268978715541	0	0	501e6c47e9d450d95fd77d4a76c8
user10	699	341	1268978715572	0	0	501e6c47e9d450d95fd77d4a76c8
user10	701	343	1268978715572	0	0	501e6c47e9d450d95fd77d4a76c8
user10	702	343	1268978715588	0	0	501e6c47e9d450d95fd77d4a76c8
user10	702	344	1268978715604	0	0	501e6c47e9d450d95fd77d4a76c8
user10	702	344	1268978715619	0	0	501e6c47e9d450d95fd77d4a76c8
user10	702	343	1268978715775	0	0	501e6c47e9d450d95fd77d4a76c8
user10	700	343	1268978715869	0	0	501e6c47e9d450d95fd77d4a76c8
user10	699	343	1268978715884	0	0	501e6c47e9d450d95fd77d4a76c8
user10	697	343	1268978715884	0	0	501e6c47e9d450d95fd77d4a76c8
user10	695	343	1268978715900	0	0	501e6c47e9d450d95fd77d4a76c8
user10	690	345	1268978715900	0	0	501e6c47e9d450d95fd77d4a76c8
user10	686	346	1268978715916	0	0	501e6c47e9d450d95fd77d4a76c8
user10	670	353	1268978715931	0	0	501e6c47e9d450d95fd77d4a76c8
user10	661	359	1268978715931	0	0	501e6c47e9d450d95fd77d4a76c8
user10	651	364	1268978715947	0	0	501e6c47e9d450d95fd77d4a76c8
user10	641	370	1268978715947	0	0	501e6c47e9d450d95fd77d4a76c8
user10	617	381	1268978715962	0	0	501e6c47e9d450d95fd77d4a76c8
user10	605	384	1268978715978	0	0	501e6c47e9d450d95fd77d4a76c8
user10	596	387	1268978715978	0	0	501e6c47e9d450d95fd77d4a76c8
user10	579	392	1268978715994	0	0	501e6c47e9d450d95fd77d4a76c8
user10	571	395	1268978716009	0	0	501e6c47e9d450d95fd77d4a76c8
user10	557	398	1268978716009	0	0	501e6c47e9d450d95fd77d4a76c8
user10	549	399	1268978716025	0	0	501e6c47e9d450d95fd77d4a76c8
user10	536	400	1268978716040	0	0	501e6c47e9d450d95fd77d4a76c8
user10	529	401	1268978716056	0	0	501e6c47e9d450d95fd77d4a76c8
user10	518	404	1268978716072	0	0	501e6c47e9d450d95fd77d4a76c8
user10	513	407	1268978716087	0	0	501e6c47e9d450d95fd77d4a76c8
user10	509	409	1268978716087	0	0	501e6c47e9d450d95fd77d4a76c8
user10	501	414	1268978716103	0	0	501e6c47e9d450d95fd77d4a76c8
user10	493	422	1268978716118	0	0	501e6c47e9d450d95fd77d4a76c8
user10	487	430	1268978716134	0	0	501e6c47e9d450d95fd77d4a76c8
user10	482	434	1268978716150	0	0	501e6c47e9d450d95fd77d4a76c8
user10	478	439	1268978716150	0	0	501e6c47e9d450d95fd77d4a76c8
user10	468	447	1268978716165	0	0	501e6c47e9d450d95fd77d4a76c8
user10	463	452	1268978716181	0	0	501e6c47e9d450d95fd77d4a76c8
user10	458	460	1268978716181	0	0	501e6c47e9d450d95fd77d4a76c8
user10	445	469	1268978716196	0	0	501e6c47e9d450d95fd77d4a76c8
user10	440	471	1268978716212	0	0	501e6c47e9d450d95fd77d4a76c8
user10	435	475	1268978716212	0	0	501e6c47e9d450d95fd77d4a76c8
user10	426	477	1268978716228	0	0	501e6c47e9d450d95fd77d4a76c8
user10	421	477	1268978716243	0	0	501e6c47e9d450d95fd77d4a76c8
user10	416	477	1268978716243	0	0	501e6c47e9d450d95fd77d4a76c8
user10	407	477	1268978716259	0	0	501e6c47e9d450d95fd77d4a76c8
user10	399	477	1268978716274	0	0	501e6c47e9d450d95fd77d4a76c8
user10	395	476	1268978716290	0	0	501e6c47e9d450d95fd77d4a76c8
user10	393	474	1268978716290	0	0	501e6c47e9d450d95fd77d4a76c8
user10	389	472	1268978716306	0	0	501e6c47e9d450d95fd77d4a76c8
user10	386	470	1268978716306	0	0	501e6c47e9d450d95fd77d4a76c8
user10	384	469	1268978716321	0	0	501e6c47e9d450d95fd77d4a76c8
user10	377	460	1268978716337	0	0	501e6c47e9d450d95fd77d4a76c8
user10	373	457	1268978716337	0	0	501e6c47e9d450d95fd77d4a76c8
user10	369	454	1268978716352	0	0	501e6c47e9d450d95fd77d4a76c8
user10	366	449	1268978716368	0	0	501e6c47e9d450d95fd77d4a76c8
user10	362	447	1268978716368	0	0	501e6c47e9d450d95fd77d4a76c8
user10	359	444	1268978716368	0	0	501e6c47e9d450d95fd77d4a76c8
user10	356	443	1268978716384	0	0	501e6c47e9d450d95fd77d4a76c8
user10	355	440	1268978716384	0	0	501e6c47e9d450d95fd77d4a76c8
user10	351	437	1268978716399	0	0	501e6c47e9d450d95fd77d4a76c8
user10	348	435	1268978716415	0	0	501e6c47e9d450d95fd77d4a76c8
user10	347	434	1268978716430	0	0	501e6c47e9d450d95fd77d4a76c8
user10	347	433	1268978716446	0	0	501e6c47e9d450d95fd77d4a76c8
user10	347	432	1268978716462	0	0	501e6c47e9d450d95fd77d4a76c8
user10	346	431	1268978716477	0	0	501e6c47e9d450d95fd77d4a76c8
user10	346	431	1268978716602	1268978716508	1268978716602	501e6c47e9d450d95fd77d4a76c8
user10	347	431	1268978716618	0	0	501e6c47e9d450d95fd77d4a76c8
user10	348	431	1268978716618	0	0	501e6c47e9d450d95fd77d4a76c8
user10	349	431	1268978716618	0	0	501e6c47e9d450d95fd77d4a76c8
user10	355	432	1268978716633	0	0	501e6c47e9d450d95fd77d4a76c8
user10	363	433	1268978716649	0	0	501e6c47e9d450d95fd77d4a76c8
user10	388	435	1268978716649	0	0	501e6c47e9d450d95fd77d4a76c8
user10	415	438	1268978716664	0	0	501e6c47e9d450d95fd77d4a76c8
user10	505	442	1268978716680	0	0	501e6c47e9d450d95fd77d4a76c8
user10	619	444	1268978716696	0	0	501e6c47e9d450d95fd77d4a76c8
user10	676	444	1268978716711	0	0	501e6c47e9d450d95fd77d4a76c8
user10	728	442	1268978716711	0	0	501e6c47e9d450d95fd77d4a76c8
user10	631	261	1268978739456	0	0	501e6c47e9d450d95fd77d4a76c8
user10	716	133	1268978743278	1268978743122	1268978743278	501e6c47e9d450d95fd77d4a76c8
user10	631	259	1268978739456	0	0	501e6c47e9d450d95fd77d4a76c8
user10	631	254	1268978739472	0	0	501e6c47e9d450d95fd77d4a76c8
user10	630	251	1268978739487	0	0	501e6c47e9d450d95fd77d4a76c8
user10	629	249	1268978739503	0	0	501e6c47e9d450d95fd77d4a76c8
user10	629	248	1268978739518	0	0	501e6c47e9d450d95fd77d4a76c8
user10	629	248	1268978739893	1268978739737	1268978739893	501e6c47e9d450d95fd77d4a76c8
user10	629	247	1268978739908	0	0	501e6c47e9d450d95fd77d4a76c8
user10	630	245	1268978739924	0	0	501e6c47e9d450d95fd77d4a76c8
user10	631	241	1268978739924	0	0	501e6c47e9d450d95fd77d4a76c8
user10	637	230	1268978739940	0	0	501e6c47e9d450d95fd77d4a76c8
user10	644	216	1268978739971	0	0	501e6c47e9d450d95fd77d4a76c8
user10	654	204	1268978739986	0	0	501e6c47e9d450d95fd77d4a76c8
user10	660	198	1268978739986	0	0	501e6c47e9d450d95fd77d4a76c8
user10	666	191	1268978739986	0	0	501e6c47e9d450d95fd77d4a76c8
user10	672	186	1268978740002	0	0	501e6c47e9d450d95fd77d4a76c8
user10	678	180	1268978740018	0	0	501e6c47e9d450d95fd77d4a76c8
user10	687	172	1268978740033	0	0	501e6c47e9d450d95fd77d4a76c8
user10	697	164	1268978740049	0	0	501e6c47e9d450d95fd77d4a76c8
user10	699	161	1268978740049	0	0	501e6c47e9d450d95fd77d4a76c8
user10	703	158	1268978740064	0	0	501e6c47e9d450d95fd77d4a76c8
user10	704	157	1268978740064	0	0	501e6c47e9d450d95fd77d4a76c8
user10	706	155	1268978740080	0	0	501e6c47e9d450d95fd77d4a76c8
user10	708	154	1268978740096	0	0	501e6c47e9d450d95fd77d4a76c8
user10	708	152	1268978740096	0	0	501e6c47e9d450d95fd77d4a76c8
user10	710	152	1268978740096	0	0	501e6c47e9d450d95fd77d4a76c8
user10	710	151	1268978740111	0	0	501e6c47e9d450d95fd77d4a76c8
user10	711	150	1268978740127	0	0	501e6c47e9d450d95fd77d4a76c8
user10	712	149	1268978740127	0	0	501e6c47e9d450d95fd77d4a76c8
user10	713	147	1268978740142	0	0	501e6c47e9d450d95fd77d4a76c8
user10	714	143	1268978740158	0	0	501e6c47e9d450d95fd77d4a76c8
user10	715	139	1268978740174	0	0	501e6c47e9d450d95fd77d4a76c8
user10	715	136	1268978740189	0	0	501e6c47e9d450d95fd77d4a76c8
user10	715	135	1268978740189	0	0	501e6c47e9d450d95fd77d4a76c8
user10	715	133	1268978740205	0	0	501e6c47e9d450d95fd77d4a76c8
user10	715	132	1268978740220	0	0	501e6c47e9d450d95fd77d4a76c8
user10	715	131	1268978740236	0	0	501e6c47e9d450d95fd77d4a76c8
user10	716	129	1268978740252	0	0	501e6c47e9d450d95fd77d4a76c8
user10	716	128	1268978740267	0	0	501e6c47e9d450d95fd77d4a76c8
user10	716	127	1268978740283	0	0	501e6c47e9d450d95fd77d4a76c8
user10	716	127	1268978740486	1268978740345	1268978740486	501e6c47e9d450d95fd77d4a76c8
user10	716	127	1268978740501	0	0	501e6c47e9d450d95fd77d4a76c8
user10	716	127	1268978741016	0	0	501e6c47e9d450d95fd77d4a76c8
user10	716	128	1268978742904	0	0	501e6c47e9d450d95fd77d4a76c8
user10	716	129	1268978742919	0	0	501e6c47e9d450d95fd77d4a76c8
user10	716	130	1268978742935	0	0	501e6c47e9d450d95fd77d4a76c8
user10	716	131	1268978742935	0	0	501e6c47e9d450d95fd77d4a76c8
user10	716	132	1268978742966	0	0	501e6c47e9d450d95fd77d4a76c8
user10	716	133	1268978742982	0	0	501e6c47e9d450d95fd77d4a76c8
user10	716	133	1268978743278	1268978743122	1268978743278	501e6c47e9d450d95fd77d4a76c8
user10	716	133	1268978743278	0	0	501e6c47e9d450d95fd77d4a76c8
user10	716	133	1268978743793	0	0	501e6c47e9d450d95fd77d4a76c8
user10	716	134	1268978745509	0	0	501e6c47e9d450d95fd77d4a76c8
user10	716	135	1268978745540	0	0	501e6c47e9d450d95fd77d4a76c8
user10	716	135	1268978745805	1268978745665	1268978745805	501e6c47e9d450d95fd77d4a76c8
