User	X	Y	MouseTimeStamp	MouseDownTimeStamp	MouseUpTimeStamp	SessionID
user10	498	229	1270674275316	0	0	a16a7ecfd2c1b0b0e4cf621b12d4
user10	517	230	1270674275347	0	0	a16a7ecfd2c1b0b0e4cf621b12d4
user10	529	232	1270674275362	0	0	a16a7ecfd2c1b0b0e4cf621b12d4
user10	548	236	1270674275378	0	0	a16a7ecfd2c1b0b0e4cf621b12d4
user10	565	241	1270674275394	0	0	a16a7ecfd2c1b0b0e4cf621b12d4
user10	580	247	1270674275394	0	0	a16a7ecfd2c1b0b0e4cf621b12d4
user10	592	253	1270674275409	0	0	a16a7ecfd2c1b0b0e4cf621b12d4
user10	604	258	1270674275425	0	0	a16a7ecfd2c1b0b0e4cf621b12d4
user10	619	265	1270674275440	0	0	a16a7ecfd2c1b0b0e4cf621b12d4
user10	630	272	1270674275440	0	0	a16a7ecfd2c1b0b0e4cf621b12d4
user10	639	279	1270674275456	0	0	a16a7ecfd2c1b0b0e4cf621b12d4
user10	645	284	1270674275472	0	0	a16a7ecfd2c1b0b0e4cf621b12d4
user10	648	286	1270674275487	0	0	a16a7ecfd2c1b0b0e4cf621b12d4
user10	650	288	1270674275550	0	0	a16a7ecfd2c1b0b0e4cf621b12d4
user10	657	286	1270674275830	0	0	a16a7ecfd2c1b0b0e4cf621b12d4
user10	669	281	1270674275830	0	0	a16a7ecfd2c1b0b0e4cf621b12d4
user10	685	275	1270674275846	0	0	a16a7ecfd2c1b0b0e4cf621b12d4
user10	713	265	1270674275862	0	0	a16a7ecfd2c1b0b0e4cf621b12d4
user10	746	255	1270674275877	0	0	a16a7ecfd2c1b0b0e4cf621b12d4
user10	770	249	1270674275893	0	0	a16a7ecfd2c1b0b0e4cf621b12d4
user10	786	244	1270674275893	0	0	a16a7ecfd2c1b0b0e4cf621b12d4
user10	800	241	1270674275908	0	0	a16a7ecfd2c1b0b0e4cf621b12d4
user10	811	236	1270674275924	0	0	a16a7ecfd2c1b0b0e4cf621b12d4
user10	821	232	1270674275940	0	0	a16a7ecfd2c1b0b0e4cf621b12d4
user10	828	228	1270674275955	0	0	a16a7ecfd2c1b0b0e4cf621b12d4
user10	832	224	1270674275955	0	0	a16a7ecfd2c1b0b0e4cf621b12d4
user10	835	221	1270674275971	0	0	a16a7ecfd2c1b0b0e4cf621b12d4
user10	835	221	1270674276002	0	0	a16a7ecfd2c1b0b0e4cf621b12d4
user10	836	220	1270674276158	0	0	a16a7ecfd2c1b0b0e4cf621b12d4
user10	838	218	1270674276174	0	0	a16a7ecfd2c1b0b0e4cf621b12d4
user10	844	215	1270674276189	0	0	a16a7ecfd2c1b0b0e4cf621b12d4
user10	851	211	1270674276205	0	0	a16a7ecfd2c1b0b0e4cf621b12d4
user10	860	206	1270674276205	0	0	a16a7ecfd2c1b0b0e4cf621b12d4
user10	868	202	1270674276220	0	0	a16a7ecfd2c1b0b0e4cf621b12d4
user10	879	198	1270674276236	0	0	a16a7ecfd2c1b0b0e4cf621b12d4
user10	893	194	1270674276252	0	0	a16a7ecfd2c1b0b0e4cf621b12d4
user10	908	191	1270674276267	0	0	a16a7ecfd2c1b0b0e4cf621b12d4
user10	918	188	1270674276267	0	0	a16a7ecfd2c1b0b0e4cf621b12d4
user10	925	186	1270674276283	0	0	a16a7ecfd2c1b0b0e4cf621b12d4
user10	929	184	1270674276298	0	0	a16a7ecfd2c1b0b0e4cf621b12d4
user10	931	184	1270674276314	0	0	a16a7ecfd2c1b0b0e4cf621b12d4
user10	934	184	1270674276330	0	0	a16a7ecfd2c1b0b0e4cf621b12d4
user10	935	184	1270674276330	0	0	a16a7ecfd2c1b0b0e4cf621b12d4
user10	936	184	1270674276345	0	0	a16a7ecfd2c1b0b0e4cf621b12d4
user10	937	182	1270674276564	0	0	a16a7ecfd2c1b0b0e4cf621b12d4
user10	939	181	1270674276579	0	0	a16a7ecfd2c1b0b0e4cf621b12d4
user10	940	180	1270674276579	0	0	a16a7ecfd2c1b0b0e4cf621b12d4
user10	941	178	1270674276595	0	0	a16a7ecfd2c1b0b0e4cf621b12d4
user10	942	177	1270674276610	0	0	a16a7ecfd2c1b0b0e4cf621b12d4
user10	943	175	1270674276626	0	0	a16a7ecfd2c1b0b0e4cf621b12d4
user10	944	175	1270674276642	0	0	a16a7ecfd2c1b0b0e4cf621b12d4
user10	944	174	1270674276720	0	0	a16a7ecfd2c1b0b0e4cf621b12d4
user10	945	174	1270674276751	0	0	a16a7ecfd2c1b0b0e4cf621b12d4
user10	945	174	1270674277188	1270674277063	1270674277188	a16a7ecfd2c1b0b0e4cf621b12d4
user10	946	178	1270674284707	0	0	a16a7ecfd2c1b0b0e4cf621b12d4
user10	947	184	1270674284722	0	0	a16a7ecfd2c1b0b0e4cf621b12d4
user10	950	187	1270674284738	0	0	a16a7ecfd2c1b0b0e4cf621b12d4
user10	955	191	1270674284754	0	0	a16a7ecfd2c1b0b0e4cf621b12d4
user10	963	195	1270674284769	0	0	a16a7ecfd2c1b0b0e4cf621b12d4
user10	975	196	1270674284769	0	0	a16a7ecfd2c1b0b0e4cf621b12d4
user10	988	199	1270674284785	0	0	a16a7ecfd2c1b0b0e4cf621b12d4
user10	1001	201	1270674284800	0	0	a16a7ecfd2c1b0b0e4cf621b12d4
user10	1010	204	1270674284816	0	0	a16a7ecfd2c1b0b0e4cf621b12d4
user10	1021	208	1270674284832	0	0	a16a7ecfd2c1b0b0e4cf621b12d4
user10	1030	214	1270674284832	0	0	a16a7ecfd2c1b0b0e4cf621b12d4
user10	1036	218	1270674284847	0	0	a16a7ecfd2c1b0b0e4cf621b12d4
user10	1040	223	1270674284863	0	0	a16a7ecfd2c1b0b0e4cf621b12d4
user10	1041	226	1270674284878	0	0	a16a7ecfd2c1b0b0e4cf621b12d4
user10	1041	229	1270674284894	0	0	a16a7ecfd2c1b0b0e4cf621b12d4
user10	1041	231	1270674284894	0	0	a16a7ecfd2c1b0b0e4cf621b12d4
user10	1041	234	1270674284910	0	0	a16a7ecfd2c1b0b0e4cf621b12d4
user10	1038	236	1270674284925	0	0	a16a7ecfd2c1b0b0e4cf621b12d4
user10	1037	238	1270674284941	0	0	a16a7ecfd2c1b0b0e4cf621b12d4
user10	1034	240	1270674284956	0	0	a16a7ecfd2c1b0b0e4cf621b12d4
user10	1029	243	1270674284956	0	0	a16a7ecfd2c1b0b0e4cf621b12d4
user10	1026	244	1270674284972	0	0	a16a7ecfd2c1b0b0e4cf621b12d4
user10	1021	245	1270674284988	0	0	a16a7ecfd2c1b0b0e4cf621b12d4
user10	1017	246	1270674285003	0	0	a16a7ecfd2c1b0b0e4cf621b12d4
user10	1013	247	1270674285003	0	0	a16a7ecfd2c1b0b0e4cf621b12d4
user10	1007	250	1270674285019	0	0	a16a7ecfd2c1b0b0e4cf621b12d4
user10	1000	252	1270674285034	0	0	a16a7ecfd2c1b0b0e4cf621b12d4
user10	992	256	1270674285050	0	0	a16a7ecfd2c1b0b0e4cf621b12d4
user10	986	261	1270674285066	0	0	a16a7ecfd2c1b0b0e4cf621b12d4
user10	981	266	1270674285081	0	0	a16a7ecfd2c1b0b0e4cf621b12d4
user10	979	271	1270674285081	0	0	a16a7ecfd2c1b0b0e4cf621b12d4
user10	977	276	1270674285097	0	0	a16a7ecfd2c1b0b0e4cf621b12d4
user10	975	278	1270674285112	0	0	a16a7ecfd2c1b0b0e4cf621b12d4
user10	974	280	1270674285128	0	0	a16a7ecfd2c1b0b0e4cf621b12d4
user10	974	281	1270674285144	0	0	a16a7ecfd2c1b0b0e4cf621b12d4
user10	974	283	1270674285144	0	0	a16a7ecfd2c1b0b0e4cf621b12d4
user10	974	284	1270674285159	0	0	a16a7ecfd2c1b0b0e4cf621b12d4
user10	974	285	1270674285175	0	0	a16a7ecfd2c1b0b0e4cf621b12d4
user10	974	286	1270674285190	0	0	a16a7ecfd2c1b0b0e4cf621b12d4
user10	974	287	1270674285206	0	0	a16a7ecfd2c1b0b0e4cf621b12d4
user10	974	288	1270674285206	0	0	a16a7ecfd2c1b0b0e4cf621b12d4
user10	975	288	1270674285253	0	0	a16a7ecfd2c1b0b0e4cf621b12d4
user10	976	288	1270674285268	0	0	a16a7ecfd2c1b0b0e4cf621b12d4
user10	978	288	1270674285300	0	0	a16a7ecfd2c1b0b0e4cf621b12d4
user10	979	288	1270674285315	0	0	a16a7ecfd2c1b0b0e4cf621b12d4
user10	981	287	1270674285315	0	0	a16a7ecfd2c1b0b0e4cf621b12d4
user10	982	285	1270674285331	0	0	a16a7ecfd2c1b0b0e4cf621b12d4
user10	983	285	1270674285346	0	0	a16a7ecfd2c1b0b0e4cf621b12d4
user10	984	284	1270674285378	0	0	a16a7ecfd2c1b0b0e4cf621b12d4
user10	984	283	1270674285627	0	0	a16a7ecfd2c1b0b0e4cf621b12d4
user10	984	283	1270674285861	1270674285736	1270674285861	a16a7ecfd2c1b0b0e4cf621b12d4
user10	984	283	1270674291228	0	0	a16a7ecfd2c1b0b0e4cf621b12d4
user10	958	270	1270674291493	0	0	a16a7ecfd2c1b0b0e4cf621b12d4
user10	905	248	1270674291508	0	0	a16a7ecfd2c1b0b0e4cf621b12d4
user10	855	224	1270674291524	0	0	a16a7ecfd2c1b0b0e4cf621b12d4
user10	803	202	1270674291540	0	0	a16a7ecfd2c1b0b0e4cf621b12d4
user10	758	183	1270674291540	0	0	a16a7ecfd2c1b0b0e4cf621b12d4
user10	718	172	1270674291555	0	0	a16a7ecfd2c1b0b0e4cf621b12d4
user10	690	162	1270674291571	0	0	a16a7ecfd2c1b0b0e4cf621b12d4
user10	677	158	1270674291586	0	0	a16a7ecfd2c1b0b0e4cf621b12d4
user10	667	155	1270674291602	0	0	a16a7ecfd2c1b0b0e4cf621b12d4
user10	663	154	1270674291602	0	0	a16a7ecfd2c1b0b0e4cf621b12d4
user10	661	154	1270674291618	0	0	a16a7ecfd2c1b0b0e4cf621b12d4
user10	661	153	1270674291633	0	0	a16a7ecfd2c1b0b0e4cf621b12d4
user10	660	152	1270674291820	0	0	a16a7ecfd2c1b0b0e4cf621b12d4
user10	657	149	1270674291836	0	0	a16a7ecfd2c1b0b0e4cf621b12d4
user10	650	143	1270674291852	0	0	a16a7ecfd2c1b0b0e4cf621b12d4
user10	642	135	1270674291867	0	0	a16a7ecfd2c1b0b0e4cf621b12d4
user10	633	127	1270674291883	0	0	a16a7ecfd2c1b0b0e4cf621b12d4
user10	623	116	1270674291898	0	0	a16a7ecfd2c1b0b0e4cf621b12d4
user10	615	106	1270674291898	0	0	a16a7ecfd2c1b0b0e4cf621b12d4
user10	606	99	1270674291914	0	0	a16a7ecfd2c1b0b0e4cf621b12d4
user10	599	91	1270674291930	0	0	a16a7ecfd2c1b0b0e4cf621b12d4
user10	590	86	1270674291945	0	0	a16a7ecfd2c1b0b0e4cf621b12d4
user10	584	81	1270674291961	0	0	a16a7ecfd2c1b0b0e4cf621b12d4
user10	578	78	1270674291961	0	0	a16a7ecfd2c1b0b0e4cf621b12d4
user10	576	76	1270674291976	0	0	a16a7ecfd2c1b0b0e4cf621b12d4
user10	575	76	1270674291992	0	0	a16a7ecfd2c1b0b0e4cf621b12d4
user10	574	76	1270674292132	0	0	a16a7ecfd2c1b0b0e4cf621b12d4
user10	573	76	1270674292148	0	0	a16a7ecfd2c1b0b0e4cf621b12d4
user10	571	74	1270674292164	0	0	a16a7ecfd2c1b0b0e4cf621b12d4
user10	569	73	1270674292179	0	0	a16a7ecfd2c1b0b0e4cf621b12d4
user10	566	70	1270674292179	0	0	a16a7ecfd2c1b0b0e4cf621b12d4
user10	564	68	1270674292195	0	0	a16a7ecfd2c1b0b0e4cf621b12d4
user10	560	65	1270674292210	0	0	a16a7ecfd2c1b0b0e4cf621b12d4
user10	559	63	1270674292226	0	0	a16a7ecfd2c1b0b0e4cf621b12d4
user10	556	62	1270674292242	0	0	a16a7ecfd2c1b0b0e4cf621b12d4
user10	556	60	1270674292257	0	0	a16a7ecfd2c1b0b0e4cf621b12d4
user10	554	60	1270674292273	0	0	a16a7ecfd2c1b0b0e4cf621b12d4
user10	553	58	1270674292288	0	0	a16a7ecfd2c1b0b0e4cf621b12d4
user10	551	57	1270674292288	0	0	a16a7ecfd2c1b0b0e4cf621b12d4
user10	550	55	1270674292304	0	0	a16a7ecfd2c1b0b0e4cf621b12d4
user10	549	55	1270674292320	0	0	a16a7ecfd2c1b0b0e4cf621b12d4
user10	549	54	1270674292335	0	0	a16a7ecfd2c1b0b0e4cf621b12d4
user10	548	54	1270674292335	0	0	a16a7ecfd2c1b0b0e4cf621b12d4
user10	548	53	1270674292366	0	0	a16a7ecfd2c1b0b0e4cf621b12d4
user10	548	53	1270674292803	1270674292678	1270674292803	a16a7ecfd2c1b0b0e4cf621b12d4
user10	548	54	1270674295284	0	0	a16a7ecfd2c1b0b0e4cf621b12d4
user10	549	57	1270674295299	0	0	a16a7ecfd2c1b0b0e4cf621b12d4
user10	551	60	1270674295315	0	0	a16a7ecfd2c1b0b0e4cf621b12d4
user10	558	65	1270674295315	0	0	a16a7ecfd2c1b0b0e4cf621b12d4
user10	568	73	1270674295330	0	0	a16a7ecfd2c1b0b0e4cf621b12d4
user10	593	92	1270674295346	0	0	a16a7ecfd2c1b0b0e4cf621b12d4
user10	607	102	1270674295362	0	0	a16a7ecfd2c1b0b0e4cf621b12d4
user10	621	112	1270674295377	0	0	a16a7ecfd2c1b0b0e4cf621b12d4
user10	637	123	1270674295393	0	0	a16a7ecfd2c1b0b0e4cf621b12d4
user10	648	131	1270674295393	0	0	a16a7ecfd2c1b0b0e4cf621b12d4
user10	655	136	1270674295408	0	0	a16a7ecfd2c1b0b0e4cf621b12d4
user10	659	140	1270674295424	0	0	a16a7ecfd2c1b0b0e4cf621b12d4
user10	662	142	1270674295440	0	0	a16a7ecfd2c1b0b0e4cf621b12d4
user10	662	144	1270674295455	0	0	a16a7ecfd2c1b0b0e4cf621b12d4
user10	662	144	1270674295471	0	0	a16a7ecfd2c1b0b0e4cf621b12d4
user10	663	144	1270674295642	0	0	a16a7ecfd2c1b0b0e4cf621b12d4
user10	671	144	1270674295689	0	0	a16a7ecfd2c1b0b0e4cf621b12d4
user10	680	144	1270674295705	0	0	a16a7ecfd2c1b0b0e4cf621b12d4
user10	689	145	1270674295720	0	0	a16a7ecfd2c1b0b0e4cf621b12d4
user10	696	146	1270674295736	0	0	a16a7ecfd2c1b0b0e4cf621b12d4
user10	701	147	1270674295736	0	0	a16a7ecfd2c1b0b0e4cf621b12d4
user10	707	148	1270674295752	0	0	a16a7ecfd2c1b0b0e4cf621b12d4
user10	710	148	1270674295767	0	0	a16a7ecfd2c1b0b0e4cf621b12d4
user10	714	150	1270674295783	0	0	a16a7ecfd2c1b0b0e4cf621b12d4
user10	715	151	1270674295798	0	0	a16a7ecfd2c1b0b0e4cf621b12d4
user10	716	151	1270674295814	0	0	a16a7ecfd2c1b0b0e4cf621b12d4
user10	717	152	1270674295830	0	0	a16a7ecfd2c1b0b0e4cf621b12d4
user10	718	153	1270674295845	0	0	a16a7ecfd2c1b0b0e4cf621b12d4
user10	718	154	1270674295861	0	0	a16a7ecfd2c1b0b0e4cf621b12d4
user10	718	155	1270674295876	0	0	a16a7ecfd2c1b0b0e4cf621b12d4
user10	718	156	1270674295908	0	0	a16a7ecfd2c1b0b0e4cf621b12d4
user10	718	158	1270674295923	0	0	a16a7ecfd2c1b0b0e4cf621b12d4
user10	718	160	1270674295939	0	0	a16a7ecfd2c1b0b0e4cf621b12d4
user10	717	161	1270674295970	0	0	a16a7ecfd2c1b0b0e4cf621b12d4
user10	716	163	1270674295986	0	0	a16a7ecfd2c1b0b0e4cf621b12d4
user10	715	164	1270674296001	0	0	a16a7ecfd2c1b0b0e4cf621b12d4
user10	714	164	1270674296017	0	0	a16a7ecfd2c1b0b0e4cf621b12d4
user10	714	165	1270674296048	0	0	a16a7ecfd2c1b0b0e4cf621b12d4
user10	714	165	1270674296500	1270674296376	1270674296500	a16a7ecfd2c1b0b0e4cf621b12d4
user10	714	166	1270674299340	0	0	a16a7ecfd2c1b0b0e4cf621b12d4
user10	714	167	1270674299355	0	0	a16a7ecfd2c1b0b0e4cf621b12d4
user10	713	168	1270674299371	0	0	a16a7ecfd2c1b0b0e4cf621b12d4
user10	712	169	1270674299386	0	0	a16a7ecfd2c1b0b0e4cf621b12d4
user10	711	171	1270674299386	0	0	a16a7ecfd2c1b0b0e4cf621b12d4
user10	711	172	1270674299402	0	0	a16a7ecfd2c1b0b0e4cf621b12d4
user10	711	173	1270674299418	0	0	a16a7ecfd2c1b0b0e4cf621b12d4
user10	711	173	1270674299433	0	0	a16a7ecfd2c1b0b0e4cf621b12d4
user10	711	173	1270674299917	1270674299792	1270674299917	a16a7ecfd2c1b0b0e4cf621b12d4
user10	711	173	1270674301399	0	0	a16a7ecfd2c1b0b0e4cf621b12d4
user10	711	174	1270674301617	0	0	a16a7ecfd2c1b0b0e4cf621b12d4
user10	711	174	1270674301820	1270674301695	1270674301820	a16a7ecfd2c1b0b0e4cf621b12d4
user10	711	174	1270674302912	0	0	a16a7ecfd2c1b0b0e4cf621b12d4
user10	711	174	1270674303271	1270674303130	1270674303271	a16a7ecfd2c1b0b0e4cf621b12d4
user10	711	174	1270674303786	0	0	a16a7ecfd2c1b0b0e4cf621b12d4
user10	711	174	1270674304332	0	0	a16a7ecfd2c1b0b0e4cf621b12d4
user10	711	174	1270674304846	1270674304722	1270674304846	a16a7ecfd2c1b0b0e4cf621b12d4
user10	711	174	1270674305205	0	0	a16a7ecfd2c1b0b0e4cf621b12d4
user10	711	174	1270674305361	0	0	a16a7ecfd2c1b0b0e4cf621b12d4
user10	710	174	1270674305907	0	0	a16a7ecfd2c1b0b0e4cf621b12d4
user10	710	174	1270674306157	1270674306032	1270674306157	a16a7ecfd2c1b0b0e4cf621b12d4
user10	710	174	1270674306531	0	0	a16a7ecfd2c1b0b0e4cf621b12d4
user10	710	174	1270674307030	0	0	a16a7ecfd2c1b0b0e4cf621b12d4
user10	705	170	1270674307062	0	0	a16a7ecfd2c1b0b0e4cf621b12d4
user10	698	165	1270674307077	0	0	a16a7ecfd2c1b0b0e4cf621b12d4
user10	690	156	1270674307093	0	0	a16a7ecfd2c1b0b0e4cf621b12d4
user10	680	145	1270674307108	0	0	a16a7ecfd2c1b0b0e4cf621b12d4
user10	654	115	1270674307124	0	0	a16a7ecfd2c1b0b0e4cf621b12d4
user10	639	101	1270674307140	0	0	a16a7ecfd2c1b0b0e4cf621b12d4
user10	629	91	1270674307155	0	0	a16a7ecfd2c1b0b0e4cf621b12d4
user10	620	83	1270674307171	0	0	a16a7ecfd2c1b0b0e4cf621b12d4
user10	613	77	1270674307171	0	0	a16a7ecfd2c1b0b0e4cf621b12d4
user10	608	72	1270674307186	0	0	a16a7ecfd2c1b0b0e4cf621b12d4
user10	604	68	1270674307202	0	0	a16a7ecfd2c1b0b0e4cf621b12d4
user10	601	66	1270674307218	0	0	a16a7ecfd2c1b0b0e4cf621b12d4
user10	599	64	1270674307233	0	0	a16a7ecfd2c1b0b0e4cf621b12d4
user10	598	63	1270674307249	0	0	a16a7ecfd2c1b0b0e4cf621b12d4
user10	597	62	1270674307249	0	0	a16a7ecfd2c1b0b0e4cf621b12d4
user10	597	61	1270674307311	0	0	a16a7ecfd2c1b0b0e4cf621b12d4
user10	598	61	1270674307374	0	0	a16a7ecfd2c1b0b0e4cf621b12d4
user10	601	61	1270674307374	0	0	a16a7ecfd2c1b0b0e4cf621b12d4
user10	602	61	1270674307389	0	0	a16a7ecfd2c1b0b0e4cf621b12d4
user10	604	61	1270674307405	0	0	a16a7ecfd2c1b0b0e4cf621b12d4
user10	605	61	1270674307420	0	0	a16a7ecfd2c1b0b0e4cf621b12d4
user10	607	61	1270674307436	0	0	a16a7ecfd2c1b0b0e4cf621b12d4
user10	608	61	1270674307436	0	0	a16a7ecfd2c1b0b0e4cf621b12d4
user10	608	60	1270674307452	0	0	a16a7ecfd2c1b0b0e4cf621b12d4
user10	609	60	1270674307467	0	0	a16a7ecfd2c1b0b0e4cf621b12d4
user10	610	60	1270674307498	0	0	a16a7ecfd2c1b0b0e4cf621b12d4
user10	610	60	1270674307904	1270674307779	1270674307904	a16a7ecfd2c1b0b0e4cf621b12d4
