User	X	Y	MouseTimeStamp	MouseDownTimeStamp	MouseUpTimeStamp	SessionID
user10	418	6	1270775713661	0	0	022581fbcc752003e7087d454b80
user10	436	13	1270775713676	0	0	022581fbcc752003e7087d454b80
user10	459	16	1270775713676	0	0	022581fbcc752003e7087d454b80
user10	493	28	1270775713692	0	0	022581fbcc752003e7087d454b80
user10	530	37	1270775713692	0	0	022581fbcc752003e7087d454b80
user10	570	46	1270775713707	0	0	022581fbcc752003e7087d454b80
user10	611	59	1270775713707	0	0	022581fbcc752003e7087d454b80
user10	652	72	1270775713723	0	0	022581fbcc752003e7087d454b80
user10	685	82	1270775713723	0	0	022581fbcc752003e7087d454b80
user10	719	96	1270775713739	0	0	022581fbcc752003e7087d454b80
user10	751	107	1270775713739	0	0	022581fbcc752003e7087d454b80
user10	777	120	1270775713754	0	0	022581fbcc752003e7087d454b80
user10	801	131	1270775713754	0	0	022581fbcc752003e7087d454b80
user10	813	136	1270775713770	0	0	022581fbcc752003e7087d454b80
user10	824	144	1270775713770	0	0	022581fbcc752003e7087d454b80
user10	835	149	1270775713786	0	0	022581fbcc752003e7087d454b80
user10	843	154	1270775713786	0	0	022581fbcc752003e7087d454b80
user10	851	156	1270775713801	0	0	022581fbcc752003e7087d454b80
user10	857	158	1270775713801	0	0	022581fbcc752003e7087d454b80
user10	859	159	1270775713817	0	0	022581fbcc752003e7087d454b80
user10	862	159	1270775713817	0	0	022581fbcc752003e7087d454b80
user10	864	159	1270775713832	0	0	022581fbcc752003e7087d454b80
user10	865	159	1270775713832	0	0	022581fbcc752003e7087d454b80
user10	868	160	1270775713848	0	0	022581fbcc752003e7087d454b80
user10	868	161	1270775713848	0	0	022581fbcc752003e7087d454b80
user10	870	163	1270775713864	0	0	022581fbcc752003e7087d454b80
user10	871	164	1270775713864	0	0	022581fbcc752003e7087d454b80
user10	873	166	1270775713879	0	0	022581fbcc752003e7087d454b80
user10	873	169	1270775713879	0	0	022581fbcc752003e7087d454b80
user10	875	171	1270775713895	0	0	022581fbcc752003e7087d454b80
user10	876	173	1270775713895	0	0	022581fbcc752003e7087d454b80
user10	877	175	1270775713911	0	0	022581fbcc752003e7087d454b80
user10	878	180	1270775713911	0	0	022581fbcc752003e7087d454b80
user10	878	183	1270775713926	0	0	022581fbcc752003e7087d454b80
user10	878	188	1270775713926	0	0	022581fbcc752003e7087d454b80
user10	878	190	1270775713942	0	0	022581fbcc752003e7087d454b80
user10	878	192	1270775713942	0	0	022581fbcc752003e7087d454b80
user10	877	192	1270775713989	0	0	022581fbcc752003e7087d454b80
user10	876	192	1270775714004	0	0	022581fbcc752003e7087d454b80
user10	875	192	1270775714004	0	0	022581fbcc752003e7087d454b80
user10	874	190	1270775714020	0	0	022581fbcc752003e7087d454b80
user10	871	189	1270775714020	0	0	022581fbcc752003e7087d454b80
user10	870	188	1270775714036	0	0	022581fbcc752003e7087d454b80
user10	867	186	1270775714036	0	0	022581fbcc752003e7087d454b80
user10	864	185	1270775714051	0	0	022581fbcc752003e7087d454b80
user10	862	184	1270775714051	0	0	022581fbcc752003e7087d454b80
user10	860	183	1270775714067	0	0	022581fbcc752003e7087d454b80
user10	858	182	1270775714067	0	0	022581fbcc752003e7087d454b80
user10	856	181	1270775714082	0	0	022581fbcc752003e7087d454b80
user10	854	180	1270775714082	0	0	022581fbcc752003e7087d454b80
user10	853	180	1270775714098	0	0	022581fbcc752003e7087d454b80
user10	852	180	1270775714114	0	0	022581fbcc752003e7087d454b80
user10	852	179	1270775714129	0	0	022581fbcc752003e7087d454b80
user10	852	178	1270775714129	0	0	022581fbcc752003e7087d454b80
user10	852	177	1270775714145	0	0	022581fbcc752003e7087d454b80
user10	851	177	1270775714161	0	0	022581fbcc752003e7087d454b80
user10	851	177	1270775714301	1270775714223	1270775714301	022581fbcc752003e7087d454b80
user10	851	177	1270775715442	0	0	022581fbcc752003e7087d454b80
user10	851	177	1270775715442	0	0	022581fbcc752003e7087d454b80
user10	853	177	1270775721051	0	0	022581fbcc752003e7087d454b80
user10	854	177	1270775721067	0	0	022581fbcc752003e7087d454b80
user10	856	178	1270775721067	0	0	022581fbcc752003e7087d454b80
user10	857	181	1270775721083	0	0	022581fbcc752003e7087d454b80
user10	860	186	1270775721083	0	0	022581fbcc752003e7087d454b80
user10	863	190	1270775721098	0	0	022581fbcc752003e7087d454b80
user10	866	199	1270775721098	0	0	022581fbcc752003e7087d454b80
user10	868	207	1270775721114	0	0	022581fbcc752003e7087d454b80
user10	871	217	1270775721114	0	0	022581fbcc752003e7087d454b80
user10	873	226	1270775721130	0	0	022581fbcc752003e7087d454b80
user10	877	237	1270775721130	0	0	022581fbcc752003e7087d454b80
user10	880	246	1270775721145	0	0	022581fbcc752003e7087d454b80
user10	883	253	1270775721145	0	0	022581fbcc752003e7087d454b80
user10	884	258	1270775721161	0	0	022581fbcc752003e7087d454b80
user10	885	261	1270775721161	0	0	022581fbcc752003e7087d454b80
user10	885	263	1270775721176	0	0	022581fbcc752003e7087d454b80
user10	885	264	1270775721192	0	0	022581fbcc752003e7087d454b80
user10	885	265	1270775721270	0	0	022581fbcc752003e7087d454b80
user10	884	267	1270775721286	0	0	022581fbcc752003e7087d454b80
user10	882	269	1270775721286	0	0	022581fbcc752003e7087d454b80
user10	882	272	1270775721301	0	0	022581fbcc752003e7087d454b80
user10	879	274	1270775721317	0	0	022581fbcc752003e7087d454b80
user10	878	277	1270775721317	0	0	022581fbcc752003e7087d454b80
user10	875	281	1270775721333	0	0	022581fbcc752003e7087d454b80
user10	872	284	1270775721333	0	0	022581fbcc752003e7087d454b80
user10	872	284	1270775721333	0	0	022581fbcc752003e7087d454b80
user10	868	287	1270775721348	0	0	022581fbcc752003e7087d454b80
user10	864	289	1270775721348	0	0	022581fbcc752003e7087d454b80
user10	862	290	1270775721364	0	0	022581fbcc752003e7087d454b80
user10	860	290	1270775721364	0	0	022581fbcc752003e7087d454b80
user10	859	290	1270775721380	0	0	022581fbcc752003e7087d454b80
user10	858	290	1270775721380	0	0	022581fbcc752003e7087d454b80
user10	858	289	1270775721395	0	0	022581fbcc752003e7087d454b80
user10	857	288	1270775721411	0	0	022581fbcc752003e7087d454b80
user10	856	287	1270775721426	0	0	022581fbcc752003e7087d454b80
user10	855	287	1270775721442	0	0	022581fbcc752003e7087d454b80
user10	855	286	1270775721442	0	0	022581fbcc752003e7087d454b80
user10	854	286	1270775721458	0	0	022581fbcc752003e7087d454b80
user10	853	286	1270775721458	0	0	022581fbcc752003e7087d454b80
user10	852	286	1270775721505	0	0	022581fbcc752003e7087d454b80
user10	852	286	1270775721645	1270775721551	1270775721645	022581fbcc752003e7087d454b80
user10	928	188	1270775726942	0	0	022581fbcc752003e7087d454b80
user10	928	188	1270775727020	0	0	022581fbcc752003e7087d454b80
user10	928	188	1270775727427	0	0	022581fbcc752003e7087d454b80
user10	927	188	1270775728302	0	0	022581fbcc752003e7087d454b80
user10	925	188	1270775728317	0	0	022581fbcc752003e7087d454b80
user10	923	188	1270775728333	0	0	022581fbcc752003e7087d454b80
user10	920	188	1270775728348	0	0	022581fbcc752003e7087d454b80
user10	915	188	1270775728348	0	0	022581fbcc752003e7087d454b80
user10	909	188	1270775728364	0	0	022581fbcc752003e7087d454b80
user10	901	188	1270775728364	0	0	022581fbcc752003e7087d454b80
user10	893	188	1270775728380	0	0	022581fbcc752003e7087d454b80
user10	884	188	1270775728380	0	0	022581fbcc752003e7087d454b80
user10	877	188	1270775728395	0	0	022581fbcc752003e7087d454b80
user10	869	186	1270775728395	0	0	022581fbcc752003e7087d454b80
user10	861	186	1270775728411	0	0	022581fbcc752003e7087d454b80
user10	852	186	1270775728411	0	0	022581fbcc752003e7087d454b80
user10	841	186	1270775728427	0	0	022581fbcc752003e7087d454b80
user10	832	186	1270775728427	0	0	022581fbcc752003e7087d454b80
user10	820	186	1270775728442	0	0	022581fbcc752003e7087d454b80
user10	809	183	1270775728442	0	0	022581fbcc752003e7087d454b80
user10	797	182	1270775728458	0	0	022581fbcc752003e7087d454b80
user10	784	181	1270775728458	0	0	022581fbcc752003e7087d454b80
user10	770	179	1270775728473	0	0	022581fbcc752003e7087d454b80
user10	758	177	1270775728473	0	0	022581fbcc752003e7087d454b80
user10	743	174	1270775728489	0	0	022581fbcc752003e7087d454b80
user10	725	172	1270775728489	0	0	022581fbcc752003e7087d454b80
user10	711	171	1270775728505	0	0	022581fbcc752003e7087d454b80
user10	690	169	1270775728505	0	0	022581fbcc752003e7087d454b80
user10	665	168	1270775728520	0	0	022581fbcc752003e7087d454b80
user10	636	163	1270775728520	0	0	022581fbcc752003e7087d454b80
user10	608	160	1270775728536	0	0	022581fbcc752003e7087d454b80
user10	582	157	1270775728536	0	0	022581fbcc752003e7087d454b80
user10	558	153	1270775728552	0	0	022581fbcc752003e7087d454b80
user10	537	147	1270775728552	0	0	022581fbcc752003e7087d454b80
user10	517	145	1270775728567	0	0	022581fbcc752003e7087d454b80
user10	490	141	1270775728567	0	0	022581fbcc752003e7087d454b80
user10	467	138	1270775728583	0	0	022581fbcc752003e7087d454b80
user10	452	136	1270775728583	0	0	022581fbcc752003e7087d454b80
user10	434	133	1270775728598	0	0	022581fbcc752003e7087d454b80
user10	421	131	1270775728598	0	0	022581fbcc752003e7087d454b80
user10	409	130	1270775728614	0	0	022581fbcc752003e7087d454b80
user10	398	129	1270775728614	0	0	022581fbcc752003e7087d454b80
user10	390	129	1270775728630	0	0	022581fbcc752003e7087d454b80
user10	379	129	1270775728630	0	0	022581fbcc752003e7087d454b80
user10	370	127	1270775728645	0	0	022581fbcc752003e7087d454b80
user10	359	125	1270775728645	0	0	022581fbcc752003e7087d454b80
user10	349	123	1270775728661	0	0	022581fbcc752003e7087d454b80
user10	340	120	1270775728677	0	0	022581fbcc752003e7087d454b80
user10	332	116	1270775728677	0	0	022581fbcc752003e7087d454b80
user10	324	112	1270775728692	0	0	022581fbcc752003e7087d454b80
user10	318	109	1270775728692	0	0	022581fbcc752003e7087d454b80
user10	313	106	1270775728708	0	0	022581fbcc752003e7087d454b80
user10	311	104	1270775728708	0	0	022581fbcc752003e7087d454b80
user10	309	104	1270775728723	0	0	022581fbcc752003e7087d454b80
user10	307	102	1270775728723	0	0	022581fbcc752003e7087d454b80
user10	306	101	1270775728739	0	0	022581fbcc752003e7087d454b80
user10	306	100	1270775728755	0	0	022581fbcc752003e7087d454b80
user10	306	99	1270775728770	0	0	022581fbcc752003e7087d454b80
user10	307	98	1270775728786	0	0	022581fbcc752003e7087d454b80
user10	308	97	1270775728802	0	0	022581fbcc752003e7087d454b80
user10	310	95	1270775728802	0	0	022581fbcc752003e7087d454b80
user10	312	93	1270775728817	0	0	022581fbcc752003e7087d454b80
user10	314	92	1270775728817	0	0	022581fbcc752003e7087d454b80
user10	316	90	1270775728833	0	0	022581fbcc752003e7087d454b80
user10	318	88	1270775728833	0	0	022581fbcc752003e7087d454b80
user10	321	84	1270775728848	0	0	022581fbcc752003e7087d454b80
user10	323	82	1270775728848	0	0	022581fbcc752003e7087d454b80
user10	327	79	1270775728864	0	0	022581fbcc752003e7087d454b80
user10	328	77	1270775728864	0	0	022581fbcc752003e7087d454b80
user10	329	76	1270775728880	0	0	022581fbcc752003e7087d454b80
user10	332	73	1270775728880	0	0	022581fbcc752003e7087d454b80
user10	334	72	1270775728895	0	0	022581fbcc752003e7087d454b80
user10	336	71	1270775728911	0	0	022581fbcc752003e7087d454b80
user10	337	69	1270775728911	0	0	022581fbcc752003e7087d454b80
user10	339	69	1270775728927	0	0	022581fbcc752003e7087d454b80
user10	341	66	1270775728927	0	0	022581fbcc752003e7087d454b80
user10	342	65	1270775728942	0	0	022581fbcc752003e7087d454b80
user10	345	63	1270775728942	0	0	022581fbcc752003e7087d454b80
user10	345	62	1270775728958	0	0	022581fbcc752003e7087d454b80
user10	347	61	1270775728958	0	0	022581fbcc752003e7087d454b80
user10	348	61	1270775728973	0	0	022581fbcc752003e7087d454b80
user10	349	61	1270775728973	0	0	022581fbcc752003e7087d454b80
user10	349	60	1270775728989	0	0	022581fbcc752003e7087d454b80
user10	350	59	1270775728989	0	0	022581fbcc752003e7087d454b80
user10	350	58	1270775729020	0	0	022581fbcc752003e7087d454b80
user10	351	58	1270775729083	0	0	022581fbcc752003e7087d454b80
user10	351	58	1270775729177	1270775729067	1270775729177	022581fbcc752003e7087d454b80
user10	364	60	1270775731739	0	0	022581fbcc752003e7087d454b80
user10	365	60	1270775731770	0	0	022581fbcc752003e7087d454b80
user10	365	61	1270775731817	0	0	022581fbcc752003e7087d454b80
user10	365	62	1270775731833	0	0	022581fbcc752003e7087d454b80
user10	365	64	1270775731849	0	0	022581fbcc752003e7087d454b80
user10	365	65	1270775731864	0	0	022581fbcc752003e7087d454b80
user10	365	64	1270775731958	0	0	022581fbcc752003e7087d454b80
user10	365	63	1270775731974	0	0	022581fbcc752003e7087d454b80
user10	366	63	1270775731974	0	0	022581fbcc752003e7087d454b80
user10	366	62	1270775731989	0	0	022581fbcc752003e7087d454b80
user10	366	62	1270775732005	0	0	022581fbcc752003e7087d454b80
user10	366	62	1270775732380	0	0	022581fbcc752003e7087d454b80
user10	367	62	1270775732724	0	0	022581fbcc752003e7087d454b80
user10	370	62	1270775732739	0	0	022581fbcc752003e7087d454b80
user10	372	62	1270775732739	0	0	022581fbcc752003e7087d454b80
user10	375	62	1270775732755	0	0	022581fbcc752003e7087d454b80
user10	379	62	1270775732755	0	0	022581fbcc752003e7087d454b80
user10	383	62	1270775732770	0	0	022581fbcc752003e7087d454b80
user10	387	62	1270775732770	0	0	022581fbcc752003e7087d454b80
user10	391	62	1270775732786	0	0	022581fbcc752003e7087d454b80
user10	395	62	1270775732786	0	0	022581fbcc752003e7087d454b80
user10	401	62	1270775732802	0	0	022581fbcc752003e7087d454b80
user10	405	62	1270775732802	0	0	022581fbcc752003e7087d454b80
user10	410	62	1270775732817	0	0	022581fbcc752003e7087d454b80
user10	414	62	1270775732817	0	0	022581fbcc752003e7087d454b80
user10	418	62	1270775732833	0	0	022581fbcc752003e7087d454b80
user10	421	62	1270775732833	0	0	022581fbcc752003e7087d454b80
user10	425	62	1270775732849	0	0	022581fbcc752003e7087d454b80
user10	430	64	1270775732849	0	0	022581fbcc752003e7087d454b80
user10	435	66	1270775732864	0	0	022581fbcc752003e7087d454b80
user10	440	69	1270775732864	0	0	022581fbcc752003e7087d454b80
user10	446	72	1270775732880	0	0	022581fbcc752003e7087d454b80
user10	451	76	1270775732880	0	0	022581fbcc752003e7087d454b80
user10	457	80	1270775732895	0	0	022581fbcc752003e7087d454b80
user10	462	86	1270775732895	0	0	022581fbcc752003e7087d454b80
user10	468	91	1270775732911	0	0	022581fbcc752003e7087d454b80
user10	473	98	1270775732911	0	0	022581fbcc752003e7087d454b80
user10	478	104	1270775732927	0	0	022581fbcc752003e7087d454b80
user10	481	111	1270775732927	0	0	022581fbcc752003e7087d454b80
user10	484	117	1270775732942	0	0	022581fbcc752003e7087d454b80
user10	487	123	1270775732942	0	0	022581fbcc752003e7087d454b80
user10	488	130	1270775732958	0	0	022581fbcc752003e7087d454b80
user10	489	136	1270775732958	0	0	022581fbcc752003e7087d454b80
user10	489	141	1270775732974	0	0	022581fbcc752003e7087d454b80
user10	489	148	1270775732974	0	0	022581fbcc752003e7087d454b80
user10	489	156	1270775732989	0	0	022581fbcc752003e7087d454b80
user10	489	165	1270775733005	0	0	022581fbcc752003e7087d454b80
user10	489	178	1270775733005	0	0	022581fbcc752003e7087d454b80
user10	489	190	1270775733005	0	0	022581fbcc752003e7087d454b80
user10	491	204	1270775733020	0	0	022581fbcc752003e7087d454b80
user10	495	218	1270775733036	0	0	022581fbcc752003e7087d454b80
user10	500	232	1270775733036	0	0	022581fbcc752003e7087d454b80
user10	504	243	1270775733052	0	0	022581fbcc752003e7087d454b80
user10	508	251	1270775733052	0	0	022581fbcc752003e7087d454b80
user10	514	259	1270775733067	0	0	022581fbcc752003e7087d454b80
user10	520	264	1270775733067	0	0	022581fbcc752003e7087d454b80
user10	525	268	1270775733083	0	0	022581fbcc752003e7087d454b80
user10	530	270	1270775733083	0	0	022581fbcc752003e7087d454b80
user10	534	272	1270775733099	0	0	022581fbcc752003e7087d454b80
user10	539	274	1270775733099	0	0	022581fbcc752003e7087d454b80
user10	543	275	1270775733114	0	0	022581fbcc752003e7087d454b80
user10	549	276	1270775733114	0	0	022581fbcc752003e7087d454b80
user10	554	276	1270775733130	0	0	022581fbcc752003e7087d454b80
user10	559	276	1270775733130	0	0	022581fbcc752003e7087d454b80
user10	566	276	1270775733145	0	0	022581fbcc752003e7087d454b80
user10	573	276	1270775733145	0	0	022581fbcc752003e7087d454b80
user10	578	276	1270775733161	0	0	022581fbcc752003e7087d454b80
user10	582	276	1270775733161	0	0	022581fbcc752003e7087d454b80
user10	587	276	1270775733177	0	0	022581fbcc752003e7087d454b80
user10	591	276	1270775733177	0	0	022581fbcc752003e7087d454b80
user10	593	276	1270775733192	0	0	022581fbcc752003e7087d454b80
user10	594	275	1270775733192	0	0	022581fbcc752003e7087d454b80
user10	595	275	1270775733208	0	0	022581fbcc752003e7087d454b80
user10	596	275	1270775733208	0	0	022581fbcc752003e7087d454b80
user10	597	274	1270775733224	0	0	022581fbcc752003e7087d454b80
user10	598	274	1270775733239	0	0	022581fbcc752003e7087d454b80
user10	599	274	1270775733255	0	0	022581fbcc752003e7087d454b80
user10	600	274	1270775733270	0	0	022581fbcc752003e7087d454b80
user10	601	274	1270775733286	0	0	022581fbcc752003e7087d454b80
user10	601	273	1270775734583	0	0	022581fbcc752003e7087d454b80
user10	601	268	1270775734583	0	0	022581fbcc752003e7087d454b80
user10	601	260	1270775734599	0	0	022581fbcc752003e7087d454b80
user10	601	252	1270775734599	0	0	022581fbcc752003e7087d454b80
user10	601	245	1270775734614	0	0	022581fbcc752003e7087d454b80
user10	601	237	1270775734614	0	0	022581fbcc752003e7087d454b80
user10	599	226	1270775734630	0	0	022581fbcc752003e7087d454b80
user10	598	217	1270775734630	0	0	022581fbcc752003e7087d454b80
user10	597	205	1270775734645	0	0	022581fbcc752003e7087d454b80
user10	595	191	1270775734645	0	0	022581fbcc752003e7087d454b80
user10	595	181	1270775734661	0	0	022581fbcc752003e7087d454b80
user10	591	167	1270775734661	0	0	022581fbcc752003e7087d454b80
user10	590	155	1270775734677	0	0	022581fbcc752003e7087d454b80
user10	590	139	1270775734677	0	0	022581fbcc752003e7087d454b80
user10	588	126	1270775734692	0	0	022581fbcc752003e7087d454b80
user10	587	111	1270775734708	0	0	022581fbcc752003e7087d454b80
user10	586	98	1270775734708	0	0	022581fbcc752003e7087d454b80
user10	585	81	1270775734724	0	0	022581fbcc752003e7087d454b80
user10	584	68	1270775734724	0	0	022581fbcc752003e7087d454b80
user10	580	54	1270775734739	0	0	022581fbcc752003e7087d454b80
user10	578	43	1270775734739	0	0	022581fbcc752003e7087d454b80
user10	575	35	1270775734755	0	0	022581fbcc752003e7087d454b80
user10	573	27	1270775734755	0	0	022581fbcc752003e7087d454b80
user10	570	21	1270775734770	0	0	022581fbcc752003e7087d454b80
user10	569	17	1270775734770	0	0	022581fbcc752003e7087d454b80
user10	568	14	1270775734786	0	0	022581fbcc752003e7087d454b80
user10	567	11	1270775734786	0	0	022581fbcc752003e7087d454b80
user10	566	8	1270775734802	0	0	022581fbcc752003e7087d454b80
user10	565	5	1270775734802	0	0	022581fbcc752003e7087d454b80
user10	719	74	1270775735802	0	0	022581fbcc752003e7087d454b80
user10	719	85	1270775735802	0	0	022581fbcc752003e7087d454b80
user10	719	97	1270775735817	0	0	022581fbcc752003e7087d454b80
user10	719	110	1270775735817	0	0	022581fbcc752003e7087d454b80
user10	717	122	1270775735833	0	0	022581fbcc752003e7087d454b80
user10	717	138	1270775735833	0	0	022581fbcc752003e7087d454b80
user10	715	153	1270775735849	0	0	022581fbcc752003e7087d454b80
user10	713	165	1270775735849	0	0	022581fbcc752003e7087d454b80
user10	711	179	1270775735864	0	0	022581fbcc752003e7087d454b80
user10	709	191	1270775735864	0	0	022581fbcc752003e7087d454b80
user10	705	206	1270775735880	0	0	022581fbcc752003e7087d454b80
user10	704	219	1270775735880	0	0	022581fbcc752003e7087d454b80
user10	704	231	1270775735896	0	0	022581fbcc752003e7087d454b80
user10	704	245	1270775735896	0	0	022581fbcc752003e7087d454b80
user10	705	255	1270775735911	0	0	022581fbcc752003e7087d454b80
user10	705	266	1270775735911	0	0	022581fbcc752003e7087d454b80
user10	708	277	1270775735927	0	0	022581fbcc752003e7087d454b80
user10	709	288	1270775735927	0	0	022581fbcc752003e7087d454b80
user10	709	297	1270775735942	0	0	022581fbcc752003e7087d454b80
user10	712	305	1270775735942	0	0	022581fbcc752003e7087d454b80
user10	714	315	1270775735958	0	0	022581fbcc752003e7087d454b80
user10	717	323	1270775735958	0	0	022581fbcc752003e7087d454b80
user10	719	332	1270775735974	0	0	022581fbcc752003e7087d454b80
user10	722	340	1270775735974	0	0	022581fbcc752003e7087d454b80
user10	723	347	1270775735989	0	0	022581fbcc752003e7087d454b80
user10	726	354	1270775735989	0	0	022581fbcc752003e7087d454b80
user10	728	361	1270775736005	0	0	022581fbcc752003e7087d454b80
user10	731	364	1270775736005	0	0	022581fbcc752003e7087d454b80
user10	732	368	1270775736021	0	0	022581fbcc752003e7087d454b80
user10	734	371	1270775736021	0	0	022581fbcc752003e7087d454b80
user10	735	373	1270775736036	0	0	022581fbcc752003e7087d454b80
user10	736	375	1270775736052	0	0	022581fbcc752003e7087d454b80
user10	737	376	1270775736052	0	0	022581fbcc752003e7087d454b80
user10	738	377	1270775736067	0	0	022581fbcc752003e7087d454b80
user10	738	378	1270775736083	0	0	022581fbcc752003e7087d454b80
user10	738	379	1270775736099	0	0	022581fbcc752003e7087d454b80
user10	738	380	1270775736114	0	0	022581fbcc752003e7087d454b80
user10	739	380	1270775736146	0	0	022581fbcc752003e7087d454b80
user10	740	380	1270775736458	0	0	022581fbcc752003e7087d454b80
user10	741	380	1270775736489	0	0	022581fbcc752003e7087d454b80
user10	743	380	1270775736505	0	0	022581fbcc752003e7087d454b80
user10	745	380	1270775736505	0	0	022581fbcc752003e7087d454b80
user10	747	380	1270775736521	0	0	022581fbcc752003e7087d454b80
user10	750	380	1270775736521	0	0	022581fbcc752003e7087d454b80
user10	752	380	1270775736536	0	0	022581fbcc752003e7087d454b80
user10	754	380	1270775736536	0	0	022581fbcc752003e7087d454b80
user10	756	380	1270775736552	0	0	022581fbcc752003e7087d454b80
user10	759	380	1270775736552	0	0	022581fbcc752003e7087d454b80
user10	763	380	1270775736567	0	0	022581fbcc752003e7087d454b80
user10	769	380	1270775736567	0	0	022581fbcc752003e7087d454b80
user10	773	380	1270775736583	0	0	022581fbcc752003e7087d454b80
user10	780	380	1270775736583	0	0	022581fbcc752003e7087d454b80
user10	785	380	1270775736599	0	0	022581fbcc752003e7087d454b80
user10	789	380	1270775736599	0	0	022581fbcc752003e7087d454b80
user10	794	382	1270775736614	0	0	022581fbcc752003e7087d454b80
user10	797	383	1270775736614	0	0	022581fbcc752003e7087d454b80
user10	801	384	1270775736630	0	0	022581fbcc752003e7087d454b80
user10	804	384	1270775736630	0	0	022581fbcc752003e7087d454b80
user10	807	384	1270775736646	0	0	022581fbcc752003e7087d454b80
user10	808	384	1270775736646	0	0	022581fbcc752003e7087d454b80
user10	809	384	1270775736661	0	0	022581fbcc752003e7087d454b80
user10	811	384	1270775736661	0	0	022581fbcc752003e7087d454b80
user10	812	384	1270775736677	0	0	022581fbcc752003e7087d454b80
user10	813	384	1270775736692	0	0	022581fbcc752003e7087d454b80
user10	814	384	1270775736692	0	0	022581fbcc752003e7087d454b80
user10	815	384	1270775736724	0	0	022581fbcc752003e7087d454b80
user10	816	384	1270775736771	0	0	022581fbcc752003e7087d454b80
user10	816	383	1270775737161	0	0	022581fbcc752003e7087d454b80
user10	817	382	1270775737161	0	0	022581fbcc752003e7087d454b80
user10	818	380	1270775737192	0	0	022581fbcc752003e7087d454b80
user10	819	379	1270775737192	0	0	022581fbcc752003e7087d454b80
user10	821	377	1270775737208	0	0	022581fbcc752003e7087d454b80
user10	822	373	1270775737208	0	0	022581fbcc752003e7087d454b80
user10	824	371	1270775737224	0	0	022581fbcc752003e7087d454b80
user10	826	368	1270775737224	0	0	022581fbcc752003e7087d454b80
user10	829	362	1270775737239	0	0	022581fbcc752003e7087d454b80
user10	832	356	1270775737239	0	0	022581fbcc752003e7087d454b80
user10	836	349	1270775737255	0	0	022581fbcc752003e7087d454b80
user10	839	338	1270775737255	0	0	022581fbcc752003e7087d454b80
user10	842	327	1270775737271	0	0	022581fbcc752003e7087d454b80
user10	843	315	1270775737271	0	0	022581fbcc752003e7087d454b80
user10	845	304	1270775737286	0	0	022581fbcc752003e7087d454b80
user10	845	295	1270775737286	0	0	022581fbcc752003e7087d454b80
user10	845	288	1270775737302	0	0	022581fbcc752003e7087d454b80
user10	846	280	1270775737302	0	0	022581fbcc752003e7087d454b80
user10	846	275	1270775737317	0	0	022581fbcc752003e7087d454b80
user10	846	266	1270775737317	0	0	022581fbcc752003e7087d454b80
user10	846	260	1270775737333	0	0	022581fbcc752003e7087d454b80
user10	846	253	1270775737333	0	0	022581fbcc752003e7087d454b80
user10	846	246	1270775737349	0	0	022581fbcc752003e7087d454b80
user10	846	238	1270775737349	0	0	022581fbcc752003e7087d454b80
user10	846	233	1270775737364	0	0	022581fbcc752003e7087d454b80
user10	846	227	1270775737380	0	0	022581fbcc752003e7087d454b80
user10	846	223	1270775737380	0	0	022581fbcc752003e7087d454b80
user10	845	220	1270775737396	0	0	022581fbcc752003e7087d454b80
user10	845	217	1270775737396	0	0	022581fbcc752003e7087d454b80
user10	844	216	1270775737411	0	0	022581fbcc752003e7087d454b80
user10	844	214	1270775737411	0	0	022581fbcc752003e7087d454b80
user10	844	211	1270775737427	0	0	022581fbcc752003e7087d454b80
user10	843	209	1270775737427	0	0	022581fbcc752003e7087d454b80
user10	843	206	1270775737442	0	0	022581fbcc752003e7087d454b80
user10	843	203	1270775737442	0	0	022581fbcc752003e7087d454b80
user10	843	200	1270775737458	0	0	022581fbcc752003e7087d454b80
user10	843	198	1270775737458	0	0	022581fbcc752003e7087d454b80
user10	844	197	1270775737474	0	0	022581fbcc752003e7087d454b80
user10	844	196	1270775737474	0	0	022581fbcc752003e7087d454b80
user10	844	194	1270775737489	0	0	022581fbcc752003e7087d454b80
user10	846	192	1270775737489	0	0	022581fbcc752003e7087d454b80
user10	849	190	1270775737505	0	0	022581fbcc752003e7087d454b80
user10	850	188	1270775737505	0	0	022581fbcc752003e7087d454b80
user10	853	187	1270775737521	0	0	022581fbcc752003e7087d454b80
user10	856	185	1270775737521	0	0	022581fbcc752003e7087d454b80
user10	859	184	1270775737536	0	0	022581fbcc752003e7087d454b80
user10	861	184	1270775737536	0	0	022581fbcc752003e7087d454b80
user10	864	182	1270775737552	0	0	022581fbcc752003e7087d454b80
user10	866	182	1270775737552	0	0	022581fbcc752003e7087d454b80
user10	868	181	1270775737567	0	0	022581fbcc752003e7087d454b80
user10	869	181	1270775737567	0	0	022581fbcc752003e7087d454b80
user10	870	180	1270775737583	0	0	022581fbcc752003e7087d454b80
user10	872	180	1270775737583	0	0	022581fbcc752003e7087d454b80
user10	873	179	1270775737599	0	0	022581fbcc752003e7087d454b80
user10	874	179	1270775737599	0	0	022581fbcc752003e7087d454b80
user10	875	179	1270775737614	0	0	022581fbcc752003e7087d454b80
user10	877	179	1270775737630	0	0	022581fbcc752003e7087d454b80
user10	878	179	1270775737646	0	0	022581fbcc752003e7087d454b80
user10	878	178	1270775737661	0	0	022581fbcc752003e7087d454b80
user10	879	178	1270775737677	0	0	022581fbcc752003e7087d454b80
user10	879	177	1270775737692	0	0	022581fbcc752003e7087d454b80
user10	880	176	1270775737708	0	0	022581fbcc752003e7087d454b80
user10	881	176	1270775737724	0	0	022581fbcc752003e7087d454b80
user10	881	175	1270775737724	0	0	022581fbcc752003e7087d454b80
user10	881	174	1270775737755	0	0	022581fbcc752003e7087d454b80
user10	881	173	1270775737771	0	0	022581fbcc752003e7087d454b80
user10	881	173	1270775737864	1270775737771	1270775737864	022581fbcc752003e7087d454b80
user10	881	173	1270775747786	0	0	022581fbcc752003e7087d454b80
user10	881	173	1270775748099	0	0	022581fbcc752003e7087d454b80
user10	881	173	1270775748505	0	0	022581fbcc752003e7087d454b80
user10	881	173	1270775748630	1270775748521	1270775748630	022581fbcc752003e7087d454b80
user10	881	173	1270775748927	0	0	022581fbcc752003e7087d454b80
user10	881	173	1270775749021	0	0	022581fbcc752003e7087d454b80
user10	881	173	1270775749115	0	0	022581fbcc752003e7087d454b80
user10	881	173	1270775749521	0	0	022581fbcc752003e7087d454b80
user10	881	173	1270775749911	1270775749818	1270775749911	022581fbcc752003e7087d454b80
user10	881	173	1270775750287	0	0	022581fbcc752003e7087d454b80
user10	881	173	1270775750427	0	0	022581fbcc752003e7087d454b80
user10	881	173	1270775750537	0	0	022581fbcc752003e7087d454b80
user10	881	173	1270775750896	1270775750787	1270775750896	022581fbcc752003e7087d454b80
user10	881	173	1270775751224	0	0	022581fbcc752003e7087d454b80
user10	881	173	1270775751396	0	0	022581fbcc752003e7087d454b80
user10	881	173	1270775751787	1270775751677	1270775751787	022581fbcc752003e7087d454b80
user10	881	173	1270775751958	0	0	022581fbcc752003e7087d454b80
user10	881	173	1270775752162	0	0	022581fbcc752003e7087d454b80
user10	881	173	1270775752255	0	0	022581fbcc752003e7087d454b80
user10	881	173	1270775752662	0	0	022581fbcc752003e7087d454b80
user10	881	173	1270775752724	1270775752630	1270775752724	022581fbcc752003e7087d454b80
user10	881	173	1270775752974	0	0	022581fbcc752003e7087d454b80
user10	881	173	1270775753146	0	0	022581fbcc752003e7087d454b80
user10	882	172	1270775753177	0	0	022581fbcc752003e7087d454b80
user10	882	171	1270775753177	0	0	022581fbcc752003e7087d454b80
user10	884	171	1270775753193	0	0	022581fbcc752003e7087d454b80
user10	886	170	1270775753193	0	0	022581fbcc752003e7087d454b80
user10	887	170	1270775753208	0	0	022581fbcc752003e7087d454b80
user10	888	170	1270775753208	0	0	022581fbcc752003e7087d454b80
user10	888	169	1270775753224	0	0	022581fbcc752003e7087d454b80
user10	888	169	1270775753255	0	0	022581fbcc752003e7087d454b80
user10	887	169	1270775753568	0	0	022581fbcc752003e7087d454b80
user10	887	170	1270775753568	0	0	022581fbcc752003e7087d454b80
user10	886	170	1270775753583	0	0	022581fbcc752003e7087d454b80
user10	885	169	1270775753599	0	0	022581fbcc752003e7087d454b80
user10	884	168	1270775753615	0	0	022581fbcc752003e7087d454b80
user10	883	167	1270775753615	0	0	022581fbcc752003e7087d454b80
user10	882	165	1270775753630	0	0	022581fbcc752003e7087d454b80
user10	878	160	1270775753630	0	0	022581fbcc752003e7087d454b80
user10	878	160	1270775753646	0	0	022581fbcc752003e7087d454b80
user10	877	157	1270775753646	0	0	022581fbcc752003e7087d454b80
user10	873	151	1270775753646	0	0	022581fbcc752003e7087d454b80
user10	868	145	1270775753662	0	0	022581fbcc752003e7087d454b80
user10	863	140	1270775753662	0	0	022581fbcc752003e7087d454b80
user10	855	133	1270775753677	0	0	022581fbcc752003e7087d454b80
user10	850	126	1270775753677	0	0	022581fbcc752003e7087d454b80
user10	844	119	1270775753693	0	0	022581fbcc752003e7087d454b80
user10	837	112	1270775753693	0	0	022581fbcc752003e7087d454b80
user10	831	106	1270775753708	0	0	022581fbcc752003e7087d454b80
user10	825	101	1270775753708	0	0	022581fbcc752003e7087d454b80
user10	821	97	1270775753724	0	0	022581fbcc752003e7087d454b80
user10	817	92	1270775753724	0	0	022581fbcc752003e7087d454b80
user10	814	88	1270775753740	0	0	022581fbcc752003e7087d454b80
user10	812	86	1270775753740	0	0	022581fbcc752003e7087d454b80
user10	810	84	1270775753755	0	0	022581fbcc752003e7087d454b80
user10	808	82	1270775753755	0	0	022581fbcc752003e7087d454b80
user10	806	81	1270775753771	0	0	022581fbcc752003e7087d454b80
user10	804	79	1270775753771	0	0	022581fbcc752003e7087d454b80
user10	803	78	1270775753787	0	0	022581fbcc752003e7087d454b80
user10	800	75	1270775753802	0	0	022581fbcc752003e7087d454b80
user10	797	75	1270775753802	0	0	022581fbcc752003e7087d454b80
user10	796	74	1270775753818	0	0	022581fbcc752003e7087d454b80
user10	795	73	1270775753818	0	0	022581fbcc752003e7087d454b80
user10	792	73	1270775753833	0	0	022581fbcc752003e7087d454b80
user10	790	72	1270775753833	0	0	022581fbcc752003e7087d454b80
user10	789	71	1270775753849	0	0	022581fbcc752003e7087d454b80
user10	787	70	1270775753849	0	0	022581fbcc752003e7087d454b80
user10	784	69	1270775753865	0	0	022581fbcc752003e7087d454b80
user10	783	67	1270775753865	0	0	022581fbcc752003e7087d454b80
user10	781	66	1270775753880	0	0	022581fbcc752003e7087d454b80
user10	779	64	1270775753880	0	0	022581fbcc752003e7087d454b80
user10	776	61	1270775753896	0	0	022581fbcc752003e7087d454b80
user10	774	61	1270775753896	0	0	022581fbcc752003e7087d454b80
user10	773	58	1270775753912	0	0	022581fbcc752003e7087d454b80
user10	771	58	1270775753912	0	0	022581fbcc752003e7087d454b80
user10	770	56	1270775753927	0	0	022581fbcc752003e7087d454b80
user10	769	55	1270775753927	0	0	022581fbcc752003e7087d454b80
user10	768	55	1270775753943	0	0	022581fbcc752003e7087d454b80
user10	768	54	1270775753943	0	0	022581fbcc752003e7087d454b80
user10	768	53	1270775753958	0	0	022581fbcc752003e7087d454b80
user10	767	53	1270775753958	0	0	022581fbcc752003e7087d454b80
user10	767	52	1270775753974	0	0	022581fbcc752003e7087d454b80
user10	766	52	1270775753974	0	0	022581fbcc752003e7087d454b80
user10	766	51	1270775753990	0	0	022581fbcc752003e7087d454b80
user10	766	51	1270775754130	1270775754021	1270775754130	022581fbcc752003e7087d454b80
user10	698	52	1270775765756	0	0	022581fbcc752003e7087d454b80
user10	698	52	1270775765834	0	0	022581fbcc752003e7087d454b80
user10	699	52	1270775766146	0	0	022581fbcc752003e7087d454b80
user10	700	52	1270775766162	0	0	022581fbcc752003e7087d454b80
user10	701	53	1270775766162	0	0	022581fbcc752003e7087d454b80
user10	703	55	1270775766178	0	0	022581fbcc752003e7087d454b80
user10	706	56	1270775766193	0	0	022581fbcc752003e7087d454b80
user10	707	58	1270775766193	0	0	022581fbcc752003e7087d454b80
user10	709	59	1270775766209	0	0	022581fbcc752003e7087d454b80
user10	712	61	1270775766209	0	0	022581fbcc752003e7087d454b80
user10	716	64	1270775766224	0	0	022581fbcc752003e7087d454b80
user10	722	68	1270775766224	0	0	022581fbcc752003e7087d454b80
user10	728	72	1270775766240	0	0	022581fbcc752003e7087d454b80
user10	737	78	1270775766240	0	0	022581fbcc752003e7087d454b80
user10	747	84	1270775766256	0	0	022581fbcc752003e7087d454b80
user10	758	89	1270775766256	0	0	022581fbcc752003e7087d454b80
user10	767	95	1270775766271	0	0	022581fbcc752003e7087d454b80
user10	779	101	1270775766271	0	0	022581fbcc752003e7087d454b80
user10	787	107	1270775766287	0	0	022581fbcc752003e7087d454b80
user10	797	111	1270775766287	0	0	022581fbcc752003e7087d454b80
user10	807	115	1270775766303	0	0	022581fbcc752003e7087d454b80
user10	817	122	1270775766303	0	0	022581fbcc752003e7087d454b80
user10	824	127	1270775766318	0	0	022581fbcc752003e7087d454b80
user10	831	134	1270775766318	0	0	022581fbcc752003e7087d454b80
user10	839	139	1270775766334	0	0	022581fbcc752003e7087d454b80
user10	845	143	1270775766334	0	0	022581fbcc752003e7087d454b80
user10	850	147	1270775766349	0	0	022581fbcc752003e7087d454b80
user10	854	150	1270775766349	0	0	022581fbcc752003e7087d454b80
user10	858	152	1270775766365	0	0	022581fbcc752003e7087d454b80
user10	860	156	1270775766365	0	0	022581fbcc752003e7087d454b80
user10	864	158	1270775766381	0	0	022581fbcc752003e7087d454b80
user10	867	163	1270775766381	0	0	022581fbcc752003e7087d454b80
user10	869	166	1270775766396	0	0	022581fbcc752003e7087d454b80
user10	870	169	1270775766396	0	0	022581fbcc752003e7087d454b80
user10	873	172	1270775766412	0	0	022581fbcc752003e7087d454b80
user10	876	174	1270775766412	0	0	022581fbcc752003e7087d454b80
user10	879	175	1270775766428	0	0	022581fbcc752003e7087d454b80
user10	880	176	1270775766428	0	0	022581fbcc752003e7087d454b80
user10	881	176	1270775766443	0	0	022581fbcc752003e7087d454b80
user10	883	176	1270775766459	0	0	022581fbcc752003e7087d454b80
user10	883	176	1270775766693	1270775766599	1270775766693	022581fbcc752003e7087d454b80
user10	883	176	1270775768021	0	0	022581fbcc752003e7087d454b80
user10	883	176	1270775768115	0	0	022581fbcc752003e7087d454b80
user10	883	175	1270775768115	0	0	022581fbcc752003e7087d454b80
user10	883	174	1270775768131	0	0	022581fbcc752003e7087d454b80
user10	883	173	1270775768146	0	0	022581fbcc752003e7087d454b80
user10	883	172	1270775768162	0	0	022581fbcc752003e7087d454b80
user10	883	170	1270775768193	0	0	022581fbcc752003e7087d454b80
user10	883	169	1270775768193	0	0	022581fbcc752003e7087d454b80
user10	882	168	1270775768209	0	0	022581fbcc752003e7087d454b80
user10	882	167	1270775768209	0	0	022581fbcc752003e7087d454b80
user10	881	166	1270775768224	0	0	022581fbcc752003e7087d454b80
user10	880	166	1270775768240	0	0	022581fbcc752003e7087d454b80
user10	879	166	1270775768303	0	0	022581fbcc752003e7087d454b80
user10	879	166	1270775768537	0	0	022581fbcc752003e7087d454b80
user10	879	167	1270775768771	0	0	022581fbcc752003e7087d454b80
user10	879	168	1270775768787	0	0	022581fbcc752003e7087d454b80
user10	879	169	1270775768803	0	0	022581fbcc752003e7087d454b80
user10	879	170	1270775768818	0	0	022581fbcc752003e7087d454b80
user10	879	171	1270775768818	0	0	022581fbcc752003e7087d454b80
user10	879	172	1270775768834	0	0	022581fbcc752003e7087d454b80
user10	879	173	1270775768865	0	0	022581fbcc752003e7087d454b80
user10	879	174	1270775768881	0	0	022581fbcc752003e7087d454b80
user10	879	175	1270775768896	0	0	022581fbcc752003e7087d454b80
user10	879	176	1270775768912	0	0	022581fbcc752003e7087d454b80
user10	879	177	1270775768943	0	0	022581fbcc752003e7087d454b80
user10	879	178	1270775768959	0	0	022581fbcc752003e7087d454b80
user10	879	179	1270775768990	0	0	022581fbcc752003e7087d454b80
user10	879	178	1270775771959	0	0	022581fbcc752003e7087d454b80
user10	879	177	1270775771975	0	0	022581fbcc752003e7087d454b80
user10	878	177	1270775771990	0	0	022581fbcc752003e7087d454b80
user10	878	176	1270775772006	0	0	022581fbcc752003e7087d454b80
user10	878	175	1270775772146	0	0	022581fbcc752003e7087d454b80
user10	878	175	1270775772381	1270775772287	1270775772381	022581fbcc752003e7087d454b80
user10	879	174	1270775773725	0	0	022581fbcc752003e7087d454b80
user10	879	174	1270775773865	0	0	022581fbcc752003e7087d454b80
user10	879	174	1270775774287	0	0	022581fbcc752003e7087d454b80
user10	880	174	1270775774506	0	0	022581fbcc752003e7087d454b80
user10	882	174	1270775774521	0	0	022581fbcc752003e7087d454b80
user10	883	174	1270775774521	0	0	022581fbcc752003e7087d454b80
user10	884	174	1270775774537	0	0	022581fbcc752003e7087d454b80
user10	885	174	1270775774553	0	0	022581fbcc752003e7087d454b80
user10	886	174	1270775774568	0	0	022581fbcc752003e7087d454b80
user10	886	174	1270775781022	1270775780897	1270775781022	022581fbcc752003e7087d454b80
user10	886	174	1270775781569	0	0	022581fbcc752003e7087d454b80
user10	886	174	1270775781694	0	0	022581fbcc752003e7087d454b80
user10	886	174	1270775782115	0	0	022581fbcc752003e7087d454b80
user10	886	175	1270775782334	0	0	022581fbcc752003e7087d454b80
user10	886	177	1270775782334	0	0	022581fbcc752003e7087d454b80
user10	887	178	1270775782350	0	0	022581fbcc752003e7087d454b80
user10	888	181	1270775782350	0	0	022581fbcc752003e7087d454b80
user10	888	183	1270775782365	0	0	022581fbcc752003e7087d454b80
user10	889	185	1270775782365	0	0	022581fbcc752003e7087d454b80
user10	890	188	1270775782381	0	0	022581fbcc752003e7087d454b80
user10	892	191	1270775782381	0	0	022581fbcc752003e7087d454b80
user10	893	194	1270775782397	0	0	022581fbcc752003e7087d454b80
user10	895	197	1270775782397	0	0	022581fbcc752003e7087d454b80
user10	896	200	1270775782412	0	0	022581fbcc752003e7087d454b80
user10	898	203	1270775782412	0	0	022581fbcc752003e7087d454b80
user10	900	207	1270775782428	0	0	022581fbcc752003e7087d454b80
user10	902	210	1270775782428	0	0	022581fbcc752003e7087d454b80
user10	903	212	1270775782444	0	0	022581fbcc752003e7087d454b80
user10	904	214	1270775782444	0	0	022581fbcc752003e7087d454b80
user10	904	215	1270775782459	0	0	022581fbcc752003e7087d454b80
user10	903	214	1270775784616	0	0	022581fbcc752003e7087d454b80
user10	903	213	1270775784631	0	0	022581fbcc752003e7087d454b80
user10	902	213	1270775784631	0	0	022581fbcc752003e7087d454b80
user10	901	212	1270775784647	0	0	022581fbcc752003e7087d454b80
user10	901	210	1270775784662	0	0	022581fbcc752003e7087d454b80
user10	901	208	1270775784662	0	0	022581fbcc752003e7087d454b80
user10	899	207	1270775784678	0	0	022581fbcc752003e7087d454b80
user10	898	205	1270775784678	0	0	022581fbcc752003e7087d454b80
user10	897	204	1270775784694	0	0	022581fbcc752003e7087d454b80
user10	896	202	1270775784694	0	0	022581fbcc752003e7087d454b80
user10	896	199	1270775784709	0	0	022581fbcc752003e7087d454b80
user10	895	198	1270775784709	0	0	022581fbcc752003e7087d454b80
user10	894	197	1270775784725	0	0	022581fbcc752003e7087d454b80
user10	893	195	1270775784725	0	0	022581fbcc752003e7087d454b80
user10	893	194	1270775784741	0	0	022581fbcc752003e7087d454b80
user10	893	193	1270775784741	0	0	022581fbcc752003e7087d454b80
user10	893	192	1270775784756	0	0	022581fbcc752003e7087d454b80
user10	891	191	1270775784756	0	0	022581fbcc752003e7087d454b80
user10	891	189	1270775784772	0	0	022581fbcc752003e7087d454b80
user10	890	187	1270775784772	0	0	022581fbcc752003e7087d454b80
user10	889	187	1270775784787	0	0	022581fbcc752003e7087d454b80
user10	889	185	1270775784787	0	0	022581fbcc752003e7087d454b80
user10	888	185	1270775784803	0	0	022581fbcc752003e7087d454b80
user10	887	185	1270775784803	0	0	022581fbcc752003e7087d454b80
user10	887	184	1270775784819	0	0	022581fbcc752003e7087d454b80
user10	887	183	1270775784834	0	0	022581fbcc752003e7087d454b80
user10	887	182	1270775784834	0	0	022581fbcc752003e7087d454b80
user10	887	181	1270775784850	0	0	022581fbcc752003e7087d454b80
user10	887	180	1270775784850	0	0	022581fbcc752003e7087d454b80
user10	886	179	1270775784866	0	0	022581fbcc752003e7087d454b80
user10	885	178	1270775784866	0	0	022581fbcc752003e7087d454b80
user10	885	176	1270775784881	0	0	022581fbcc752003e7087d454b80
user10	885	175	1270775784912	0	0	022581fbcc752003e7087d454b80
user10	885	175	1270775785022	1270775784928	1270775785022	022581fbcc752003e7087d454b80
user10	989	278	1270775786662	0	0	022581fbcc752003e7087d454b80
user10	989	278	1270775786741	0	0	022581fbcc752003e7087d454b80
user10	988	278	1270775786975	0	0	022581fbcc752003e7087d454b80
user10	988	277	1270775786991	0	0	022581fbcc752003e7087d454b80
user10	986	277	1270775787006	0	0	022581fbcc752003e7087d454b80
user10	985	277	1270775787022	0	0	022581fbcc752003e7087d454b80
user10	984	276	1270775787022	0	0	022581fbcc752003e7087d454b80
user10	983	275	1270775787037	0	0	022581fbcc752003e7087d454b80
user10	982	275	1270775787037	0	0	022581fbcc752003e7087d454b80
user10	981	274	1270775787053	0	0	022581fbcc752003e7087d454b80
user10	979	274	1270775787053	0	0	022581fbcc752003e7087d454b80
user10	976	272	1270775787069	0	0	022581fbcc752003e7087d454b80
user10	975	271	1270775787069	0	0	022581fbcc752003e7087d454b80
user10	973	270	1270775787084	0	0	022581fbcc752003e7087d454b80
user10	971	268	1270775787084	0	0	022581fbcc752003e7087d454b80
user10	970	268	1270775787100	0	0	022581fbcc752003e7087d454b80
user10	969	267	1270775787100	0	0	022581fbcc752003e7087d454b80
user10	967	266	1270775787116	0	0	022581fbcc752003e7087d454b80
user10	967	264	1270775787116	0	0	022581fbcc752003e7087d454b80
user10	965	263	1270775787131	0	0	022581fbcc752003e7087d454b80
user10	963	260	1270775787131	0	0	022581fbcc752003e7087d454b80
user10	962	257	1270775787147	0	0	022581fbcc752003e7087d454b80
user10	959	254	1270775787147	0	0	022581fbcc752003e7087d454b80
user10	959	254	1270775787162	0	0	022581fbcc752003e7087d454b80
user10	957	249	1270775787162	0	0	022581fbcc752003e7087d454b80
user10	952	246	1270775787162	0	0	022581fbcc752003e7087d454b80
user10	948	242	1270775787178	0	0	022581fbcc752003e7087d454b80
user10	943	237	1270775787178	0	0	022581fbcc752003e7087d454b80
user10	939	232	1270775787194	0	0	022581fbcc752003e7087d454b80
user10	937	227	1270775787194	0	0	022581fbcc752003e7087d454b80
user10	934	223	1270775787209	0	0	022581fbcc752003e7087d454b80
user10	931	219	1270775787209	0	0	022581fbcc752003e7087d454b80
user10	928	214	1270775787225	0	0	022581fbcc752003e7087d454b80
user10	926	209	1270775787225	0	0	022581fbcc752003e7087d454b80
user10	926	204	1270775787241	0	0	022581fbcc752003e7087d454b80
user10	925	201	1270775787241	0	0	022581fbcc752003e7087d454b80
user10	924	198	1270775787256	0	0	022581fbcc752003e7087d454b80
user10	923	196	1270775787272	0	0	022581fbcc752003e7087d454b80
user10	923	194	1270775787272	0	0	022581fbcc752003e7087d454b80
user10	922	192	1270775787287	0	0	022581fbcc752003e7087d454b80
user10	920	189	1270775787287	0	0	022581fbcc752003e7087d454b80
user10	920	188	1270775787303	0	0	022581fbcc752003e7087d454b80
user10	919	187	1270775787303	0	0	022581fbcc752003e7087d454b80
user10	918	184	1270775787319	0	0	022581fbcc752003e7087d454b80
user10	917	182	1270775787319	0	0	022581fbcc752003e7087d454b80
user10	916	181	1270775787334	0	0	022581fbcc752003e7087d454b80
user10	915	179	1270775787334	0	0	022581fbcc752003e7087d454b80
user10	913	179	1270775787350	0	0	022581fbcc752003e7087d454b80
user10	913	176	1270775787350	0	0	022581fbcc752003e7087d454b80
user10	911	176	1270775787366	0	0	022581fbcc752003e7087d454b80
user10	911	174	1270775787366	0	0	022581fbcc752003e7087d454b80
user10	910	174	1270775787381	0	0	022581fbcc752003e7087d454b80
user10	909	173	1270775787381	0	0	022581fbcc752003e7087d454b80
user10	975	271	1270775787069	0	0	022581fbcc752003e7087d454b80
user10	973	270	1270775787084	0	0	022581fbcc752003e7087d454b80
user10	971	268	1270775787084	0	0	022581fbcc752003e7087d454b80
user10	970	268	1270775787100	0	0	022581fbcc752003e7087d454b80
user10	969	267	1270775787100	0	0	022581fbcc752003e7087d454b80
user10	967	266	1270775787116	0	0	022581fbcc752003e7087d454b80
user10	967	264	1270775787116	0	0	022581fbcc752003e7087d454b80
user10	965	263	1270775787131	0	0	022581fbcc752003e7087d454b80
user10	963	260	1270775787131	0	0	022581fbcc752003e7087d454b80
user10	962	257	1270775787147	0	0	022581fbcc752003e7087d454b80
user10	959	254	1270775787147	0	0	022581fbcc752003e7087d454b80
user10	959	254	1270775787162	0	0	022581fbcc752003e7087d454b80
user10	957	249	1270775787162	0	0	022581fbcc752003e7087d454b80
user10	952	246	1270775787162	0	0	022581fbcc752003e7087d454b80
user10	948	242	1270775787178	0	0	022581fbcc752003e7087d454b80
user10	943	237	1270775787178	0	0	022581fbcc752003e7087d454b80
user10	939	232	1270775787194	0	0	022581fbcc752003e7087d454b80
user10	937	227	1270775787194	0	0	022581fbcc752003e7087d454b80
user10	934	223	1270775787209	0	0	022581fbcc752003e7087d454b80
user10	931	219	1270775787209	0	0	022581fbcc752003e7087d454b80
user10	928	214	1270775787225	0	0	022581fbcc752003e7087d454b80
user10	926	209	1270775787225	0	0	022581fbcc752003e7087d454b80
user10	926	204	1270775787241	0	0	022581fbcc752003e7087d454b80
user10	925	201	1270775787241	0	0	022581fbcc752003e7087d454b80
user10	924	198	1270775787256	0	0	022581fbcc752003e7087d454b80
user10	923	196	1270775787272	0	0	022581fbcc752003e7087d454b80
user10	923	194	1270775787272	0	0	022581fbcc752003e7087d454b80
user10	922	192	1270775787287	0	0	022581fbcc752003e7087d454b80
user10	920	189	1270775787287	0	0	022581fbcc752003e7087d454b80
user10	920	188	1270775787303	0	0	022581fbcc752003e7087d454b80
user10	919	187	1270775787303	0	0	022581fbcc752003e7087d454b80
user10	918	184	1270775787319	0	0	022581fbcc752003e7087d454b80
user10	917	182	1270775787319	0	0	022581fbcc752003e7087d454b80
user10	916	181	1270775787334	0	0	022581fbcc752003e7087d454b80
user10	915	179	1270775787334	0	0	022581fbcc752003e7087d454b80
user10	913	179	1270775787350	0	0	022581fbcc752003e7087d454b80
user10	913	176	1270775787350	0	0	022581fbcc752003e7087d454b80
user10	911	176	1270775787366	0	0	022581fbcc752003e7087d454b80
user10	911	174	1270775787366	0	0	022581fbcc752003e7087d454b80
user10	910	174	1270775787381	0	0	022581fbcc752003e7087d454b80
user10	909	173	1270775787381	0	0	022581fbcc752003e7087d454b80
user10	908	172	1270775787397	0	0	022581fbcc752003e7087d454b80
user10	907	171	1270775787412	0	0	022581fbcc752003e7087d454b80
user10	907	170	1270775787428	0	0	022581fbcc752003e7087d454b80
user10	905	169	1270775787444	0	0	022581fbcc752003e7087d454b80
user10	905	168	1270775787444	0	0	022581fbcc752003e7087d454b80
user10	903	167	1270775787459	0	0	022581fbcc752003e7087d454b80
user10	902	167	1270775787475	0	0	022581fbcc752003e7087d454b80
user10	901	167	1270775787537	0	0	022581fbcc752003e7087d454b80
user10	900	167	1270775787553	0	0	022581fbcc752003e7087d454b80
user10	899	168	1270775787569	0	0	022581fbcc752003e7087d454b80
user10	899	169	1270775787569	0	0	022581fbcc752003e7087d454b80
user10	897	169	1270775787584	0	0	022581fbcc752003e7087d454b80
user10	895	170	1270775787584	0	0	022581fbcc752003e7087d454b80
user10	895	171	1270775787600	0	0	022581fbcc752003e7087d454b80
user10	893	171	1270775787616	0	0	022581fbcc752003e7087d454b80
user10	892	171	1270775787647	0	0	022581fbcc752003e7087d454b80
user10	892	171	1270775787756	1270775787678	1270775787756	022581fbcc752003e7087d454b80
user10	892	171	1270775787772	0	0	022581fbcc752003e7087d454b80
user10	892	170	1270775787897	0	0	022581fbcc752003e7087d454b80
user10	891	170	1270775787897	0	0	022581fbcc752003e7087d454b80
user10	891	169	1270775787912	0	0	022581fbcc752003e7087d454b80
user10	890	169	1270775787912	0	0	022581fbcc752003e7087d454b80
user10	890	168	1270775787928	0	0	022581fbcc752003e7087d454b80
user10	889	168	1270775787944	0	0	022581fbcc752003e7087d454b80
user10	888	167	1270775788053	0	0	022581fbcc752003e7087d454b80
user10	887	166	1270775788069	0	0	022581fbcc752003e7087d454b80
user10	885	164	1270775788069	0	0	022581fbcc752003e7087d454b80
user10	880	159	1270775788084	0	0	022581fbcc752003e7087d454b80
user10	875	153	1270775788084	0	0	022581fbcc752003e7087d454b80
user10	869	147	1270775788100	0	0	022581fbcc752003e7087d454b80
user10	862	139	1270775788100	0	0	022581fbcc752003e7087d454b80
user10	855	132	1270775788116	0	0	022581fbcc752003e7087d454b80
user10	848	124	1270775788116	0	0	022581fbcc752003e7087d454b80
user10	841	118	1270775788131	0	0	022581fbcc752003e7087d454b80
user10	837	113	1270775788131	0	0	022581fbcc752003e7087d454b80
user10	831	108	1270775788147	0	0	022581fbcc752003e7087d454b80
user10	826	103	1270775788147	0	0	022581fbcc752003e7087d454b80
user10	821	99	1270775788162	0	0	022581fbcc752003e7087d454b80
user10	819	96	1270775788162	0	0	022581fbcc752003e7087d454b80
user10	815	92	1270775788178	0	0	022581fbcc752003e7087d454b80
user10	810	88	1270775788178	0	0	022581fbcc752003e7087d454b80
user10	808	85	1270775788194	0	0	022581fbcc752003e7087d454b80
user10	804	82	1270775788194	0	0	022581fbcc752003e7087d454b80
user10	802	80	1270775788209	0	0	022581fbcc752003e7087d454b80
user10	800	78	1270775788209	0	0	022581fbcc752003e7087d454b80
user10	798	76	1270775788225	0	0	022581fbcc752003e7087d454b80
user10	796	74	1270775788225	0	0	022581fbcc752003e7087d454b80
user10	793	72	1270775788241	0	0	022581fbcc752003e7087d454b80
user10	792	72	1270775788241	0	0	022581fbcc752003e7087d454b80
user10	791	71	1270775788256	0	0	022581fbcc752003e7087d454b80
user10	790	71	1270775788272	0	0	022581fbcc752003e7087d454b80
user10	790	71	1270775788272	0	0	022581fbcc752003e7087d454b80
user10	788	69	1270775788272	0	0	022581fbcc752003e7087d454b80
user10	787	68	1270775788287	0	0	022581fbcc752003e7087d454b80
user10	786	67	1270775788303	0	0	022581fbcc752003e7087d454b80
user10	786	66	1270775788319	0	0	022581fbcc752003e7087d454b80
user10	785	66	1270775788319	0	0	022581fbcc752003e7087d454b80
user10	785	65	1270775788334	0	0	022581fbcc752003e7087d454b80
user10	784	64	1270775788334	0	0	022581fbcc752003e7087d454b80
user10	783	63	1270775788366	0	0	022581fbcc752003e7087d454b80
user10	782	63	1270775788381	0	0	022581fbcc752003e7087d454b80
user10	782	62	1270775788397	0	0	022581fbcc752003e7087d454b80
user10	782	61	1270775788412	0	0	022581fbcc752003e7087d454b80
user10	782	60	1270775788428	0	0	022581fbcc752003e7087d454b80
user10	782	59	1270775788475	0	0	022581fbcc752003e7087d454b80
user10	782	58	1270775788506	0	0	022581fbcc752003e7087d454b80
user10	782	57	1270775788522	0	0	022581fbcc752003e7087d454b80
user10	782	56	1270775788553	0	0	022581fbcc752003e7087d454b80
user10	782	56	1270775788772	0	0	022581fbcc752003e7087d454b80
user10	782	56	1270775789381	1270775789241	1270775789381	022581fbcc752003e7087d454b80
user10	681	55	1270775802585	0	0	022581fbcc752003e7087d454b80
user10	681	55	1270775802663	0	0	022581fbcc752003e7087d454b80
user10	681	55	1270775803069	0	0	022581fbcc752003e7087d454b80
user10	682	55	1270775803194	0	0	022581fbcc752003e7087d454b80
user10	684	55	1270775803194	0	0	022581fbcc752003e7087d454b80
user10	689	57	1270775803210	0	0	022581fbcc752003e7087d454b80
user10	693	60	1270775803210	0	0	022581fbcc752003e7087d454b80
user10	700	62	1270775803225	0	0	022581fbcc752003e7087d454b80
user10	709	65	1270775803225	0	0	022581fbcc752003e7087d454b80
user10	716	67	1270775803241	0	0	022581fbcc752003e7087d454b80
user10	724	69	1270775803241	0	0	022581fbcc752003e7087d454b80
user10	731	69	1270775803257	0	0	022581fbcc752003e7087d454b80
user10	737	70	1270775803257	0	0	022581fbcc752003e7087d454b80
user10	742	71	1270775803272	0	0	022581fbcc752003e7087d454b80
user10	747	72	1270775803272	0	0	022581fbcc752003e7087d454b80
user10	751	72	1270775803288	0	0	022581fbcc752003e7087d454b80
user10	753	72	1270775803288	0	0	022581fbcc752003e7087d454b80
user10	755	72	1270775803303	0	0	022581fbcc752003e7087d454b80
user10	756	72	1270775803303	0	0	022581fbcc752003e7087d454b80
user10	757	72	1270775803319	0	0	022581fbcc752003e7087d454b80
user10	758	72	1270775803319	0	0	022581fbcc752003e7087d454b80
user10	759	72	1270775803335	0	0	022581fbcc752003e7087d454b80
user10	760	72	1270775803444	0	0	022581fbcc752003e7087d454b80
user10	761	73	1270775803444	0	0	022581fbcc752003e7087d454b80
user10	763	76	1270775803460	0	0	022581fbcc752003e7087d454b80
user10	766	78	1270775803460	0	0	022581fbcc752003e7087d454b80
user10	769	81	1270775803475	0	0	022581fbcc752003e7087d454b80
user10	773	84	1270775803475	0	0	022581fbcc752003e7087d454b80
user10	779	89	1270775803491	0	0	022581fbcc752003e7087d454b80
user10	785	93	1270775803491	0	0	022581fbcc752003e7087d454b80
user10	793	101	1270775803507	0	0	022581fbcc752003e7087d454b80
user10	800	107	1270775803507	0	0	022581fbcc752003e7087d454b80
user10	806	112	1270775803522	0	0	022581fbcc752003e7087d454b80
user10	811	119	1270775803522	0	0	022581fbcc752003e7087d454b80
user10	816	123	1270775803538	0	0	022581fbcc752003e7087d454b80
user10	820	128	1270775803538	0	0	022581fbcc752003e7087d454b80
user10	824	133	1270775803553	0	0	022581fbcc752003e7087d454b80
user10	826	138	1270775803553	0	0	022581fbcc752003e7087d454b80
user10	828	142	1270775803569	0	0	022581fbcc752003e7087d454b80
user10	830	147	1270775803569	0	0	022581fbcc752003e7087d454b80
user10	833	151	1270775803585	0	0	022581fbcc752003e7087d454b80
user10	835	155	1270775803585	0	0	022581fbcc752003e7087d454b80
user10	837	158	1270775803600	0	0	022581fbcc752003e7087d454b80
user10	840	161	1270775803600	0	0	022581fbcc752003e7087d454b80
user10	842	162	1270775803616	0	0	022581fbcc752003e7087d454b80
user10	844	163	1270775803616	0	0	022581fbcc752003e7087d454b80
user10	846	163	1270775803632	0	0	022581fbcc752003e7087d454b80
user10	848	163	1270775803632	0	0	022581fbcc752003e7087d454b80
user10	850	163	1270775803647	0	0	022581fbcc752003e7087d454b80
user10	851	163	1270775803663	0	0	022581fbcc752003e7087d454b80
user10	852	162	1270775803663	0	0	022581fbcc752003e7087d454b80
user10	854	162	1270775803694	0	0	022581fbcc752003e7087d454b80
user10	855	162	1270775803694	0	0	022581fbcc752003e7087d454b80
user10	857	162	1270775803710	0	0	022581fbcc752003e7087d454b80
user10	859	162	1270775803710	0	0	022581fbcc752003e7087d454b80
user10	860	162	1270775803725	0	0	022581fbcc752003e7087d454b80
user10	862	162	1270775803725	0	0	022581fbcc752003e7087d454b80
user10	863	162	1270775803741	0	0	022581fbcc752003e7087d454b80
user10	864	162	1270775803741	0	0	022581fbcc752003e7087d454b80
user10	865	162	1270775803819	0	0	022581fbcc752003e7087d454b80
user10	866	162	1270775803850	0	0	022581fbcc752003e7087d454b80
user10	866	163	1270775803866	0	0	022581fbcc752003e7087d454b80
user10	866	163	1270775804007	1270775803897	1270775804007	022581fbcc752003e7087d454b80
user10	902	177	1270775806600	0	0	022581fbcc752003e7087d454b80
user10	902	177	1270775806694	0	0	022581fbcc752003e7087d454b80
user10	902	177	1270775807100	0	0	022581fbcc752003e7087d454b80
user10	900	178	1270775808725	0	0	022581fbcc752003e7087d454b80
user10	896	181	1270775808741	0	0	022581fbcc752003e7087d454b80
user10	891	186	1270775808741	0	0	022581fbcc752003e7087d454b80
user10	885	191	1270775808757	0	0	022581fbcc752003e7087d454b80
user10	879	197	1270775808757	0	0	022581fbcc752003e7087d454b80
user10	873	205	1270775808772	0	0	022581fbcc752003e7087d454b80
user10	865	214	1270775808772	0	0	022581fbcc752003e7087d454b80
user10	859	222	1270775808788	0	0	022581fbcc752003e7087d454b80
user10	853	232	1270775808788	0	0	022581fbcc752003e7087d454b80
user10	847	242	1270775808804	0	0	022581fbcc752003e7087d454b80
user10	844	255	1270775808804	0	0	022581fbcc752003e7087d454b80
user10	835	270	1270775808819	0	0	022581fbcc752003e7087d454b80
user10	827	284	1270775808819	0	0	022581fbcc752003e7087d454b80
user10	821	294	1270775808835	0	0	022581fbcc752003e7087d454b80
user10	816	302	1270775808835	0	0	022581fbcc752003e7087d454b80
user10	811	310	1270775808851	0	0	022581fbcc752003e7087d454b80
user10	806	316	1270775808851	0	0	022581fbcc752003e7087d454b80
user10	800	322	1270775808866	0	0	022581fbcc752003e7087d454b80
user10	794	327	1270775808866	0	0	022581fbcc752003e7087d454b80
user10	791	332	1270775808882	0	0	022581fbcc752003e7087d454b80
user10	786	336	1270775808882	0	0	022581fbcc752003e7087d454b80
user10	779	339	1270775808897	0	0	022581fbcc752003e7087d454b80
user10	774	340	1270775808897	0	0	022581fbcc752003e7087d454b80
user10	767	342	1270775808913	0	0	022581fbcc752003e7087d454b80
user10	760	343	1270775808913	0	0	022581fbcc752003e7087d454b80
user10	755	344	1270775808929	0	0	022581fbcc752003e7087d454b80
user10	750	344	1270775808929	0	0	022581fbcc752003e7087d454b80
user10	747	344	1270775808944	0	0	022581fbcc752003e7087d454b80
user10	745	345	1270775808944	0	0	022581fbcc752003e7087d454b80
user10	742	346	1270775808960	0	0	022581fbcc752003e7087d454b80
user10	740	346	1270775808960	0	0	022581fbcc752003e7087d454b80
user10	738	347	1270775808976	0	0	022581fbcc752003e7087d454b80
user10	736	347	1270775808976	0	0	022581fbcc752003e7087d454b80
user10	735	347	1270775808991	0	0	022581fbcc752003e7087d454b80
user10	734	347	1270775809007	0	0	022581fbcc752003e7087d454b80
user10	733	347	1270775809022	0	0	022581fbcc752003e7087d454b80
user10	733	346	1270775809038	0	0	022581fbcc752003e7087d454b80
user10	732	346	1270775809054	0	0	022581fbcc752003e7087d454b80
user10	732	346	1270775809257	1270775809194	1270775809257	022581fbcc752003e7087d454b80
user10	733	346	1270775809304	0	0	022581fbcc752003e7087d454b80
user10	733	345	1270775809319	0	0	022581fbcc752003e7087d454b80
user10	734	344	1270775809319	0	0	022581fbcc752003e7087d454b80
user10	737	344	1270775809335	0	0	022581fbcc752003e7087d454b80
user10	738	343	1270775809335	0	0	022581fbcc752003e7087d454b80
user10	740	341	1270775809351	0	0	022581fbcc752003e7087d454b80
user10	742	340	1270775809366	0	0	022581fbcc752003e7087d454b80
user10	746	338	1270775809366	0	0	022581fbcc752003e7087d454b80
user10	747	338	1270775809382	0	0	022581fbcc752003e7087d454b80
user10	750	338	1270775809382	0	0	022581fbcc752003e7087d454b80
user10	753	336	1270775809397	0	0	022581fbcc752003e7087d454b80
user10	755	334	1270775809397	0	0	022581fbcc752003e7087d454b80
user10	757	333	1270775809413	0	0	022581fbcc752003e7087d454b80
user10	759	332	1270775809413	0	0	022581fbcc752003e7087d454b80
user10	760	332	1270775809429	0	0	022581fbcc752003e7087d454b80
user10	761	330	1270775809429	0	0	022581fbcc752003e7087d454b80
user10	762	329	1270775809444	0	0	022581fbcc752003e7087d454b80
user10	762	327	1270775809444	0	0	022581fbcc752003e7087d454b80
user10	763	326	1270775809460	0	0	022581fbcc752003e7087d454b80
user10	763	325	1270775809460	0	0	022581fbcc752003e7087d454b80
user10	763	323	1270775809476	0	0	022581fbcc752003e7087d454b80
user10	763	322	1270775809491	0	0	022581fbcc752003e7087d454b80
user10	763	321	1270775809507	0	0	022581fbcc752003e7087d454b80
user10	767	323	1270775833101	0	0	022581fbcc752003e7087d454b80
user10	773	329	1270775833101	0	0	022581fbcc752003e7087d454b80
user10	782	338	1270775833117	0	0	022581fbcc752003e7087d454b80
user10	791	347	1270775833117	0	0	022581fbcc752003e7087d454b80
user10	798	354	1270775833132	0	0	022581fbcc752003e7087d454b80
user10	806	363	1270775833132	0	0	022581fbcc752003e7087d454b80
user10	813	370	1270775833148	0	0	022581fbcc752003e7087d454b80
user10	821	377	1270775833148	0	0	022581fbcc752003e7087d454b80
user10	827	382	1270775833164	0	0	022581fbcc752003e7087d454b80
user10	831	385	1270775833164	0	0	022581fbcc752003e7087d454b80
user10	834	388	1270775833179	0	0	022581fbcc752003e7087d454b80
user10	835	389	1270775833179	0	0	022581fbcc752003e7087d454b80
user10	835	391	1270775833195	0	0	022581fbcc752003e7087d454b80
user10	835	392	1270775833210	0	0	022581fbcc752003e7087d454b80
user10	835	393	1270775833210	0	0	022581fbcc752003e7087d454b80
user10	835	394	1270775833226	0	0	022581fbcc752003e7087d454b80
user10	835	395	1270775833242	0	0	022581fbcc752003e7087d454b80
user10	835	396	1270775833257	0	0	022581fbcc752003e7087d454b80
user10	835	397	1270775833273	0	0	022581fbcc752003e7087d454b80
user10	834	397	1270775833336	0	0	022581fbcc752003e7087d454b80
user10	834	396	1270775833351	0	0	022581fbcc752003e7087d454b80
user10	834	395	1270775833351	0	0	022581fbcc752003e7087d454b80
user10	832	394	1270775833367	0	0	022581fbcc752003e7087d454b80
user10	832	393	1270775833367	0	0	022581fbcc752003e7087d454b80
user10	831	393	1270775833382	0	0	022581fbcc752003e7087d454b80
user10	830	392	1270775833382	0	0	022581fbcc752003e7087d454b80
user10	830	391	1270775833398	0	0	022581fbcc752003e7087d454b80
user10	829	391	1270775833414	0	0	022581fbcc752003e7087d454b80
user10	829	390	1270775833429	0	0	022581fbcc752003e7087d454b80
user10	828	390	1270775833429	0	0	022581fbcc752003e7087d454b80
user10	828	389	1270775833445	0	0	022581fbcc752003e7087d454b80
user10	827	389	1270775833445	0	0	022581fbcc752003e7087d454b80
user10	826	389	1270775833461	0	0	022581fbcc752003e7087d454b80
user10	825	388	1270775833461	0	0	022581fbcc752003e7087d454b80
user10	825	387	1270775833476	0	0	022581fbcc752003e7087d454b80
user10	824	387	1270775833476	0	0	022581fbcc752003e7087d454b80
user10	823	387	1270775833492	0	0	022581fbcc752003e7087d454b80
user10	820	385	1270775838007	0	0	022581fbcc752003e7087d454b80
user10	816	384	1270775838007	0	0	022581fbcc752003e7087d454b80
user10	811	382	1270775838023	0	0	022581fbcc752003e7087d454b80
user10	803	381	1270775838023	0	0	022581fbcc752003e7087d454b80
user10	797	378	1270775838039	0	0	022581fbcc752003e7087d454b80
user10	790	376	1270775838039	0	0	022581fbcc752003e7087d454b80
user10	782	374	1270775838054	0	0	022581fbcc752003e7087d454b80
user10	774	372	1270775838054	0	0	022581fbcc752003e7087d454b80
user10	767	370	1270775838070	0	0	022581fbcc752003e7087d454b80
user10	761	368	1270775838070	0	0	022581fbcc752003e7087d454b80
user10	755	367	1270775838086	0	0	022581fbcc752003e7087d454b80
user10	751	367	1270775838101	0	0	022581fbcc752003e7087d454b80
user10	749	366	1270775838101	0	0	022581fbcc752003e7087d454b80
user10	747	366	1270775838117	0	0	022581fbcc752003e7087d454b80
user10	745	366	1270775838117	0	0	022581fbcc752003e7087d454b80
user10	744	365	1270775838132	0	0	022581fbcc752003e7087d454b80
user10	742	364	1270775838132	0	0	022581fbcc752003e7087d454b80
user10	740	363	1270775838148	0	0	022581fbcc752003e7087d454b80
user10	740	362	1270775838148	0	0	022581fbcc752003e7087d454b80
user10	736	360	1270775838164	0	0	022581fbcc752003e7087d454b80
user10	732	357	1270775838164	0	0	022581fbcc752003e7087d454b80
user10	728	354	1270775838179	0	0	022581fbcc752003e7087d454b80
user10	725	351	1270775838179	0	0	022581fbcc752003e7087d454b80
user10	721	349	1270775838195	0	0	022581fbcc752003e7087d454b80
user10	718	347	1270775838195	0	0	022581fbcc752003e7087d454b80
user10	717	347	1270775838211	0	0	022581fbcc752003e7087d454b80
user10	714	345	1270775838211	0	0	022581fbcc752003e7087d454b80
user10	712	344	1270775838226	0	0	022581fbcc752003e7087d454b80
user10	712	343	1270775838226	0	0	022581fbcc752003e7087d454b80
user10	711	342	1270775838242	0	0	022581fbcc752003e7087d454b80
user10	711	341	1270775838258	0	0	022581fbcc752003e7087d454b80
user10	712	340	1270775838304	0	0	022581fbcc752003e7087d454b80
user10	713	340	1270775838336	0	0	022581fbcc752003e7087d454b80
user10	715	340	1270775838351	0	0	022581fbcc752003e7087d454b80
user10	716	340	1270775838351	0	0	022581fbcc752003e7087d454b80
user10	718	340	1270775838367	0	0	022581fbcc752003e7087d454b80
user10	721	341	1270775838367	0	0	022581fbcc752003e7087d454b80
user10	725	344	1270775838383	0	0	022581fbcc752003e7087d454b80
user10	729	345	1270775838383	0	0	022581fbcc752003e7087d454b80
user10	732	346	1270775838398	0	0	022581fbcc752003e7087d454b80
user10	736	348	1270775838398	0	0	022581fbcc752003e7087d454b80
user10	738	349	1270775838414	0	0	022581fbcc752003e7087d454b80
user10	739	349	1270775838414	0	0	022581fbcc752003e7087d454b80
user10	741	349	1270775838429	0	0	022581fbcc752003e7087d454b80
user10	742	349	1270775838445	0	0	022581fbcc752003e7087d454b80
user10	743	349	1270775838461	0	0	022581fbcc752003e7087d454b80
user10	742	350	1270775838617	0	0	022581fbcc752003e7087d454b80
user10	740	350	1270775838633	0	0	022581fbcc752003e7087d454b80
user10	737	351	1270775838633	0	0	022581fbcc752003e7087d454b80
user10	734	351	1270775838648	0	0	022581fbcc752003e7087d454b80
user10	729	351	1270775838648	0	0	022581fbcc752003e7087d454b80
user10	724	352	1270775838664	0	0	022581fbcc752003e7087d454b80
user10	717	352	1270775838664	0	0	022581fbcc752003e7087d454b80
user10	709	352	1270775838679	0	0	022581fbcc752003e7087d454b80
user10	700	352	1270775838679	0	0	022581fbcc752003e7087d454b80
user10	689	352	1270775838695	0	0	022581fbcc752003e7087d454b80
user10	677	352	1270775838695	0	0	022581fbcc752003e7087d454b80
user10	665	352	1270775838711	0	0	022581fbcc752003e7087d454b80
user10	651	352	1270775838711	0	0	022581fbcc752003e7087d454b80
user10	640	352	1270775838726	0	0	022581fbcc752003e7087d454b80
user10	627	352	1270775838726	0	0	022581fbcc752003e7087d454b80
user10	616	352	1270775838742	0	0	022581fbcc752003e7087d454b80
user10	606	352	1270775838758	0	0	022581fbcc752003e7087d454b80
user10	598	352	1270775838758	0	0	022581fbcc752003e7087d454b80
user10	591	352	1270775838773	0	0	022581fbcc752003e7087d454b80
user10	584	352	1270775838773	0	0	022581fbcc752003e7087d454b80
user10	579	352	1270775838789	0	0	022581fbcc752003e7087d454b80
user10	575	352	1270775838789	0	0	022581fbcc752003e7087d454b80
user10	572	352	1270775838804	0	0	022581fbcc752003e7087d454b80
user10	569	352	1270775838804	0	0	022581fbcc752003e7087d454b80
user10	567	352	1270775838820	0	0	022581fbcc752003e7087d454b80
user10	565	352	1270775838820	0	0	022581fbcc752003e7087d454b80
user10	564	354	1270775838836	0	0	022581fbcc752003e7087d454b80
user10	563	354	1270775838836	0	0	022581fbcc752003e7087d454b80
user10	561	354	1270775838851	0	0	022581fbcc752003e7087d454b80
user10	559	355	1270775838867	0	0	022581fbcc752003e7087d454b80
user10	557	355	1270775838867	0	0	022581fbcc752003e7087d454b80
user10	556	356	1270775838883	0	0	022581fbcc752003e7087d454b80
user10	554	356	1270775838883	0	0	022581fbcc752003e7087d454b80
user10	552	356	1270775838898	0	0	022581fbcc752003e7087d454b80
user10	550	356	1270775838898	0	0	022581fbcc752003e7087d454b80
user10	549	356	1270775838914	0	0	022581fbcc752003e7087d454b80
user10	547	357	1270775838914	0	0	022581fbcc752003e7087d454b80
user10	545	357	1270775838929	0	0	022581fbcc752003e7087d454b80
user10	543	357	1270775838929	0	0	022581fbcc752003e7087d454b80
user10	541	357	1270775838945	0	0	022581fbcc752003e7087d454b80
user10	540	357	1270775838945	0	0	022581fbcc752003e7087d454b80
user10	538	357	1270775838961	0	0	022581fbcc752003e7087d454b80
user10	537	357	1270775838961	0	0	022581fbcc752003e7087d454b80
user10	536	357	1270775838976	0	0	022581fbcc752003e7087d454b80
user10	535	357	1270775838976	0	0	022581fbcc752003e7087d454b80
user10	534	357	1270775838992	0	0	022581fbcc752003e7087d454b80
user10	533	357	1270775838992	0	0	022581fbcc752003e7087d454b80
user10	532	357	1270775839008	0	0	022581fbcc752003e7087d454b80
user10	529	357	1270775839008	0	0	022581fbcc752003e7087d454b80
user10	528	357	1270775839023	0	0	022581fbcc752003e7087d454b80
user10	526	357	1270775839039	0	0	022581fbcc752003e7087d454b80
user10	525	357	1270775839039	0	0	022581fbcc752003e7087d454b80
user10	524	357	1270775839054	0	0	022581fbcc752003e7087d454b80
user10	523	357	1270775839054	0	0	022581fbcc752003e7087d454b80
user10	522	357	1270775839070	0	0	022581fbcc752003e7087d454b80
user10	521	356	1270775839070	0	0	022581fbcc752003e7087d454b80
user10	519	356	1270775839086	0	0	022581fbcc752003e7087d454b80
user10	519	355	1270775839101	0	0	022581fbcc752003e7087d454b80
user10	518	354	1270775839101	0	0	022581fbcc752003e7087d454b80
user10	517	353	1270775839117	0	0	022581fbcc752003e7087d454b80
user10	515	352	1270775839133	0	0	022581fbcc752003e7087d454b80
user10	513	351	1270775839148	0	0	022581fbcc752003e7087d454b80
user10	512	350	1270775839164	0	0	022581fbcc752003e7087d454b80
user10	511	350	1270775839164	0	0	022581fbcc752003e7087d454b80
user10	509	350	1270775839179	0	0	022581fbcc752003e7087d454b80
user10	508	350	1270775839195	0	0	022581fbcc752003e7087d454b80
user10	507	349	1270775839195	0	0	022581fbcc752003e7087d454b80
user10	506	349	1270775839211	0	0	022581fbcc752003e7087d454b80
user10	505	348	1270775839226	0	0	022581fbcc752003e7087d454b80
user10	504	348	1270775839226	0	0	022581fbcc752003e7087d454b80
user10	503	348	1270775839242	0	0	022581fbcc752003e7087d454b80
user10	502	348	1270775839258	0	0	022581fbcc752003e7087d454b80
user10	501	348	1270775839273	0	0	022581fbcc752003e7087d454b80
user10	501	347	1270775839273	0	0	022581fbcc752003e7087d454b80
user10	499	347	1270775839289	0	0	022581fbcc752003e7087d454b80
user10	498	347	1270775839304	0	0	022581fbcc752003e7087d454b80
user10	498	346	1270775839320	0	0	022581fbcc752003e7087d454b80
user10	497	346	1270775839336	0	0	022581fbcc752003e7087d454b80
user10	496	346	1270775839336	0	0	022581fbcc752003e7087d454b80
user10	495	346	1270775839414	0	0	022581fbcc752003e7087d454b80
user10	495	346	1270775839586	1270775838523	1270775839586	022581fbcc752003e7087d454b80
user10	495	346	1270775839586	0	0	022581fbcc752003e7087d454b80
user10	496	346	1270775854820	0	0	022581fbcc752003e7087d454b80
user10	500	346	1270775854820	0	0	022581fbcc752003e7087d454b80
user10	505	346	1270775854836	0	0	022581fbcc752003e7087d454b80
user10	508	346	1270775854836	0	0	022581fbcc752003e7087d454b80
user10	510	346	1270775854852	0	0	022581fbcc752003e7087d454b80
user10	512	346	1270775854852	0	0	022581fbcc752003e7087d454b80
user10	513	346	1270775854867	0	0	022581fbcc752003e7087d454b80
user10	514	346	1270775854914	0	0	022581fbcc752003e7087d454b80
user10	515	346	1270775854930	0	0	022581fbcc752003e7087d454b80
user10	518	346	1270775854930	0	0	022581fbcc752003e7087d454b80
user10	521	346	1270775854945	0	0	022581fbcc752003e7087d454b80
user10	524	346	1270775854945	0	0	022581fbcc752003e7087d454b80
user10	528	346	1270775854961	0	0	022581fbcc752003e7087d454b80
user10	531	346	1270775854961	0	0	022581fbcc752003e7087d454b80
user10	533	346	1270775854977	0	0	022581fbcc752003e7087d454b80
user10	536	346	1270775854977	0	0	022581fbcc752003e7087d454b80
user10	538	348	1270775854992	0	0	022581fbcc752003e7087d454b80
user10	541	349	1270775854992	0	0	022581fbcc752003e7087d454b80
user10	546	351	1270775855008	0	0	022581fbcc752003e7087d454b80
user10	550	352	1270775855008	0	0	022581fbcc752003e7087d454b80
user10	555	352	1270775855024	0	0	022581fbcc752003e7087d454b80
user10	561	352	1270775855024	0	0	022581fbcc752003e7087d454b80
user10	568	352	1270775855039	0	0	022581fbcc752003e7087d454b80
user10	576	352	1270775855039	0	0	022581fbcc752003e7087d454b80
user10	584	352	1270775855055	0	0	022581fbcc752003e7087d454b80
user10	592	352	1270775855055	0	0	022581fbcc752003e7087d454b80
user10	600	352	1270775855070	0	0	022581fbcc752003e7087d454b80
user10	605	352	1270775855070	0	0	022581fbcc752003e7087d454b80
user10	611	352	1270775855086	0	0	022581fbcc752003e7087d454b80
user10	613	352	1270775855086	0	0	022581fbcc752003e7087d454b80
user10	617	352	1270775855274	0	0	022581fbcc752003e7087d454b80
user10	621	352	1270775855289	0	0	022581fbcc752003e7087d454b80
user10	629	356	1270775855289	0	0	022581fbcc752003e7087d454b80
user10	640	360	1270775855305	0	0	022581fbcc752003e7087d454b80
user10	655	366	1270775855305	0	0	022581fbcc752003e7087d454b80
user10	669	372	1270775855320	0	0	022581fbcc752003e7087d454b80
user10	690	382	1270775855320	0	0	022581fbcc752003e7087d454b80
user10	707	393	1270775855336	0	0	022581fbcc752003e7087d454b80
user10	726	400	1270775855336	0	0	022581fbcc752003e7087d454b80
user10	741	406	1270775855352	0	0	022581fbcc752003e7087d454b80
user10	756	413	1270775855352	0	0	022581fbcc752003e7087d454b80
user10	767	415	1270775855367	0	0	022581fbcc752003e7087d454b80
user10	775	417	1270775855367	0	0	022581fbcc752003e7087d454b80
user10	780	417	1270775855383	0	0	022581fbcc752003e7087d454b80
user10	783	417	1270775855383	0	0	022581fbcc752003e7087d454b80
user10	785	417	1270775855399	0	0	022581fbcc752003e7087d454b80
user10	786	417	1270775855414	0	0	022581fbcc752003e7087d454b80
user10	787	417	1270775855430	0	0	022581fbcc752003e7087d454b80
user10	788	417	1270775855445	0	0	022581fbcc752003e7087d454b80
user10	789	417	1270775855477	0	0	022581fbcc752003e7087d454b80
user10	790	417	1270775855492	0	0	022581fbcc752003e7087d454b80
user10	791	416	1270775855492	0	0	022581fbcc752003e7087d454b80
user10	792	415	1270775855508	0	0	022581fbcc752003e7087d454b80
user10	794	414	1270775855508	0	0	022581fbcc752003e7087d454b80
user10	795	412	1270775855524	0	0	022581fbcc752003e7087d454b80
user10	796	409	1270775855524	0	0	022581fbcc752003e7087d454b80
user10	796	407	1270775855539	0	0	022581fbcc752003e7087d454b80
user10	796	404	1270775855539	0	0	022581fbcc752003e7087d454b80
user10	796	399	1270775855555	0	0	022581fbcc752003e7087d454b80
user10	796	397	1270775855555	0	0	022581fbcc752003e7087d454b80
user10	795	395	1270775855570	0	0	022581fbcc752003e7087d454b80
user10	794	393	1270775855570	0	0	022581fbcc752003e7087d454b80
user10	793	392	1270775855586	0	0	022581fbcc752003e7087d454b80
user10	793	391	1270775855586	0	0	022581fbcc752003e7087d454b80
user10	792	391	1270775855602	0	0	022581fbcc752003e7087d454b80
user10	792	390	1270775855617	0	0	022581fbcc752003e7087d454b80
user10	791	390	1270775855633	0	0	022581fbcc752003e7087d454b80
user10	791	389	1270775855649	0	0	022581fbcc752003e7087d454b80
user10	791	389	1270775855899	1270775855805	1270775855899	022581fbcc752003e7087d454b80
user10	934	220	1270775868461	0	0	022581fbcc752003e7087d454b80
user10	935	220	1270775868540	0	0	022581fbcc752003e7087d454b80
user10	935	220	1270775868555	0	0	022581fbcc752003e7087d454b80
user10	934	220	1270775868899	0	0	022581fbcc752003e7087d454b80
user10	933	220	1270775868915	0	0	022581fbcc752003e7087d454b80
user10	932	220	1270775868915	0	0	022581fbcc752003e7087d454b80
user10	931	220	1270775868930	0	0	022581fbcc752003e7087d454b80
user10	930	220	1270775868930	0	0	022581fbcc752003e7087d454b80
user10	929	220	1270775868946	0	0	022581fbcc752003e7087d454b80
user10	929	219	1270775868946	0	0	022581fbcc752003e7087d454b80
user10	927	218	1270775868961	0	0	022581fbcc752003e7087d454b80
user10	925	218	1270775868961	0	0	022581fbcc752003e7087d454b80
user10	925	218	1270775868977	0	0	022581fbcc752003e7087d454b80
user10	924	216	1270775868977	0	0	022581fbcc752003e7087d454b80
user10	923	215	1270775868977	0	0	022581fbcc752003e7087d454b80
user10	919	212	1270775868993	0	0	022581fbcc752003e7087d454b80
user10	917	211	1270775868993	0	0	022581fbcc752003e7087d454b80
user10	914	207	1270775869008	0	0	022581fbcc752003e7087d454b80
user10	910	204	1270775869008	0	0	022581fbcc752003e7087d454b80
user10	907	200	1270775869024	0	0	022581fbcc752003e7087d454b80
user10	902	196	1270775869024	0	0	022581fbcc752003e7087d454b80
user10	898	192	1270775869040	0	0	022581fbcc752003e7087d454b80
user10	897	190	1270775869040	0	0	022581fbcc752003e7087d454b80
user10	894	188	1270775869055	0	0	022581fbcc752003e7087d454b80
user10	894	186	1270775869055	0	0	022581fbcc752003e7087d454b80
user10	893	185	1270775869071	0	0	022581fbcc752003e7087d454b80
user10	892	183	1270775869071	0	0	022581fbcc752003e7087d454b80
user10	892	182	1270775869086	0	0	022581fbcc752003e7087d454b80
user10	891	181	1270775869086	0	0	022581fbcc752003e7087d454b80
user10	891	180	1270775869102	0	0	022581fbcc752003e7087d454b80
user10	891	178	1270775869102	0	0	022581fbcc752003e7087d454b80
user10	890	178	1270775869118	0	0	022581fbcc752003e7087d454b80
user10	890	177	1270775869118	0	0	022581fbcc752003e7087d454b80
user10	889	175	1270775869133	0	0	022581fbcc752003e7087d454b80
user10	887	175	1270775869133	0	0	022581fbcc752003e7087d454b80
user10	887	173	1270775869149	0	0	022581fbcc752003e7087d454b80
user10	886	173	1270775869149	0	0	022581fbcc752003e7087d454b80
user10	885	172	1270775869180	0	0	022581fbcc752003e7087d454b80
user10	884	172	1270775869196	0	0	022581fbcc752003e7087d454b80
user10	884	171	1270775869211	0	0	022581fbcc752003e7087d454b80
user10	883	171	1270775869211	0	0	022581fbcc752003e7087d454b80
user10	883	171	1270775870915	1270775870836	1270775870915	022581fbcc752003e7087d454b80
user10	883	171	1270775872243	0	0	022581fbcc752003e7087d454b80
user10	883	171	1270775872493	0	0	022581fbcc752003e7087d454b80
user10	883	171	1270775872915	0	0	022581fbcc752003e7087d454b80
user10	883	171	1270775876321	1270775876212	1270775876321	022581fbcc752003e7087d454b80
user10	883	171	1270775877087	0	0	022581fbcc752003e7087d454b80
user10	883	171	1270775877384	0	0	022581fbcc752003e7087d454b80
user10	883	171	1270775877821	0	0	022581fbcc752003e7087d454b80
user10	883	171	1270775877899	1270775877790	1270775877899	022581fbcc752003e7087d454b80
user10	883	171	1270775878149	0	0	022581fbcc752003e7087d454b80
user10	883	171	1270775878212	0	0	022581fbcc752003e7087d454b80
user10	883	171	1270775878274	0	0	022581fbcc752003e7087d454b80
user10	883	171	1270775878696	0	0	022581fbcc752003e7087d454b80
user10	883	171	1270775878852	1270775878743	1270775878852	022581fbcc752003e7087d454b80
user10	695	57	1270775890415	0	0	022581fbcc752003e7087d454b80
user10	695	57	1270775890743	0	0	022581fbcc752003e7087d454b80
user10	695	57	1270775890806	0	0	022581fbcc752003e7087d454b80
user10	696	57	1270775890821	0	0	022581fbcc752003e7087d454b80
user10	698	57	1270775890821	0	0	022581fbcc752003e7087d454b80
user10	703	57	1270775890837	0	0	022581fbcc752003e7087d454b80
user10	708	57	1270775890837	0	0	022581fbcc752003e7087d454b80
user10	716	57	1270775890853	0	0	022581fbcc752003e7087d454b80
user10	724	57	1270775890853	0	0	022581fbcc752003e7087d454b80
user10	732	57	1270775890868	0	0	022581fbcc752003e7087d454b80
user10	740	57	1270775890868	0	0	022581fbcc752003e7087d454b80
user10	747	57	1270775890884	0	0	022581fbcc752003e7087d454b80
user10	755	55	1270775890884	0	0	022581fbcc752003e7087d454b80
user10	761	55	1270775890899	0	0	022581fbcc752003e7087d454b80
user10	766	55	1270775890899	0	0	022581fbcc752003e7087d454b80
user10	771	55	1270775890915	0	0	022581fbcc752003e7087d454b80
user10	775	56	1270775890915	0	0	022581fbcc752003e7087d454b80
user10	777	56	1270775890931	0	0	022581fbcc752003e7087d454b80
user10	778	56	1270775890946	0	0	022581fbcc752003e7087d454b80
user10	779	56	1270775890946	0	0	022581fbcc752003e7087d454b80
user10	780	56	1270775890962	0	0	022581fbcc752003e7087d454b80
user10	781	56	1270775890993	0	0	022581fbcc752003e7087d454b80
user10	783	56	1270775891009	0	0	022581fbcc752003e7087d454b80
user10	784	56	1270775891024	0	0	022581fbcc752003e7087d454b80
user10	786	56	1270775891040	0	0	022581fbcc752003e7087d454b80
user10	787	56	1270775891056	0	0	022581fbcc752003e7087d454b80
user10	787	55	1270775891056	0	0	022581fbcc752003e7087d454b80
user10	788	55	1270775891071	0	0	022581fbcc752003e7087d454b80
user10	789	55	1270775891118	0	0	022581fbcc752003e7087d454b80
user10	790	54	1270775891118	0	0	022581fbcc752003e7087d454b80
user10	790	54	1270775891228	0	0	022581fbcc752003e7087d454b80
user10	790	54	1270775891462	1270775891353	1270775891462	022581fbcc752003e7087d454b80
user10	470	209	1270775900306	0	0	022581fbcc752003e7087d454b80
user10	470	209	1270775900368	0	0	022581fbcc752003e7087d454b80
user10	471	209	1270775900712	0	0	022581fbcc752003e7087d454b80
user10	472	209	1270775900712	0	0	022581fbcc752003e7087d454b80
user10	473	209	1270775900728	0	0	022581fbcc752003e7087d454b80
user10	475	209	1270775900743	0	0	022581fbcc752003e7087d454b80
user10	477	209	1270775900743	0	0	022581fbcc752003e7087d454b80
user10	479	209	1270775900759	0	0	022581fbcc752003e7087d454b80
user10	482	209	1270775900759	0	0	022581fbcc752003e7087d454b80
user10	487	209	1270775900775	0	0	022581fbcc752003e7087d454b80
user10	491	209	1270775900775	0	0	022581fbcc752003e7087d454b80
user10	491	209	1270775900790	0	0	022581fbcc752003e7087d454b80
user10	497	209	1270775900790	0	0	022581fbcc752003e7087d454b80
user10	504	209	1270775900790	0	0	022581fbcc752003e7087d454b80
user10	511	210	1270775900806	0	0	022581fbcc752003e7087d454b80
user10	521	212	1270775900806	0	0	022581fbcc752003e7087d454b80
user10	533	213	1270775900822	0	0	022581fbcc752003e7087d454b80
user10	542	214	1270775900822	0	0	022581fbcc752003e7087d454b80
user10	554	215	1270775900837	0	0	022581fbcc752003e7087d454b80
user10	564	216	1270775900837	0	0	022581fbcc752003e7087d454b80
user10	574	219	1270775900853	0	0	022581fbcc752003e7087d454b80
user10	584	221	1270775900853	0	0	022581fbcc752003e7087d454b80
user10	595	224	1270775900868	0	0	022581fbcc752003e7087d454b80
user10	605	227	1270775900868	0	0	022581fbcc752003e7087d454b80
user10	613	229	1270775900884	0	0	022581fbcc752003e7087d454b80
user10	624	232	1270775900884	0	0	022581fbcc752003e7087d454b80
user10	632	236	1270775900900	0	0	022581fbcc752003e7087d454b80
user10	642	241	1270775900900	0	0	022581fbcc752003e7087d454b80
user10	651	246	1270775900915	0	0	022581fbcc752003e7087d454b80
user10	658	250	1270775900915	0	0	022581fbcc752003e7087d454b80
user10	663	255	1270775900931	0	0	022581fbcc752003e7087d454b80
user10	669	260	1270775900931	0	0	022581fbcc752003e7087d454b80
user10	673	265	1270775900947	0	0	022581fbcc752003e7087d454b80
user10	677	271	1270775900947	0	0	022581fbcc752003e7087d454b80
user10	684	278	1270775900962	0	0	022581fbcc752003e7087d454b80
user10	690	286	1270775900962	0	0	022581fbcc752003e7087d454b80
user10	696	293	1270775900978	0	0	022581fbcc752003e7087d454b80
user10	700	299	1270775900993	0	0	022581fbcc752003e7087d454b80
user10	704	306	1270775900993	0	0	022581fbcc752003e7087d454b80
user10	708	313	1270775901009	0	0	022581fbcc752003e7087d454b80
user10	710	317	1270775901009	0	0	022581fbcc752003e7087d454b80
user10	711	320	1270775901025	0	0	022581fbcc752003e7087d454b80
user10	711	321	1270775901025	0	0	022581fbcc752003e7087d454b80
user10	711	323	1270775901040	0	0	022581fbcc752003e7087d454b80
user10	711	322	1270775901087	0	0	022581fbcc752003e7087d454b80
user10	711	321	1270775901103	0	0	022581fbcc752003e7087d454b80
user10	711	320	1270775901103	0	0	022581fbcc752003e7087d454b80
user10	711	319	1270775901118	0	0	022581fbcc752003e7087d454b80
user10	712	317	1270775901118	0	0	022581fbcc752003e7087d454b80
user10	714	313	1270775901134	0	0	022581fbcc752003e7087d454b80
user10	716	310	1270775901134	0	0	022581fbcc752003e7087d454b80
user10	719	303	1270775901150	0	0	022581fbcc752003e7087d454b80
user10	725	294	1270775901150	0	0	022581fbcc752003e7087d454b80
user10	729	284	1270775901165	0	0	022581fbcc752003e7087d454b80
user10	734	273	1270775901165	0	0	022581fbcc752003e7087d454b80
user10	736	262	1270775901181	0	0	022581fbcc752003e7087d454b80
user10	736	250	1270775901181	0	0	022581fbcc752003e7087d454b80
user10	736	236	1270775901197	0	0	022581fbcc752003e7087d454b80
user10	736	224	1270775901197	0	0	022581fbcc752003e7087d454b80
user10	734	211	1270775901212	0	0	022581fbcc752003e7087d454b80
user10	732	201	1270775901212	0	0	022581fbcc752003e7087d454b80
user10	729	194	1270775901228	0	0	022581fbcc752003e7087d454b80
user10	727	188	1270775901228	0	0	022581fbcc752003e7087d454b80
user10	725	184	1270775901243	0	0	022581fbcc752003e7087d454b80
user10	723	178	1270775901243	0	0	022581fbcc752003e7087d454b80
user10	721	172	1270775901259	0	0	022581fbcc752003e7087d454b80
user10	720	168	1270775901259	0	0	022581fbcc752003e7087d454b80
user10	718	164	1270775901275	0	0	022581fbcc752003e7087d454b80
user10	718	160	1270775901275	0	0	022581fbcc752003e7087d454b80
user10	718	156	1270775901290	0	0	022581fbcc752003e7087d454b80
user10	718	151	1270775901290	0	0	022581fbcc752003e7087d454b80
user10	718	148	1270775901306	0	0	022581fbcc752003e7087d454b80
user10	718	145	1270775901322	0	0	022581fbcc752003e7087d454b80
user10	718	143	1270775901322	0	0	022581fbcc752003e7087d454b80
user10	718	141	1270775901337	0	0	022581fbcc752003e7087d454b80
user10	718	140	1270775901353	0	0	022581fbcc752003e7087d454b80
user10	718	139	1270775901619	0	0	022581fbcc752003e7087d454b80
user10	716	138	1270775901619	0	0	022581fbcc752003e7087d454b80
user10	715	136	1270775901634	0	0	022581fbcc752003e7087d454b80
user10	715	135	1270775901634	0	0	022581fbcc752003e7087d454b80
user10	715	134	1270775901650	0	0	022581fbcc752003e7087d454b80
user10	713	132	1270775901665	0	0	022581fbcc752003e7087d454b80
user10	712	131	1270775901665	0	0	022581fbcc752003e7087d454b80
user10	712	128	1270775901681	0	0	022581fbcc752003e7087d454b80
user10	712	126	1270775901681	0	0	022581fbcc752003e7087d454b80
user10	712	122	1270775901697	0	0	022581fbcc752003e7087d454b80
user10	712	119	1270775901697	0	0	022581fbcc752003e7087d454b80
user10	712	116	1270775901712	0	0	022581fbcc752003e7087d454b80
user10	712	112	1270775901712	0	0	022581fbcc752003e7087d454b80
user10	712	109	1270775901728	0	0	022581fbcc752003e7087d454b80
user10	712	104	1270775901728	0	0	022581fbcc752003e7087d454b80
user10	712	99	1270775901744	0	0	022581fbcc752003e7087d454b80
user10	712	95	1270775901744	0	0	022581fbcc752003e7087d454b80
user10	712	90	1270775901759	0	0	022581fbcc752003e7087d454b80
user10	712	87	1270775901759	0	0	022581fbcc752003e7087d454b80
user10	711	84	1270775901775	0	0	022581fbcc752003e7087d454b80
user10	711	81	1270775901775	0	0	022581fbcc752003e7087d454b80
user10	709	79	1270775901790	0	0	022581fbcc752003e7087d454b80
user10	708	76	1270775901790	0	0	022581fbcc752003e7087d454b80
user10	707	73	1270775901806	0	0	022581fbcc752003e7087d454b80
user10	706	71	1270775901806	0	0	022581fbcc752003e7087d454b80
user10	705	70	1270775901822	0	0	022581fbcc752003e7087d454b80
user10	705	68	1270775901822	0	0	022581fbcc752003e7087d454b80
user10	704	67	1270775901837	0	0	022581fbcc752003e7087d454b80
user10	703	66	1270775901837	0	0	022581fbcc752003e7087d454b80
user10	703	65	1270775901853	0	0	022581fbcc752003e7087d454b80
user10	701	64	1270775901869	0	0	022581fbcc752003e7087d454b80
user10	700	63	1270775901884	0	0	022581fbcc752003e7087d454b80
user10	699	63	1270775901900	0	0	022581fbcc752003e7087d454b80
user10	699	62	1270775901900	0	0	022581fbcc752003e7087d454b80
user10	698	61	1270775901915	0	0	022581fbcc752003e7087d454b80
user10	697	60	1270775901931	0	0	022581fbcc752003e7087d454b80
user10	696	60	1270775901931	0	0	022581fbcc752003e7087d454b80
user10	696	59	1270775901947	0	0	022581fbcc752003e7087d454b80
user10	695	59	1270775901947	0	0	022581fbcc752003e7087d454b80
user10	694	59	1270775901994	0	0	022581fbcc752003e7087d454b80
user10	694	58	1270775902056	0	0	022581fbcc752003e7087d454b80
user10	694	58	1270775902915	1270775902775	1270775902915	022581fbcc752003e7087d454b80
user10	818	105	1270775907291	0	0	022581fbcc752003e7087d454b80
user10	818	104	1270775907306	0	0	022581fbcc752003e7087d454b80
user10	817	104	1270775907306	0	0	022581fbcc752003e7087d454b80
user10	817	103	1270775907322	0	0	022581fbcc752003e7087d454b80
user10	816	103	1270775907337	0	0	022581fbcc752003e7087d454b80
user10	815	102	1270775907353	0	0	022581fbcc752003e7087d454b80
user10	815	101	1270775907353	0	0	022581fbcc752003e7087d454b80
user10	814	101	1270775907369	0	0	022581fbcc752003e7087d454b80
user10	813	100	1270775907384	0	0	022581fbcc752003e7087d454b80
user10	812	99	1270775907400	0	0	022581fbcc752003e7087d454b80
user10	812	98	1270775907400	0	0	022581fbcc752003e7087d454b80
user10	811	98	1270775907416	0	0	022581fbcc752003e7087d454b80
user10	810	98	1270775907431	0	0	022581fbcc752003e7087d454b80
user10	809	97	1270775907447	0	0	022581fbcc752003e7087d454b80
user10	808	97	1270775907447	0	0	022581fbcc752003e7087d454b80
user10	807	97	1270775907478	0	0	022581fbcc752003e7087d454b80
user10	806	97	1270775907525	0	0	022581fbcc752003e7087d454b80
user10	806	97	1270775907541	0	0	022581fbcc752003e7087d454b80
user10	806	101	1270775907775	0	0	022581fbcc752003e7087d454b80
user10	806	104	1270775907791	0	0	022581fbcc752003e7087d454b80
user10	806	109	1270775907791	0	0	022581fbcc752003e7087d454b80
user10	808	114	1270775907806	0	0	022581fbcc752003e7087d454b80
user10	811	119	1270775907806	0	0	022581fbcc752003e7087d454b80
user10	813	121	1270775907822	0	0	022581fbcc752003e7087d454b80
user10	816	125	1270775907822	0	0	022581fbcc752003e7087d454b80
user10	820	130	1270775907837	0	0	022581fbcc752003e7087d454b80
user10	823	133	1270775907837	0	0	022581fbcc752003e7087d454b80
user10	829	137	1270775907853	0	0	022581fbcc752003e7087d454b80
user10	836	144	1270775907853	0	0	022581fbcc752003e7087d454b80
user10	842	148	1270775907869	0	0	022581fbcc752003e7087d454b80
user10	849	152	1270775907869	0	0	022581fbcc752003e7087d454b80
user10	856	155	1270775907884	0	0	022581fbcc752003e7087d454b80
user10	861	158	1270775907884	0	0	022581fbcc752003e7087d454b80
user10	866	161	1270775907900	0	0	022581fbcc752003e7087d454b80
user10	869	164	1270775907900	0	0	022581fbcc752003e7087d454b80
user10	874	167	1270775907916	0	0	022581fbcc752003e7087d454b80
user10	876	168	1270775907916	0	0	022581fbcc752003e7087d454b80
user10	876	168	1270775907931	0	0	022581fbcc752003e7087d454b80
user10	878	170	1270775907931	0	0	022581fbcc752003e7087d454b80
user10	880	171	1270775907931	0	0	022581fbcc752003e7087d454b80
user10	881	172	1270775907947	0	0	022581fbcc752003e7087d454b80
user10	882	173	1270775907947	0	0	022581fbcc752003e7087d454b80
user10	882	174	1270775907962	0	0	022581fbcc752003e7087d454b80
user10	883	174	1270775907978	0	0	022581fbcc752003e7087d454b80
user10	883	175	1270775907994	0	0	022581fbcc752003e7087d454b80
user10	883	175	1270775908244	1270775908150	1270775908244	022581fbcc752003e7087d454b80
user10	876	172	1270775909978	0	0	022581fbcc752003e7087d454b80
user10	875	172	1270775909978	0	0	022581fbcc752003e7087d454b80
user10	874	172	1270775910384	0	0	022581fbcc752003e7087d454b80
user10	874	171	1270775910384	0	0	022581fbcc752003e7087d454b80
user10	873	171	1270775910400	0	0	022581fbcc752003e7087d454b80
user10	873	170	1270775910416	0	0	022581fbcc752003e7087d454b80
user10	872	170	1270775910416	0	0	022581fbcc752003e7087d454b80
user10	871	170	1270775910431	0	0	022581fbcc752003e7087d454b80
user10	870	170	1270775910447	0	0	022581fbcc752003e7087d454b80
user10	870	168	1270775910462	0	0	022581fbcc752003e7087d454b80
user10	868	168	1270775910462	0	0	022581fbcc752003e7087d454b80
user10	867	166	1270775910478	0	0	022581fbcc752003e7087d454b80
user10	865	164	1270775910478	0	0	022581fbcc752003e7087d454b80
user10	861	160	1270775910494	0	0	022581fbcc752003e7087d454b80
user10	857	157	1270775910494	0	0	022581fbcc752003e7087d454b80
user10	852	152	1270775910509	0	0	022581fbcc752003e7087d454b80
user10	846	147	1270775910509	0	0	022581fbcc752003e7087d454b80
user10	840	140	1270775910525	0	0	022581fbcc752003e7087d454b80
user10	834	134	1270775910525	0	0	022581fbcc752003e7087d454b80
user10	826	128	1270775910541	0	0	022581fbcc752003e7087d454b80
user10	820	120	1270775910541	0	0	022581fbcc752003e7087d454b80
user10	814	115	1270775910556	0	0	022581fbcc752003e7087d454b80
user10	808	109	1270775910556	0	0	022581fbcc752003e7087d454b80
user10	803	104	1270775910572	0	0	022581fbcc752003e7087d454b80
user10	797	99	1270775910572	0	0	022581fbcc752003e7087d454b80
user10	792	94	1270775910587	0	0	022581fbcc752003e7087d454b80
user10	787	90	1270775910587	0	0	022581fbcc752003e7087d454b80
user10	783	87	1270775910603	0	0	022581fbcc752003e7087d454b80
user10	780	84	1270775910603	0	0	022581fbcc752003e7087d454b80
user10	776	79	1270775910619	0	0	022581fbcc752003e7087d454b80
user10	773	77	1270775910619	0	0	022581fbcc752003e7087d454b80
user10	771	74	1270775910634	0	0	022581fbcc752003e7087d454b80
user10	768	71	1270775910634	0	0	022581fbcc752003e7087d454b80
user10	766	70	1270775910650	0	0	022581fbcc752003e7087d454b80
user10	765	69	1270775910650	0	0	022581fbcc752003e7087d454b80
user10	763	67	1270775910666	0	0	022581fbcc752003e7087d454b80
user10	763	66	1270775910681	0	0	022581fbcc752003e7087d454b80
user10	762	66	1270775910697	0	0	022581fbcc752003e7087d454b80
user10	762	65	1270775910728	0	0	022581fbcc752003e7087d454b80
user10	762	64	1270775910744	0	0	022581fbcc752003e7087d454b80
user10	762	63	1270775910759	0	0	022581fbcc752003e7087d454b80
user10	762	62	1270775910759	0	0	022581fbcc752003e7087d454b80
user10	762	60	1270775910775	0	0	022581fbcc752003e7087d454b80
user10	762	59	1270775910791	0	0	022581fbcc752003e7087d454b80
user10	762	58	1270775910791	0	0	022581fbcc752003e7087d454b80
user10	762	57	1270775910806	0	0	022581fbcc752003e7087d454b80
user10	762	56	1270775910806	0	0	022581fbcc752003e7087d454b80
user10	762	55	1270775910822	0	0	022581fbcc752003e7087d454b80
user10	762	54	1270775910837	0	0	022581fbcc752003e7087d454b80
user10	762	54	1270775910962	1270775910900	1270775910962	022581fbcc752003e7087d454b80
