User	X	Y	MouseTimeStamp	MouseDownTimeStamp	MouseUpTimeStamp	SessionID
user7	737	23	1270883609203	0	0	6904b4914a91f1946e470f136825
user7	840	155	1270883609224	0	0	6904b4914a91f1946e470f136825
user7	842	155	1270883609423	0	0	6904b4914a91f1946e470f136825
user7	847	155	1270883609433	0	0	6904b4914a91f1946e470f136825
user7	856	157	1270883609443	0	0	6904b4914a91f1946e470f136825
user7	870	159	1270883609452	0	0	6904b4914a91f1946e470f136825
user7	889	163	1270883609463	0	0	6904b4914a91f1946e470f136825
user7	915	166	1270883609473	0	0	6904b4914a91f1946e470f136825
user7	938	171	1270883609483	0	0	6904b4914a91f1946e470f136825
user7	961	172	1270883609516	0	0	6904b4914a91f1946e470f136825
user7	1001	175	1270883609520	0	0	6904b4914a91f1946e470f136825
user7	1010	176	1270883609525	0	0	6904b4914a91f1946e470f136825
user7	1018	177	1270883609534	0	0	6904b4914a91f1946e470f136825
user7	1024	178	1270883609546	0	0	6904b4914a91f1946e470f136825
user7	1028	178	1270883609556	0	0	6904b4914a91f1946e470f136825
user7	1030	178	1270883609567	0	0	6904b4914a91f1946e470f136825
user7	1032	179	1270883609580	0	0	6904b4914a91f1946e470f136825
user7	1032	180	1270883609591	0	0	6904b4914a91f1946e470f136825
user7	1032	180	1270883609929	1270883609836	1270883609929	6904b4914a91f1946e470f136825
user7	1032	180	1270883610520	0	0	6904b4914a91f1946e470f136825
user7	1032	180	1270883610527	0	0	6904b4914a91f1946e470f136825
user7	1032	180	1270883610539	0	0	6904b4914a91f1946e470f136825
user7	1032	181	1270883613645	0	0	6904b4914a91f1946e470f136825
user7	1032	185	1270883613657	0	0	6904b4914a91f1946e470f136825
user7	1032	193	1270883613667	0	0	6904b4914a91f1946e470f136825
user7	1033	202	1270883613679	0	0	6904b4914a91f1946e470f136825
user7	1037	215	1270883613690	0	0	6904b4914a91f1946e470f136825
user7	1041	227	1270883613702	0	0	6904b4914a91f1946e470f136825
user7	1045	239	1270883613713	0	0	6904b4914a91f1946e470f136825
user7	1048	248	1270883613724	0	0	6904b4914a91f1946e470f136825
user7	1050	251	1270883613735	0	0	6904b4914a91f1946e470f136825
user7	1050	252	1270883613766	0	0	6904b4914a91f1946e470f136825
user7	1050	253	1270883613919	0	0	6904b4914a91f1946e470f136825
user7	1050	255	1270883613940	0	0	6904b4914a91f1946e470f136825
user7	1048	258	1270883613951	0	0	6904b4914a91f1946e470f136825
user7	1047	265	1270883613962	0	0	6904b4914a91f1946e470f136825
user7	1046	271	1270883613972	0	0	6904b4914a91f1946e470f136825
user7	1045	276	1270883613983	0	0	6904b4914a91f1946e470f136825
user7	1044	282	1270883613993	0	0	6904b4914a91f1946e470f136825
user7	1044	285	1270883614002	0	0	6904b4914a91f1946e470f136825
user7	1043	287	1270883614014	0	0	6904b4914a91f1946e470f136825
user7	1043	288	1270883614023	0	0	6904b4914a91f1946e470f136825
user7	1043	289	1270883614043	0	0	6904b4914a91f1946e470f136825
user7	1043	289	1270883614223	1270883614132	1270883614223	6904b4914a91f1946e470f136825
user7	1043	289	1270883617230	0	0	6904b4914a91f1946e470f136825
user7	1042	289	1270883618015	0	0	6904b4914a91f1946e470f136825
user7	1036	290	1270883618025	0	0	6904b4914a91f1946e470f136825
user7	1030	291	1270883618033	0	0	6904b4914a91f1946e470f136825
user7	1017	293	1270883618046	0	0	6904b4914a91f1946e470f136825
user7	1001	293	1270883618057	0	0	6904b4914a91f1946e470f136825
user7	974	293	1270883618068	0	0	6904b4914a91f1946e470f136825
user7	933	293	1270883618079	0	0	6904b4914a91f1946e470f136825
user7	881	289	1270883618090	0	0	6904b4914a91f1946e470f136825
user7	834	283	1270883618102	0	0	6904b4914a91f1946e470f136825
user7	773	273	1270883618112	0	0	6904b4914a91f1946e470f136825
user7	746	266	1270883618121	0	0	6904b4914a91f1946e470f136825
user7	725	262	1270883618133	0	0	6904b4914a91f1946e470f136825
user7	714	259	1270883618140	0	0	6904b4914a91f1946e470f136825
user7	712	259	1270883618726	0	0	6904b4914a91f1946e470f136825
user7	708	259	1270883618738	0	0	6904b4914a91f1946e470f136825
user7	699	259	1270883618752	0	0	6904b4914a91f1946e470f136825
user7	685	257	1270883618764	0	0	6904b4914a91f1946e470f136825
user7	663	248	1270883618770	0	0	6904b4914a91f1946e470f136825
user7	635	237	1270883618782	0	0	6904b4914a91f1946e470f136825
user7	607	225	1270883618796	0	0	6904b4914a91f1946e470f136825
user7	582	216	1270883618800	0	0	6904b4914a91f1946e470f136825
user7	558	203	1270883618815	0	0	6904b4914a91f1946e470f136825
user7	540	193	1270883618832	0	0	6904b4914a91f1946e470f136825
user7	515	177	1270883618836	0	0	6904b4914a91f1946e470f136825
user7	505	173	1270883618850	0	0	6904b4914a91f1946e470f136825
user7	499	169	1270883618866	0	0	6904b4914a91f1946e470f136825
user7	495	166	1270883618881	0	0	6904b4914a91f1946e470f136825
user7	494	166	1270883619235	0	0	6904b4914a91f1946e470f136825
user7	494	168	1270883619276	0	0	6904b4914a91f1946e470f136825
user7	494	172	1270883619287	0	0	6904b4914a91f1946e470f136825
user7	494	175	1270883619297	0	0	6904b4914a91f1946e470f136825
user7	494	178	1270883619307	0	0	6904b4914a91f1946e470f136825
user7	494	180	1270883619317	0	0	6904b4914a91f1946e470f136825
user7	494	181	1270883619328	0	0	6904b4914a91f1946e470f136825
user7	494	182	1270883619337	0	0	6904b4914a91f1946e470f136825
user7	494	183	1270883619357	0	0	6904b4914a91f1946e470f136825
user7	494	183	1270883619537	1270883619447	1270883619537	6904b4914a91f1946e470f136825
user7	495	183	1270883636427	0	0	6904b4914a91f1946e470f136825
user7	499	183	1270883636440	0	0	6904b4914a91f1946e470f136825
user7	507	183	1270883636456	0	0	6904b4914a91f1946e470f136825
user7	517	183	1270883636468	0	0	6904b4914a91f1946e470f136825
user7	536	183	1270883636473	0	0	6904b4914a91f1946e470f136825
user7	561	186	1270883636482	0	0	6904b4914a91f1946e470f136825
user7	595	189	1270883636493	0	0	6904b4914a91f1946e470f136825
user7	629	196	1270883636502	0	0	6904b4914a91f1946e470f136825
user7	656	201	1270883636515	0	0	6904b4914a91f1946e470f136825
user7	677	205	1270883636522	0	0	6904b4914a91f1946e470f136825
user7	699	206	1270883636533	0	0	6904b4914a91f1946e470f136825
user7	709	208	1270883636543	0	0	6904b4914a91f1946e470f136825
user7	716	210	1270883636553	0	0	6904b4914a91f1946e470f136825
user7	720	211	1270883636564	0	0	6904b4914a91f1946e470f136825
user7	725	212	1270883636573	0	0	6904b4914a91f1946e470f136825
user7	726	213	1270883636585	0	0	6904b4914a91f1946e470f136825
user7	727	213	1270883636603	0	0	6904b4914a91f1946e470f136825
user7	727	214	1270883636917	0	0	6904b4914a91f1946e470f136825
user7	726	214	1270883636926	0	0	6904b4914a91f1946e470f136825
user7	725	215	1270883636938	0	0	6904b4914a91f1946e470f136825
user7	724	216	1270883636946	0	0	6904b4914a91f1946e470f136825
user7	723	217	1270883636956	0	0	6904b4914a91f1946e470f136825
user7	723	218	1270883636966	0	0	6904b4914a91f1946e470f136825
user7	722	218	1270883636977	0	0	6904b4914a91f1946e470f136825
user7	721	219	1270883637047	0	0	6904b4914a91f1946e470f136825
user7	720	220	1270883637078	0	0	6904b4914a91f1946e470f136825
user7	719	220	1270883637088	0	0	6904b4914a91f1946e470f136825
user7	718	220	1270883637118	0	0	6904b4914a91f1946e470f136825
user7	718	220	1270883637315	1270883637205	1270883637315	6904b4914a91f1946e470f136825
user7	580	54	1270883641085	0	0	6904b4914a91f1946e470f136825
user7	579	55	1270883641819	0	0	6904b4914a91f1946e470f136825
user7	572	58	1270883641827	0	0	6904b4914a91f1946e470f136825
user7	564	64	1270883641837	0	0	6904b4914a91f1946e470f136825
user7	554	74	1270883641848	0	0	6904b4914a91f1946e470f136825
user7	543	86	1270883641857	0	0	6904b4914a91f1946e470f136825
user7	530	103	1270883641867	0	0	6904b4914a91f1946e470f136825
user7	521	119	1270883641879	0	0	6904b4914a91f1946e470f136825
user7	512	139	1270883641887	0	0	6904b4914a91f1946e470f136825
user7	508	153	1270883641899	0	0	6904b4914a91f1946e470f136825
user7	500	180	1270883641908	0	0	6904b4914a91f1946e470f136825
user7	496	192	1270883641919	0	0	6904b4914a91f1946e470f136825
user7	495	202	1270883641929	0	0	6904b4914a91f1946e470f136825
user7	493	215	1270883641939	0	0	6904b4914a91f1946e470f136825
user7	492	225	1270883641949	0	0	6904b4914a91f1946e470f136825
user7	492	229	1270883641960	0	0	6904b4914a91f1946e470f136825
user7	491	237	1270883641971	0	0	6904b4914a91f1946e470f136825
user7	491	244	1270883641979	0	0	6904b4914a91f1946e470f136825
user7	491	249	1270883641990	0	0	6904b4914a91f1946e470f136825
user7	490	252	1270883641999	0	0	6904b4914a91f1946e470f136825
user7	490	255	1270883642009	0	0	6904b4914a91f1946e470f136825
user7	490	257	1270883642019	0	0	6904b4914a91f1946e470f136825
user7	490	259	1270883642031	0	0	6904b4914a91f1946e470f136825
user7	490	260	1270883642043	0	0	6904b4914a91f1946e470f136825
user7	490	261	1270883642075	0	0	6904b4914a91f1946e470f136825
user7	490	262	1270883642088	0	0	6904b4914a91f1946e470f136825
user7	490	264	1270883642100	0	0	6904b4914a91f1946e470f136825
user7	491	266	1270883642112	0	0	6904b4914a91f1946e470f136825
user7	492	267	1270883642122	0	0	6904b4914a91f1946e470f136825
user7	492	269	1270883642133	0	0	6904b4914a91f1946e470f136825
user7	492	272	1270883642142	0	0	6904b4914a91f1946e470f136825
user7	493	276	1270883642153	0	0	6904b4914a91f1946e470f136825
user7	493	279	1270883642163	0	0	6904b4914a91f1946e470f136825
user7	494	285	1270883642171	0	0	6904b4914a91f1946e470f136825
user7	495	290	1270883642183	0	0	6904b4914a91f1946e470f136825
user7	495	294	1270883642191	0	0	6904b4914a91f1946e470f136825
user7	496	297	1270883642203	0	0	6904b4914a91f1946e470f136825
user7	496	300	1270883642211	0	0	6904b4914a91f1946e470f136825
user7	496	302	1270883642222	0	0	6904b4914a91f1946e470f136825
user7	495	303	1270883643001	0	0	6904b4914a91f1946e470f136825
user7	491	307	1270883643011	0	0	6904b4914a91f1946e470f136825
user7	488	311	1270883643021	0	0	6904b4914a91f1946e470f136825
user7	484	315	1270883643033	0	0	6904b4914a91f1946e470f136825
user7	480	320	1270883643047	0	0	6904b4914a91f1946e470f136825
user7	477	323	1270883643056	0	0	6904b4914a91f1946e470f136825
user7	473	327	1270883643069	0	0	6904b4914a91f1946e470f136825
user7	469	331	1270883643073	0	0	6904b4914a91f1946e470f136825
user7	467	333	1270883643086	0	0	6904b4914a91f1946e470f136825
user7	466	334	1270883643100	0	0	6904b4914a91f1946e470f136825
user7	464	336	1270883643109	0	0	6904b4914a91f1946e470f136825
user7	463	336	1270883643122	0	0	6904b4914a91f1946e470f136825
user7	463	337	1270883643134	0	0	6904b4914a91f1946e470f136825
user7	463	335	1270883647631	0	0	6904b4914a91f1946e470f136825
user7	463	332	1270883647642	0	0	6904b4914a91f1946e470f136825
user7	463	325	1270883647655	0	0	6904b4914a91f1946e470f136825
user7	466	310	1270883647667	0	0	6904b4914a91f1946e470f136825
user7	472	283	1270883647677	0	0	6904b4914a91f1946e470f136825
user7	483	243	1270883647688	0	0	6904b4914a91f1946e470f136825
user7	499	183	1270883647698	0	0	6904b4914a91f1946e470f136825
user7	518	129	1270883647710	0	0	6904b4914a91f1946e470f136825
user7	536	77	1270883647718	0	0	6904b4914a91f1946e470f136825
user7	548	44	1270883647729	0	0	6904b4914a91f1946e470f136825
user7	560	13	1270883647740	0	0	6904b4914a91f1946e470f136825
user7	560	11	1270883647751	0	0	6904b4914a91f1946e470f136825
user7	561	11	1270883647797	0	0	6904b4914a91f1946e470f136825
user7	561	13	1270883648082	0	0	6904b4914a91f1946e470f136825
user7	561	17	1270883648092	0	0	6904b4914a91f1946e470f136825
user7	563	24	1270883648104	0	0	6904b4914a91f1946e470f136825
user7	567	31	1270883648113	0	0	6904b4914a91f1946e470f136825
user7	573	40	1270883648124	0	0	6904b4914a91f1946e470f136825
user7	578	47	1270883648137	0	0	6904b4914a91f1946e470f136825
user7	583	53	1270883648145	0	0	6904b4914a91f1946e470f136825
user7	587	57	1270883648154	0	0	6904b4914a91f1946e470f136825
user7	589	59	1270883648163	0	0	6904b4914a91f1946e470f136825
user7	590	61	1270883648176	0	0	6904b4914a91f1946e470f136825
user7	590	62	1270883648196	0	0	6904b4914a91f1946e470f136825
user7	591	62	1270883648237	0	0	6904b4914a91f1946e470f136825
user7	591	60	1270883648515	0	0	6904b4914a91f1946e470f136825
user7	589	57	1270883648526	0	0	6904b4914a91f1946e470f136825
user7	588	55	1270883648537	0	0	6904b4914a91f1946e470f136825
user7	586	53	1270883648546	0	0	6904b4914a91f1946e470f136825
user7	585	51	1270883648557	0	0	6904b4914a91f1946e470f136825
user7	584	51	1270883648566	0	0	6904b4914a91f1946e470f136825
user7	583	51	1270883648586	0	0	6904b4914a91f1946e470f136825
user7	583	51	1270883648734	1270883648613	1270883648734	6904b4914a91f1946e470f136825
user7	580	48	1270883651794	0	0	6904b4914a91f1946e470f136825
user7	580	48	1270883652296	0	0	6904b4914a91f1946e470f136825
user7	581	48	1270883652647	0	0	6904b4914a91f1946e470f136825
user7	583	52	1270883652657	0	0	6904b4914a91f1946e470f136825
user7	586	59	1270883652667	0	0	6904b4914a91f1946e470f136825
user7	591	73	1270883652680	0	0	6904b4914a91f1946e470f136825
user7	598	96	1270883652695	0	0	6904b4914a91f1946e470f136825
user7	606	123	1270883652705	0	0	6904b4914a91f1946e470f136825
user7	612	147	1270883652710	0	0	6904b4914a91f1946e470f136825
user7	617	164	1270883652721	0	0	6904b4914a91f1946e470f136825
user7	621	176	1270883652734	0	0	6904b4914a91f1946e470f136825
user7	624	183	1270883652747	0	0	6904b4914a91f1946e470f136825
user7	625	181	1270883653049	0	0	6904b4914a91f1946e470f136825
user7	627	180	1270883653059	0	0	6904b4914a91f1946e470f136825
user7	633	179	1270883653068	0	0	6904b4914a91f1946e470f136825
user7	640	178	1270883653081	0	0	6904b4914a91f1946e470f136825
user7	650	178	1270883653094	0	0	6904b4914a91f1946e470f136825
user7	662	178	1270883653125	0	0	6904b4914a91f1946e470f136825
user7	687	178	1270883653127	0	0	6904b4914a91f1946e470f136825
user7	699	178	1270883653128	0	0	6904b4914a91f1946e470f136825
user7	710	180	1270883653138	0	0	6904b4914a91f1946e470f136825
user7	722	180	1270883653152	0	0	6904b4914a91f1946e470f136825
user7	726	181	1270883653163	0	0	6904b4914a91f1946e470f136825
user7	730	181	1270883653173	0	0	6904b4914a91f1946e470f136825
user7	735	181	1270883653186	0	0	6904b4914a91f1946e470f136825
user7	738	181	1270883653195	0	0	6904b4914a91f1946e470f136825
user7	741	181	1270883653208	0	0	6904b4914a91f1946e470f136825
user7	742	181	1270883653210	0	0	6904b4914a91f1946e470f136825
user7	743	181	1270883653223	0	0	6904b4914a91f1946e470f136825
user7	744	181	1270883653231	0	0	6904b4914a91f1946e470f136825
user7	745	180	1270883653244	0	0	6904b4914a91f1946e470f136825
user7	746	178	1270883653258	0	0	6904b4914a91f1946e470f136825
user7	748	176	1270883653266	0	0	6904b4914a91f1946e470f136825
user7	750	174	1270883653280	0	0	6904b4914a91f1946e470f136825
user7	752	172	1270883653281	0	0	6904b4914a91f1946e470f136825
user7	753	171	1270883653293	0	0	6904b4914a91f1946e470f136825
user7	754	170	1270883653303	0	0	6904b4914a91f1946e470f136825
user7	754	169	1270883653316	0	0	6904b4914a91f1946e470f136825
user7	755	169	1270883653324	0	0	6904b4914a91f1946e470f136825
user7	755	168	1270883653431	0	0	6904b4914a91f1946e470f136825
user7	755	168	1270883653630	1270883653521	1270883653630	6904b4914a91f1946e470f136825
user7	755	168	1270883655617	0	0	6904b4914a91f1946e470f136825
user7	754	168	1270883668098	0	0	6904b4914a91f1946e470f136825
user7	753	168	1270883668109	0	0	6904b4914a91f1946e470f136825
user7	747	169	1270883668120	0	0	6904b4914a91f1946e470f136825
user7	739	175	1270883668133	0	0	6904b4914a91f1946e470f136825
user7	695	204	1270883668148	0	0	6904b4914a91f1946e470f136825
user7	654	231	1270883668163	0	0	6904b4914a91f1946e470f136825
user7	616	260	1270883668173	0	0	6904b4914a91f1946e470f136825
user7	575	291	1270883668187	0	0	6904b4914a91f1946e470f136825
user7	541	321	1270883668203	0	0	6904b4914a91f1946e470f136825
user7	494	362	1270883668212	0	0	6904b4914a91f1946e470f136825
user7	451	406	1270883668226	0	0	6904b4914a91f1946e470f136825
user7	432	429	1270883668241	0	0	6904b4914a91f1946e470f136825
user7	420	450	1270883668251	0	0	6904b4914a91f1946e470f136825
user7	416	455	1270883668265	0	0	6904b4914a91f1946e470f136825
user7	416	454	1270883668667	0	0	6904b4914a91f1946e470f136825
user7	416	453	1270883668678	0	0	6904b4914a91f1946e470f136825
user7	418	450	1270883668689	0	0	6904b4914a91f1946e470f136825
user7	420	447	1270883668702	0	0	6904b4914a91f1946e470f136825
user7	425	441	1270883668718	0	0	6904b4914a91f1946e470f136825
user7	437	427	1270883668733	0	0	6904b4914a91f1946e470f136825
user7	443	421	1270883668743	0	0	6904b4914a91f1946e470f136825
user7	447	418	1270883668757	0	0	6904b4914a91f1946e470f136825
user7	451	415	1270883668771	0	0	6904b4914a91f1946e470f136825
user7	452	415	1270883668781	0	0	6904b4914a91f1946e470f136825
user7	454	415	1270883668796	0	0	6904b4914a91f1946e470f136825
user7	455	415	1270883668810	0	0	6904b4914a91f1946e470f136825
user7	457	413	1270883668812	0	0	6904b4914a91f1946e470f136825
user7	461	412	1270883668827	0	0	6904b4914a91f1946e470f136825
user7	466	410	1270883668837	0	0	6904b4914a91f1946e470f136825
user7	472	408	1270883668852	0	0	6904b4914a91f1946e470f136825
user7	472	406	1270883669064	0	0	6904b4914a91f1946e470f136825
user7	477	399	1270883669076	0	0	6904b4914a91f1946e470f136825
user7	486	389	1270883669085	0	0	6904b4914a91f1946e470f136825
user7	502	371	1270883669099	0	0	6904b4914a91f1946e470f136825
user7	528	347	1270883669114	0	0	6904b4914a91f1946e470f136825
user7	562	317	1270883669116	0	0	6904b4914a91f1946e470f136825
user7	595	291	1270883669128	0	0	6904b4914a91f1946e470f136825
user7	629	261	1270883669140	0	0	6904b4914a91f1946e470f136825
user7	659	238	1270883669156	0	0	6904b4914a91f1946e470f136825
user7	697	211	1270883669167	0	0	6904b4914a91f1946e470f136825
user7	711	202	1270883669170	0	0	6904b4914a91f1946e470f136825
user7	718	196	1270883669181	0	0	6904b4914a91f1946e470f136825
user7	723	191	1270883669195	0	0	6904b4914a91f1946e470f136825
user7	726	189	1270883669210	0	0	6904b4914a91f1946e470f136825
user7	728	188	1270883669446	0	0	6904b4914a91f1946e470f136825
user7	731	184	1270883669456	0	0	6904b4914a91f1946e470f136825
user7	737	180	1270883669467	0	0	6904b4914a91f1946e470f136825
user7	743	176	1270883669479	0	0	6904b4914a91f1946e470f136825
user7	749	173	1270883669494	0	0	6904b4914a91f1946e470f136825
user7	757	168	1270883669505	0	0	6904b4914a91f1946e470f136825
user7	759	167	1270883669517	0	0	6904b4914a91f1946e470f136825
user7	759	166	1270883669532	0	0	6904b4914a91f1946e470f136825
user7	759	166	1270883669768	1270883669619	1270883669768	6904b4914a91f1946e470f136825
user7	759	166	1270883672214	0	0	6904b4914a91f1946e470f136825
user7	759	167	1270883673269	0	0	6904b4914a91f1946e470f136825
user7	759	168	1270883673286	0	0	6904b4914a91f1946e470f136825
user7	760	176	1270883673305	0	0	6904b4914a91f1946e470f136825
user7	760	203	1270883673324	0	0	6904b4914a91f1946e470f136825
user7	760	255	1270883673345	0	0	6904b4914a91f1946e470f136825
user7	760	277	1270883673364	0	0	6904b4914a91f1946e470f136825
user7	760	290	1270883673366	0	0	6904b4914a91f1946e470f136825
user7	760	301	1270883673383	0	0	6904b4914a91f1946e470f136825
user7	760	306	1270883673386	0	0	6904b4914a91f1946e470f136825
user7	760	310	1270883673399	0	0	6904b4914a91f1946e470f136825
user7	760	312	1270883673409	0	0	6904b4914a91f1946e470f136825
user7	760	313	1270883673420	0	0	6904b4914a91f1946e470f136825
user7	761	313	1270883674110	0	0	6904b4914a91f1946e470f136825
user7	767	313	1270883674123	0	0	6904b4914a91f1946e470f136825
user7	781	307	1270883674139	0	0	6904b4914a91f1946e470f136825
user7	808	299	1270883674149	0	0	6904b4914a91f1946e470f136825
user7	846	290	1270883674156	0	0	6904b4914a91f1946e470f136825
user7	901	282	1270883674168	0	0	6904b4914a91f1946e470f136825
user7	962	278	1270883674182	0	0	6904b4914a91f1946e470f136825
user7	1030	276	1270883674185	0	0	6904b4914a91f1946e470f136825
user7	1097	276	1270883674200	0	0	6904b4914a91f1946e470f136825
user7	1246	276	1270883674218	0	0	6904b4914a91f1946e470f136825
user7	1281	276	1270883674233	0	0	6904b4914a91f1946e470f136825
user7	1305	276	1270883674244	0	0	6904b4914a91f1946e470f136825
user7	1319	276	1270883674258	0	0	6904b4914a91f1946e470f136825
user7	1320	276	1270883674462	0	0	6904b4914a91f1946e470f136825
user7	1324	274	1270883674473	0	0	6904b4914a91f1946e470f136825
user7	1332	269	1270883674488	0	0	6904b4914a91f1946e470f136825
user7	1352	254	1270883674504	0	0	6904b4914a91f1946e470f136825
user7	1364	243	1270883674515	0	0	6904b4914a91f1946e470f136825
user7	1373	234	1270883674529	0	0	6904b4914a91f1946e470f136825
user7	1383	223	1270883674546	0	0	6904b4914a91f1946e470f136825
user7	1384	221	1270883674561	0	0	6904b4914a91f1946e470f136825
user7	1385	220	1270883674572	0	0	6904b4914a91f1946e470f136825
user7	1385	219	1270883674586	0	0	6904b4914a91f1946e470f136825
user7	1385	218	1270883674663	0	0	6904b4914a91f1946e470f136825
user7	1385	217	1270883674674	0	0	6904b4914a91f1946e470f136825
user7	1386	216	1270883674687	0	0	6904b4914a91f1946e470f136825
user7	1387	215	1270883674704	0	0	6904b4914a91f1946e470f136825
user7	1388	214	1270883674754	0	0	6904b4914a91f1946e470f136825
user7	1389	214	1270883674764	0	0	6904b4914a91f1946e470f136825
user7	1393	214	1270883674777	0	0	6904b4914a91f1946e470f136825
user7	1398	212	1270883674786	0	0	6904b4914a91f1946e470f136825
user7	1405	210	1270883674797	0	0	6904b4914a91f1946e470f136825
user7	1413	208	1270883674812	0	0	6904b4914a91f1946e470f136825
user7	1419	207	1270883674822	0	0	6904b4914a91f1946e470f136825
user7	1425	204	1270883674834	0	0	6904b4914a91f1946e470f136825
user7	1427	204	1270883674844	0	0	6904b4914a91f1946e470f136825
user7	1425	332	1270883675499	0	0	6904b4914a91f1946e470f136825
user7	1425	190	1270883676275	0	0	6904b4914a91f1946e470f136825
user7	1422	190	1270883676406	0	0	6904b4914a91f1946e470f136825
user7	1414	190	1270883676419	0	0	6904b4914a91f1946e470f136825
user7	1402	189	1270883676431	0	0	6904b4914a91f1946e470f136825
user7	1380	180	1270883676445	0	0	6904b4914a91f1946e470f136825
user7	1339	163	1270883676454	0	0	6904b4914a91f1946e470f136825
user7	1276	145	1270883676467	0	0	6904b4914a91f1946e470f136825
user7	1209	130	1270883676476	0	0	6904b4914a91f1946e470f136825
user7	1135	122	1270883676488	0	0	6904b4914a91f1946e470f136825
user7	1070	122	1270883676504	0	0	6904b4914a91f1946e470f136825
user7	1000	122	1270883676506	0	0	6904b4914a91f1946e470f136825
user7	975	123	1270883676516	0	0	6904b4914a91f1946e470f136825
user7	972	123	1270883676706	0	0	6904b4914a91f1946e470f136825
user7	963	124	1270883676716	0	0	6904b4914a91f1946e470f136825
user7	948	125	1270883676726	0	0	6904b4914a91f1946e470f136825
user7	924	126	1270883676739	0	0	6904b4914a91f1946e470f136825
user7	888	126	1270883676750	0	0	6904b4914a91f1946e470f136825
user7	845	126	1270883676760	0	0	6904b4914a91f1946e470f136825
user7	805	120	1270883676775	0	0	6904b4914a91f1946e470f136825
user7	770	108	1270883676777	0	0	6904b4914a91f1946e470f136825
user7	744	96	1270883676791	0	0	6904b4914a91f1946e470f136825
user7	715	79	1270883676801	0	0	6904b4914a91f1946e470f136825
user7	706	74	1270883676814	0	0	6904b4914a91f1946e470f136825
user7	701	70	1270883676826	0	0	6904b4914a91f1946e470f136825
user7	698	68	1270883676829	0	0	6904b4914a91f1946e470f136825
user7	697	68	1270883676839	0	0	6904b4914a91f1946e470f136825
user7	696	68	1270883677031	0	0	6904b4914a91f1946e470f136825
user7	693	68	1270883677042	0	0	6904b4914a91f1946e470f136825
user7	688	68	1270883677053	0	0	6904b4914a91f1946e470f136825
user7	680	66	1270883677067	0	0	6904b4914a91f1946e470f136825
user7	671	62	1270883677081	0	0	6904b4914a91f1946e470f136825
user7	663	59	1270883677083	0	0	6904b4914a91f1946e470f136825
user7	658	55	1270883677094	0	0	6904b4914a91f1946e470f136825
user7	654	54	1270883677106	0	0	6904b4914a91f1946e470f136825
user7	652	52	1270883677120	0	0	6904b4914a91f1946e470f136825
user7	651	52	1270883677129	0	0	6904b4914a91f1946e470f136825
user7	650	52	1270883677142	0	0	6904b4914a91f1946e470f136825
user7	650	52	1270883677644	1270883677420	1270883677644	6904b4914a91f1946e470f136825
user7	581	51	1270883686724	0	0	6904b4914a91f1946e470f136825
user7	581	51	1270883687204	0	0	6904b4914a91f1946e470f136825
user7	580	51	1270883692565	0	0	6904b4914a91f1946e470f136825
user7	577	52	1270883692581	0	0	6904b4914a91f1946e470f136825
user7	572	56	1270883692584	0	0	6904b4914a91f1946e470f136825
user7	565	62	1270883692597	0	0	6904b4914a91f1946e470f136825
user7	556	72	1270883692605	0	0	6904b4914a91f1946e470f136825
user7	545	86	1270883692617	0	0	6904b4914a91f1946e470f136825
user7	531	105	1270883692625	0	0	6904b4914a91f1946e470f136825
user7	517	127	1270883692635	0	0	6904b4914a91f1946e470f136825
user7	505	148	1270883692644	0	0	6904b4914a91f1946e470f136825
user7	497	166	1270883692655	0	0	6904b4914a91f1946e470f136825
user7	487	187	1270883692666	0	0	6904b4914a91f1946e470f136825
user7	484	194	1270883692675	0	0	6904b4914a91f1946e470f136825
user7	481	198	1270883692686	0	0	6904b4914a91f1946e470f136825
user7	479	202	1270883692695	0	0	6904b4914a91f1946e470f136825
user7	478	203	1270883692707	0	0	6904b4914a91f1946e470f136825
user7	480	203	1270883692938	0	0	6904b4914a91f1946e470f136825
user7	485	202	1270883692948	0	0	6904b4914a91f1946e470f136825
user7	495	197	1270883692961	0	0	6904b4914a91f1946e470f136825
user7	507	193	1270883692970	0	0	6904b4914a91f1946e470f136825
user7	527	186	1270883692982	0	0	6904b4914a91f1946e470f136825
user7	551	178	1270883692990	0	0	6904b4914a91f1946e470f136825
user7	578	172	1270883693001	0	0	6904b4914a91f1946e470f136825
user7	607	167	1270883693009	0	0	6904b4914a91f1946e470f136825
user7	633	164	1270883693021	0	0	6904b4914a91f1946e470f136825
user7	666	161	1270883693031	0	0	6904b4914a91f1946e470f136825
user7	678	161	1270883693041	0	0	6904b4914a91f1946e470f136825
user7	688	161	1270883693052	0	0	6904b4914a91f1946e470f136825
user7	696	161	1270883693062	0	0	6904b4914a91f1946e470f136825
user7	700	161	1270883693075	0	0	6904b4914a91f1946e470f136825
user7	703	161	1270883693084	0	0	6904b4914a91f1946e470f136825
user7	705	161	1270883693094	0	0	6904b4914a91f1946e470f136825
user7	706	161	1270883693105	0	0	6904b4914a91f1946e470f136825
user7	708	161	1270883693113	0	0	6904b4914a91f1946e470f136825
user7	709	161	1270883693130	0	0	6904b4914a91f1946e470f136825
user7	711	161	1270883693141	0	0	6904b4914a91f1946e470f136825
user7	712	161	1270883693150	0	0	6904b4914a91f1946e470f136825
user7	713	161	1270883693161	0	0	6904b4914a91f1946e470f136825
user7	714	161	1270883693171	0	0	6904b4914a91f1946e470f136825
user7	714	162	1270883693191	0	0	6904b4914a91f1946e470f136825
user7	715	162	1270883693212	0	0	6904b4914a91f1946e470f136825
user7	717	162	1270883693231	0	0	6904b4914a91f1946e470f136825
user7	718	162	1270883693241	0	0	6904b4914a91f1946e470f136825
user7	720	162	1270883693252	0	0	6904b4914a91f1946e470f136825
user7	722	162	1270883693262	0	0	6904b4914a91f1946e470f136825
user7	724	162	1270883693272	0	0	6904b4914a91f1946e470f136825
user7	727	162	1270883693284	0	0	6904b4914a91f1946e470f136825
user7	728	162	1270883693292	0	0	6904b4914a91f1946e470f136825
user7	729	162	1270883693304	0	0	6904b4914a91f1946e470f136825
user7	731	162	1270883693312	0	0	6904b4914a91f1946e470f136825
user7	733	162	1270883693324	0	0	6904b4914a91f1946e470f136825
user7	736	162	1270883693334	0	0	6904b4914a91f1946e470f136825
user7	740	162	1270883693345	0	0	6904b4914a91f1946e470f136825
user7	746	162	1270883693356	0	0	6904b4914a91f1946e470f136825
user7	751	163	1270883693365	0	0	6904b4914a91f1946e470f136825
user7	756	165	1270883693376	0	0	6904b4914a91f1946e470f136825
user7	758	167	1270883693384	0	0	6904b4914a91f1946e470f136825
user7	760	169	1270883693396	0	0	6904b4914a91f1946e470f136825
user7	761	171	1270883693404	0	0	6904b4914a91f1946e470f136825
user7	763	173	1270883693415	0	0	6904b4914a91f1946e470f136825
user7	764	173	1270883693425	0	0	6904b4914a91f1946e470f136825
user7	765	173	1270883693435	0	0	6904b4914a91f1946e470f136825
user7	765	173	1270883693769	1270883693603	1270883693769	6904b4914a91f1946e470f136825
user7	765	173	1270883695999	0	0	6904b4914a91f1946e470f136825
user7	765	173	1270883696533	0	0	6904b4914a91f1946e470f136825
user7	765	173	1270883699729	1270883699568	1270883699729	6904b4914a91f1946e470f136825
user7	765	173	1270883699969	0	0	6904b4914a91f1946e470f136825
user7	765	173	1270883700467	0	0	6904b4914a91f1946e470f136825
user7	764	173	1270883701655	0	0	6904b4914a91f1946e470f136825
user7	761	173	1270883701669	0	0	6904b4914a91f1946e470f136825
user7	747	181	1270883701686	0	0	6904b4914a91f1946e470f136825
user7	715	205	1270883701706	0	0	6904b4914a91f1946e470f136825
user7	687	226	1270883701722	0	0	6904b4914a91f1946e470f136825
user7	656	255	1270883701726	0	0	6904b4914a91f1946e470f136825
user7	616	295	1270883701742	0	0	6904b4914a91f1946e470f136825
user7	583	331	1270883701745	0	0	6904b4914a91f1946e470f136825
user7	548	373	1270883701763	0	0	6904b4914a91f1946e470f136825
user7	526	397	1270883701779	0	0	6904b4914a91f1946e470f136825
user7	522	401	1270883701794	0	0	6904b4914a91f1946e470f136825
user7	520	403	1270883701796	0	0	6904b4914a91f1946e470f136825
user7	522	400	1270883702145	0	0	6904b4914a91f1946e470f136825
user7	527	393	1270883702154	0	0	6904b4914a91f1946e470f136825
user7	535	383	1270883702164	0	0	6904b4914a91f1946e470f136825
user7	547	369	1270883702176	0	0	6904b4914a91f1946e470f136825
user7	569	346	1270883702184	0	0	6904b4914a91f1946e470f136825
user7	595	320	1270883702196	0	0	6904b4914a91f1946e470f136825
user7	626	288	1270883702207	0	0	6904b4914a91f1946e470f136825
user7	655	261	1270883702215	0	0	6904b4914a91f1946e470f136825
user7	692	224	1270883702227	0	0	6904b4914a91f1946e470f136825
user7	711	204	1270883702236	0	0	6904b4914a91f1946e470f136825
user7	723	195	1270883702247	0	0	6904b4914a91f1946e470f136825
user7	731	188	1270883702256	0	0	6904b4914a91f1946e470f136825
user7	736	184	1270883702268	0	0	6904b4914a91f1946e470f136825
user7	739	182	1270883702278	0	0	6904b4914a91f1946e470f136825
user7	740	181	1270883702288	0	0	6904b4914a91f1946e470f136825
user7	742	180	1270883702547	0	0	6904b4914a91f1946e470f136825
user7	743	179	1270883702556	0	0	6904b4914a91f1946e470f136825
user7	745	179	1270883702569	0	0	6904b4914a91f1946e470f136825
user7	746	177	1270883702579	0	0	6904b4914a91f1946e470f136825
user7	747	176	1270883702590	0	0	6904b4914a91f1946e470f136825
user7	749	175	1270883702598	0	0	6904b4914a91f1946e470f136825
user7	749	174	1270883702610	0	0	6904b4914a91f1946e470f136825
user7	750	174	1270883702618	0	0	6904b4914a91f1946e470f136825
user7	750	173	1270883702646	0	0	6904b4914a91f1946e470f136825
user7	751	173	1270883702656	0	0	6904b4914a91f1946e470f136825
user7	752	172	1270883702667	0	0	6904b4914a91f1946e470f136825
user7	753	172	1270883702676	0	0	6904b4914a91f1946e470f136825
user7	754	171	1270883702686	0	0	6904b4914a91f1946e470f136825
user7	755	171	1270883702698	0	0	6904b4914a91f1946e470f136825
user7	755	170	1270883702709	0	0	6904b4914a91f1946e470f136825
user7	755	170	1270883702931	1270883702800	1270883702931	6904b4914a91f1946e470f136825
user7	755	170	1270883704740	0	0	6904b4914a91f1946e470f136825
user7	755	170	1270883705072	1270883704913	1270883705072	6904b4914a91f1946e470f136825
user7	755	170	1270883705256	0	0	6904b4914a91f1946e470f136825
user7	755	170	1270883705275	0	0	6904b4914a91f1946e470f136825
user7	753	170	1270883705885	0	0	6904b4914a91f1946e470f136825
user7	751	170	1270883705897	0	0	6904b4914a91f1946e470f136825
user7	748	166	1270883705914	0	0	6904b4914a91f1946e470f136825
user7	742	158	1270883705916	0	0	6904b4914a91f1946e470f136825
user7	738	151	1270883705931	0	0	6904b4914a91f1946e470f136825
user7	732	133	1270883705951	0	0	6904b4914a91f1946e470f136825
user7	728	116	1270883705967	0	0	6904b4914a91f1946e470f136825
user7	726	110	1270883705984	0	0	6904b4914a91f1946e470f136825
user7	725	107	1270883705987	0	0	6904b4914a91f1946e470f136825
user7	724	105	1270883705998	0	0	6904b4914a91f1946e470f136825
user7	724	103	1270883706007	0	0	6904b4914a91f1946e470f136825
user7	723	102	1270883706225	0	0	6904b4914a91f1946e470f136825
user7	719	99	1270883706235	0	0	6904b4914a91f1946e470f136825
user7	712	94	1270883706246	0	0	6904b4914a91f1946e470f136825
user7	703	88	1270883706257	0	0	6904b4914a91f1946e470f136825
user7	693	82	1270883706271	0	0	6904b4914a91f1946e470f136825
user7	683	74	1270883706282	0	0	6904b4914a91f1946e470f136825
user7	676	68	1270883706293	0	0	6904b4914a91f1946e470f136825
user7	668	60	1270883706307	0	0	6904b4914a91f1946e470f136825
user7	664	54	1270883706319	0	0	6904b4914a91f1946e470f136825
user7	661	49	1270883706326	0	0	6904b4914a91f1946e470f136825
user7	660	48	1270883706339	0	0	6904b4914a91f1946e470f136825
user7	659	47	1270883706346	0	0	6904b4914a91f1946e470f136825
user7	659	46	1270883706413	0	0	6904b4914a91f1946e470f136825
user7	658	45	1270883706423	0	0	6904b4914a91f1946e470f136825
user7	658	44	1270883706432	0	0	6904b4914a91f1946e470f136825
user7	657	42	1270883706443	0	0	6904b4914a91f1946e470f136825
user7	656	41	1270883706462	0	0	6904b4914a91f1946e470f136825
user7	656	41	1270883706671	1270883706550	1270883706671	6904b4914a91f1946e470f136825
user7	581	50	1270883712287	0	0	6904b4914a91f1946e470f136825
user7	581	50	1270883712760	0	0	6904b4914a91f1946e470f136825
user7	580	50	1270883712948	0	0	6904b4914a91f1946e470f136825
user7	574	54	1270883712960	0	0	6904b4914a91f1946e470f136825
user7	566	59	1270883712970	0	0	6904b4914a91f1946e470f136825
user7	556	68	1270883712983	0	0	6904b4914a91f1946e470f136825
user7	543	82	1270883713001	0	0	6904b4914a91f1946e470f136825
user7	527	100	1270883713006	0	0	6904b4914a91f1946e470f136825
user7	511	118	1270883713023	0	0	6904b4914a91f1946e470f136825
user7	491	141	1270883713028	0	0	6904b4914a91f1946e470f136825
user7	472	161	1270883713044	0	0	6904b4914a91f1946e470f136825
user7	444	195	1270883713049	0	0	6904b4914a91f1946e470f136825
user7	418	227	1270883713070	0	0	6904b4914a91f1946e470f136825
user7	404	246	1270883713087	0	0	6904b4914a91f1946e470f136825
user7	399	253	1270883713101	0	0	6904b4914a91f1946e470f136825
user7	397	255	1270883713109	0	0	6904b4914a91f1946e470f136825
user7	395	258	1270883713122	0	0	6904b4914a91f1946e470f136825
user7	395	260	1270883713132	0	0	6904b4914a91f1946e470f136825
user7	395	261	1270883713143	0	0	6904b4914a91f1946e470f136825
user7	394	263	1270883713154	0	0	6904b4914a91f1946e470f136825
user7	394	266	1270883713163	0	0	6904b4914a91f1946e470f136825
user7	393	270	1270883713175	0	0	6904b4914a91f1946e470f136825
user7	393	272	1270883713183	0	0	6904b4914a91f1946e470f136825
user7	393	273	1270883713195	0	0	6904b4914a91f1946e470f136825
user7	393	275	1270883713204	0	0	6904b4914a91f1946e470f136825
user7	393	276	1270883713224	0	0	6904b4914a91f1946e470f136825
user7	393	278	1270883713233	0	0	6904b4914a91f1946e470f136825
user7	393	280	1270883713245	0	0	6904b4914a91f1946e470f136825
user7	393	282	1270883713253	0	0	6904b4914a91f1946e470f136825
user7	394	285	1270883713265	0	0	6904b4914a91f1946e470f136825
user7	398	295	1270883713274	0	0	6904b4914a91f1946e470f136825
user7	404	302	1270883713285	0	0	6904b4914a91f1946e470f136825
user7	410	310	1270883713296	0	0	6904b4914a91f1946e470f136825
user7	418	317	1270883713305	0	0	6904b4914a91f1946e470f136825
user7	429	325	1270883713317	0	0	6904b4914a91f1946e470f136825
user7	445	334	1270883713325	0	0	6904b4914a91f1946e470f136825
user7	463	342	1270883713337	0	0	6904b4914a91f1946e470f136825
user7	482	348	1270883713345	0	0	6904b4914a91f1946e470f136825
user7	502	355	1270883713357	0	0	6904b4914a91f1946e470f136825
user7	521	360	1270883713369	0	0	6904b4914a91f1946e470f136825
user7	540	366	1270883713377	0	0	6904b4914a91f1946e470f136825
user7	559	370	1270883713389	0	0	6904b4914a91f1946e470f136825
user7	579	372	1270883713397	0	0	6904b4914a91f1946e470f136825
user7	597	374	1270883713409	0	0	6904b4914a91f1946e470f136825
user7	610	374	1270883713419	0	0	6904b4914a91f1946e470f136825
user7	618	374	1270883713430	0	0	6904b4914a91f1946e470f136825
user7	622	374	1270883713442	0	0	6904b4914a91f1946e470f136825
user7	622	373	1270883714848	0	0	6904b4914a91f1946e470f136825
user7	623	371	1270883714864	0	0	6904b4914a91f1946e470f136825
user7	628	362	1270883714882	0	0	6904b4914a91f1946e470f136825
user7	644	340	1270883714900	0	0	6904b4914a91f1946e470f136825
user7	657	321	1270883714917	0	0	6904b4914a91f1946e470f136825
user7	673	299	1270883714921	0	0	6904b4914a91f1946e470f136825
user7	691	281	1270883714937	0	0	6904b4914a91f1946e470f136825
user7	709	266	1270883714940	0	0	6904b4914a91f1946e470f136825
user7	737	244	1270883714957	0	0	6904b4914a91f1946e470f136825
user7	757	226	1270883714974	0	0	6904b4914a91f1946e470f136825
user7	772	216	1270883714992	0	0	6904b4914a91f1946e470f136825
user7	778	213	1270883715005	0	0	6904b4914a91f1946e470f136825
user7	781	212	1270883715013	0	0	6904b4914a91f1946e470f136825
user7	783	212	1270883715024	0	0	6904b4914a91f1946e470f136825
user7	785	212	1270883715033	0	0	6904b4914a91f1946e470f136825
user7	785	210	1270883720749	0	0	6904b4914a91f1946e470f136825
user7	785	208	1270883720761	0	0	6904b4914a91f1946e470f136825
user7	785	204	1270883720773	0	0	6904b4914a91f1946e470f136825
user7	785	200	1270883720785	0	0	6904b4914a91f1946e470f136825
user7	782	191	1270883720801	0	0	6904b4914a91f1946e470f136825
user7	781	187	1270883720819	0	0	6904b4914a91f1946e470f136825
user7	780	184	1270883720823	0	0	6904b4914a91f1946e470f136825
user7	779	180	1270883720839	0	0	6904b4914a91f1946e470f136825
user7	779	179	1270883720855	0	0	6904b4914a91f1946e470f136825
user7	779	178	1270883720866	0	0	6904b4914a91f1946e470f136825
user7	778	178	1270883720883	0	0	6904b4914a91f1946e470f136825
user7	778	177	1270883721108	0	0	6904b4914a91f1946e470f136825
user7	778	176	1270883721119	0	0	6904b4914a91f1946e470f136825
user7	777	175	1270883721130	0	0	6904b4914a91f1946e470f136825
user7	776	173	1270883721138	0	0	6904b4914a91f1946e470f136825
user7	774	171	1270883721149	0	0	6904b4914a91f1946e470f136825
user7	772	169	1270883721159	0	0	6904b4914a91f1946e470f136825
user7	771	167	1270883721169	0	0	6904b4914a91f1946e470f136825
user7	768	165	1270883721181	0	0	6904b4914a91f1946e470f136825
user7	767	163	1270883721189	0	0	6904b4914a91f1946e470f136825
user7	766	162	1270883721200	0	0	6904b4914a91f1946e470f136825
user7	765	162	1270883721209	0	0	6904b4914a91f1946e470f136825
user7	765	161	1270883721221	0	0	6904b4914a91f1946e470f136825
user7	764	161	1270883721231	0	0	6904b4914a91f1946e470f136825
user7	764	161	1270883721346	1270883721249	1270883721346	6904b4914a91f1946e470f136825
user7	756	173	1270883724202	0	0	6904b4914a91f1946e470f136825
user7	757	172	1270883724270	0	0	6904b4914a91f1946e470f136825
user7	757	172	1270883724768	0	0	6904b4914a91f1946e470f136825
user7	756	172	1270883725752	0	0	6904b4914a91f1946e470f136825
user7	755	172	1270883725763	0	0	6904b4914a91f1946e470f136825
user7	752	174	1270883725774	0	0	6904b4914a91f1946e470f136825
user7	749	179	1270883725787	0	0	6904b4914a91f1946e470f136825
user7	741	189	1270883725803	0	0	6904b4914a91f1946e470f136825
user7	713	233	1270883725823	0	0	6904b4914a91f1946e470f136825
user7	696	265	1270883725826	0	0	6904b4914a91f1946e470f136825
user7	677	304	1270883725841	0	0	6904b4914a91f1946e470f136825
user7	646	382	1270883725858	0	0	6904b4914a91f1946e470f136825
user7	641	393	1270883725875	0	0	6904b4914a91f1946e470f136825
user7	640	402	1270883725878	0	0	6904b4914a91f1946e470f136825
user7	639	408	1270883725895	0	0	6904b4914a91f1946e470f136825
user7	638	411	1270883725897	0	0	6904b4914a91f1946e470f136825
user7	638	412	1270883725909	0	0	6904b4914a91f1946e470f136825
user7	637	413	1270883726717	0	0	6904b4914a91f1946e470f136825
user7	635	414	1270883726729	0	0	6904b4914a91f1946e470f136825
user7	633	417	1270883726741	0	0	6904b4914a91f1946e470f136825
user7	628	422	1270883726752	0	0	6904b4914a91f1946e470f136825
user7	622	427	1270883726766	0	0	6904b4914a91f1946e470f136825
user7	614	432	1270883726768	0	0	6904b4914a91f1946e470f136825
user7	608	438	1270883726784	0	0	6904b4914a91f1946e470f136825
user7	602	443	1270883726795	0	0	6904b4914a91f1946e470f136825
user7	599	446	1270883726800	0	0	6904b4914a91f1946e470f136825
user7	595	449	1270883726814	0	0	6904b4914a91f1946e470f136825
user7	593	451	1270883726826	0	0	6904b4914a91f1946e470f136825
user7	591	453	1270883726840	0	0	6904b4914a91f1946e470f136825
user7	590	454	1270883726855	0	0	6904b4914a91f1946e470f136825
user7	589	454	1270883727063	0	0	6904b4914a91f1946e470f136825
user7	589	455	1270883727103	0	0	6904b4914a91f1946e470f136825
user7	588	455	1270883727123	0	0	6904b4914a91f1946e470f136825
user7	588	457	1270883727134	0	0	6904b4914a91f1946e470f136825
user7	586	458	1270883727143	0	0	6904b4914a91f1946e470f136825
user7	586	460	1270883727156	0	0	6904b4914a91f1946e470f136825
user7	585	462	1270883727163	0	0	6904b4914a91f1946e470f136825
user7	584	464	1270883727175	0	0	6904b4914a91f1946e470f136825
user7	584	465	1270883727184	0	0	6904b4914a91f1946e470f136825
user7	583	466	1270883727195	0	0	6904b4914a91f1946e470f136825
user7	582	466	1270883727373	0	0	6904b4914a91f1946e470f136825
user7	582	464	1270883728306	0	0	6904b4914a91f1946e470f136825
user7	585	457	1270883728320	0	0	6904b4914a91f1946e470f136825
user7	603	421	1270883728338	0	0	6904b4914a91f1946e470f136825
user7	619	389	1270883728356	0	0	6904b4914a91f1946e470f136825
user7	639	355	1270883728359	0	0	6904b4914a91f1946e470f136825
user7	662	315	1270883728375	0	0	6904b4914a91f1946e470f136825
user7	682	280	1270883728378	0	0	6904b4914a91f1946e470f136825
user7	701	248	1270883728394	0	0	6904b4914a91f1946e470f136825
user7	718	223	1270883728397	0	0	6904b4914a91f1946e470f136825
user7	736	199	1270883728415	0	0	6904b4914a91f1946e470f136825
user7	742	191	1270883728417	0	0	6904b4914a91f1946e470f136825
user7	746	184	1270883728435	0	0	6904b4914a91f1946e470f136825
user7	749	178	1270883728439	0	0	6904b4914a91f1946e470f136825
user7	752	175	1270883728455	0	0	6904b4914a91f1946e470f136825
user7	754	171	1270883728472	0	0	6904b4914a91f1946e470f136825
user7	755	169	1270883728489	0	0	6904b4914a91f1946e470f136825
user7	757	166	1270883728494	0	0	6904b4914a91f1946e470f136825
user7	757	164	1270883728505	0	0	6904b4914a91f1946e470f136825
user7	757	163	1270883728518	0	0	6904b4914a91f1946e470f136825
user7	757	163	1270883729226	1270883729116	1270883729226	6904b4914a91f1946e470f136825
user7	757	163	1270883731286	0	0	6904b4914a91f1946e470f136825
user7	757	163	1270883731804	0	0	6904b4914a91f1946e470f136825
user7	757	163	1270883732367	1270883732177	1270883732367	6904b4914a91f1946e470f136825
user7	757	163	1270883732716	0	0	6904b4914a91f1946e470f136825
user7	753	167	1270883732749	0	0	6904b4914a91f1946e470f136825
user7	748	173	1270883732758	0	0	6904b4914a91f1946e470f136825
user7	740	184	1270883732769	0	0	6904b4914a91f1946e470f136825
user7	727	202	1270883732779	0	0	6904b4914a91f1946e470f136825
user7	707	227	1270883732792	0	0	6904b4914a91f1946e470f136825
user7	685	252	1270883732803	0	0	6904b4914a91f1946e470f136825
user7	662	280	1270883732813	0	0	6904b4914a91f1946e470f136825
user7	644	303	1270883732825	0	0	6904b4914a91f1946e470f136825
user7	622	338	1270883732837	0	0	6904b4914a91f1946e470f136825
user7	610	352	1270883732849	0	0	6904b4914a91f1946e470f136825
user7	604	364	1270883732861	0	0	6904b4914a91f1946e470f136825
user7	603	364	1270883733132	0	0	6904b4914a91f1946e470f136825
user7	602	364	1270883733142	0	0	6904b4914a91f1946e470f136825
user7	598	368	1270883733157	0	0	6904b4914a91f1946e470f136825
user7	593	374	1270883733167	0	0	6904b4914a91f1946e470f136825
user7	587	383	1270883733180	0	0	6904b4914a91f1946e470f136825
user7	580	393	1270883733195	0	0	6904b4914a91f1946e470f136825
user7	575	401	1270883733197	0	0	6904b4914a91f1946e470f136825
user7	569	410	1270883733211	0	0	6904b4914a91f1946e470f136825
user7	565	417	1270883733221	0	0	6904b4914a91f1946e470f136825
user7	562	423	1270883733233	0	0	6904b4914a91f1946e470f136825
user7	559	431	1270883733248	0	0	6904b4914a91f1946e470f136825
user7	559	433	1270883733264	0	0	6904b4914a91f1946e470f136825
user7	558	434	1270883733275	0	0	6904b4914a91f1946e470f136825
user7	558	435	1270883733288	0	0	6904b4914a91f1946e470f136825
user7	558	436	1270883733307	0	0	6904b4914a91f1946e470f136825
user7	558	437	1270883733434	0	0	6904b4914a91f1946e470f136825
user7	558	439	1270883733444	0	0	6904b4914a91f1946e470f136825
user7	558	440	1270883733455	0	0	6904b4914a91f1946e470f136825
user7	557	442	1270883733466	0	0	6904b4914a91f1946e470f136825
user7	557	445	1270883733474	0	0	6904b4914a91f1946e470f136825
user7	556	448	1270883733487	0	0	6904b4914a91f1946e470f136825
user7	556	450	1270883733495	0	0	6904b4914a91f1946e470f136825
user7	555	452	1270883733507	0	0	6904b4914a91f1946e470f136825
user7	555	455	1270883733516	0	0	6904b4914a91f1946e470f136825
user7	555	458	1270883733527	0	0	6904b4914a91f1946e470f136825
user7	555	460	1270883733536	0	0	6904b4914a91f1946e470f136825
user7	555	461	1270883733547	0	0	6904b4914a91f1946e470f136825
user7	554	462	1270883733558	0	0	6904b4914a91f1946e470f136825
user7	554	463	1270883733566	0	0	6904b4914a91f1946e470f136825
user7	553	464	1270883733579	0	0	6904b4914a91f1946e470f136825
user7	553	466	1270883733587	0	0	6904b4914a91f1946e470f136825
user7	553	468	1270883733599	0	0	6904b4914a91f1946e470f136825
user7	553	469	1270883733607	0	0	6904b4914a91f1946e470f136825
user7	552	470	1270883733619	0	0	6904b4914a91f1946e470f136825
user7	552	470	1270883733835	1270883733705	1270883733835	6904b4914a91f1946e470f136825
user7	554	470	1270883752149	0	0	6904b4914a91f1946e470f136825
user7	560	467	1270883752168	0	0	6904b4914a91f1946e470f136825
user7	568	465	1270883752171	0	0	6904b4914a91f1946e470f136825
user7	577	463	1270883752188	0	0	6904b4914a91f1946e470f136825
user7	587	460	1270883752192	0	0	6904b4914a91f1946e470f136825
user7	595	460	1270883752205	0	0	6904b4914a91f1946e470f136825
user7	602	460	1270883752213	0	0	6904b4914a91f1946e470f136825
user7	608	461	1270883752224	0	0	6904b4914a91f1946e470f136825
user7	611	464	1270883752232	0	0	6904b4914a91f1946e470f136825
user7	614	467	1270883752244	0	0	6904b4914a91f1946e470f136825
user7	616	471	1270883752255	0	0	6904b4914a91f1946e470f136825
user7	617	474	1270883752264	0	0	6904b4914a91f1946e470f136825
user7	619	477	1270883752277	0	0	6904b4914a91f1946e470f136825
user7	620	480	1270883752285	0	0	6904b4914a91f1946e470f136825
user7	621	483	1270883752297	0	0	6904b4914a91f1946e470f136825
user7	622	484	1270883752305	0	0	6904b4914a91f1946e470f136825
user7	623	486	1270883752317	0	0	6904b4914a91f1946e470f136825
user7	624	487	1270883752327	0	0	6904b4914a91f1946e470f136825
user7	625	487	1270883752337	0	0	6904b4914a91f1946e470f136825
user7	626	487	1270883752355	0	0	6904b4914a91f1946e470f136825
user7	627	487	1270883752375	0	0	6904b4914a91f1946e470f136825
user7	627	488	1270883752386	0	0	6904b4914a91f1946e470f136825
user7	629	489	1270883752395	0	0	6904b4914a91f1946e470f136825
user7	632	490	1270883752407	0	0	6904b4914a91f1946e470f136825
user7	634	492	1270883752416	0	0	6904b4914a91f1946e470f136825
user7	637	493	1270883752428	0	0	6904b4914a91f1946e470f136825
user7	640	495	1270883752438	0	0	6904b4914a91f1946e470f136825
user7	642	496	1270883752448	0	0	6904b4914a91f1946e470f136825
user7	644	496	1270883752460	0	0	6904b4914a91f1946e470f136825
user7	645	496	1270883752468	0	0	6904b4914a91f1946e470f136825
user7	646	496	1270883752481	0	0	6904b4914a91f1946e470f136825
user7	648	496	1270883752496	0	0	6904b4914a91f1946e470f136825
user7	649	498	1270883752497	0	0	6904b4914a91f1946e470f136825
user7	651	499	1270883752510	0	0	6904b4914a91f1946e470f136825
user7	651	500	1270883752519	0	0	6904b4914a91f1946e470f136825
user7	653	500	1270883752532	0	0	6904b4914a91f1946e470f136825
user7	653	500	1270883752679	1270883752600	1270883752679	6904b4914a91f1946e470f136825
user7	653	500	1270883752690	0	0	6904b4914a91f1946e470f136825
user7	653	496	1270883752949	0	0	6904b4914a91f1946e470f136825
user7	655	484	1270883752958	0	0	6904b4914a91f1946e470f136825
user7	662	462	1270883752971	0	0	6904b4914a91f1946e470f136825
user7	676	429	1270883752980	0	0	6904b4914a91f1946e470f136825
user7	698	384	1270883752994	0	0	6904b4914a91f1946e470f136825
user7	721	341	1270883753007	0	0	6904b4914a91f1946e470f136825
user7	746	298	1270883753009	0	0	6904b4914a91f1946e470f136825
user7	767	261	1270883753018	0	0	6904b4914a91f1946e470f136825
user7	787	224	1270883753030	0	0	6904b4914a91f1946e470f136825
user7	804	197	1270883753041	0	0	6904b4914a91f1946e470f136825
user7	829	166	1270883753051	0	0	6904b4914a91f1946e470f136825
user7	829	166	1270883753172	0	0	6904b4914a91f1946e470f136825
user7	826	166	1270883753873	0	0	6904b4914a91f1946e470f136825
user7	817	161	1270883753883	0	0	6904b4914a91f1946e470f136825
user7	803	148	1270883753893	0	0	6904b4914a91f1946e470f136825
user7	783	131	1270883753907	0	0	6904b4914a91f1946e470f136825
user7	755	108	1270883753922	0	0	6904b4914a91f1946e470f136825
user7	726	82	1270883753925	0	0	6904b4914a91f1946e470f136825
user7	703	58	1270883753940	0	0	6904b4914a91f1946e470f136825
user7	683	43	1270883753956	0	0	6904b4914a91f1946e470f136825
user7	671	33	1270883753961	0	0	6904b4914a91f1946e470f136825
user7	663	28	1270883753975	0	0	6904b4914a91f1946e470f136825
user7	658	26	1270883753989	0	0	6904b4914a91f1946e470f136825
user7	654	26	1270883753992	0	0	6904b4914a91f1946e470f136825
user7	654	28	1270883754271	0	0	6904b4914a91f1946e470f136825
user7	654	31	1270883754281	0	0	6904b4914a91f1946e470f136825
user7	654	34	1270883754291	0	0	6904b4914a91f1946e470f136825
user7	654	38	1270883754303	0	0	6904b4914a91f1946e470f136825
user7	654	41	1270883754320	0	0	6904b4914a91f1946e470f136825
user7	655	43	1270883754322	0	0	6904b4914a91f1946e470f136825
user7	657	45	1270883754330	0	0	6904b4914a91f1946e470f136825
user7	659	45	1270883754342	0	0	6904b4914a91f1946e470f136825
user7	660	46	1270883754351	0	0	6904b4914a91f1946e470f136825
user7	661	47	1270883754362	0	0	6904b4914a91f1946e470f136825
user7	662	47	1270883754380	0	0	6904b4914a91f1946e470f136825
user7	662	47	1270883754468	0	0	6904b4914a91f1946e470f136825
user7	662	47	1270883754612	1270883754553	1270883754612	6904b4914a91f1946e470f136825
user7	572	52	1270883772609	0	0	6904b4914a91f1946e470f136825
user7	572	52	1270883772644	0	0	6904b4914a91f1946e470f136825
user7	572	52	1270883773142	0	0	6904b4914a91f1946e470f136825
user7	570	52	1270883775919	0	0	6904b4914a91f1946e470f136825
user7	564	52	1270883775933	0	0	6904b4914a91f1946e470f136825
user7	537	63	1270883775950	0	0	6904b4914a91f1946e470f136825
user7	519	72	1270883775967	0	0	6904b4914a91f1946e470f136825
user7	495	86	1270883775973	0	0	6904b4914a91f1946e470f136825
user7	472	104	1270883775988	0	0	6904b4914a91f1946e470f136825
user7	447	126	1270883776002	0	0	6904b4914a91f1946e470f136825
user7	422	154	1270883776004	0	0	6904b4914a91f1946e470f136825
user7	392	203	1270883776014	0	0	6904b4914a91f1946e470f136825
user7	377	239	1270883776025	0	0	6904b4914a91f1946e470f136825
user7	370	286	1270883776037	0	0	6904b4914a91f1946e470f136825
user7	370	322	1270883776047	0	0	6904b4914a91f1946e470f136825
user7	373	358	1270883776060	0	0	6904b4914a91f1946e470f136825
user7	391	395	1270883776071	0	0	6904b4914a91f1946e470f136825
user7	412	414	1270883776081	0	0	6904b4914a91f1946e470f136825
user7	438	425	1270883776092	0	0	6904b4914a91f1946e470f136825
user7	466	428	1270883776106	0	0	6904b4914a91f1946e470f136825
user7	501	428	1270883776118	0	0	6904b4914a91f1946e470f136825
user7	547	416	1270883776130	0	0	6904b4914a91f1946e470f136825
user7	607	391	1270883776140	0	0	6904b4914a91f1946e470f136825
user7	664	356	1270883776151	0	0	6904b4914a91f1946e470f136825
user7	713	314	1270883776164	0	0	6904b4914a91f1946e470f136825
user7	749	273	1270883776173	0	0	6904b4914a91f1946e470f136825
user7	769	240	1270883776185	0	0	6904b4914a91f1946e470f136825
user7	775	219	1270883776194	0	0	6904b4914a91f1946e470f136825
user7	777	201	1270883776204	0	0	6904b4914a91f1946e470f136825
user7	777	188	1270883776213	0	0	6904b4914a91f1946e470f136825
user7	777	174	1270883776223	0	0	6904b4914a91f1946e470f136825
user7	773	163	1270883776236	0	0	6904b4914a91f1946e470f136825
user7	764	153	1270883776244	0	0	6904b4914a91f1946e470f136825
user7	751	144	1270883776255	0	0	6904b4914a91f1946e470f136825
user7	736	138	1270883776263	0	0	6904b4914a91f1946e470f136825
user7	723	134	1270883776274	0	0	6904b4914a91f1946e470f136825
user7	704	133	1270883776283	0	0	6904b4914a91f1946e470f136825
user7	688	133	1270883776294	0	0	6904b4914a91f1946e470f136825
user7	674	133	1270883776307	0	0	6904b4914a91f1946e470f136825
user7	663	133	1270883776315	0	0	6904b4914a91f1946e470f136825
user7	653	134	1270883776327	0	0	6904b4914a91f1946e470f136825
user7	649	135	1270883776335	0	0	6904b4914a91f1946e470f136825
user7	645	137	1270883776346	0	0	6904b4914a91f1946e470f136825
user7	646	137	1270883780624	0	0	6904b4914a91f1946e470f136825
user7	649	138	1270883780634	0	0	6904b4914a91f1946e470f136825
user7	656	139	1270883780644	0	0	6904b4914a91f1946e470f136825
user7	665	142	1270883780655	0	0	6904b4914a91f1946e470f136825
user7	676	145	1270883780664	0	0	6904b4914a91f1946e470f136825
user7	689	150	1270883780674	0	0	6904b4914a91f1946e470f136825
user7	701	154	1270883780687	0	0	6904b4914a91f1946e470f136825
user7	712	160	1270883780699	0	0	6904b4914a91f1946e470f136825
user7	723	165	1270883780709	0	0	6904b4914a91f1946e470f136825
user7	733	170	1270883780718	0	0	6904b4914a91f1946e470f136825
user7	743	175	1270883780730	0	0	6904b4914a91f1946e470f136825
user7	745	177	1270883780742	0	0	6904b4914a91f1946e470f136825
user7	748	177	1270883780749	0	0	6904b4914a91f1946e470f136825
user7	749	177	1270883780761	0	0	6904b4914a91f1946e470f136825
user7	750	177	1270883780769	0	0	6904b4914a91f1946e470f136825
user7	750	177	1270883781127	1270883781011	1270883781127	6904b4914a91f1946e470f136825
user7	765	168	1270883783750	0	0	6904b4914a91f1946e470f136825
user7	763	168	1270883784385	0	0	6904b4914a91f1946e470f136825
user7	758	165	1270883784399	0	0	6904b4914a91f1946e470f136825
user7	748	161	1270883784414	0	0	6904b4914a91f1946e470f136825
user7	730	153	1270883784417	0	0	6904b4914a91f1946e470f136825
user7	699	139	1270883784436	0	0	6904b4914a91f1946e470f136825
user7	656	116	1270883784439	0	0	6904b4914a91f1946e470f136825
user7	616	91	1270883784454	0	0	6904b4914a91f1946e470f136825
user7	548	46	1270883784470	0	0	6904b4914a91f1946e470f136825
user7	515	22	1270883784478	0	0	6904b4914a91f1946e470f136825
user7	506	12	1270883784493	0	0	6904b4914a91f1946e470f136825
user7	500	6	1270883784505	0	0	6904b4914a91f1946e470f136825
user7	559	7	1270883784702	0	0	6904b4914a91f1946e470f136825
user7	570	12	1270883784713	0	0	6904b4914a91f1946e470f136825
user7	581	14	1270883784723	0	0	6904b4914a91f1946e470f136825
user7	592	16	1270883784733	0	0	6904b4914a91f1946e470f136825
user7	603	19	1270883784744	0	0	6904b4914a91f1946e470f136825
user7	611	23	1270883784755	0	0	6904b4914a91f1946e470f136825
user7	620	26	1270883784768	0	0	6904b4914a91f1946e470f136825
user7	625	29	1270883784777	0	0	6904b4914a91f1946e470f136825
user7	630	30	1270883784788	0	0	6904b4914a91f1946e470f136825
user7	633	33	1270883784802	0	0	6904b4914a91f1946e470f136825
user7	636	35	1270883784812	0	0	6904b4914a91f1946e470f136825
user7	636	37	1270883784824	0	0	6904b4914a91f1946e470f136825
user7	637	38	1270883784835	0	0	6904b4914a91f1946e470f136825
user7	637	39	1270883784847	0	0	6904b4914a91f1946e470f136825
user7	638	39	1270883784904	0	0	6904b4914a91f1946e470f136825
user7	638	40	1270883784915	0	0	6904b4914a91f1946e470f136825
user7	638	42	1270883784926	0	0	6904b4914a91f1946e470f136825
user7	639	43	1270883784935	0	0	6904b4914a91f1946e470f136825
user7	642	46	1270883784947	0	0	6904b4914a91f1946e470f136825
user7	642	48	1270883784959	0	0	6904b4914a91f1946e470f136825
user7	644	49	1270883784969	0	0	6904b4914a91f1946e470f136825
user7	644	50	1270883784980	0	0	6904b4914a91f1946e470f136825
user7	644	50	1270883785199	1270883785081	1270883785199	6904b4914a91f1946e470f136825
user7	583	48	1270883794615	0	0	6904b4914a91f1946e470f136825
user7	583	48	1270883794647	0	0	6904b4914a91f1946e470f136825
user7	583	48	1270883795136	0	0	6904b4914a91f1946e470f136825
user7	584	48	1270883795463	0	0	6904b4914a91f1946e470f136825
user7	587	48	1270883795473	0	0	6904b4914a91f1946e470f136825
user7	592	48	1270883795482	0	0	6904b4914a91f1946e470f136825
user7	602	50	1270883795494	0	0	6904b4914a91f1946e470f136825
user7	616	54	1270883795504	0	0	6904b4914a91f1946e470f136825
user7	633	61	1270883795516	0	0	6904b4914a91f1946e470f136825
user7	654	73	1270883795532	0	0	6904b4914a91f1946e470f136825
user7	674	82	1270883795546	0	0	6904b4914a91f1946e470f136825
user7	698	94	1270883795548	0	0	6904b4914a91f1946e470f136825
user7	717	108	1270883795560	0	0	6904b4914a91f1946e470f136825
user7	750	133	1270883795571	0	0	6904b4914a91f1946e470f136825
user7	760	143	1270883795584	0	0	6904b4914a91f1946e470f136825
user7	768	150	1270883795596	0	0	6904b4914a91f1946e470f136825
user7	773	155	1270883795599	0	0	6904b4914a91f1946e470f136825
user7	776	158	1270883795609	0	0	6904b4914a91f1946e470f136825
user7	778	161	1270883795620	0	0	6904b4914a91f1946e470f136825
user7	779	162	1270883795631	0	0	6904b4914a91f1946e470f136825
user7	779	163	1270883795651	0	0	6904b4914a91f1946e470f136825
user7	779	164	1270883795923	0	0	6904b4914a91f1946e470f136825
user7	779	165	1270883795942	0	0	6904b4914a91f1946e470f136825
user7	777	166	1270883795951	0	0	6904b4914a91f1946e470f136825
user7	777	167	1270883795962	0	0	6904b4914a91f1946e470f136825
user7	776	167	1270883795972	0	0	6904b4914a91f1946e470f136825
user7	775	168	1270883795981	0	0	6904b4914a91f1946e470f136825
user7	775	168	1270883796189	1270883796050	1270883796189	6904b4914a91f1946e470f136825
user7	775	168	1270883797836	0	0	6904b4914a91f1946e470f136825
user7	775	168	1270883799604	1270883799426	1270883799604	6904b4914a91f1946e470f136825
user7	775	168	1270883800126	0	0	6904b4914a91f1946e470f136825
user7	775	168	1270883800627	0	0	6904b4914a91f1946e470f136825
user7	777	168	1270883800915	0	0	6904b4914a91f1946e470f136825
user7	785	168	1270883800931	0	0	6904b4914a91f1946e470f136825
user7	832	170	1270883800950	0	0	6904b4914a91f1946e470f136825
user7	871	172	1270883800953	0	0	6904b4914a91f1946e470f136825
user7	920	176	1270883800970	0	0	6904b4914a91f1946e470f136825
user7	980	178	1270883800973	0	0	6904b4914a91f1946e470f136825
user7	1045	182	1270883800992	0	0	6904b4914a91f1946e470f136825
user7	1105	184	1270883800996	0	0	6904b4914a91f1946e470f136825
user7	1178	186	1270883801007	0	0	6904b4914a91f1946e470f136825
user7	1208	186	1270883801022	0	0	6904b4914a91f1946e470f136825
user7	1225	186	1270883801023	0	0	6904b4914a91f1946e470f136825
user7	1237	186	1270883801034	0	0	6904b4914a91f1946e470f136825
user7	1244	183	1270883801044	0	0	6904b4914a91f1946e470f136825
user7	1247	183	1270883801289	0	0	6904b4914a91f1946e470f136825
user7	1253	181	1270883801301	0	0	6904b4914a91f1946e470f136825
user7	1264	177	1270883801314	0	0	6904b4914a91f1946e470f136825
user7	1279	172	1270883801323	0	0	6904b4914a91f1946e470f136825
user7	1298	165	1270883801337	0	0	6904b4914a91f1946e470f136825
user7	1322	152	1270883801338	0	0	6904b4914a91f1946e470f136825
user7	1345	141	1270883801348	0	0	6904b4914a91f1946e470f136825
user7	1366	129	1270883801360	0	0	6904b4914a91f1946e470f136825
user7	1377	123	1270883801374	0	0	6904b4914a91f1946e470f136825
user7	1392	116	1270883801383	0	0	6904b4914a91f1946e470f136825
user7	1395	115	1270883801396	0	0	6904b4914a91f1946e470f136825
user7	1397	114	1270883801406	0	0	6904b4914a91f1946e470f136825
user7	1399	113	1270883801410	0	0	6904b4914a91f1946e470f136825
user7	1400	113	1270883801418	0	0	6904b4914a91f1946e470f136825
user7	1401	113	1270883801679	0	0	6904b4914a91f1946e470f136825
user7	1402	113	1270883801699	0	0	6904b4914a91f1946e470f136825
user7	1405	113	1270883801709	0	0	6904b4914a91f1946e470f136825
user7	1408	112	1270883801721	0	0	6904b4914a91f1946e470f136825
user7	1412	112	1270883801733	0	0	6904b4914a91f1946e470f136825
user7	1416	111	1270883801746	0	0	6904b4914a91f1946e470f136825
user7	1419	110	1270883801757	0	0	6904b4914a91f1946e470f136825
user7	1421	110	1270883801767	0	0	6904b4914a91f1946e470f136825
user7	1422	110	1270883801780	0	0	6904b4914a91f1946e470f136825
user7	1423	110	1270883801789	0	0	6904b4914a91f1946e470f136825
user7	1430	200	1270883802479	0	0	6904b4914a91f1946e470f136825
user7	1428	200	1270883803122	0	0	6904b4914a91f1946e470f136825
user7	1420	200	1270883803136	0	0	6904b4914a91f1946e470f136825
user7	1386	193	1270883803155	0	0	6904b4914a91f1946e470f136825
user7	1292	188	1270883803175	0	0	6904b4914a91f1946e470f136825
user7	1178	189	1270883803193	0	0	6904b4914a91f1946e470f136825
user7	1130	199	1270883803211	0	0	6904b4914a91f1946e470f136825
user7	1066	214	1270883803216	0	0	6904b4914a91f1946e470f136825
user7	1036	224	1270883803233	0	0	6904b4914a91f1946e470f136825
user7	1014	229	1270883803235	0	0	6904b4914a91f1946e470f136825
user7	1003	233	1270883803252	0	0	6904b4914a91f1946e470f136825
user7	1002	233	1270883804142	0	0	6904b4914a91f1946e470f136825
user7	995	230	1270883804154	0	0	6904b4914a91f1946e470f136825
user7	984	223	1270883804167	0	0	6904b4914a91f1946e470f136825
user7	969	210	1270883804179	0	0	6904b4914a91f1946e470f136825
user7	941	189	1270883804195	0	0	6904b4914a91f1946e470f136825
user7	907	157	1270883804197	0	0	6904b4914a91f1946e470f136825
user7	875	123	1270883804213	0	0	6904b4914a91f1946e470f136825
user7	845	92	1270883804227	0	0	6904b4914a91f1946e470f136825
user7	821	64	1270883804239	0	0	6904b4914a91f1946e470f136825
user7	777	10	1270883804253	0	0	6904b4914a91f1946e470f136825
user7	778	7	1270883805580	0	0	6904b4914a91f1946e470f136825
user7	779	12	1270883805596	0	0	6904b4914a91f1946e470f136825
user7	779	14	1270883805614	0	0	6904b4914a91f1946e470f136825
user7	779	17	1270883805625	0	0	6904b4914a91f1946e470f136825
user7	779	20	1270883805639	0	0	6904b4914a91f1946e470f136825
user7	779	23	1270883805641	0	0	6904b4914a91f1946e470f136825
user7	777	25	1270883805656	0	0	6904b4914a91f1946e470f136825
user7	775	29	1270883805659	0	0	6904b4914a91f1946e470f136825
user7	771	32	1270883805675	0	0	6904b4914a91f1946e470f136825
user7	761	43	1270883805692	0	0	6904b4914a91f1946e470f136825
user7	757	47	1270883805703	0	0	6904b4914a91f1946e470f136825
user7	755	50	1270883805715	0	0	6904b4914a91f1946e470f136825
user7	751	52	1270883805729	0	0	6904b4914a91f1946e470f136825
user7	750	53	1270883805737	0	0	6904b4914a91f1946e470f136825
user7	749	54	1270883805751	0	0	6904b4914a91f1946e470f136825
user7	747	55	1270883805766	0	0	6904b4914a91f1946e470f136825
user7	746	55	1270883805826	0	0	6904b4914a91f1946e470f136825
user7	746	56	1270883805877	0	0	6904b4914a91f1946e470f136825
user7	746	54	1270883805999	0	0	6904b4914a91f1946e470f136825
user7	747	53	1270883806009	0	0	6904b4914a91f1946e470f136825
user7	747	52	1270883806020	0	0	6904b4914a91f1946e470f136825
user7	748	50	1270883806034	0	0	6904b4914a91f1946e470f136825
user7	749	50	1270883806048	0	0	6904b4914a91f1946e470f136825
user7	749	50	1270883806573	1270883806434	1270883806573	6904b4914a91f1946e470f136825
user7	749	50	1270883810174	0	0	6904b4914a91f1946e470f136825
user7	751	50	1270883810609	0	0	6904b4914a91f1946e470f136825
user7	754	48	1270883810623	0	0	6904b4914a91f1946e470f136825
user7	772	42	1270883810642	0	0	6904b4914a91f1946e470f136825
user7	816	32	1270883810661	0	0	6904b4914a91f1946e470f136825
user7	889	23	1270883810680	0	0	6904b4914a91f1946e470f136825
user7	930	23	1270883810698	0	0	6904b4914a91f1946e470f136825
user7	970	23	1270883810701	0	0	6904b4914a91f1946e470f136825
user7	1020	26	1270883810719	0	0	6904b4914a91f1946e470f136825
user7	1067	35	1270883810738	0	0	6904b4914a91f1946e470f136825
user7	1098	42	1270883810756	0	0	6904b4914a91f1946e470f136825
user7	1107	44	1270883810775	0	0	6904b4914a91f1946e470f136825
user7	1113	46	1270883810778	0	0	6904b4914a91f1946e470f136825
user7	1114	47	1270883810794	0	0	6904b4914a91f1946e470f136825
user7	1114	48	1270883810796	0	0	6904b4914a91f1946e470f136825
user7	1115	48	1270883810807	0	0	6904b4914a91f1946e470f136825
user7	1114	48	1270883810828	0	0	6904b4914a91f1946e470f136825
user7	1110	50	1270883810838	0	0	6904b4914a91f1946e470f136825
user7	1106	51	1270883810851	0	0	6904b4914a91f1946e470f136825
user7	1099	53	1270883810861	0	0	6904b4914a91f1946e470f136825
user7	1094	56	1270883810872	0	0	6904b4914a91f1946e470f136825
user7	1092	57	1270883810885	0	0	6904b4914a91f1946e470f136825
user7	1088	58	1270883810894	0	0	6904b4914a91f1946e470f136825
user7	1083	60	1270883810906	0	0	6904b4914a91f1946e470f136825
user7	1075	62	1270883810915	0	0	6904b4914a91f1946e470f136825
user7	1065	64	1270883810927	0	0	6904b4914a91f1946e470f136825
user7	1053	66	1270883810937	0	0	6904b4914a91f1946e470f136825
user7	1036	70	1270883810948	0	0	6904b4914a91f1946e470f136825
user7	1010	74	1270883810962	0	0	6904b4914a91f1946e470f136825
user7	983	79	1270883810964	0	0	6904b4914a91f1946e470f136825
user7	956	81	1270883810974	0	0	6904b4914a91f1946e470f136825
user7	921	86	1270883810985	0	0	6904b4914a91f1946e470f136825
user7	885	89	1270883811000	0	0	6904b4914a91f1946e470f136825
user7	856	94	1270883811008	0	0	6904b4914a91f1946e470f136825
user7	827	100	1270883811021	0	0	6904b4914a91f1946e470f136825
user7	800	108	1270883811031	0	0	6904b4914a91f1946e470f136825
user7	780	116	1270883811043	0	0	6904b4914a91f1946e470f136825
user7	765	122	1270883811056	0	0	6904b4914a91f1946e470f136825
user7	757	125	1270883811058	0	0	6904b4914a91f1946e470f136825
user7	752	130	1270883811072	0	0	6904b4914a91f1946e470f136825
user7	751	130	1270883811085	0	0	6904b4914a91f1946e470f136825
user7	751	131	1270883811386	0	0	6904b4914a91f1946e470f136825
user7	751	132	1270883811397	0	0	6904b4914a91f1946e470f136825
user7	751	134	1270883811409	0	0	6904b4914a91f1946e470f136825
user7	751	137	1270883811419	0	0	6904b4914a91f1946e470f136825
user7	751	140	1270883811433	0	0	6904b4914a91f1946e470f136825
user7	751	143	1270883811441	0	0	6904b4914a91f1946e470f136825
user7	751	146	1270883811454	0	0	6904b4914a91f1946e470f136825
user7	751	149	1270883811462	0	0	6904b4914a91f1946e470f136825
user7	751	150	1270883811475	0	0	6904b4914a91f1946e470f136825
user7	752	151	1270883811484	0	0	6904b4914a91f1946e470f136825
user7	752	152	1270883811496	0	0	6904b4914a91f1946e470f136825
user7	752	153	1270883811518	0	0	6904b4914a91f1946e470f136825
user7	753	153	1270883811530	0	0	6904b4914a91f1946e470f136825
user7	753	154	1270883811617	0	0	6904b4914a91f1946e470f136825
user7	753	155	1270883811718	0	0	6904b4914a91f1946e470f136825
user7	753	156	1270883811729	0	0	6904b4914a91f1946e470f136825
user7	753	157	1270883811743	0	0	6904b4914a91f1946e470f136825
user7	753	158	1270883811751	0	0	6904b4914a91f1946e470f136825
user7	753	161	1270883811765	0	0	6904b4914a91f1946e470f136825
user7	753	164	1270883811775	0	0	6904b4914a91f1946e470f136825
user7	753	167	1270883811786	0	0	6904b4914a91f1946e470f136825
user7	753	168	1270883811796	0	0	6904b4914a91f1946e470f136825
user7	753	169	1270883811807	0	0	6904b4914a91f1946e470f136825
user7	753	169	1270883812245	1270883812054	1270883812245	6904b4914a91f1946e470f136825
user7	753	169	1270883815387	0	0	6904b4914a91f1946e470f136825
user7	751	169	1270883816019	0	0	6904b4914a91f1946e470f136825
user7	749	169	1270883816029	0	0	6904b4914a91f1946e470f136825
user7	744	169	1270883816040	0	0	6904b4914a91f1946e470f136825
user7	737	165	1270883816049	0	0	6904b4914a91f1946e470f136825
user7	727	158	1270883816060	0	0	6904b4914a91f1946e470f136825
user7	717	148	1270883816069	0	0	6904b4914a91f1946e470f136825
user7	705	135	1270883816083	0	0	6904b4914a91f1946e470f136825
user7	694	121	1270883816090	0	0	6904b4914a91f1946e470f136825
user7	681	102	1270883816101	0	0	6904b4914a91f1946e470f136825
user7	672	89	1270883816110	0	0	6904b4914a91f1946e470f136825
user7	662	68	1270883816121	0	0	6904b4914a91f1946e470f136825
user7	657	59	1270883816135	0	0	6904b4914a91f1946e470f136825
user7	654	55	1270883816143	0	0	6904b4914a91f1946e470f136825
user7	652	51	1270883816154	0	0	6904b4914a91f1946e470f136825
user7	651	50	1270883816161	0	0	6904b4914a91f1946e470f136825
user7	651	50	1270883816551	1270883816412	1270883816551	6904b4914a91f1946e470f136825
user7	582	49	1270883826098	0	0	6904b4914a91f1946e470f136825
user7	582	50	1270883826379	0	0	6904b4914a91f1946e470f136825
user7	587	54	1270883826388	0	0	6904b4914a91f1946e470f136825
user7	592	63	1270883826400	0	0	6904b4914a91f1946e470f136825
user7	602	76	1270883826411	0	0	6904b4914a91f1946e470f136825
user7	615	95	1270883826424	0	0	6904b4914a91f1946e470f136825
user7	636	125	1270883826433	0	0	6904b4914a91f1946e470f136825
user7	658	158	1270883826445	0	0	6904b4914a91f1946e470f136825
user7	681	198	1270883826454	0	0	6904b4914a91f1946e470f136825
user7	704	231	1270883826466	0	0	6904b4914a91f1946e470f136825
user7	734	272	1270883826477	0	0	6904b4914a91f1946e470f136825
user7	734	272	1270883826583	0	0	6904b4914a91f1946e470f136825
user7	734	271	1270883826775	0	0	6904b4914a91f1946e470f136825
user7	734	268	1270883826786	0	0	6904b4914a91f1946e470f136825
user7	734	263	1270883826796	0	0	6904b4914a91f1946e470f136825
user7	735	256	1270883826807	0	0	6904b4914a91f1946e470f136825
user7	738	245	1270883826816	0	0	6904b4914a91f1946e470f136825
user7	741	232	1270883826827	0	0	6904b4914a91f1946e470f136825
user7	746	218	1270883826837	0	0	6904b4914a91f1946e470f136825
user7	750	202	1270883826847	0	0	6904b4914a91f1946e470f136825
user7	753	189	1270883826857	0	0	6904b4914a91f1946e470f136825
user7	755	179	1270883826866	0	0	6904b4914a91f1946e470f136825
user7	756	172	1270883826879	0	0	6904b4914a91f1946e470f136825
user7	756	170	1270883826887	0	0	6904b4914a91f1946e470f136825
user7	756	169	1270883826898	0	0	6904b4914a91f1946e470f136825
user7	756	168	1270883826907	0	0	6904b4914a91f1946e470f136825
user7	756	168	1270883827254	1270883827147	1270883827254	6904b4914a91f1946e470f136825
user7	756	168	1270883829159	0	0	6904b4914a91f1946e470f136825
user7	757	168	1270883829590	0	0	6904b4914a91f1946e470f136825
user7	760	168	1270883829603	0	0	6904b4914a91f1946e470f136825
user7	768	168	1270883829619	0	0	6904b4914a91f1946e470f136825
user7	781	168	1270883829630	0	0	6904b4914a91f1946e470f136825
user7	842	171	1270883829647	0	0	6904b4914a91f1946e470f136825
user7	894	175	1270883829664	0	0	6904b4914a91f1946e470f136825
user7	949	181	1270883829666	0	0	6904b4914a91f1946e470f136825
user7	997	188	1270883829681	0	0	6904b4914a91f1946e470f136825
user7	1041	194	1270883829697	0	0	6904b4914a91f1946e470f136825
user7	1102	204	1270883829699	0	0	6904b4914a91f1946e470f136825
user7	1122	211	1270883829710	0	0	6904b4914a91f1946e470f136825
user7	1134	213	1270883829721	0	0	6904b4914a91f1946e470f136825
user7	1139	214	1270883829736	0	0	6904b4914a91f1946e470f136825
user7	1140	214	1270883829951	0	0	6904b4914a91f1946e470f136825
user7	1144	211	1270883829960	0	0	6904b4914a91f1946e470f136825
user7	1153	206	1270883829969	0	0	6904b4914a91f1946e470f136825
user7	1165	200	1270883829983	0	0	6904b4914a91f1946e470f136825
user7	1184	191	1270883829994	0	0	6904b4914a91f1946e470f136825
user7	1210	176	1270883830004	0	0	6904b4914a91f1946e470f136825
user7	1235	159	1270883830018	0	0	6904b4914a91f1946e470f136825
user7	1259	143	1270883830026	0	0	6904b4914a91f1946e470f136825
user7	1300	114	1270883830040	0	0	6904b4914a91f1946e470f136825
user7	1308	109	1270883830050	0	0	6904b4914a91f1946e470f136825
user7	1313	105	1270883830061	0	0	6904b4914a91f1946e470f136825
user7	1316	103	1270883830077	0	0	6904b4914a91f1946e470f136825
user7	1318	102	1270883830089	0	0	6904b4914a91f1946e470f136825
user7	1319	101	1270883830099	0	0	6904b4914a91f1946e470f136825
user7	1320	101	1270883830114	0	0	6904b4914a91f1946e470f136825
user7	1321	101	1270883830144	0	0	6904b4914a91f1946e470f136825
user7	1322	101	1270883830154	0	0	6904b4914a91f1946e470f136825
user7	1324	101	1270883830168	0	0	6904b4914a91f1946e470f136825
user7	1326	100	1270883830177	0	0	6904b4914a91f1946e470f136825
user7	1329	100	1270883830189	0	0	6904b4914a91f1946e470f136825
user7	1332	99	1270883830203	0	0	6904b4914a91f1946e470f136825
user7	1334	99	1270883830211	0	0	6904b4914a91f1946e470f136825
user7	1337	99	1270883830225	0	0	6904b4914a91f1946e470f136825
user7	1339	99	1270883830234	0	0	6904b4914a91f1946e470f136825
user7	1342	99	1270883830246	0	0	6904b4914a91f1946e470f136825
user7	1346	99	1270883830257	0	0	6904b4914a91f1946e470f136825
user7	1351	99	1270883830268	0	0	6904b4914a91f1946e470f136825
user7	1359	99	1270883830281	0	0	6904b4914a91f1946e470f136825
user7	1369	100	1270883830290	0	0	6904b4914a91f1946e470f136825
user7	1382	102	1270883830303	0	0	6904b4914a91f1946e470f136825
user7	1389	104	1270883830315	0	0	6904b4914a91f1946e470f136825
user7	1395	106	1270883830318	0	0	6904b4914a91f1946e470f136825
user7	1402	107	1270883830326	0	0	6904b4914a91f1946e470f136825
user7	1408	109	1270883830340	0	0	6904b4914a91f1946e470f136825
user7	1412	109	1270883830349	0	0	6904b4914a91f1946e470f136825
user7	1415	111	1270883830361	0	0	6904b4914a91f1946e470f136825
user7	1420	114	1270883830377	0	0	6904b4914a91f1946e470f136825
user7	1422	117	1270883830387	0	0	6904b4914a91f1946e470f136825
user7	1434	167	1270883834326	0	0	6904b4914a91f1946e470f136825
user7	1426	163	1270883834336	0	0	6904b4914a91f1946e470f136825
user7	1408	155	1270883834345	0	0	6904b4914a91f1946e470f136825
user7	1369	140	1270883834358	0	0	6904b4914a91f1946e470f136825
user7	1325	125	1270883834371	0	0	6904b4914a91f1946e470f136825
user7	1268	109	1270883834378	0	0	6904b4914a91f1946e470f136825
user7	1209	93	1270883834392	0	0	6904b4914a91f1946e470f136825
user7	1148	80	1270883834400	0	0	6904b4914a91f1946e470f136825
user7	1095	76	1270883834413	0	0	6904b4914a91f1946e470f136825
user7	1028	76	1270883834423	0	0	6904b4914a91f1946e470f136825
user7	1001	84	1270883834434	0	0	6904b4914a91f1946e470f136825
user7	988	91	1270883834447	0	0	6904b4914a91f1946e470f136825
user7	980	95	1270883834449	0	0	6904b4914a91f1946e470f136825
user7	979	95	1270883834643	0	0	6904b4914a91f1946e470f136825
user7	972	94	1270883834652	0	0	6904b4914a91f1946e470f136825
user7	960	92	1270883834665	0	0	6904b4914a91f1946e470f136825
user7	946	91	1270883834673	0	0	6904b4914a91f1946e470f136825
user7	933	91	1270883834685	0	0	6904b4914a91f1946e470f136825
user7	915	91	1270883834698	0	0	6904b4914a91f1946e470f136825
user7	901	91	1270883834705	0	0	6904b4914a91f1946e470f136825
user7	887	91	1270883834718	0	0	6904b4914a91f1946e470f136825
user7	877	91	1270883834726	0	0	6904b4914a91f1946e470f136825
user7	869	91	1270883834739	0	0	6904b4914a91f1946e470f136825
user7	864	91	1270883834746	0	0	6904b4914a91f1946e470f136825
user7	862	90	1270883834759	0	0	6904b4914a91f1946e470f136825
user7	861	88	1270883834767	0	0	6904b4914a91f1946e470f136825
user7	860	88	1270883834779	0	0	6904b4914a91f1946e470f136825
user7	860	87	1270883834787	0	0	6904b4914a91f1946e470f136825
user7	860	86	1270883834823	0	0	6904b4914a91f1946e470f136825
user7	862	85	1270883834832	0	0	6904b4914a91f1946e470f136825
user7	868	83	1270883834843	0	0	6904b4914a91f1946e470f136825
user7	882	79	1270883834853	0	0	6904b4914a91f1946e470f136825
user7	896	78	1270883834866	0	0	6904b4914a91f1946e470f136825
user7	912	78	1270883834874	0	0	6904b4914a91f1946e470f136825
user7	932	78	1270883834888	0	0	6904b4914a91f1946e470f136825
user7	959	87	1270883834897	0	0	6904b4914a91f1946e470f136825
user7	995	98	1270883834909	0	0	6904b4914a91f1946e470f136825
user7	1033	111	1270883834919	0	0	6904b4914a91f1946e470f136825
user7	1066	123	1270883834929	0	0	6904b4914a91f1946e470f136825
user7	1091	132	1270883834943	0	0	6904b4914a91f1946e470f136825
user7	1114	140	1270883834951	0	0	6904b4914a91f1946e470f136825
user7	1133	145	1270883834964	0	0	6904b4914a91f1946e470f136825
user7	1146	146	1270883834974	0	0	6904b4914a91f1946e470f136825
user7	1149	145	1270883835180	0	0	6904b4914a91f1946e470f136825
user7	1157	143	1270883835191	0	0	6904b4914a91f1946e470f136825
user7	1172	140	1270883835201	0	0	6904b4914a91f1946e470f136825
user7	1198	137	1270883835213	0	0	6904b4914a91f1946e470f136825
user7	1234	136	1270883835223	0	0	6904b4914a91f1946e470f136825
user7	1283	136	1270883835234	0	0	6904b4914a91f1946e470f136825
user7	1331	136	1270883835246	0	0	6904b4914a91f1946e470f136825
user7	1383	134	1270883835257	0	0	6904b4914a91f1946e470f136825
user7	1427	130	1270883835272	0	0	6904b4914a91f1946e470f136825
user7	1435	120	1270883835367	0	0	6904b4914a91f1946e470f136825
user7	1433	120	1270883835378	0	0	6904b4914a91f1946e470f136825
user7	1431	120	1270883835390	0	0	6904b4914a91f1946e470f136825
user7	1430	120	1270883835407	0	0	6904b4914a91f1946e470f136825
user7	1429	120	1270883835427	0	0	6904b4914a91f1946e470f136825
user7	1435	422	1270883839763	0	0	6904b4914a91f1946e470f136825
user7	1430	422	1270883839773	0	0	6904b4914a91f1946e470f136825
user7	1421	422	1270883839785	0	0	6904b4914a91f1946e470f136825
user7	1406	422	1270883839795	0	0	6904b4914a91f1946e470f136825
user7	1382	422	1270883839809	0	0	6904b4914a91f1946e470f136825
user7	1344	422	1270883839817	0	0	6904b4914a91f1946e470f136825
user7	1297	428	1270883839830	0	0	6904b4914a91f1946e470f136825
user7	1249	439	1270883839838	0	0	6904b4914a91f1946e470f136825
user7	1192	458	1270883839852	0	0	6904b4914a91f1946e470f136825
user7	1142	480	1270883839861	0	0	6904b4914a91f1946e470f136825
user7	1073	514	1270883839872	0	0	6904b4914a91f1946e470f136825
user7	1039	540	1270883839884	0	0	6904b4914a91f1946e470f136825
user7	1014	562	1270883839894	0	0	6904b4914a91f1946e470f136825
user7	1005	576	1270883839909	0	0	6904b4914a91f1946e470f136825
user7	1002	576	1270883840154	0	0	6904b4914a91f1946e470f136825
user7	995	577	1270883840166	0	0	6904b4914a91f1946e470f136825
user7	981	579	1270883840176	0	0	6904b4914a91f1946e470f136825
user7	957	580	1270883840189	0	0	6904b4914a91f1946e470f136825
user7	918	586	1270883840199	0	0	6904b4914a91f1946e470f136825
user7	862	594	1270883840212	0	0	6904b4914a91f1946e470f136825
user7	801	602	1270883840225	0	0	6904b4914a91f1946e470f136825
user7	740	610	1270883840234	0	0	6904b4914a91f1946e470f136825
user7	688	618	1270883840248	0	0	6904b4914a91f1946e470f136825
user7	626	628	1270883840256	0	0	6904b4914a91f1946e470f136825
user7	609	630	1270883840270	0	0	6904b4914a91f1946e470f136825
user7	599	630	1270883840283	0	0	6904b4914a91f1946e470f136825
user7	598	630	1270883840521	0	0	6904b4914a91f1946e470f136825
user7	594	630	1270883840531	0	0	6904b4914a91f1946e470f136825
user7	587	630	1270883840543	0	0	6904b4914a91f1946e470f136825
user7	575	630	1270883840553	0	0	6904b4914a91f1946e470f136825
user7	561	630	1270883840566	0	0	6904b4914a91f1946e470f136825
user7	545	630	1270883840576	0	0	6904b4914a91f1946e470f136825
user7	528	630	1270883840588	0	0	6904b4914a91f1946e470f136825
user7	515	630	1270883840598	0	0	6904b4914a91f1946e470f136825
user7	503	630	1270883840609	0	0	6904b4914a91f1946e470f136825
user7	494	630	1270883840622	0	0	6904b4914a91f1946e470f136825
user7	489	630	1270883840631	0	0	6904b4914a91f1946e470f136825
user7	487	630	1270883840645	0	0	6904b4914a91f1946e470f136825
user7	486	630	1270883840654	0	0	6904b4914a91f1946e470f136825
user7	485	630	1270883841087	0	0	6904b4914a91f1946e470f136825
user7	480	630	1270883841098	0	0	6904b4914a91f1946e470f136825
user7	472	630	1270883841112	0	0	6904b4914a91f1946e470f136825
user7	461	628	1270883841124	0	0	6904b4914a91f1946e470f136825
user7	449	627	1270883841139	0	0	6904b4914a91f1946e470f136825
user7	434	626	1270883841142	0	0	6904b4914a91f1946e470f136825
user7	421	625	1270883841158	0	0	6904b4914a91f1946e470f136825
user7	408	624	1270883841161	0	0	6904b4914a91f1946e470f136825
user7	396	623	1270883841176	0	0	6904b4914a91f1946e470f136825
user7	384	622	1270883841191	0	0	6904b4914a91f1946e470f136825
user7	380	621	1270883841194	0	0	6904b4914a91f1946e470f136825
user7	378	620	1270883841202	0	0	6904b4914a91f1946e470f136825
user7	376	620	1270883841215	0	0	6904b4914a91f1946e470f136825
user7	375	620	1270883841227	0	0	6904b4914a91f1946e470f136825
user7	374	619	1270883841236	0	0	6904b4914a91f1946e470f136825
user7	374	618	1270883841250	0	0	6904b4914a91f1946e470f136825
user7	374	617	1270883841654	0	0	6904b4914a91f1946e470f136825
user7	373	617	1270883841694	0	0	6904b4914a91f1946e470f136825
user7	373	616	1270883841705	0	0	6904b4914a91f1946e470f136825
user7	371	616	1270883841718	0	0	6904b4914a91f1946e470f136825
user7	370	615	1270883841729	0	0	6904b4914a91f1946e470f136825
user7	367	613	1270883841740	0	0	6904b4914a91f1946e470f136825
user7	363	611	1270883841754	0	0	6904b4914a91f1946e470f136825
user7	360	609	1270883841762	0	0	6904b4914a91f1946e470f136825
user7	356	606	1270883841776	0	0	6904b4914a91f1946e470f136825
user7	354	605	1270883841790	0	0	6904b4914a91f1946e470f136825
user7	352	602	1270883841793	0	0	6904b4914a91f1946e470f136825
user7	350	602	1270883841804	0	0	6904b4914a91f1946e470f136825
user7	347	600	1270883841815	0	0	6904b4914a91f1946e470f136825
user7	345	600	1270883841829	0	0	6904b4914a91f1946e470f136825
user7	344	599	1270883841837	0	0	6904b4914a91f1946e470f136825
user7	343	598	1270883841850	0	0	6904b4914a91f1946e470f136825
user7	342	598	1270883841852	0	0	6904b4914a91f1946e470f136825
user7	341	598	1270883841863	0	0	6904b4914a91f1946e470f136825
user7	341	597	1270883841931	0	0	6904b4914a91f1946e470f136825
user7	341	596	1270883842013	0	0	6904b4914a91f1946e470f136825
user7	342	596	1270883842024	0	0	6904b4914a91f1946e470f136825
user7	344	596	1270883842037	0	0	6904b4914a91f1946e470f136825
user7	346	596	1270883842045	0	0	6904b4914a91f1946e470f136825
user7	348	596	1270883842058	0	0	6904b4914a91f1946e470f136825
user7	351	595	1270883842068	0	0	6904b4914a91f1946e470f136825
user7	354	595	1270883842079	0	0	6904b4914a91f1946e470f136825
user7	358	595	1270883842092	0	0	6904b4914a91f1946e470f136825
user7	362	595	1270883842095	0	0	6904b4914a91f1946e470f136825
user7	367	595	1270883842103	0	0	6904b4914a91f1946e470f136825
user7	373	595	1270883842115	0	0	6904b4914a91f1946e470f136825
user7	380	595	1270883842127	0	0	6904b4914a91f1946e470f136825
user7	386	595	1270883842136	0	0	6904b4914a91f1946e470f136825
user7	392	595	1270883842149	0	0	6904b4914a91f1946e470f136825
user7	398	595	1270883842158	0	0	6904b4914a91f1946e470f136825
user7	404	595	1270883842172	0	0	6904b4914a91f1946e470f136825
user7	409	595	1270883842174	0	0	6904b4914a91f1946e470f136825
user7	413	595	1270883842187	0	0	6904b4914a91f1946e470f136825
user7	418	595	1270883842196	0	0	6904b4914a91f1946e470f136825
user7	420	595	1270883842209	0	0	6904b4914a91f1946e470f136825
user7	422	595	1270883842217	0	0	6904b4914a91f1946e470f136825
user7	423	595	1270883842230	0	0	6904b4914a91f1946e470f136825
user7	424	595	1270883842242	0	0	6904b4914a91f1946e470f136825
user7	424	596	1270883842453	0	0	6904b4914a91f1946e470f136825
user7	425	599	1270883842474	0	0	6904b4914a91f1946e470f136825
user7	426	603	1270883842485	0	0	6904b4914a91f1946e470f136825
user7	426	611	1270883842497	0	0	6904b4914a91f1946e470f136825
user7	427	623	1270883842511	0	0	6904b4914a91f1946e470f136825
user7	428	637	1270883842520	0	0	6904b4914a91f1946e470f136825
user7	429	650	1270883842533	0	0	6904b4914a91f1946e470f136825
user7	429	658	1270883842542	0	0	6904b4914a91f1946e470f136825
user7	429	662	1270883842555	0	0	6904b4914a91f1946e470f136825
user7	429	670	1270883842569	0	0	6904b4914a91f1946e470f136825
user7	429	673	1270883842579	0	0	6904b4914a91f1946e470f136825
user7	429	674	1270883842599	0	0	6904b4914a91f1946e470f136825
user7	429	673	1270883846093	0	0	6904b4914a91f1946e470f136825
user7	430	672	1270883846108	0	0	6904b4914a91f1946e470f136825
user7	435	667	1270883846126	0	0	6904b4914a91f1946e470f136825
user7	442	659	1270883846145	0	0	6904b4914a91f1946e470f136825
user7	445	656	1270883846164	0	0	6904b4914a91f1946e470f136825
user7	449	652	1270883846168	0	0	6904b4914a91f1946e470f136825
user7	454	648	1270883846186	0	0	6904b4914a91f1946e470f136825
user7	456	647	1270883846202	0	0	6904b4914a91f1946e470f136825
user7	456	646	1270883846214	0	0	6904b4914a91f1946e470f136825
user7	458	645	1270883846217	0	0	6904b4914a91f1946e470f136825
user7	458	644	1270883846265	0	0	6904b4914a91f1946e470f136825
user7	459	644	1270883846276	0	0	6904b4914a91f1946e470f136825
user7	460	644	1270883846297	0	0	6904b4914a91f1946e470f136825
user7	461	643	1270883846309	0	0	6904b4914a91f1946e470f136825
user7	462	642	1270883846322	0	0	6904b4914a91f1946e470f136825
user7	464	640	1270883846330	0	0	6904b4914a91f1946e470f136825
user7	466	639	1270883846344	0	0	6904b4914a91f1946e470f136825
user7	468	637	1270883846352	0	0	6904b4914a91f1946e470f136825
user7	469	637	1270883846365	0	0	6904b4914a91f1946e470f136825
user7	471	635	1270883846367	0	0	6904b4914a91f1946e470f136825
user7	472	635	1270883846387	0	0	6904b4914a91f1946e470f136825
user7	473	634	1270883846401	0	0	6904b4914a91f1946e470f136825
user7	474	634	1270883846410	0	0	6904b4914a91f1946e470f136825
user7	475	633	1270883846422	0	0	6904b4914a91f1946e470f136825
user7	475	632	1270883846435	0	0	6904b4914a91f1946e470f136825
user7	476	632	1270883846446	0	0	6904b4914a91f1946e470f136825
user7	477	632	1270883846478	0	0	6904b4914a91f1946e470f136825
user7	477	632	1270883846859	1270883846739	1270883846859	6904b4914a91f1946e470f136825
user7	480	632	1270883862758	0	0	6904b4914a91f1946e470f136825
user7	485	632	1270883862774	0	0	6904b4914a91f1946e470f136825
user7	494	631	1270883862778	0	0	6904b4914a91f1946e470f136825
user7	507	631	1270883862794	0	0	6904b4914a91f1946e470f136825
user7	546	631	1270883862808	0	0	6904b4914a91f1946e470f136825
user7	565	631	1270883862819	0	0	6904b4914a91f1946e470f136825
user7	589	637	1270883862831	0	0	6904b4914a91f1946e470f136825
user7	607	641	1270883862844	0	0	6904b4914a91f1946e470f136825
user7	635	649	1270883862853	0	0	6904b4914a91f1946e470f136825
user7	655	654	1270883862868	0	0	6904b4914a91f1946e470f136825
user7	663	655	1270883862882	0	0	6904b4914a91f1946e470f136825
user7	668	657	1270883862891	0	0	6904b4914a91f1946e470f136825
user7	671	658	1270883862905	0	0	6904b4914a91f1946e470f136825
user7	673	658	1270883862919	0	0	6904b4914a91f1946e470f136825
user7	674	659	1270883862928	0	0	6904b4914a91f1946e470f136825
user7	674	659	1270883863239	1270883863171	1270883863239	6904b4914a91f1946e470f136825
