User	X	Y	MouseTimeStamp	MouseDownTimeStamp	MouseUpTimeStamp	SessionID
user21	409	53	1270503034480	0	0	fe146be126257961188f24c05571
user21	409	54	1270503034491	0	0	fe146be126257961188f24c05571
user21	410	54	1270503034553	0	0	fe146be126257961188f24c05571
user21	413	52	1270503034571	0	0	fe146be126257961188f24c05571
user21	421	50	1270503034589	0	0	fe146be126257961188f24c05571
user21	443	45	1270503034603	0	0	fe146be126257961188f24c05571
user21	494	37	1270503034623	0	0	fe146be126257961188f24c05571
user21	569	33	1270503034639	0	0	fe146be126257961188f24c05571
user21	651	35	1270503034654	0	0	fe146be126257961188f24c05571
user21	719	44	1270503034672	0	0	fe146be126257961188f24c05571
user21	776	57	1270503034688	0	0	fe146be126257961188f24c05571
user21	808	65	1270503034704	0	0	fe146be126257961188f24c05571
user21	827	72	1270503034723	0	0	fe146be126257961188f24c05571
user21	838	77	1270503034738	0	0	fe146be126257961188f24c05571
user21	843	80	1270503034755	0	0	fe146be126257961188f24c05571
user21	844	81	1270503034773	0	0	fe146be126257961188f24c05571
user21	844	80	1270503034788	0	0	fe146be126257961188f24c05571
user21	844	78	1270503034805	0	0	fe146be126257961188f24c05571
user21	845	76	1270503035074	0	0	fe146be126257961188f24c05571
user21	849	72	1270503035092	0	0	fe146be126257961188f24c05571
user21	856	69	1270503035106	0	0	fe146be126257961188f24c05571
user21	866	65	1270503035123	0	0	fe146be126257961188f24c05571
user21	876	61	1270503035140	0	0	fe146be126257961188f24c05571
user21	886	57	1270503035158	0	0	fe146be126257961188f24c05571
user21	898	51	1270503035174	0	0	fe146be126257961188f24c05571
user21	914	45	1270503035191	0	0	fe146be126257961188f24c05571
user21	924	40	1270503035209	0	0	fe146be126257961188f24c05571
user21	933	37	1270503035224	0	0	fe146be126257961188f24c05571
user21	940	34	1270503035241	0	0	fe146be126257961188f24c05571
user21	947	32	1270503035258	0	0	fe146be126257961188f24c05571
user21	952	30	1270503035275	0	0	fe146be126257961188f24c05571
user21	954	29	1270503035291	0	0	fe146be126257961188f24c05571
user21	955	28	1270503035308	0	0	fe146be126257961188f24c05571
user21	956	27	1270503035328	0	0	fe146be126257961188f24c05571
user21	958	27	1270503035343	0	0	fe146be126257961188f24c05571
user21	959	26	1270503035358	0	0	fe146be126257961188f24c05571
user21	960	26	1270503035376	0	0	fe146be126257961188f24c05571
user21	961	26	1270503035424	0	0	fe146be126257961188f24c05571
user21	962	26	1270503035442	0	0	fe146be126257961188f24c05571
user21	962	24	1270503035461	0	0	fe146be126257961188f24c05571
user21	963	24	1270503035476	0	0	fe146be126257961188f24c05571
user21	965	23	1270503035492	0	0	fe146be126257961188f24c05571
user21	966	23	1270503035510	0	0	fe146be126257961188f24c05571
user21	968	22	1270503035526	0	0	fe146be126257961188f24c05571
user21	969	22	1270503035544	0	0	fe146be126257961188f24c05571
user21	969	21	1270503035562	0	0	fe146be126257961188f24c05571
user21	973	21	1270503035579	0	0	fe146be126257961188f24c05571
user21	974	20	1270503035593	0	0	fe146be126257961188f24c05571
user21	974	18	1270503035612	0	0	fe146be126257961188f24c05571
user21	975	18	1270503035660	0	0	fe146be126257961188f24c05571
user21	974	18	1270503035827	0	0	fe146be126257961188f24c05571
user21	973	21	1270503035845	0	0	fe146be126257961188f24c05571
user21	971	25	1270503035863	0	0	fe146be126257961188f24c05571
user21	969	30	1270503035880	0	0	fe146be126257961188f24c05571
user21	964	40	1270503035896	0	0	fe146be126257961188f24c05571
user21	958	51	1270503035913	0	0	fe146be126257961188f24c05571
user21	953	63	1270503035932	0	0	fe146be126257961188f24c05571
user21	949	72	1270503035946	0	0	fe146be126257961188f24c05571
user21	946	79	1270503035961	0	0	fe146be126257961188f24c05571
user21	944	86	1270503035979	0	0	fe146be126257961188f24c05571
user21	942	93	1270503035997	0	0	fe146be126257961188f24c05571
user21	941	98	1270503036011	0	0	fe146be126257961188f24c05571
user21	939	105	1270503036030	0	0	fe146be126257961188f24c05571
user21	938	110	1270503036049	0	0	fe146be126257961188f24c05571
user21	937	114	1270503036063	0	0	fe146be126257961188f24c05571
user21	936	119	1270503036081	0	0	fe146be126257961188f24c05571
user21	936	121	1270503036099	0	0	fe146be126257961188f24c05571
user21	934	123	1270503036133	0	0	fe146be126257961188f24c05571
user21	932	125	1270503036415	0	0	fe146be126257961188f24c05571
user21	930	131	1270503036433	0	0	fe146be126257961188f24c05571
user21	927	138	1270503036448	0	0	fe146be126257961188f24c05571
user21	925	142	1270503036469	0	0	fe146be126257961188f24c05571
user21	923	145	1270503036483	0	0	fe146be126257961188f24c05571
user21	922	148	1270503036498	0	0	fe146be126257961188f24c05571
user21	920	151	1270503036519	0	0	fe146be126257961188f24c05571
user21	920	153	1270503036532	0	0	fe146be126257961188f24c05571
user21	919	154	1270503036549	0	0	fe146be126257961188f24c05571
user21	918	156	1270503036568	0	0	fe146be126257961188f24c05571
user21	917	158	1270503036584	0	0	fe146be126257961188f24c05571
user21	917	160	1270503036613	0	0	fe146be126257961188f24c05571
user21	917	161	1270503036640	0	0	fe146be126257961188f24c05571
user21	917	162	1270503036687	0	0	fe146be126257961188f24c05571
user21	917	163	1270503036700	0	0	fe146be126257961188f24c05571
user21	917	164	1270503036739	0	0	fe146be126257961188f24c05571
user21	917	165	1270503036765	0	0	fe146be126257961188f24c05571
user21	917	166	1270503036803	0	0	fe146be126257961188f24c05571
user21	916	166	1270503036818	0	0	fe146be126257961188f24c05571
user21	916	167	1270503036866	0	0	fe146be126257961188f24c05571
user21	914	168	1270503043544	0	0	fe146be126257961188f24c05571
user21	911	169	1270503043557	0	0	fe146be126257961188f24c05571
user21	904	171	1270503043575	0	0	fe146be126257961188f24c05571
user21	893	175	1270503043593	0	0	fe146be126257961188f24c05571
user21	878	183	1270503043611	0	0	fe146be126257961188f24c05571
user21	853	198	1270503043626	0	0	fe146be126257961188f24c05571
user21	812	226	1270503043642	0	0	fe146be126257961188f24c05571
user21	751	272	1270503043660	0	0	fe146be126257961188f24c05571
user21	702	316	1270503043675	0	0	fe146be126257961188f24c05571
user21	658	355	1270503043692	0	0	fe146be126257961188f24c05571
user21	628	385	1270503043709	0	0	fe146be126257961188f24c05571
user21	610	405	1270503043726	0	0	fe146be126257961188f24c05571
user21	597	419	1270503043742	0	0	fe146be126257961188f24c05571
user21	586	430	1270503043761	0	0	fe146be126257961188f24c05571
user21	579	434	1270503043776	0	0	fe146be126257961188f24c05571
user21	580	434	1270503044783	0	0	fe146be126257961188f24c05571
user21	580	435	1270503045188	0	0	fe146be126257961188f24c05571
user21	579	436	1270503045758	0	0	fe146be126257961188f24c05571
user21	578	436	1270503045771	0	0	fe146be126257961188f24c05571
user21	576	436	1270503045788	0	0	fe146be126257961188f24c05571
user21	573	436	1270503045805	0	0	fe146be126257961188f24c05571
user21	571	437	1270503045823	0	0	fe146be126257961188f24c05571
user21	568	437	1270503045843	0	0	fe146be126257961188f24c05571
user21	567	437	1270503045855	0	0	fe146be126257961188f24c05571
user21	565	437	1270503045872	0	0	fe146be126257961188f24c05571
user21	564	437	1270503045890	0	0	fe146be126257961188f24c05571
user21	563	437	1270503045906	0	0	fe146be126257961188f24c05571
user21	563	438	1270503046378	0	0	fe146be126257961188f24c05571
user21	563	437	1270503049750	0	0	fe146be126257961188f24c05571
user21	563	435	1270503049760	0	0	fe146be126257961188f24c05571
user21	565	431	1270503049779	0	0	fe146be126257961188f24c05571
user21	570	425	1270503049797	0	0	fe146be126257961188f24c05571
user21	579	416	1270503049812	0	0	fe146be126257961188f24c05571
user21	601	397	1270503049830	0	0	fe146be126257961188f24c05571
user21	634	368	1270503049850	0	0	fe146be126257961188f24c05571
user21	700	322	1270503049868	0	0	fe146be126257961188f24c05571
user21	748	290	1270503049880	0	0	fe146be126257961188f24c05571
user21	782	272	1270503049897	0	0	fe146be126257961188f24c05571
user21	812	256	1270503049916	0	0	fe146be126257961188f24c05571
user21	828	246	1270503049928	0	0	fe146be126257961188f24c05571
user21	840	242	1270503049946	0	0	fe146be126257961188f24c05571
user21	846	237	1270503049963	0	0	fe146be126257961188f24c05571
user21	851	232	1270503049981	0	0	fe146be126257961188f24c05571
user21	855	227	1270503049997	0	0	fe146be126257961188f24c05571
user21	856	227	1270503050253	0	0	fe146be126257961188f24c05571
user21	856	226	1270503050266	0	0	fe146be126257961188f24c05571
user21	857	226	1270503050281	0	0	fe146be126257961188f24c05571
user21	857	224	1270503050298	0	0	fe146be126257961188f24c05571
user21	858	223	1270503050317	0	0	fe146be126257961188f24c05571
user21	860	222	1270503050332	0	0	fe146be126257961188f24c05571
user21	862	220	1270503050349	0	0	fe146be126257961188f24c05571
user21	866	218	1270503050371	0	0	fe146be126257961188f24c05571
user21	869	215	1270503050387	0	0	fe146be126257961188f24c05571
user21	872	214	1270503050397	0	0	fe146be126257961188f24c05571
user21	876	212	1270503050419	0	0	fe146be126257961188f24c05571
user21	880	210	1270503050434	0	0	fe146be126257961188f24c05571
user21	884	208	1270503050453	0	0	fe146be126257961188f24c05571
user21	886	207	1270503050465	0	0	fe146be126257961188f24c05571
user21	887	207	1270503050483	0	0	fe146be126257961188f24c05571
user21	889	206	1270503050504	0	0	fe146be126257961188f24c05571
user21	891	205	1270503050516	0	0	fe146be126257961188f24c05571
user21	893	204	1270503050534	0	0	fe146be126257961188f24c05571
user21	895	203	1270503050553	0	0	fe146be126257961188f24c05571
user21	897	202	1270503050568	0	0	fe146be126257961188f24c05571
user21	899	201	1270503050588	0	0	fe146be126257961188f24c05571
user21	901	199	1270503050602	0	0	fe146be126257961188f24c05571
user21	902	198	1270503050617	0	0	fe146be126257961188f24c05571
user21	905	196	1270503050635	0	0	fe146be126257961188f24c05571
user21	908	194	1270503050653	0	0	fe146be126257961188f24c05571
user21	910	192	1270503050670	0	0	fe146be126257961188f24c05571
user21	912	189	1270503050684	0	0	fe146be126257961188f24c05571
user21	914	188	1270503050703	0	0	fe146be126257961188f24c05571
user21	916	185	1270503050720	0	0	fe146be126257961188f24c05571
user21	916	184	1270503050735	0	0	fe146be126257961188f24c05571
user21	917	184	1270503050753	0	0	fe146be126257961188f24c05571
user21	917	182	1270503050773	0	0	fe146be126257961188f24c05571
user21	918	181	1270503050801	0	0	fe146be126257961188f24c05571
user21	918	180	1270503051372	0	0	fe146be126257961188f24c05571
user21	917	181	1270503051609	0	0	fe146be126257961188f24c05571
user21	917	182	1270503051622	0	0	fe146be126257961188f24c05571
user21	917	184	1270503051640	0	0	fe146be126257961188f24c05571
user21	915	184	1270503051659	0	0	fe146be126257961188f24c05571
user21	915	186	1270503051678	0	0	fe146be126257961188f24c05571
user21	915	188	1270503051692	0	0	fe146be126257961188f24c05571
user21	915	191	1270503051708	0	0	fe146be126257961188f24c05571
user21	915	193	1270503051723	0	0	fe146be126257961188f24c05571
user21	915	198	1270503051744	0	0	fe146be126257961188f24c05571
user21	915	203	1270503051757	0	0	fe146be126257961188f24c05571
user21	915	211	1270503051777	0	0	fe146be126257961188f24c05571
user21	916	218	1270503051796	0	0	fe146be126257961188f24c05571
user21	918	224	1270503051807	0	0	fe146be126257961188f24c05571
user21	920	232	1270503051825	0	0	fe146be126257961188f24c05571
user21	922	235	1270503051843	0	0	fe146be126257961188f24c05571
user21	923	238	1270503051860	0	0	fe146be126257961188f24c05571
user21	925	240	1270503051876	0	0	fe146be126257961188f24c05571
user21	925	242	1270503051893	0	0	fe146be126257961188f24c05571
user21	926	244	1270503051910	0	0	fe146be126257961188f24c05571
user21	927	245	1270503051925	0	0	fe146be126257961188f24c05571
user21	927	246	1270503051943	0	0	fe146be126257961188f24c05571
user21	927	247	1270503051962	0	0	fe146be126257961188f24c05571
user21	928	248	1270503051992	0	0	fe146be126257961188f24c05571
user21	928	249	1270503052548	0	0	fe146be126257961188f24c05571
user21	929	249	1270503052560	0	0	fe146be126257961188f24c05571
user21	931	251	1270503052579	0	0	fe146be126257961188f24c05571
user21	934	253	1270503052596	0	0	fe146be126257961188f24c05571
user21	937	255	1270503052613	0	0	fe146be126257961188f24c05571
user21	940	258	1270503052634	0	0	fe146be126257961188f24c05571
user21	943	261	1270503052647	0	0	fe146be126257961188f24c05571
user21	946	263	1270503052664	0	0	fe146be126257961188f24c05571
user21	949	267	1270503052686	0	0	fe146be126257961188f24c05571
user21	951	269	1270503052695	0	0	fe146be126257961188f24c05571
user21	951	271	1270503052714	0	0	fe146be126257961188f24c05571
user21	953	273	1270503052733	0	0	fe146be126257961188f24c05571
user21	953	274	1270503052780	0	0	fe146be126257961188f24c05571
user21	954	274	1270503052798	0	0	fe146be126257961188f24c05571
user21	954	276	1270503052817	0	0	fe146be126257961188f24c05571
user21	954	277	1270503052829	0	0	fe146be126257961188f24c05571
user21	955	278	1270503052870	0	0	fe146be126257961188f24c05571
user21	955	279	1270503052879	0	0	fe146be126257961188f24c05571
user21	956	280	1270503052919	0	0	fe146be126257961188f24c05571
user21	956	281	1270503052931	0	0	fe146be126257961188f24c05571
user21	956	282	1270503052948	0	0	fe146be126257961188f24c05571
user21	956	283	1270503052965	0	0	fe146be126257961188f24c05571
user21	956	284	1270503052983	0	0	fe146be126257961188f24c05571
user21	956	285	1270503053001	0	0	fe146be126257961188f24c05571
user21	956	287	1270503053020	0	0	fe146be126257961188f24c05571
user21	956	288	1270503053030	0	0	fe146be126257961188f24c05571
user21	955	289	1270503053048	0	0	fe146be126257961188f24c05571
user21	955	291	1270503053070	0	0	fe146be126257961188f24c05571
user21	954	292	1270503053099	0	0	fe146be126257961188f24c05571
user21	954	293	1270503053117	0	0	fe146be126257961188f24c05571
user21	953	294	1270503053439	0	0	fe146be126257961188f24c05571
user21	953	295	1270503053468	0	0	fe146be126257961188f24c05571
user21	951	297	1270503053503	0	0	fe146be126257961188f24c05571
user21	951	298	1270503053542	0	0	fe146be126257961188f24c05571
user21	950	298	1270503053568	0	0	fe146be126257961188f24c05571
user21	950	300	1270503053602	0	0	fe146be126257961188f24c05571
user21	949	300	1270503053619	0	0	fe146be126257961188f24c05571
user21	949	301	1270503053651	0	0	fe146be126257961188f24c05571
user21	948	301	1270503053740	0	0	fe146be126257961188f24c05571
user21	948	302	1270503054356	0	0	fe146be126257961188f24c05571
user21	948	300	1270503055952	0	0	fe146be126257961188f24c05571
user21	946	298	1270503055969	0	0	fe146be126257961188f24c05571
user21	946	295	1270503055983	0	0	fe146be126257961188f24c05571
user21	946	292	1270503056000	0	0	fe146be126257961188f24c05571
user21	944	288	1270503056021	0	0	fe146be126257961188f24c05571
user21	943	284	1270503056037	0	0	fe146be126257961188f24c05571
user21	942	280	1270503056048	0	0	fe146be126257961188f24c05571
user21	940	278	1270503056067	0	0	fe146be126257961188f24c05571
user21	940	273	1270503056085	0	0	fe146be126257961188f24c05571
user21	939	265	1270503056100	0	0	fe146be126257961188f24c05571
user21	937	259	1270503056121	0	0	fe146be126257961188f24c05571
user21	935	250	1270503056140	0	0	fe146be126257961188f24c05571
user21	934	244	1270503056149	0	0	fe146be126257961188f24c05571
user21	932	238	1270503056170	0	0	fe146be126257961188f24c05571
user21	930	230	1270503056187	0	0	fe146be126257961188f24c05571
user21	929	227	1270503056204	0	0	fe146be126257961188f24c05571
user21	928	222	1270503056217	0	0	fe146be126257961188f24c05571
user21	926	218	1270503056236	0	0	fe146be126257961188f24c05571
user21	925	212	1270503056256	0	0	fe146be126257961188f24c05571
user21	924	205	1270503056267	0	0	fe146be126257961188f24c05571
user21	922	201	1270503056285	0	0	fe146be126257961188f24c05571
user21	921	196	1270503056306	0	0	fe146be126257961188f24c05571
user21	920	193	1270503056324	0	0	fe146be126257961188f24c05571
user21	919	189	1270503056337	0	0	fe146be126257961188f24c05571
user21	919	187	1270503056351	0	0	fe146be126257961188f24c05571
user21	919	185	1270503056371	0	0	fe146be126257961188f24c05571
user21	919	183	1270503056386	0	0	fe146be126257961188f24c05571
user21	918	181	1270503056403	0	0	fe146be126257961188f24c05571
user21	918	179	1270503056422	0	0	fe146be126257961188f24c05571
user21	918	178	1270503056436	0	0	fe146be126257961188f24c05571
user21	918	177	1270503056452	0	0	fe146be126257961188f24c05571
user21	918	176	1270503056470	0	0	fe146be126257961188f24c05571
user21	918	175	1270503056501	0	0	fe146be126257961188f24c05571
user21	917	175	1270503056520	0	0	fe146be126257961188f24c05571
user21	917	174	1270503056554	0	0	fe146be126257961188f24c05571
user21	917	173	1270503056620	0	0	fe146be126257961188f24c05571
user21	916	173	1270503056662	0	0	fe146be126257961188f24c05571
user21	916	173	1270503057003	1270503056899	1270503057003	fe146be126257961188f24c05571
user21	915	170	1270503060143	0	0	fe146be126257961188f24c05571
user21	915	171	1270503060980	0	0	fe146be126257961188f24c05571
user21	915	172	1270503061027	0	0	fe146be126257961188f24c05571
user21	915	173	1270503061067	0	0	fe146be126257961188f24c05571
user21	915	174	1270503061083	0	0	fe146be126257961188f24c05571
user21	916	174	1270503061096	0	0	fe146be126257961188f24c05571
user21	916	176	1270503061114	0	0	fe146be126257961188f24c05571
user21	916	177	1270503061132	0	0	fe146be126257961188f24c05571
user21	916	178	1270503061148	0	0	fe146be126257961188f24c05571
user21	916	179	1270503061198	0	0	fe146be126257961188f24c05571
user21	916	180	1270503061232	0	0	fe146be126257961188f24c05571
user21	917	181	1270503061280	0	0	fe146be126257961188f24c05571
user21	917	182	1270503061299	0	0	fe146be126257961188f24c05571
user21	918	183	1270503061316	0	0	fe146be126257961188f24c05571
user21	919	184	1270503061332	0	0	fe146be126257961188f24c05571
user21	919	185	1270503061349	0	0	fe146be126257961188f24c05571
user21	921	186	1270503061371	0	0	fe146be126257961188f24c05571
user21	921	187	1270503061381	0	0	fe146be126257961188f24c05571
user21	922	188	1270503061399	0	0	fe146be126257961188f24c05571
user21	923	190	1270503061418	0	0	fe146be126257961188f24c05571
user21	924	192	1270503061432	0	0	fe146be126257961188f24c05571
user21	926	192	1270503061450	0	0	fe146be126257961188f24c05571
user21	926	193	1270503061469	0	0	fe146be126257961188f24c05571
user21	927	194	1270503061482	0	0	fe146be126257961188f24c05571
user21	927	195	1270503061517	0	0	fe146be126257961188f24c05571
user21	927	197	1270503061534	0	0	fe146be126257961188f24c05571
user21	927	200	1270503061553	0	0	fe146be126257961188f24c05571
user21	927	201	1270503061566	0	0	fe146be126257961188f24c05571
user21	927	203	1270503061584	0	0	fe146be126257961188f24c05571
user21	927	204	1270503061603	0	0	fe146be126257961188f24c05571
user21	927	206	1270503061618	0	0	fe146be126257961188f24c05571
user21	927	208	1270503061654	0	0	fe146be126257961188f24c05571
user21	927	209	1270503061684	0	0	fe146be126257961188f24c05571
user21	927	210	1270503061767	0	0	fe146be126257961188f24c05571
user21	926	210	1270503061818	0	0	fe146be126257961188f24c05571
user21	926	211	1270503061836	0	0	fe146be126257961188f24c05571
user21	925	213	1270503061868	0	0	fe146be126257961188f24c05571
user21	925	214	1270503061889	0	0	fe146be126257961188f24c05571
user21	924	216	1270503061902	0	0	fe146be126257961188f24c05571
user21	923	217	1270503061920	0	0	fe146be126257961188f24c05571
user21	921	220	1270503061936	0	0	fe146be126257961188f24c05571
user21	920	222	1270503061955	0	0	fe146be126257961188f24c05571
user21	920	223	1270503061974	0	0	fe146be126257961188f24c05571
user21	920	224	1270503062005	0	0	fe146be126257961188f24c05571
user21	919	225	1270503062036	0	0	fe146be126257961188f24c05571
user21	918	225	1270503062369	0	0	fe146be126257961188f24c05571
user21	918	225	1270503062372	1270503062211	1270503062372	fe146be126257961188f24c05571
user21	918	226	1270503064957	0	0	fe146be126257961188f24c05571
user21	919	227	1270503064987	0	0	fe146be126257961188f24c05571
user21	922	229	1270503065004	0	0	fe146be126257961188f24c05571
user21	925	230	1270503065021	0	0	fe146be126257961188f24c05571
user21	929	232	1270503065039	0	0	fe146be126257961188f24c05571
user21	932	234	1270503065058	0	0	fe146be126257961188f24c05571
user21	934	235	1270503065071	0	0	fe146be126257961188f24c05571
user21	938	239	1270503065091	0	0	fe146be126257961188f24c05571
user21	942	241	1270503065106	0	0	fe146be126257961188f24c05571
user21	944	243	1270503065122	0	0	fe146be126257961188f24c05571
user21	946	244	1270503065142	0	0	fe146be126257961188f24c05571
user21	947	244	1270503065155	0	0	fe146be126257961188f24c05571
user21	947	245	1270503065173	0	0	fe146be126257961188f24c05571
user21	949	245	1270503065211	0	0	fe146be126257961188f24c05571
user21	949	246	1270503065220	0	0	fe146be126257961188f24c05571
user21	950	247	1270503065239	0	0	fe146be126257961188f24c05571
user21	950	248	1270503065276	0	0	fe146be126257961188f24c05571
user21	951	250	1270503065290	0	0	fe146be126257961188f24c05571
user21	952	251	1270503065308	0	0	fe146be126257961188f24c05571
user21	952	252	1270503065321	0	0	fe146be126257961188f24c05571
user21	952	254	1270503065340	0	0	fe146be126257961188f24c05571
user21	952	256	1270503065357	0	0	fe146be126257961188f24c05571
user21	952	259	1270503065378	0	0	fe146be126257961188f24c05571
user21	953	262	1270503065392	0	0	fe146be126257961188f24c05571
user21	953	265	1270503065409	0	0	fe146be126257961188f24c05571
user21	953	269	1270503065424	0	0	fe146be126257961188f24c05571
user21	954	272	1270503065441	0	0	fe146be126257961188f24c05571
user21	955	276	1270503065458	0	0	fe146be126257961188f24c05571
user21	955	279	1270503065475	0	0	fe146be126257961188f24c05571
user21	956	281	1270503065493	0	0	fe146be126257961188f24c05571
user21	956	283	1270503065506	0	0	fe146be126257961188f24c05571
user21	956	284	1270503065524	0	0	fe146be126257961188f24c05571
user21	956	286	1270503065558	0	0	fe146be126257961188f24c05571
user21	956	287	1270503065608	0	0	fe146be126257961188f24c05571
user21	956	287	1270503065907	1270503065803	1270503065907	fe146be126257961188f24c05571
user21	482	478	1270503232988	0	0	fe146be126257961188f24c05571
user21	482	479	1270503233003	0	0	fe146be126257961188f24c05571
user21	482	480	1270503233019	0	0	fe146be126257961188f24c05571
user21	481	480	1270503233037	0	0	fe146be126257961188f24c05571
user21	481	481	1270503233055	0	0	fe146be126257961188f24c05571
user21	481	482	1270503233171	0	0	fe146be126257961188f24c05571
user21	481	482	1270503233331	1270503233259	1270503233331	fe146be126257961188f24c05571
user21	481	481	1270503234781	0	0	fe146be126257961188f24c05571
user21	481	480	1270503235672	0	0	fe146be126257961188f24c05571
user21	480	480	1270503238857	0	0	fe146be126257961188f24c05571
user21	479	480	1270503238870	0	0	fe146be126257961188f24c05571
user21	478	480	1270503238907	0	0	fe146be126257961188f24c05571
user21	476	479	1270503238922	0	0	fe146be126257961188f24c05571
user21	472	477	1270503238940	0	0	fe146be126257961188f24c05571
user21	467	474	1270503238956	0	0	fe146be126257961188f24c05571
user21	458	468	1270503238972	0	0	fe146be126257961188f24c05571
user21	450	460	1270503238991	0	0	fe146be126257961188f24c05571
user21	434	441	1270503239008	0	0	fe146be126257961188f24c05571
user21	427	424	1270503239021	0	0	fe146be126257961188f24c05571
user21	420	399	1270503239040	0	0	fe146be126257961188f24c05571
user21	417	375	1270503239059	0	0	fe146be126257961188f24c05571
user21	417	346	1270503239072	0	0	fe146be126257961188f24c05571
user21	417	323	1270503239090	0	0	fe146be126257961188f24c05571
user21	421	300	1270503239109	0	0	fe146be126257961188f24c05571
user21	431	271	1270503239123	0	0	fe146be126257961188f24c05571
user21	439	255	1270503239140	0	0	fe146be126257961188f24c05571
user21	445	246	1270503239157	0	0	fe146be126257961188f24c05571
user21	452	236	1270503239176	0	0	fe146be126257961188f24c05571
user21	457	231	1270503239190	0	0	fe146be126257961188f24c05571
user21	463	226	1270503239207	0	0	fe146be126257961188f24c05571
user21	466	224	1270503239224	0	0	fe146be126257961188f24c05571
user21	467	222	1270503239243	0	0	fe146be126257961188f24c05571
user21	468	221	1270503239257	0	0	fe146be126257961188f24c05571
user21	466	223	1270503239274	0	0	fe146be126257961188f24c05571
user21	466	224	1270503239526	0	0	fe146be126257961188f24c05571
user21	465	224	1270503239599	0	0	fe146be126257961188f24c05571
user21	465	223	1270503239935	0	0	fe146be126257961188f24c05571
user21	465	222	1270503239941	0	0	fe146be126257961188f24c05571
user21	465	221	1270503239963	0	0	fe146be126257961188f24c05571
user21	465	219	1270503239984	0	0	fe146be126257961188f24c05571
user21	465	217	1270503239996	0	0	fe146be126257961188f24c05571
user21	465	214	1270503240012	0	0	fe146be126257961188f24c05571
user21	465	213	1270503240030	0	0	fe146be126257961188f24c05571
user21	465	211	1270503240050	0	0	fe146be126257961188f24c05571
user21	466	209	1270503240063	0	0	fe146be126257961188f24c05571
user21	466	208	1270503240082	0	0	fe146be126257961188f24c05571
user21	466	207	1270503240114	0	0	fe146be126257961188f24c05571
user21	467	207	1270503240146	0	0	fe146be126257961188f24c05571
user21	467	206	1270503240180	0	0	fe146be126257961188f24c05571
user21	467	205	1270503240214	0	0	fe146be126257961188f24c05571
user21	467	203	1270503240247	0	0	fe146be126257961188f24c05571
user21	468	201	1270503240264	0	0	fe146be126257961188f24c05571
user21	470	199	1270503240283	0	0	fe146be126257961188f24c05571
user21	471	197	1270503240298	0	0	fe146be126257961188f24c05571
user21	471	196	1270503240317	0	0	fe146be126257961188f24c05571
user21	471	195	1270503240347	0	0	fe146be126257961188f24c05571
user21	472	194	1270503240364	0	0	fe146be126257961188f24c05571
user21	473	193	1270503240743	0	0	fe146be126257961188f24c05571
user21	473	193	1270503241115	1270503240955	1270503241115	fe146be126257961188f24c05571
user21	472	194	1270503241538	0	0	fe146be126257961188f24c05571
user21	473	194	1270503245261	0	0	fe146be126257961188f24c05571
user21	474	194	1270503248028	0	0	fe146be126257961188f24c05571
user21	476	195	1270503265219	0	0	fe146be126257961188f24c05571
user21	481	195	1270503265230	0	0	fe146be126257961188f24c05571
user21	487	195	1270503265248	0	0	fe146be126257961188f24c05571
user21	494	195	1270503265266	0	0	fe146be126257961188f24c05571
user21	500	195	1270503284569	0	0	fe146be126257961188f24c05571
user21	509	195	1270503284582	0	0	fe146be126257961188f24c05571
user21	519	197	1270503284599	0	0	fe146be126257961188f24c05571
user21	533	200	1270503284619	0	0	fe146be126257961188f24c05571
user21	544	204	1270503284630	0	0	fe146be126257961188f24c05571
user21	556	210	1270503284649	0	0	fe146be126257961188f24c05571
user21	561	216	1270503284667	0	0	fe146be126257961188f24c05571
user21	563	222	1270503284685	0	0	fe146be126257961188f24c05571
user21	563	228	1270503284700	0	0	fe146be126257961188f24c05571
user21	563	232	1270503284715	0	0	fe146be126257961188f24c05571
user21	563	234	1270503284733	0	0	fe146be126257961188f24c05571
user21	563	238	1270503284752	0	0	fe146be126257961188f24c05571
user21	563	242	1270503284768	0	0	fe146be126257961188f24c05571
user21	563	245	1270503284782	0	0	fe146be126257961188f24c05571
user21	563	247	1270503284800	0	0	fe146be126257961188f24c05571
user21	563	248	1270503284819	0	0	fe146be126257961188f24c05571
user21	563	249	1270503284837	0	0	fe146be126257961188f24c05571
user21	563	251	1270503284867	0	0	fe146be126257961188f24c05571
user21	564	251	1270503284900	0	0	fe146be126257961188f24c05571
user21	565	251	1270503284918	0	0	fe146be126257961188f24c05571
user21	567	251	1270503284938	0	0	fe146be126257961188f24c05571
user21	569	251	1270503284952	0	0	fe146be126257961188f24c05571
user21	571	250	1270503284967	0	0	fe146be126257961188f24c05571
user21	572	250	1270503284985	0	0	fe146be126257961188f24c05571
user21	573	249	1270503285003	0	0	fe146be126257961188f24c05571
user21	574	248	1270503285034	0	0	fe146be126257961188f24c05571
user21	575	248	1270503285051	0	0	fe146be126257961188f24c05571
user21	575	246	1270503285068	0	0	fe146be126257961188f24c05571
user21	576	246	1270503285085	0	0	fe146be126257961188f24c05571
user21	576	244	1270503285103	0	0	fe146be126257961188f24c05571
user21	577	243	1270503285117	0	0	fe146be126257961188f24c05571
user21	578	242	1270503285188	0	0	fe146be126257961188f24c05571
user21	579	242	1270503285221	0	0	fe146be126257961188f24c05571
user21	579	241	1270503285235	0	0	fe146be126257961188f24c05571
user21	580	241	1270503285252	0	0	fe146be126257961188f24c05571
user21	581	241	1270503285368	0	0	fe146be126257961188f24c05571
user21	581	240	1270503286057	0	0	fe146be126257961188f24c05571
user21	581	239	1270503286075	0	0	fe146be126257961188f24c05571
user21	581	237	1270503286109	0	0	fe146be126257961188f24c05571
user21	581	236	1270503286158	0	0	fe146be126257961188f24c05571
user21	582	236	1270503286258	0	0	fe146be126257961188f24c05571
user21	582	235	1270503286275	0	0	fe146be126257961188f24c05571
user21	583	235	1270503286292	0	0	fe146be126257961188f24c05571
user21	583	234	1270503286343	0	0	fe146be126257961188f24c05571
user21	584	234	1270503286362	0	0	fe146be126257961188f24c05571
user21	585	234	1270503286405	0	0	fe146be126257961188f24c05571
user21	585	234	1270503286691	1270503286611	1270503286691	fe146be126257961188f24c05571
user21	591	232	1270503300167	0	0	fe146be126257961188f24c05571
user21	602	228	1270503300178	0	0	fe146be126257961188f24c05571
user21	615	225	1270503300192	0	0	fe146be126257961188f24c05571
user21	629	220	1270503300213	0	0	fe146be126257961188f24c05571
user21	643	216	1270503300230	0	0	fe146be126257961188f24c05571
user21	667	211	1270503300245	0	0	fe146be126257961188f24c05571
user21	692	207	1270503300261	0	0	fe146be126257961188f24c05571
user21	714	205	1270503300277	0	0	fe146be126257961188f24c05571
user21	737	203	1270503300295	0	0	fe146be126257961188f24c05571
user21	761	204	1270503300311	0	0	fe146be126257961188f24c05571
user21	777	204	1270503300328	0	0	fe146be126257961188f24c05571
user21	788	204	1270503300344	0	0	fe146be126257961188f24c05571
user21	792	204	1270503300363	0	0	fe146be126257961188f24c05571
user21	794	202	1270503300581	0	0	fe146be126257961188f24c05571
user21	801	200	1270503300596	0	0	fe146be126257961188f24c05571
user21	810	197	1270503300611	0	0	fe146be126257961188f24c05571
user21	820	195	1270503300629	0	0	fe146be126257961188f24c05571
user21	830	193	1270503300648	0	0	fe146be126257961188f24c05571
user21	836	192	1270503300661	0	0	fe146be126257961188f24c05571
user21	841	191	1270503300679	0	0	fe146be126257961188f24c05571
user21	849	190	1270503300698	0	0	fe146be126257961188f24c05571
user21	860	188	1270503300718	0	0	fe146be126257961188f24c05571
user21	865	188	1270503300726	0	0	fe146be126257961188f24c05571
user21	871	188	1270503300746	0	0	fe146be126257961188f24c05571
user21	877	188	1270503300765	0	0	fe146be126257961188f24c05571
user21	883	188	1270503300780	0	0	fe146be126257961188f24c05571
user21	887	189	1270503300796	0	0	fe146be126257961188f24c05571
user21	889	189	1270503300814	0	0	fe146be126257961188f24c05571
user21	890	190	1270503300833	0	0	fe146be126257961188f24c05571
user21	892	190	1270503300848	0	0	fe146be126257961188f24c05571
user21	893	190	1270503300863	0	0	fe146be126257961188f24c05571
user21	895	191	1270503300881	0	0	fe146be126257961188f24c05571
user21	898	192	1270503300899	0	0	fe146be126257961188f24c05571
user21	901	192	1270503300931	0	0	fe146be126257961188f24c05571
user21	902	192	1270503300964	0	0	fe146be126257961188f24c05571
user21	902	193	1270503301215	0	0	fe146be126257961188f24c05571
user21	902	194	1270503301231	0	0	fe146be126257961188f24c05571
user21	902	196	1270503301249	0	0	fe146be126257961188f24c05571
user21	900	198	1270503301266	0	0	fe146be126257961188f24c05571
user21	899	200	1270503301286	0	0	fe146be126257961188f24c05571
user21	897	202	1270503301300	0	0	fe146be126257961188f24c05571
user21	896	204	1270503301318	0	0	fe146be126257961188f24c05571
user21	896	205	1270503301334	0	0	fe146be126257961188f24c05571
user21	894	205	1270503301352	0	0	fe146be126257961188f24c05571
user21	894	206	1270503301368	0	0	fe146be126257961188f24c05571
user21	894	207	1270503301405	0	0	fe146be126257961188f24c05571
user21	893	207	1270503301438	0	0	fe146be126257961188f24c05571
user21	893	208	1270503301917	0	0	fe146be126257961188f24c05571
user21	893	209	1270503301936	0	0	fe146be126257961188f24c05571
user21	893	210	1270503301955	0	0	fe146be126257961188f24c05571
user21	893	211	1270503301987	0	0	fe146be126257961188f24c05571
user21	893	212	1270503302005	0	0	fe146be126257961188f24c05571
user21	893	213	1270503302055	0	0	fe146be126257961188f24c05571
user21	892	213	1270503302089	0	0	fe146be126257961188f24c05571
user21	891	213	1270503302106	0	0	fe146be126257961188f24c05571
user21	890	213	1270503302120	0	0	fe146be126257961188f24c05571
user21	888	211	1270503302138	0	0	fe146be126257961188f24c05571
user21	883	210	1270503302157	0	0	fe146be126257961188f24c05571
user21	878	207	1270503302173	0	0	fe146be126257961188f24c05571
user21	866	201	1270503302188	0	0	fe146be126257961188f24c05571
user21	847	193	1270503302207	0	0	fe146be126257961188f24c05571
user21	820	183	1270503302221	0	0	fe146be126257961188f24c05571
user21	790	172	1270503302238	0	0	fe146be126257961188f24c05571
user21	753	160	1270503302257	0	0	fe146be126257961188f24c05571
user21	702	144	1270503302272	0	0	fe146be126257961188f24c05571
user21	664	132	1270503302289	0	0	fe146be126257961188f24c05571
user21	631	123	1270503302308	0	0	fe146be126257961188f24c05571
user21	609	115	1270503302321	0	0	fe146be126257961188f24c05571
user21	591	109	1270503302339	0	0	fe146be126257961188f24c05571
user21	580	105	1270503302357	0	0	fe146be126257961188f24c05571
user21	578	105	1270503302644	0	0	fe146be126257961188f24c05571
user21	574	103	1270503302656	0	0	fe146be126257961188f24c05571
user21	568	101	1270503302674	0	0	fe146be126257961188f24c05571
user21	562	99	1270503302692	0	0	fe146be126257961188f24c05571
user21	557	96	1270503302708	0	0	fe146be126257961188f24c05571
user21	553	93	1270503302724	0	0	fe146be126257961188f24c05571
user21	548	89	1270503302743	0	0	fe146be126257961188f24c05571
user21	542	86	1270503302757	0	0	fe146be126257961188f24c05571
user21	535	81	1270503302775	0	0	fe146be126257961188f24c05571
user21	529	78	1270503302793	0	0	fe146be126257961188f24c05571
user21	525	76	1270503302813	0	0	fe146be126257961188f24c05571
user21	524	75	1270503302823	0	0	fe146be126257961188f24c05571
user21	523	74	1270503302862	0	0	fe146be126257961188f24c05571
user21	523	73	1270503302892	0	0	fe146be126257961188f24c05571
user21	522	72	1270503302910	0	0	fe146be126257961188f24c05571
user21	522	71	1270503302925	0	0	fe146be126257961188f24c05571
user21	522	70	1270503302944	0	0	fe146be126257961188f24c05571
user21	522	69	1270503302964	0	0	fe146be126257961188f24c05571
user21	522	68	1270503302980	0	0	fe146be126257961188f24c05571
user21	522	67	1270503302996	0	0	fe146be126257961188f24c05571
user21	522	65	1270503303030	0	0	fe146be126257961188f24c05571
user21	522	63	1270503303059	0	0	fe146be126257961188f24c05571
user21	522	62	1270503303077	0	0	fe146be126257961188f24c05571
user21	520	62	1270503303096	0	0	fe146be126257961188f24c05571
user21	520	61	1270503303109	0	0	fe146be126257961188f24c05571
user21	519	60	1270503303127	0	0	fe146be126257961188f24c05571
user21	519	58	1270503303145	0	0	fe146be126257961188f24c05571
user21	519	56	1270503303164	0	0	fe146be126257961188f24c05571
user21	518	55	1270503303176	0	0	fe146be126257961188f24c05571
user21	518	53	1270503303194	0	0	fe146be126257961188f24c05571
user21	518	52	1270503303213	0	0	fe146be126257961188f24c05571
user21	517	52	1270503303228	0	0	fe146be126257961188f24c05571
user21	517	50	1270503303264	0	0	fe146be126257961188f24c05571
user21	517	50	1270503303739	1270503303691	1270503303739	fe146be126257961188f24c05571
user21	631	421	1270503419200	0	0	fe146be126257961188f24c05571
user21	630	420	1270503419213	0	0	fe146be126257961188f24c05571
user21	629	417	1270503419231	0	0	fe146be126257961188f24c05571
user21	629	416	1270503419245	0	0	fe146be126257961188f24c05571
user21	629	413	1270503419262	0	0	fe146be126257961188f24c05571
user21	629	409	1270503419279	0	0	fe146be126257961188f24c05571
user21	629	399	1270503419296	0	0	fe146be126257961188f24c05571
user21	632	378	1270503419315	0	0	fe146be126257961188f24c05571
user21	645	346	1270503419331	0	0	fe146be126257961188f24c05571
user21	671	301	1270503419345	0	0	fe146be126257961188f24c05571
user21	697	269	1270503419363	0	0	fe146be126257961188f24c05571
user21	727	242	1270503419382	0	0	fe146be126257961188f24c05571
user21	749	226	1270503419396	0	0	fe146be126257961188f24c05571
user21	771	215	1270503419414	0	0	fe146be126257961188f24c05571
user21	789	206	1270503419433	0	0	fe146be126257961188f24c05571
user21	798	203	1270503419446	0	0	fe146be126257961188f24c05571
user21	799	203	1270503419681	0	0	fe146be126257961188f24c05571
user21	803	202	1270503419698	0	0	fe146be126257961188f24c05571
user21	811	201	1270503419715	0	0	fe146be126257961188f24c05571
user21	820	199	1270503419733	0	0	fe146be126257961188f24c05571
user21	830	199	1270503419750	0	0	fe146be126257961188f24c05571
user21	843	199	1270503419770	0	0	fe146be126257961188f24c05571
user21	861	200	1270503419780	0	0	fe146be126257961188f24c05571
user21	889	206	1270503419801	0	0	fe146be126257961188f24c05571
user21	916	215	1270503419818	0	0	fe146be126257961188f24c05571
user21	933	226	1270503419836	0	0	fe146be126257961188f24c05571
user21	943	235	1270503419847	0	0	fe146be126257961188f24c05571
user21	951	245	1270503419866	0	0	fe146be126257961188f24c05571
user21	956	251	1270503419883	0	0	fe146be126257961188f24c05571
user21	959	255	1270503419900	0	0	fe146be126257961188f24c05571
user21	960	258	1270503419922	0	0	fe146be126257961188f24c05571
user21	960	259	1270503420151	0	0	fe146be126257961188f24c05571
user21	960	260	1270503420167	0	0	fe146be126257961188f24c05571
user21	960	261	1270503420185	0	0	fe146be126257961188f24c05571
user21	960	262	1270503420201	0	0	fe146be126257961188f24c05571
user21	960	263	1270503420218	0	0	fe146be126257961188f24c05571
user21	960	264	1270503420238	0	0	fe146be126257961188f24c05571
user21	960	265	1270503420268	0	0	fe146be126257961188f24c05571
user21	960	266	1270503420287	0	0	fe146be126257961188f24c05571
user21	960	267	1270503420302	0	0	fe146be126257961188f24c05571
user21	960	268	1270503420320	0	0	fe146be126257961188f24c05571
user21	960	269	1270503420340	0	0	fe146be126257961188f24c05571
user21	960	270	1270503420372	0	0	fe146be126257961188f24c05571
user21	960	272	1270503420402	0	0	fe146be126257961188f24c05571
user21	960	273	1270503420455	0	0	fe146be126257961188f24c05571
user21	960	273	1270503421393	1270503421313	1270503421393	fe146be126257961188f24c05571
user21	952	273	1270503427280	0	0	fe146be126257961188f24c05571
user21	935	273	1270503427295	0	0	fe146be126257961188f24c05571
user21	915	270	1270503427312	0	0	fe146be126257961188f24c05571
user21	891	265	1270503427328	0	0	fe146be126257961188f24c05571
user21	865	258	1270503427344	0	0	fe146be126257961188f24c05571
user21	797	242	1270503427363	0	0	fe146be126257961188f24c05571
user21	724	213	1270503427377	0	0	fe146be126257961188f24c05571
user21	670	187	1270503427395	0	0	fe146be126257961188f24c05571
user21	626	163	1270503427413	0	0	fe146be126257961188f24c05571
user21	597	146	1270503427433	0	0	fe146be126257961188f24c05571
user21	584	133	1270503427449	0	0	fe146be126257961188f24c05571
user21	581	122	1270503427460	0	0	fe146be126257961188f24c05571
user21	580	113	1270503427478	0	0	fe146be126257961188f24c05571
user21	584	106	1270503427497	0	0	fe146be126257961188f24c05571
user21	583	106	1270503427730	0	0	fe146be126257961188f24c05571
user21	579	104	1270503427747	0	0	fe146be126257961188f24c05571
user21	572	99	1270503427766	0	0	fe146be126257961188f24c05571
user21	564	94	1270503427780	0	0	fe146be126257961188f24c05571
user21	556	89	1270503427798	0	0	fe146be126257961188f24c05571
user21	549	82	1270503427818	0	0	fe146be126257961188f24c05571
user21	539	75	1270503427829	0	0	fe146be126257961188f24c05571
user21	531	67	1270503427851	0	0	fe146be126257961188f24c05571
user21	523	61	1270503427867	0	0	fe146be126257961188f24c05571
user21	520	58	1270503427880	0	0	fe146be126257961188f24c05571
user21	516	56	1270503427898	0	0	fe146be126257961188f24c05571
user21	515	56	1270503427949	0	0	fe146be126257961188f24c05571
user21	514	55	1270503428067	0	0	fe146be126257961188f24c05571
user21	513	54	1270503428081	0	0	fe146be126257961188f24c05571
user21	513	54	1270503428449	1270503428401	1270503428449	fe146be126257961188f24c05571
user21	513	55	1270503431992	0	0	fe146be126257961188f24c05571
user21	513	56	1270503432041	0	0	fe146be126257961188f24c05571
user21	513	57	1270503432073	0	0	fe146be126257961188f24c05571
user21	513	59	1270503432091	0	0	fe146be126257961188f24c05571
user21	513	62	1270503432106	0	0	fe146be126257961188f24c05571
user21	513	70	1270503432126	0	0	fe146be126257961188f24c05571
user21	514	81	1270503432141	0	0	fe146be126257961188f24c05571
user21	520	100	1270503432156	0	0	fe146be126257961188f24c05571
user21	535	132	1270503432174	0	0	fe146be126257961188f24c05571
user21	549	166	1270503432193	0	0	fe146be126257961188f24c05571
user21	558	188	1270503432208	0	0	fe146be126257961188f24c05571
user21	563	196	1270503432713	0	0	fe146be126257961188f24c05571
user21	563	228	1270503433631	0	0	fe146be126257961188f24c05571
user21	563	232	1270503433650	0	0	fe146be126257961188f24c05571
user21	563	238	1270503433667	0	0	fe146be126257961188f24c05571
user21	565	247	1270503433682	0	0	fe146be126257961188f24c05571
user21	567	258	1270503433701	0	0	fe146be126257961188f24c05571
user21	570	282	1270503433722	0	0	fe146be126257961188f24c05571
user21	573	304	1270503433732	0	0	fe146be126257961188f24c05571
user21	578	327	1270503433753	0	0	fe146be126257961188f24c05571
user21	582	353	1270503433772	0	0	fe146be126257961188f24c05571
user21	585	370	1270503433783	0	0	fe146be126257961188f24c05571
user21	587	388	1270503433801	0	0	fe146be126257961188f24c05571
user21	588	393	1270503433820	0	0	fe146be126257961188f24c05571
user21	589	396	1270503433834	0	0	fe146be126257961188f24c05571
user21	587	396	1270503433867	0	0	fe146be126257961188f24c05571
user21	582	396	1270503433885	0	0	fe146be126257961188f24c05571
user21	576	396	1270503433904	0	0	fe146be126257961188f24c05571
user21	573	396	1270503433917	0	0	fe146be126257961188f24c05571
user21	571	396	1270503433934	0	0	fe146be126257961188f24c05571
user21	570	395	1270503433953	0	0	fe146be126257961188f24c05571
user21	568	394	1270503433968	0	0	fe146be126257961188f24c05571
user21	566	393	1270503433985	0	0	fe146be126257961188f24c05571
user21	565	392	1270503434003	0	0	fe146be126257961188f24c05571
user21	564	390	1270503434018	0	0	fe146be126257961188f24c05571
user21	563	387	1270503434035	0	0	fe146be126257961188f24c05571
user21	562	384	1270503434053	0	0	fe146be126257961188f24c05571
user21	561	380	1270503434072	0	0	fe146be126257961188f24c05571
user21	561	376	1270503434084	0	0	fe146be126257961188f24c05571
user21	561	372	1270503434102	0	0	fe146be126257961188f24c05571
user21	563	365	1270503434120	0	0	fe146be126257961188f24c05571
user21	566	361	1270503434135	0	0	fe146be126257961188f24c05571
user21	568	358	1270503434152	0	0	fe146be126257961188f24c05571
user21	571	356	1270503434169	0	0	fe146be126257961188f24c05571
user21	573	356	1270503434187	0	0	fe146be126257961188f24c05571
user21	576	358	1270503434202	0	0	fe146be126257961188f24c05571
user21	580	364	1270503434221	0	0	fe146be126257961188f24c05571
user21	582	373	1270503434238	0	0	fe146be126257961188f24c05571
user21	583	381	1270503434253	0	0	fe146be126257961188f24c05571
user21	583	388	1270503434271	0	0	fe146be126257961188f24c05571
user21	583	394	1270503434288	0	0	fe146be126257961188f24c05571
user21	583	399	1270503434303	0	0	fe146be126257961188f24c05571
user21	583	401	1270503434321	0	0	fe146be126257961188f24c05571
user21	583	403	1270503434338	0	0	fe146be126257961188f24c05571
user21	583	402	1270503434874	0	0	fe146be126257961188f24c05571
user21	583	401	1270503434892	0	0	fe146be126257961188f24c05571
user21	583	402	1270503435224	0	0	fe146be126257961188f24c05571
user21	583	404	1270503435243	0	0	fe146be126257961188f24c05571
user21	583	408	1270503435259	0	0	fe146be126257961188f24c05571
user21	583	413	1270503435278	0	0	fe146be126257961188f24c05571
user21	583	418	1270503435296	0	0	fe146be126257961188f24c05571
user21	583	425	1270503435313	0	0	fe146be126257961188f24c05571
user21	585	437	1270503435328	0	0	fe146be126257961188f24c05571
user21	588	452	1270503435344	0	0	fe146be126257961188f24c05571
user21	593	471	1270503435362	0	0	fe146be126257961188f24c05571
user21	597	483	1270503435379	0	0	fe146be126257961188f24c05571
user21	603	497	1270503435394	0	0	fe146be126257961188f24c05571
user21	608	509	1270503435411	0	0	fe146be126257961188f24c05571
user21	612	514	1270503435426	0	0	fe146be126257961188f24c05571
user21	612	516	1270503435444	0	0	fe146be126257961188f24c05571
user21	612	518	1270503435663	0	0	fe146be126257961188f24c05571
user21	612	520	1270503435682	0	0	fe146be126257961188f24c05571
user21	611	524	1270503435697	0	0	fe146be126257961188f24c05571
user21	611	525	1270503435711	0	0	fe146be126257961188f24c05571
user21	611	528	1270503435729	0	0	fe146be126257961188f24c05571
user21	611	531	1270503435749	0	0	fe146be126257961188f24c05571
user21	611	532	1270503435762	0	0	fe146be126257961188f24c05571
user21	611	534	1270503435799	0	0	fe146be126257961188f24c05571
user21	611	535	1270503435811	0	0	fe146be126257961188f24c05571
user21	611	536	1270503435829	0	0	fe146be126257961188f24c05571
user21	610	537	1270503435849	0	0	fe146be126257961188f24c05571
user21	610	538	1270503435862	0	0	fe146be126257961188f24c05571
user21	610	539	1270503435880	0	0	fe146be126257961188f24c05571
user21	610	540	1270503435915	0	0	fe146be126257961188f24c05571
user21	610	541	1270503435980	0	0	fe146be126257961188f24c05571
user21	610	540	1270503439388	0	0	fe146be126257961188f24c05571
user21	610	539	1270503439402	0	0	fe146be126257961188f24c05571
user21	611	539	1270503439469	0	0	fe146be126257961188f24c05571
user21	611	538	1270503439541	0	0	fe146be126257961188f24c05571
user21	612	538	1270503439691	0	0	fe146be126257961188f24c05571
user21	612	537	1270503439709	0	0	fe146be126257961188f24c05571
user21	612	536	1270503439737	0	0	fe146be126257961188f24c05571
user21	612	535	1270503439755	0	0	fe146be126257961188f24c05571
user21	613	535	1270503439768	0	0	fe146be126257961188f24c05571
user21	613	533	1270503439787	0	0	fe146be126257961188f24c05571
user21	613	532	1270503439804	0	0	fe146be126257961188f24c05571
user21	614	531	1270503439820	0	0	fe146be126257961188f24c05571
user21	614	529	1270503439842	0	0	fe146be126257961188f24c05571
user21	614	528	1270503439853	0	0	fe146be126257961188f24c05571
user21	614	527	1270503439870	0	0	fe146be126257961188f24c05571
user21	614	525	1270503439890	0	0	fe146be126257961188f24c05571
user21	614	524	1270503439903	0	0	fe146be126257961188f24c05571
user21	614	522	1270503439921	0	0	fe146be126257961188f24c05571
user21	615	520	1270503439939	0	0	fe146be126257961188f24c05571
user21	615	518	1270503439955	0	0	fe146be126257961188f24c05571
user21	616	516	1270503439970	0	0	fe146be126257961188f24c05571
user21	617	515	1270503439989	0	0	fe146be126257961188f24c05571
user21	617	513	1270503440021	0	0	fe146be126257961188f24c05571
user21	617	512	1270503440038	0	0	fe146be126257961188f24c05571
user21	618	512	1270503440071	0	0	fe146be126257961188f24c05571
user21	618	511	1270503440107	0	0	fe146be126257961188f24c05571
user21	618	511	1270503440577	1270503440465	1270503440577	fe146be126257961188f24c05571
user21	834	299	1270503451594	0	0	fe146be126257961188f24c05571
user21	833	300	1270503451607	0	0	fe146be126257961188f24c05571
user21	829	302	1270503451625	0	0	fe146be126257961188f24c05571
user21	825	304	1270503451643	0	0	fe146be126257961188f24c05571
user21	819	306	1270503451658	0	0	fe146be126257961188f24c05571
user21	811	309	1270503451675	0	0	fe146be126257961188f24c05571
user21	802	313	1270503451692	0	0	fe146be126257961188f24c05571
user21	781	320	1270503451709	0	0	fe146be126257961188f24c05571
user21	756	328	1270503451725	0	0	fe146be126257961188f24c05571
user21	714	338	1270503451743	0	0	fe146be126257961188f24c05571
user21	690	341	1270503451760	0	0	fe146be126257961188f24c05571
user21	666	344	1270503451780	0	0	fe146be126257961188f24c05571
user21	649	344	1270503451790	0	0	fe146be126257961188f24c05571
user21	631	344	1270503451809	0	0	fe146be126257961188f24c05571
user21	615	342	1270503451828	0	0	fe146be126257961188f24c05571
user21	605	340	1270503451845	0	0	fe146be126257961188f24c05571
user21	598	337	1270503451860	0	0	fe146be126257961188f24c05571
user21	593	338	1270503452364	0	0	fe146be126257961188f24c05571
user21	592	340	1270503452379	0	0	fe146be126257961188f24c05571
user21	589	342	1270503452400	0	0	fe146be126257961188f24c05571
user21	586	346	1270503452412	0	0	fe146be126257961188f24c05571
user21	580	351	1270503452430	0	0	fe146be126257961188f24c05571
user21	565	365	1270503452449	0	0	fe146be126257961188f24c05571
user21	548	379	1270503452462	0	0	fe146be126257961188f24c05571
user21	527	397	1270503452480	0	0	fe146be126257961188f24c05571
user21	505	417	1270503452499	0	0	fe146be126257961188f24c05571
user21	492	426	1270503452513	0	0	fe146be126257961188f24c05571
user21	484	436	1270503452530	0	0	fe146be126257961188f24c05571
user21	478	440	1270503452547	0	0	fe146be126257961188f24c05571
user21	479	443	1270503452812	0	0	fe146be126257961188f24c05571
user21	483	445	1270503452832	0	0	fe146be126257961188f24c05571
user21	487	447	1270503452850	0	0	fe146be126257961188f24c05571
user21	493	451	1270503452866	0	0	fe146be126257961188f24c05571
user21	502	456	1270503452882	0	0	fe146be126257961188f24c05571
user21	511	461	1270503452899	0	0	fe146be126257961188f24c05571
user21	520	467	1270503452917	0	0	fe146be126257961188f24c05571
user21	537	476	1270503452937	0	0	fe146be126257961188f24c05571
user21	545	481	1270503452947	0	0	fe146be126257961188f24c05571
user21	552	485	1270503452966	0	0	fe146be126257961188f24c05571
user21	555	487	1270503452986	0	0	fe146be126257961188f24c05571
user21	557	488	1270503453202	0	0	fe146be126257961188f24c05571
user21	559	489	1270503453217	0	0	fe146be126257961188f24c05571
user21	564	491	1270503453235	0	0	fe146be126257961188f24c05571
user21	568	492	1270503453251	0	0	fe146be126257961188f24c05571
user21	571	494	1270503453268	0	0	fe146be126257961188f24c05571
user21	574	495	1270503453284	0	0	fe146be126257961188f24c05571
user21	577	496	1270503453303	0	0	fe146be126257961188f24c05571
user21	579	497	1270503453320	0	0	fe146be126257961188f24c05571
user21	580	498	1270503453339	0	0	fe146be126257961188f24c05571
user21	582	499	1270503453351	0	0	fe146be126257961188f24c05571
user21	586	501	1270503453368	0	0	fe146be126257961188f24c05571
user21	590	503	1270503453386	0	0	fe146be126257961188f24c05571
user21	592	503	1270503453403	0	0	fe146be126257961188f24c05571
user21	595	505	1270503453419	0	0	fe146be126257961188f24c05571
user21	597	505	1270503453438	0	0	fe146be126257961188f24c05571
user21	599	506	1270503453472	0	0	fe146be126257961188f24c05571
user21	599	508	1270503453722	0	0	fe146be126257961188f24c05571
user21	599	511	1270503453737	0	0	fe146be126257961188f24c05571
user21	599	513	1270503453755	0	0	fe146be126257961188f24c05571
user21	597	517	1270503453771	0	0	fe146be126257961188f24c05571
user21	597	521	1270503453788	0	0	fe146be126257961188f24c05571
user21	596	524	1270503453805	0	0	fe146be126257961188f24c05571
user21	596	528	1270503453824	0	0	fe146be126257961188f24c05571
user21	596	534	1270503453840	0	0	fe146be126257961188f24c05571
user21	596	542	1270503453855	0	0	fe146be126257961188f24c05571
user21	595	548	1270503453875	0	0	fe146be126257961188f24c05571
user21	595	551	1270503453891	0	0	fe146be126257961188f24c05571
user21	595	553	1270503453923	0	0	fe146be126257961188f24c05571
user21	595	554	1270503453961	0	0	fe146be126257961188f24c05571
user21	595	553	1270503454140	0	0	fe146be126257961188f24c05571
user21	595	552	1270503454159	0	0	fe146be126257961188f24c05571
user21	596	551	1270503454190	0	0	fe146be126257961188f24c05571
user21	596	550	1270503454208	0	0	fe146be126257961188f24c05571
user21	596	549	1270503454223	0	0	fe146be126257961188f24c05571
user21	597	549	1270503454241	0	0	fe146be126257961188f24c05571
user21	597	548	1270503454258	0	0	fe146be126257961188f24c05571
user21	597	547	1270503454293	0	0	fe146be126257961188f24c05571
user21	598	547	1270503454309	0	0	fe146be126257961188f24c05571
user21	598	545	1270503454344	0	0	fe146be126257961188f24c05571
user21	598	544	1270503454379	0	0	fe146be126257961188f24c05571
user21	598	543	1270503454425	0	0	fe146be126257961188f24c05571
user21	599	542	1270503454626	0	0	fe146be126257961188f24c05571
user21	600	542	1270503454715	0	0	fe146be126257961188f24c05571
user21	600	541	1270503454764	0	0	fe146be126257961188f24c05571
user21	600	541	1270503455369	1270503455289	1270503455369	fe146be126257961188f24c05571
user21	218	30	1270503480920	0	0	fe146be126257961188f24c05571
user21	283	63	1270503480935	0	0	fe146be126257961188f24c05571
user21	323	83	1270503480953	0	0	fe146be126257961188f24c05571
user21	347	100	1270503480972	0	0	fe146be126257961188f24c05571
user21	362	113	1270503480985	0	0	fe146be126257961188f24c05571
user21	370	113	1270503481002	0	0	fe146be126257961188f24c05571
user21	374	116	1270503481270	0	0	fe146be126257961188f24c05571
user21	378	117	1270503481287	0	0	fe146be126257961188f24c05571
user21	384	118	1270503481305	0	0	fe146be126257961188f24c05571
user21	394	120	1270503481321	0	0	fe146be126257961188f24c05571
user21	405	124	1270503481337	0	0	fe146be126257961188f24c05571
user21	423	132	1270503481356	0	0	fe146be126257961188f24c05571
user21	459	151	1270503481373	0	0	fe146be126257961188f24c05571
user21	478	167	1270503481387	0	0	fe146be126257961188f24c05571
user21	497	190	1270503481405	0	0	fe146be126257961188f24c05571
user21	513	216	1270503481423	0	0	fe146be126257961188f24c05571
user21	515	226	1270503481438	0	0	fe146be126257961188f24c05571
user21	519	238	1270503481455	0	0	fe146be126257961188f24c05571
user21	519	244	1270503481473	0	0	fe146be126257961188f24c05571
user21	506	244	1270503481491	0	0	fe146be126257961188f24c05571
user21	505	245	1270503481775	0	0	fe146be126257961188f24c05571
user21	504	252	1270503481791	0	0	fe146be126257961188f24c05571
user21	502	258	1270503481807	0	0	fe146be126257961188f24c05571
user21	500	266	1270503481824	0	0	fe146be126257961188f24c05571
user21	498	277	1270503481846	0	0	fe146be126257961188f24c05571
user21	495	289	1270503481857	0	0	fe146be126257961188f24c05571
user21	492	302	1270503481876	0	0	fe146be126257961188f24c05571
user21	487	323	1270503481890	0	0	fe146be126257961188f24c05571
user21	484	335	1270503481911	0	0	fe146be126257961188f24c05571
user21	482	342	1270503481925	0	0	fe146be126257961188f24c05571
user21	480	346	1270503481943	0	0	fe146be126257961188f24c05571
user21	479	347	1270503481957	0	0	fe146be126257961188f24c05571
user21	478	347	1270503482216	0	0	fe146be126257961188f24c05571
user21	476	349	1270503482227	0	0	fe146be126257961188f24c05571
user21	472	355	1270503482244	0	0	fe146be126257961188f24c05571
user21	468	359	1270503482259	0	0	fe146be126257961188f24c05571
user21	463	365	1270503482277	0	0	fe146be126257961188f24c05571
user21	459	371	1270503482296	0	0	fe146be126257961188f24c05571
user21	451	386	1270503482309	0	0	fe146be126257961188f24c05571
user21	443	396	1270503482327	0	0	fe146be126257961188f24c05571
user21	434	413	1270503482345	0	0	fe146be126257961188f24c05571
user21	428	426	1270503482364	0	0	fe146be126257961188f24c05571
user21	426	434	1270503482377	0	0	fe146be126257961188f24c05571
user21	423	442	1270503482395	0	0	fe146be126257961188f24c05571
user21	421	449	1270503482413	0	0	fe146be126257961188f24c05571
user21	420	454	1270503482430	0	0	fe146be126257961188f24c05571
user21	419	459	1270503482444	0	0	fe146be126257961188f24c05571
user21	419	461	1270503482461	0	0	fe146be126257961188f24c05571
user21	420	462	1270503482730	0	0	fe146be126257961188f24c05571
user21	424	462	1270503482746	0	0	fe146be126257961188f24c05571
user21	431	464	1270503482763	0	0	fe146be126257961188f24c05571
user21	442	465	1270503482781	0	0	fe146be126257961188f24c05571
user21	456	468	1270503482802	0	0	fe146be126257961188f24c05571
user21	483	476	1270503482812	0	0	fe146be126257961188f24c05571
user21	518	490	1270503482830	0	0	fe146be126257961188f24c05571
user21	570	515	1270503482850	0	0	fe146be126257961188f24c05571
user21	607	535	1270503482869	0	0	fe146be126257961188f24c05571
user21	626	547	1270503482883	0	0	fe146be126257961188f24c05571
user21	638	555	1270503482899	0	0	fe146be126257961188f24c05571
user21	645	559	1270503482915	0	0	fe146be126257961188f24c05571
user21	645	560	1270503482930	0	0	fe146be126257961188f24c05571
user21	645	559	1270503483129	0	0	fe146be126257961188f24c05571
user21	645	557	1270503483149	0	0	fe146be126257961188f24c05571
user21	643	554	1270503483167	0	0	fe146be126257961188f24c05571
user21	643	552	1270503483182	0	0	fe146be126257961188f24c05571
user21	643	551	1270503483199	0	0	fe146be126257961188f24c05571
user21	641	549	1270503483218	0	0	fe146be126257961188f24c05571
user21	641	548	1270503483231	0	0	fe146be126257961188f24c05571
user21	640	545	1270503483252	0	0	fe146be126257961188f24c05571
user21	639	542	1270503483269	0	0	fe146be126257961188f24c05571
user21	639	539	1270503483282	0	0	fe146be126257961188f24c05571
user21	639	536	1270503483300	0	0	fe146be126257961188f24c05571
user21	638	534	1270503483319	0	0	fe146be126257961188f24c05571
user21	638	532	1270503483332	0	0	fe146be126257961188f24c05571
user21	638	531	1270503483350	0	0	fe146be126257961188f24c05571
user21	638	530	1270503483538	0	0	fe146be126257961188f24c05571
user21	638	529	1270503484405	0	0	fe146be126257961188f24c05571
user21	639	529	1270503484557	0	0	fe146be126257961188f24c05571
user21	639	530	1270503485262	0	0	fe146be126257961188f24c05571
user21	638	531	1270503485332	0	0	fe146be126257961188f24c05571
user21	638	530	1270503485903	0	0	fe146be126257961188f24c05571
user21	638	529	1270503485981	0	0	fe146be126257961188f24c05571
user21	638	528	1270503486031	0	0	fe146be126257961188f24c05571
user21	637	528	1270503486070	0	0	fe146be126257961188f24c05571
user21	637	526	1270503486104	0	0	fe146be126257961188f24c05571
user21	637	525	1270503486117	0	0	fe146be126257961188f24c05571
user21	636	524	1270503486150	0	0	fe146be126257961188f24c05571
user21	636	523	1270503486167	0	0	fe146be126257961188f24c05571
user21	636	522	1270503486204	0	0	fe146be126257961188f24c05571
user21	636	521	1270503486237	0	0	fe146be126257961188f24c05571
user21	635	520	1270503486268	0	0	fe146be126257961188f24c05571
user21	635	519	1270503486335	0	0	fe146be126257961188f24c05571
user21	634	519	1270503486501	0	0	fe146be126257961188f24c05571
user21	634	519	1270503488710	1270503488606	1270503488710	fe146be126257961188f24c05571
user21	826	299	1270503497235	0	0	fe146be126257961188f24c05571
user21	812	300	1270503497251	0	0	fe146be126257961188f24c05571
user21	786	307	1270503497269	0	0	fe146be126257961188f24c05571
user21	698	344	1270503497285	0	0	fe146be126257961188f24c05571
user21	620	389	1270503497303	0	0	fe146be126257961188f24c05571
user21	559	435	1270503497317	0	0	fe146be126257961188f24c05571
user21	518	469	1270503497334	0	0	fe146be126257961188f24c05571
user21	495	491	1270503497351	0	0	fe146be126257961188f24c05571
user21	484	502	1270503497369	0	0	fe146be126257961188f24c05571
user21	483	506	1270503497590	0	0	fe146be126257961188f24c05571
user21	483	507	1270503497623	0	0	fe146be126257961188f24c05571
user21	484	508	1270503497637	0	0	fe146be126257961188f24c05571
user21	488	510	1270503497655	0	0	fe146be126257961188f24c05571
user21	492	511	1270503497670	0	0	fe146be126257961188f24c05571
user21	498	513	1270503497686	0	0	fe146be126257961188f24c05571
user21	505	515	1270503497703	0	0	fe146be126257961188f24c05571
user21	512	518	1270503497722	0	0	fe146be126257961188f24c05571
user21	522	522	1270503497739	0	0	fe146be126257961188f24c05571
user21	531	525	1270503497758	0	0	fe146be126257961188f24c05571
user21	536	526	1270503497768	0	0	fe146be126257961188f24c05571
user21	540	526	1270503497787	0	0	fe146be126257961188f24c05571
user21	545	527	1270503497808	0	0	fe146be126257961188f24c05571
user21	549	527	1270503497824	0	0	fe146be126257961188f24c05571
user21	551	527	1270503497836	0	0	fe146be126257961188f24c05571
user21	553	529	1270503497854	0	0	fe146be126257961188f24c05571
user21	557	529	1270503497871	0	0	fe146be126257961188f24c05571
user21	561	530	1270503497889	0	0	fe146be126257961188f24c05571
user21	564	530	1270503497908	0	0	fe146be126257961188f24c05571
user21	567	530	1270503497919	0	0	fe146be126257961188f24c05571
user21	570	531	1270503497941	0	0	fe146be126257961188f24c05571
user21	572	532	1270503497957	0	0	fe146be126257961188f24c05571
user21	573	532	1270503497970	0	0	fe146be126257961188f24c05571
user21	574	532	1270503497988	0	0	fe146be126257961188f24c05571
user21	575	532	1270503498007	0	0	fe146be126257961188f24c05571
user21	576	533	1270503498039	0	0	fe146be126257961188f24c05571
user21	576	534	1270503498206	0	0	fe146be126257961188f24c05571
user21	576	535	1270503498240	0	0	fe146be126257961188f24c05571
user21	576	536	1270503498259	0	0	fe146be126257961188f24c05571
user21	576	537	1270503498273	0	0	fe146be126257961188f24c05571
user21	576	538	1270503498310	0	0	fe146be126257961188f24c05571
user21	576	539	1270503498345	0	0	fe146be126257961188f24c05571
user21	577	540	1270503498409	0	0	fe146be126257961188f24c05571
user21	577	540	1270503499533	1270503499430	1270503499533	fe146be126257961188f24c05571
user21	576	511	1270503510951	0	0	fe146be126257961188f24c05571
user21	226	15	1270503521685	0	0	fe146be126257961188f24c05571
user21	256	36	1270503521704	0	0	fe146be126257961188f24c05571
user21	271	45	1270503521718	0	0	fe146be126257961188f24c05571
user21	277	50	1270503521730	0	0	fe146be126257961188f24c05571
user21	281	52	1270503521748	0	0	fe146be126257961188f24c05571
user21	283	52	1270503521950	0	0	fe146be126257961188f24c05571
user21	289	52	1270503521966	0	0	fe146be126257961188f24c05571
user21	300	51	1270503521983	0	0	fe146be126257961188f24c05571
user21	313	51	1270503522000	0	0	fe146be126257961188f24c05571
user21	331	52	1270503522017	0	0	fe146be126257961188f24c05571
user21	367	59	1270503522034	0	0	fe146be126257961188f24c05571
user21	393	69	1270503522053	0	0	fe146be126257961188f24c05571
user21	413	79	1270503522066	0	0	fe146be126257961188f24c05571
user21	429	89	1270503522084	0	0	fe146be126257961188f24c05571
user21	442	100	1270503522103	0	0	fe146be126257961188f24c05571
user21	446	106	1270503522118	0	0	fe146be126257961188f24c05571
user21	447	108	1270503522319	0	0	fe146be126257961188f24c05571
user21	448	108	1270503522370	0	0	fe146be126257961188f24c05571
user21	449	108	1270503522390	0	0	fe146be126257961188f24c05571
user21	450	107	1270503522400	0	0	fe146be126257961188f24c05571
user21	454	107	1270503522419	0	0	fe146be126257961188f24c05571
user21	458	105	1270503522438	0	0	fe146be126257961188f24c05571
user21	466	103	1270503522456	0	0	fe146be126257961188f24c05571
user21	476	100	1270503522470	0	0	fe146be126257961188f24c05571
user21	487	97	1270503522486	0	0	fe146be126257961188f24c05571
user21	495	96	1270503522503	0	0	fe146be126257961188f24c05571
user21	504	94	1270503522522	0	0	fe146be126257961188f24c05571
user21	505	94	1270503522719	0	0	fe146be126257961188f24c05571
user21	507	92	1270503522738	0	0	fe146be126257961188f24c05571
user21	510	89	1270503522757	0	0	fe146be126257961188f24c05571
user21	514	86	1270503522771	0	0	fe146be126257961188f24c05571
user21	518	82	1270503522788	0	0	fe146be126257961188f24c05571
user21	522	79	1270503522807	0	0	fe146be126257961188f24c05571
user21	525	77	1270503522821	0	0	fe146be126257961188f24c05571
user21	528	75	1270503522839	0	0	fe146be126257961188f24c05571
user21	531	72	1270503522855	0	0	fe146be126257961188f24c05571
user21	536	69	1270503522873	0	0	fe146be126257961188f24c05571
user21	540	67	1270503522895	0	0	fe146be126257961188f24c05571
user21	542	66	1270503522905	0	0	fe146be126257961188f24c05571
user21	544	66	1270503522922	0	0	fe146be126257961188f24c05571
user21	547	65	1270503522940	0	0	fe146be126257961188f24c05571
user21	550	64	1270503522960	0	0	fe146be126257961188f24c05571
user21	551	64	1270503522992	0	0	fe146be126257961188f24c05571
user21	553	63	1270503523006	0	0	fe146be126257961188f24c05571
user21	554	63	1270503523022	0	0	fe146be126257961188f24c05571
user21	556	63	1270503523041	0	0	fe146be126257961188f24c05571
user21	558	61	1270503523073	0	0	fe146be126257961188f24c05571
user21	559	61	1270503523092	0	0	fe146be126257961188f24c05571
user21	559	60	1270503523123	0	0	fe146be126257961188f24c05571
user21	560	60	1270503523142	0	0	fe146be126257961188f24c05571
user21	561	59	1270503523175	0	0	fe146be126257961188f24c05571
user21	562	59	1270503523207	0	0	fe146be126257961188f24c05571
user21	562	59	1270503523717	1270503523678	1270503523717	fe146be126257961188f24c05571
user21	518	46	1270503590114	0	0	fe146be126257961188f24c05571
user21	527	50	1270503590133	0	0	fe146be126257961188f24c05571
user21	534	53	1270503590143	0	0	fe146be126257961188f24c05571
user21	546	59	1270503590163	0	0	fe146be126257961188f24c05571
user21	559	65	1270503590181	0	0	fe146be126257961188f24c05571
user21	575	73	1270503590198	0	0	fe146be126257961188f24c05571
user21	597	83	1270503590213	0	0	fe146be126257961188f24c05571
user21	616	90	1270503590229	0	0	fe146be126257961188f24c05571
user21	631	100	1270503590248	0	0	fe146be126257961188f24c05571
user21	638	106	1270503590262	0	0	fe146be126257961188f24c05571
user21	642	110	1270503590280	0	0	fe146be126257961188f24c05571
user21	644	111	1270503590296	0	0	fe146be126257961188f24c05571
user21	645	111	1270503590582	0	0	fe146be126257961188f24c05571
user21	646	111	1270503590597	0	0	fe146be126257961188f24c05571
user21	649	113	1270503590615	0	0	fe146be126257961188f24c05571
user21	654	117	1270503590632	0	0	fe146be126257961188f24c05571
user21	658	121	1270503590649	0	0	fe146be126257961188f24c05571
user21	663	126	1270503590665	0	0	fe146be126257961188f24c05571
user21	667	129	1270503590683	0	0	fe146be126257961188f24c05571
user21	672	134	1270503590700	0	0	fe146be126257961188f24c05571
user21	678	140	1270503590720	0	0	fe146be126257961188f24c05571
user21	682	144	1270503590730	0	0	fe146be126257961188f24c05571
user21	686	146	1270503590749	0	0	fe146be126257961188f24c05571
user21	689	150	1270503590768	0	0	fe146be126257961188f24c05571
user21	690	152	1270503590782	0	0	fe146be126257961188f24c05571
user21	691	154	1270503590799	0	0	fe146be126257961188f24c05571
user21	692	156	1270503590818	0	0	fe146be126257961188f24c05571
user21	693	157	1270503590833	0	0	fe146be126257961188f24c05571
user21	694	159	1270503590851	0	0	fe146be126257961188f24c05571
user21	694	160	1270503590869	0	0	fe146be126257961188f24c05571
user21	696	160	1270503590885	0	0	fe146be126257961188f24c05571
user21	697	161	1270503590898	0	0	fe146be126257961188f24c05571
user21	698	162	1270503590936	0	0	fe146be126257961188f24c05571
user21	698	162	1270503591541	1270503591478	1270503591541	fe146be126257961188f24c05571
user21	697	162	1270503594942	0	0	fe146be126257961188f24c05571
user21	696	162	1270503594975	0	0	fe146be126257961188f24c05571
user21	696	164	1270503595009	0	0	fe146be126257961188f24c05571
user21	695	165	1270503595025	0	0	fe146be126257961188f24c05571
user21	694	167	1270503595059	0	0	fe146be126257961188f24c05571
user21	694	168	1270503595112	0	0	fe146be126257961188f24c05571
user21	693	168	1270503595181	0	0	fe146be126257961188f24c05571
user21	692	168	1270503595211	0	0	fe146be126257961188f24c05571
user21	691	168	1270503595242	0	0	fe146be126257961188f24c05571
user21	690	169	1270503595291	0	0	fe146be126257961188f24c05571
user21	690	169	1270503596373	1270503596286	1270503596373	fe146be126257961188f24c05571
user21	690	169	1270503599773	1270503599678	1270503599773	fe146be126257961188f24c05571
user21	690	169	1270503601373	1270503601262	1270503601373	fe146be126257961188f24c05571
user21	689	169	1270503602588	0	0	fe146be126257961188f24c05571
user21	686	169	1270503602605	0	0	fe146be126257961188f24c05571
user21	683	167	1270503602623	0	0	fe146be126257961188f24c05571
user21	682	167	1270503602637	0	0	fe146be126257961188f24c05571
user21	676	165	1270503602655	0	0	fe146be126257961188f24c05571
user21	670	161	1270503602671	0	0	fe146be126257961188f24c05571
user21	664	156	1270503602688	0	0	fe146be126257961188f24c05571
user21	648	140	1270503602705	0	0	fe146be126257961188f24c05571
user21	635	125	1270503602723	0	0	fe146be126257961188f24c05571
user21	626	113	1270503602737	0	0	fe146be126257961188f24c05571
user21	619	102	1270503602755	0	0	fe146be126257961188f24c05571
user21	611	87	1270503602773	0	0	fe146be126257961188f24c05571
user21	607	75	1270503602792	0	0	fe146be126257961188f24c05571
user21	604	67	1270503602809	0	0	fe146be126257961188f24c05571
user21	604	64	1270503602821	0	0	fe146be126257961188f24c05571
user21	604	58	1270503602839	0	0	fe146be126257961188f24c05571
user21	602	52	1270503602857	0	0	fe146be126257961188f24c05571
user21	600	43	1270503602872	0	0	fe146be126257961188f24c05571
user21	598	38	1270503602890	0	0	fe146be126257961188f24c05571
user21	597	35	1270503602909	0	0	fe146be126257961188f24c05571
user21	595	31	1270503602922	0	0	fe146be126257961188f24c05571
user21	594	30	1270503602940	0	0	fe146be126257961188f24c05571
user21	592	28	1270503602959	0	0	fe146be126257961188f24c05571
user21	592	27	1270503602972	0	0	fe146be126257961188f24c05571
user21	591	26	1270503603007	0	0	fe146be126257961188f24c05571
user21	590	26	1270503603095	0	0	fe146be126257961188f24c05571
user21	590	27	1270503603107	0	0	fe146be126257961188f24c05571
user21	590	28	1270503603123	0	0	fe146be126257961188f24c05571
user21	589	31	1270503603141	0	0	fe146be126257961188f24c05571
user21	589	34	1270503603158	0	0	fe146be126257961188f24c05571
user21	589	38	1270503603178	0	0	fe146be126257961188f24c05571
user21	589	41	1270503603190	0	0	fe146be126257961188f24c05571
user21	589	45	1270503603208	0	0	fe146be126257961188f24c05571
user21	588	49	1270503603224	0	0	fe146be126257961188f24c05571
user21	588	52	1270503603243	0	0	fe146be126257961188f24c05571
user21	588	54	1270503603257	0	0	fe146be126257961188f24c05571
user21	587	56	1270503603275	0	0	fe146be126257961188f24c05571
user21	586	59	1270503603294	0	0	fe146be126257961188f24c05571
user21	585	61	1270503603308	0	0	fe146be126257961188f24c05571
user21	584	62	1270503603325	0	0	fe146be126257961188f24c05571
user21	584	64	1270503603343	0	0	fe146be126257961188f24c05571
user21	584	65	1270503603358	0	0	fe146be126257961188f24c05571
user21	583	65	1270503603627	0	0	fe146be126257961188f24c05571
user21	579	65	1270503603644	0	0	fe146be126257961188f24c05571
user21	575	66	1270503603662	0	0	fe146be126257961188f24c05571
user21	569	66	1270503603678	0	0	fe146be126257961188f24c05571
user21	561	66	1270503603695	0	0	fe146be126257961188f24c05571
user21	553	66	1270503603710	0	0	fe146be126257961188f24c05571
user21	543	64	1270503603727	0	0	fe146be126257961188f24c05571
user21	529	62	1270503603745	0	0	fe146be126257961188f24c05571
user21	516	60	1270503603761	0	0	fe146be126257961188f24c05571
user21	500	57	1270503603778	0	0	fe146be126257961188f24c05571
user21	487	55	1270503603797	0	0	fe146be126257961188f24c05571
user21	477	53	1270503603813	0	0	fe146be126257961188f24c05571
user21	469	53	1270503603827	0	0	fe146be126257961188f24c05571
user21	463	51	1270503603845	0	0	fe146be126257961188f24c05571
user21	458	50	1270503603862	0	0	fe146be126257961188f24c05571
user21	457	50	1270503603879	0	0	fe146be126257961188f24c05571
user21	457	48	1270503603895	0	0	fe146be126257961188f24c05571
user21	456	48	1270503603913	0	0	fe146be126257961188f24c05571
user21	455	48	1270503603949	0	0	fe146be126257961188f24c05571
user21	455	47	1270503604029	0	0	fe146be126257961188f24c05571
user21	456	47	1270503604048	0	0	fe146be126257961188f24c05571
user21	457	47	1270503604062	0	0	fe146be126257961188f24c05571
user21	461	47	1270503604080	0	0	fe146be126257961188f24c05571
user21	466	47	1270503604099	0	0	fe146be126257961188f24c05571
user21	474	47	1270503604113	0	0	fe146be126257961188f24c05571
user21	484	47	1270503604129	0	0	fe146be126257961188f24c05571
user21	503	47	1270503604147	0	0	fe146be126257961188f24c05571
user21	523	47	1270503604166	0	0	fe146be126257961188f24c05571
user21	550	47	1270503604180	0	0	fe146be126257961188f24c05571
user21	580	49	1270503604198	0	0	fe146be126257961188f24c05571
user21	606	50	1270503604213	0	0	fe146be126257961188f24c05571
user21	628	51	1270503604234	0	0	fe146be126257961188f24c05571
user21	646	53	1270503604247	0	0	fe146be126257961188f24c05571
user21	661	56	1270503604264	0	0	fe146be126257961188f24c05571
user21	671	57	1270503604282	0	0	fe146be126257961188f24c05571
user21	678	58	1270503604298	0	0	fe146be126257961188f24c05571
user21	681	59	1270503604317	0	0	fe146be126257961188f24c05571
user21	683	59	1270503605992	0	0	fe146be126257961188f24c05571
user21	683	60	1270503606009	0	0	fe146be126257961188f24c05571
user21	685	60	1270503606044	0	0	fe146be126257961188f24c05571
user21	686	60	1270503606058	0	0	fe146be126257961188f24c05571
user21	687	60	1270503606075	0	0	fe146be126257961188f24c05571
user21	688	60	1270503606093	0	0	fe146be126257961188f24c05571
user21	689	60	1270503606124	0	0	fe146be126257961188f24c05571
user21	690	60	1270503606142	0	0	fe146be126257961188f24c05571
user21	691	59	1270503606159	0	0	fe146be126257961188f24c05571
user21	693	58	1270503606176	0	0	fe146be126257961188f24c05571
user21	696	55	1270503606192	0	0	fe146be126257961188f24c05571
user21	700	51	1270503606209	0	0	fe146be126257961188f24c05571
user21	705	47	1270503606226	0	0	fe146be126257961188f24c05571
user21	711	43	1270503606245	0	0	fe146be126257961188f24c05571
user21	719	40	1270503606261	0	0	fe146be126257961188f24c05571
user21	729	35	1270503606276	0	0	fe146be126257961188f24c05571
user21	740	33	1270503606293	0	0	fe146be126257961188f24c05571
user21	750	31	1270503606312	0	0	fe146be126257961188f24c05571
user21	760	31	1270503606326	0	0	fe146be126257961188f24c05571
user21	768	31	1270503606343	0	0	fe146be126257961188f24c05571
user21	773	31	1270503606362	0	0	fe146be126257961188f24c05571
user21	777	31	1270503606378	0	0	fe146be126257961188f24c05571
user21	778	31	1270503606397	0	0	fe146be126257961188f24c05571
user21	779	31	1270503606413	0	0	fe146be126257961188f24c05571
user21	779	33	1270503606661	0	0	fe146be126257961188f24c05571
user21	779	38	1270503606679	0	0	fe146be126257961188f24c05571
user21	779	44	1270503606695	0	0	fe146be126257961188f24c05571
user21	780	51	1270503606712	0	0	fe146be126257961188f24c05571
user21	781	59	1270503606731	0	0	fe146be126257961188f24c05571
user21	783	70	1270503606750	0	0	fe146be126257961188f24c05571
user21	789	93	1270503606769	0	0	fe146be126257961188f24c05571
user21	795	109	1270503606778	0	0	fe146be126257961188f24c05571
user21	800	122	1270503606794	0	0	fe146be126257961188f24c05571
user21	809	136	1270503606813	0	0	fe146be126257961188f24c05571
user21	816	148	1270503606832	0	0	fe146be126257961188f24c05571
user21	824	158	1270503606846	0	0	fe146be126257961188f24c05571
user21	832	167	1270503606862	0	0	fe146be126257961188f24c05571
user21	839	173	1270503606881	0	0	fe146be126257961188f24c05571
user21	845	176	1270503606899	0	0	fe146be126257961188f24c05571
user21	847	176	1270503606918	0	0	fe146be126257961188f24c05571
user21	848	176	1270503606931	0	0	fe146be126257961188f24c05571
user21	850	176	1270503607335	0	0	fe146be126257961188f24c05571
user21	853	176	1270503607349	0	0	fe146be126257961188f24c05571
user21	859	176	1270503607366	0	0	fe146be126257961188f24c05571
user21	864	176	1270503607383	0	0	fe146be126257961188f24c05571
user21	869	176	1270503607400	0	0	fe146be126257961188f24c05571
user21	874	176	1270503607419	0	0	fe146be126257961188f24c05571
user21	878	176	1270503607438	0	0	fe146be126257961188f24c05571
user21	880	176	1270503607448	0	0	fe146be126257961188f24c05571
user21	882	176	1270503607466	0	0	fe146be126257961188f24c05571
user21	885	175	1270503607484	0	0	fe146be126257961188f24c05571
user21	889	175	1270503607503	0	0	fe146be126257961188f24c05571
user21	891	175	1270503607536	0	0	fe146be126257961188f24c05571
user21	894	175	1270503607567	0	0	fe146be126257961188f24c05571
user21	895	175	1270503607603	0	0	fe146be126257961188f24c05571
user21	895	176	1270503607651	0	0	fe146be126257961188f24c05571
user21	895	177	1270503607689	0	0	fe146be126257961188f24c05571
user21	895	178	1270503607701	0	0	fe146be126257961188f24c05571
user21	895	179	1270503607718	0	0	fe146be126257961188f24c05571
user21	895	182	1270503607735	0	0	fe146be126257961188f24c05571
user21	895	186	1270503607753	0	0	fe146be126257961188f24c05571
user21	894	190	1270503607769	0	0	fe146be126257961188f24c05571
user21	891	194	1270503607788	0	0	fe146be126257961188f24c05571
user21	891	196	1270503607801	0	0	fe146be126257961188f24c05571
user21	889	200	1270503607819	0	0	fe146be126257961188f24c05571
user21	888	202	1270503607838	0	0	fe146be126257961188f24c05571
user21	887	203	1270503607851	0	0	fe146be126257961188f24c05571
user21	885	207	1270503607872	0	0	fe146be126257961188f24c05571
user21	884	207	1270503607888	0	0	fe146be126257961188f24c05571
user21	883	208	1270503607902	0	0	fe146be126257961188f24c05571
user21	880	208	1270503607920	0	0	fe146be126257961188f24c05571
user21	874	209	1270503607938	0	0	fe146be126257961188f24c05571
user21	855	209	1270503607954	0	0	fe146be126257961188f24c05571
user21	766	191	1270503607970	0	0	fe146be126257961188f24c05571
user21	640	156	1270503607989	0	0	fe146be126257961188f24c05571
user21	516	125	1270503608007	0	0	fe146be126257961188f24c05571
user21	425	102	1270503608018	0	0	fe146be126257961188f24c05571
user21	331	82	1270503608037	0	0	fe146be126257961188f24c05571
user21	249	66	1270503608056	0	0	fe146be126257961188f24c05571
user21	205	57	1270503608070	0	0	fe146be126257961188f24c05571
user21	181	50	1270503608087	0	0	fe146be126257961188f24c05571
user21	164	44	1270503608106	0	0	fe146be126257961188f24c05571
user21	156	41	1270503608119	0	0	fe146be126257961188f24c05571
user21	153	41	1270503608138	0	0	fe146be126257961188f24c05571
user21	157	40	1270503608440	0	0	fe146be126257961188f24c05571
user21	171	38	1270503608457	0	0	fe146be126257961188f24c05571
user21	189	36	1270503608474	0	0	fe146be126257961188f24c05571
user21	209	36	1270503608491	0	0	fe146be126257961188f24c05571
user21	230	36	1270503608509	0	0	fe146be126257961188f24c05571
user21	258	37	1270503608521	0	0	fe146be126257961188f24c05571
user21	284	41	1270503608540	0	0	fe146be126257961188f24c05571
user21	306	45	1270503608559	0	0	fe146be126257961188f24c05571
user21	317	48	1270503608573	0	0	fe146be126257961188f24c05571
user21	323	50	1270503608591	0	0	fe146be126257961188f24c05571
user21	324	50	1270503608791	0	0	fe146be126257961188f24c05571
user21	326	50	1270503608808	0	0	fe146be126257961188f24c05571
user21	330	50	1270503608825	0	0	fe146be126257961188f24c05571
user21	335	49	1270503608843	0	0	fe146be126257961188f24c05571
user21	343	49	1270503608858	0	0	fe146be126257961188f24c05571
user21	350	49	1270503608876	0	0	fe146be126257961188f24c05571
user21	357	49	1270503608893	0	0	fe146be126257961188f24c05571
user21	366	50	1270503608911	0	0	fe146be126257961188f24c05571
user21	377	51	1270503608927	0	0	fe146be126257961188f24c05571
user21	385	53	1270503608942	0	0	fe146be126257961188f24c05571
user21	391	53	1270503608959	0	0	fe146be126257961188f24c05571
user21	393	54	1270503609002	0	0	fe146be126257961188f24c05571
user21	395	54	1270503609027	0	0	fe146be126257961188f24c05571
user21	396	54	1270503609479	0	0	fe146be126257961188f24c05571
user21	396	54	1270503610349	1270503610254	1270503610349	fe146be126257961188f24c05571
