User	X	Y	MouseTimeStamp	MouseDownTimeStamp	MouseUpTimeStamp	SessionID
user9	113	335	1273211939359	0	0	1582feb76065d02de82e2ea836ba
user9	113	335	1273211939375	0	0	1582feb76065d02de82e2ea836ba
user9	162	303	1273211939375	0	0	1582feb76065d02de82e2ea836ba
user9	287	254	1273211939406	0	0	1582feb76065d02de82e2ea836ba
user9	316	254	1273211939421	0	0	1582feb76065d02de82e2ea836ba
user9	338	259	1273211939437	0	0	1582feb76065d02de82e2ea836ba
user9	354	267	1273211939437	0	0	1582feb76065d02de82e2ea836ba
user9	364	276	1273211939453	0	0	1582feb76065d02de82e2ea836ba
user9	364	276	1273211939625	0	0	1582feb76065d02de82e2ea836ba
user9	364	276	1273211939625	0	0	1582feb76065d02de82e2ea836ba
user9	364	274	1273211939656	0	0	1582feb76065d02de82e2ea836ba
user9	364	270	1273211939656	0	0	1582feb76065d02de82e2ea836ba
user9	366	262	1273211939671	0	0	1582feb76065d02de82e2ea836ba
user9	377	247	1273211939687	0	0	1582feb76065d02de82e2ea836ba
user9	401	220	1273211939703	0	0	1582feb76065d02de82e2ea836ba
user9	434	192	1273211939703	0	0	1582feb76065d02de82e2ea836ba
user9	471	166	1273211939718	0	0	1582feb76065d02de82e2ea836ba
user9	508	146	1273211939734	0	0	1582feb76065d02de82e2ea836ba
user9	541	130	1273211939750	0	0	1582feb76065d02de82e2ea836ba
user9	568	121	1273211939765	0	0	1582feb76065d02de82e2ea836ba
user9	594	114	1273211939765	0	0	1582feb76065d02de82e2ea836ba
user9	612	111	1273211939781	0	0	1582feb76065d02de82e2ea836ba
user9	626	110	1273211939796	0	0	1582feb76065d02de82e2ea836ba
user9	635	110	1273211939812	0	0	1582feb76065d02de82e2ea836ba
user9	642	112	1273211939812	0	0	1582feb76065d02de82e2ea836ba
user9	645	113	1273211939828	0	0	1582feb76065d02de82e2ea836ba
user9	647	110	1273211940046	0	0	1582feb76065d02de82e2ea836ba
user9	650	106	1273211940062	0	0	1582feb76065d02de82e2ea836ba
user9	655	102	1273211940078	0	0	1582feb76065d02de82e2ea836ba
user9	663	95	1273211940093	0	0	1582feb76065d02de82e2ea836ba
user9	675	87	1273211940109	0	0	1582feb76065d02de82e2ea836ba
user9	690	79	1273211940125	0	0	1582feb76065d02de82e2ea836ba
user9	1033	119	1273211954171	0	0	1582feb76065d02de82e2ea836ba
user9	1031	120	1273211954187	0	0	1582feb76065d02de82e2ea836ba
user9	1029	122	1273211954203	0	0	1582feb76065d02de82e2ea836ba
user9	1025	126	1273211954218	0	0	1582feb76065d02de82e2ea836ba
user9	1021	129	1273211954218	0	0	1582feb76065d02de82e2ea836ba
user9	1015	132	1273211954234	0	0	1582feb76065d02de82e2ea836ba
user9	1009	135	1273211954250	0	0	1582feb76065d02de82e2ea836ba
user9	1005	138	1273211954265	0	0	1582feb76065d02de82e2ea836ba
user9	1000	139	1273211954265	0	0	1582feb76065d02de82e2ea836ba
user9	998	140	1273211954281	0	0	1582feb76065d02de82e2ea836ba
user9	996	140	1273211954296	0	0	1582feb76065d02de82e2ea836ba
user9	995	140	1273211954328	0	0	1582feb76065d02de82e2ea836ba
user9	996	140	1273211954375	0	0	1582feb76065d02de82e2ea836ba
user9	997	139	1273211954375	0	0	1582feb76065d02de82e2ea836ba
user9	998	139	1273211954390	0	0	1582feb76065d02de82e2ea836ba
user9	999	139	1273211954406	0	0	1582feb76065d02de82e2ea836ba
user9	1002	140	1273211954421	0	0	1582feb76065d02de82e2ea836ba
user9	1002	142	1273211954437	0	0	1582feb76065d02de82e2ea836ba
user9	1002	146	1273211954437	0	0	1582feb76065d02de82e2ea836ba
user9	1002	150	1273211954453	0	0	1582feb76065d02de82e2ea836ba
user9	1002	153	1273211954468	0	0	1582feb76065d02de82e2ea836ba
user9	1002	156	1273211954484	0	0	1582feb76065d02de82e2ea836ba
user9	999	160	1273211954484	0	0	1582feb76065d02de82e2ea836ba
user9	997	162	1273211954500	0	0	1582feb76065d02de82e2ea836ba
user9	994	166	1273211954515	0	0	1582feb76065d02de82e2ea836ba
user9	990	170	1273211954531	0	0	1582feb76065d02de82e2ea836ba
user9	988	172	1273211954546	0	0	1582feb76065d02de82e2ea836ba
user9	985	174	1273211954546	0	0	1582feb76065d02de82e2ea836ba
user9	982	175	1273211954562	0	0	1582feb76065d02de82e2ea836ba
user9	982	175	1273211954578	0	0	1582feb76065d02de82e2ea836ba
user9	980	175	1273211954593	0	0	1582feb76065d02de82e2ea836ba
user9	979	175	1273211954609	0	0	1582feb76065d02de82e2ea836ba
user9	978	174	1273211954609	0	0	1582feb76065d02de82e2ea836ba
user9	978	172	1273211954625	0	0	1582feb76065d02de82e2ea836ba
user9	978	171	1273211954640	0	0	1582feb76065d02de82e2ea836ba
user9	978	170	1273211954656	0	0	1582feb76065d02de82e2ea836ba
user9	978	170	1273211954687	0	0	1582feb76065d02de82e2ea836ba
user9	977	170	1273211954703	0	0	1582feb76065d02de82e2ea836ba
user9	976	170	1273211954718	0	0	1582feb76065d02de82e2ea836ba
user9	974	170	1273211954734	0	0	1582feb76065d02de82e2ea836ba
user9	970	171	1273211954750	0	0	1582feb76065d02de82e2ea836ba
user9	965	174	1273211954765	0	0	1582feb76065d02de82e2ea836ba
user9	958	175	1273211954765	0	0	1582feb76065d02de82e2ea836ba
user9	950	176	1273211954781	0	0	1582feb76065d02de82e2ea836ba
user9	944	176	1273211954796	0	0	1582feb76065d02de82e2ea836ba
user9	938	176	1273211954812	0	0	1582feb76065d02de82e2ea836ba
user9	933	176	1273211954828	0	0	1582feb76065d02de82e2ea836ba
user9	929	174	1273211954828	0	0	1582feb76065d02de82e2ea836ba
user9	926	173	1273211954843	0	0	1582feb76065d02de82e2ea836ba
user9	924	172	1273211954859	0	0	1582feb76065d02de82e2ea836ba
user9	924	172	1273211955500	1273211955359	1273211955500	1582feb76065d02de82e2ea836ba
user9	924	172	1273211956515	0	0	1582feb76065d02de82e2ea836ba
user9	924	172	1273211958906	0	0	1582feb76065d02de82e2ea836ba
user9	924	172	1273211958906	0	0	1582feb76065d02de82e2ea836ba
user9	924	172	1273211963109	0	0	1582feb76065d02de82e2ea836ba
user9	924	172	1273211966343	0	0	1582feb76065d02de82e2ea836ba
user9	924	172	1273211969703	0	0	1582feb76065d02de82e2ea836ba
user9	920	172	1273211972140	0	0	1582feb76065d02de82e2ea836ba
user9	918	172	1273211972156	0	0	1582feb76065d02de82e2ea836ba
user9	917	172	1273211972156	0	0	1582feb76065d02de82e2ea836ba
user9	915	173	1273211972171	0	0	1582feb76065d02de82e2ea836ba
user9	912	175	1273211972187	0	0	1582feb76065d02de82e2ea836ba
user9	906	186	1273211972203	0	0	1582feb76065d02de82e2ea836ba
user9	902	193	1273211972218	0	0	1582feb76065d02de82e2ea836ba
user9	897	200	1273211972234	0	0	1582feb76065d02de82e2ea836ba
user9	892	206	1273211972250	0	0	1582feb76065d02de82e2ea836ba
user9	886	214	1273211972250	0	0	1582feb76065d02de82e2ea836ba
user9	879	225	1273211972265	0	0	1582feb76065d02de82e2ea836ba
user9	871	234	1273211972281	0	0	1582feb76065d02de82e2ea836ba
user9	864	244	1273211972296	0	0	1582feb76065d02de82e2ea836ba
user9	858	252	1273211972312	0	0	1582feb76065d02de82e2ea836ba
user9	852	258	1273211972312	0	0	1582feb76065d02de82e2ea836ba
user9	846	263	1273211972328	0	0	1582feb76065d02de82e2ea836ba
user9	842	267	1273211972343	0	0	1582feb76065d02de82e2ea836ba
user9	840	270	1273211972359	0	0	1582feb76065d02de82e2ea836ba
user9	838	272	1273211972375	0	0	1582feb76065d02de82e2ea836ba
user9	837	275	1273211972375	0	0	1582feb76065d02de82e2ea836ba
user9	836	278	1273211972390	0	0	1582feb76065d02de82e2ea836ba
user9	835	280	1273211972406	0	0	1582feb76065d02de82e2ea836ba
user9	835	282	1273211972421	0	0	1582feb76065d02de82e2ea836ba
user9	835	283	1273211972421	0	0	1582feb76065d02de82e2ea836ba
user9	835	284	1273211972453	0	0	1582feb76065d02de82e2ea836ba
user9	835	286	1273211972484	0	0	1582feb76065d02de82e2ea836ba
user9	835	287	1273211972484	0	0	1582feb76065d02de82e2ea836ba
user9	835	289	1273211972515	0	0	1582feb76065d02de82e2ea836ba
user9	835	287	1273211972640	0	0	1582feb76065d02de82e2ea836ba
user9	835	286	1273211972656	0	0	1582feb76065d02de82e2ea836ba
user9	835	285	1273211972671	0	0	1582feb76065d02de82e2ea836ba
user9	835	284	1273211972687	0	0	1582feb76065d02de82e2ea836ba
user9	835	283	1273211972703	0	0	1582feb76065d02de82e2ea836ba
user9	836	282	1273211972718	0	0	1582feb76065d02de82e2ea836ba
user9	836	282	1273211972718	0	0	1582feb76065d02de82e2ea836ba
user9	837	281	1273211972734	0	0	1582feb76065d02de82e2ea836ba
user9	838	280	1273211972765	0	0	1582feb76065d02de82e2ea836ba
user9	838	279	1273211972781	0	0	1582feb76065d02de82e2ea836ba
user9	838	278	1273211972812	0	0	1582feb76065d02de82e2ea836ba
user9	838	278	1273211973093	1273211972921	1273211973093	1582feb76065d02de82e2ea836ba
user9	846	566	1273212059640	0	0	1582feb76065d02de82e2ea836ba
user9	772	527	1273212059718	0	0	1582feb76065d02de82e2ea836ba
user9	770	522	1273212059750	0	0	1582feb76065d02de82e2ea836ba
user9	769	522	1273212059906	0	0	1582feb76065d02de82e2ea836ba
user9	749	516	1273212059953	0	0	1582feb76065d02de82e2ea836ba
user9	654	493	1273212059984	0	0	1582feb76065d02de82e2ea836ba
user9	558	467	1273212060031	0	0	1582feb76065d02de82e2ea836ba
user9	514	461	1273212060062	0	0	1582feb76065d02de82e2ea836ba
user9	508	460	1273212060078	0	0	1582feb76065d02de82e2ea836ba
user9	506	460	1273212060312	0	0	1582feb76065d02de82e2ea836ba
user9	496	460	1273212060343	0	0	1582feb76065d02de82e2ea836ba
user9	437	428	1273212060375	0	0	1582feb76065d02de82e2ea836ba
user9	367	347	1273212060421	0	0	1582feb76065d02de82e2ea836ba
user9	354	320	1273212060421	0	0	1582feb76065d02de82e2ea836ba
user9	344	275	1273212060468	0	0	1582feb76065d02de82e2ea836ba
user9	346	274	1273212060500	0	0	1582feb76065d02de82e2ea836ba
user9	343	274	1273212060687	0	0	1582feb76065d02de82e2ea836ba
user9	296	229	1273212060765	0	0	1582feb76065d02de82e2ea836ba
user9	283	214	1273212060828	0	0	1582feb76065d02de82e2ea836ba
user9	282	211	1273212060859	0	0	1582feb76065d02de82e2ea836ba
user9	282	210	1273212060906	0	0	1582feb76065d02de82e2ea836ba
user9	282	207	1273212060937	0	0	1582feb76065d02de82e2ea836ba
user9	283	206	1273212060968	0	0	1582feb76065d02de82e2ea836ba
user9	284	206	1273212060968	0	0	1582feb76065d02de82e2ea836ba
user9	284	206	1273212061000	0	0	1582feb76065d02de82e2ea836ba
user9	286	205	1273212061000	0	0	1582feb76065d02de82e2ea836ba
user9	288	204	1273212061015	0	0	1582feb76065d02de82e2ea836ba
user9	291	204	1273212061046	0	0	1582feb76065d02de82e2ea836ba
user9	292	204	1273212061078	0	0	1582feb76065d02de82e2ea836ba
user9	292	204	1273212061890	1273212061765	1273212061890	1582feb76065d02de82e2ea836ba
user9	293	204	1273212100625	0	0	1582feb76065d02de82e2ea836ba
user9	294	203	1273212106453	0	0	1582feb76065d02de82e2ea836ba
user9	310	210	1273212106531	0	0	1582feb76065d02de82e2ea836ba
user9	340	235	1273212106578	0	0	1582feb76065d02de82e2ea836ba
user9	356	245	1273212106625	0	0	1582feb76065d02de82e2ea836ba
user9	364	249	1273212106656	0	0	1582feb76065d02de82e2ea836ba
user9	366	250	1273212106687	0	0	1582feb76065d02de82e2ea836ba
user9	85	213	1273212112656	0	0	1582feb76065d02de82e2ea836ba
user9	86	211	1273212113968	0	0	1582feb76065d02de82e2ea836ba
user9	194	161	1273212114046	0	0	1582feb76065d02de82e2ea836ba
user9	298	144	1273212114078	0	0	1582feb76065d02de82e2ea836ba
user9	357	144	1273212114109	0	0	1582feb76065d02de82e2ea836ba
user9	363	144	1273212114156	0	0	1582feb76065d02de82e2ea836ba
user9	363	142	1273212114656	0	0	1582feb76065d02de82e2ea836ba
user9	454	82	1273212114718	0	0	1582feb76065d02de82e2ea836ba
user9	608	27	1273212114765	0	0	1582feb76065d02de82e2ea836ba
user9	508	5	1273212159281	0	0	1582feb76065d02de82e2ea836ba
user9	450	18	1273212159359	0	0	1582feb76065d02de82e2ea836ba
user9	445	18	1273212159531	0	0	1582feb76065d02de82e2ea836ba
user9	344	159	1273212159609	0	0	1582feb76065d02de82e2ea836ba
user9	338	181	1273212159671	0	0	1582feb76065d02de82e2ea836ba
user9	338	190	1273212159718	0	0	1582feb76065d02de82e2ea836ba
user9	338	202	1273212159750	0	0	1582feb76065d02de82e2ea836ba
user9	337	209	1273212159781	0	0	1582feb76065d02de82e2ea836ba
user9	336	206	1273212159828	0	0	1582feb76065d02de82e2ea836ba
user9	335	202	1273212159859	0	0	1582feb76065d02de82e2ea836ba
user9	335	202	1273212159875	0	0	1582feb76065d02de82e2ea836ba
user9	335	201	1273212159906	0	0	1582feb76065d02de82e2ea836ba
user9	335	201	1273212159968	0	0	1582feb76065d02de82e2ea836ba
user9	335	201	1273212160109	1273212159968	1273212160109	1582feb76065d02de82e2ea836ba
user9	336	200	1273212162984	0	0	1582feb76065d02de82e2ea836ba
user9	388	186	1273212163062	0	0	1582feb76065d02de82e2ea836ba
user9	415	189	1273212163109	0	0	1582feb76065d02de82e2ea836ba
user9	434	195	1273212163140	0	0	1582feb76065d02de82e2ea836ba
user9	448	201	1273212163171	0	0	1582feb76065d02de82e2ea836ba
user9	456	202	1273212163203	0	0	1582feb76065d02de82e2ea836ba
user9	458	204	1273212163234	0	0	1582feb76065d02de82e2ea836ba
user9	458	205	1273212163250	0	0	1582feb76065d02de82e2ea836ba
user9	458	206	1273212163281	0	0	1582feb76065d02de82e2ea836ba
user9	458	209	1273212163312	0	0	1582feb76065d02de82e2ea836ba
user9	458	212	1273212163328	0	0	1582feb76065d02de82e2ea836ba
user9	458	216	1273212163359	0	0	1582feb76065d02de82e2ea836ba
user9	457	219	1273212163390	0	0	1582feb76065d02de82e2ea836ba
user9	457	220	1273212163406	0	0	1582feb76065d02de82e2ea836ba
user9	457	223	1273212163453	0	0	1582feb76065d02de82e2ea836ba
user9	457	224	1273212163453	0	0	1582feb76065d02de82e2ea836ba
user9	457	223	1273212163546	0	0	1582feb76065d02de82e2ea836ba
user9	457	222	1273212163578	0	0	1582feb76065d02de82e2ea836ba
user9	457	222	1273212163750	1273212163578	1273212163750	1582feb76065d02de82e2ea836ba
user9	457	222	1273212170703	0	0	1582feb76065d02de82e2ea836ba
user9	455	222	1273212175078	0	0	1582feb76065d02de82e2ea836ba
user9	439	210	1273212175140	0	0	1582feb76065d02de82e2ea836ba
user9	425	178	1273212175171	0	0	1582feb76065d02de82e2ea836ba
user9	402	124	1273212175218	0	0	1582feb76065d02de82e2ea836ba
user9	390	90	1273212175250	0	0	1582feb76065d02de82e2ea836ba
user9	388	85	1273212175281	0	0	1582feb76065d02de82e2ea836ba
user9	388	84	1273212175312	0	0	1582feb76065d02de82e2ea836ba
user9	389	83	1273212175359	0	0	1582feb76065d02de82e2ea836ba
user9	390	83	1273212175375	0	0	1582feb76065d02de82e2ea836ba
user9	391	82	1273212175406	0	0	1582feb76065d02de82e2ea836ba
user9	392	82	1273212175437	0	0	1582feb76065d02de82e2ea836ba
user9	392	82	1273212176453	0	0	1582feb76065d02de82e2ea836ba
user9	392	81	1273212176515	0	0	1582feb76065d02de82e2ea836ba
user9	392	79	1273212176812	0	0	1582feb76065d02de82e2ea836ba
user9	470	21	1273212176890	0	0	1582feb76065d02de82e2ea836ba
user9	230	14	1273212178640	0	0	1582feb76065d02de82e2ea836ba
user9	230	14	1273212178718	0	0	1582feb76065d02de82e2ea836ba
user9	239	11	1273212178750	0	0	1582feb76065d02de82e2ea836ba
user9	250	6	1273212178781	0	0	1582feb76065d02de82e2ea836ba
user9	168	109	1273212194234	0	0	1582feb76065d02de82e2ea836ba
user9	149	155	1273212194281	0	0	1582feb76065d02de82e2ea836ba
user9	141	182	1273212194312	0	0	1582feb76065d02de82e2ea836ba
user9	138	197	1273212194359	0	0	1582feb76065d02de82e2ea836ba
user9	137	206	1273212194390	0	0	1582feb76065d02de82e2ea836ba
user9	137	206	1273212194453	0	0	1582feb76065d02de82e2ea836ba
user9	137	206	1273212194453	0	0	1582feb76065d02de82e2ea836ba
user9	137	205	1273212194781	0	0	1582feb76065d02de82e2ea836ba
user9	141	198	1273212194859	0	0	1582feb76065d02de82e2ea836ba
user9	144	195	1273212194906	0	0	1582feb76065d02de82e2ea836ba
user9	145	195	1273212194937	0	0	1582feb76065d02de82e2ea836ba
user9	146	195	1273212194968	0	0	1582feb76065d02de82e2ea836ba
user9	146	195	1273212195218	1273212195078	1273212195218	1582feb76065d02de82e2ea836ba
user9	147	195	1273212203875	0	0	1582feb76065d02de82e2ea836ba
user9	166	196	1273212203937	0	0	1582feb76065d02de82e2ea836ba
user9	191	203	1273212203984	0	0	1582feb76065d02de82e2ea836ba
user9	219	215	1273212204015	0	0	1582feb76065d02de82e2ea836ba
user9	245	230	1273212204062	0	0	1582feb76065d02de82e2ea836ba
user9	259	236	1273212204093	0	0	1582feb76065d02de82e2ea836ba
user9	262	236	1273212204109	0	0	1582feb76065d02de82e2ea836ba
user9	262	234	1273212204312	0	0	1582feb76065d02de82e2ea836ba
user9	275	217	1273212204343	0	0	1582feb76065d02de82e2ea836ba
user9	314	198	1273212204375	0	0	1582feb76065d02de82e2ea836ba
user9	335	194	1273212204375	0	0	1582feb76065d02de82e2ea836ba
user9	366	188	1273212204421	0	0	1582feb76065d02de82e2ea836ba
user9	371	187	1273212204421	0	0	1582feb76065d02de82e2ea836ba
user9	374	187	1273212204453	0	0	1582feb76065d02de82e2ea836ba
user9	371	187	1273212204484	0	0	1582feb76065d02de82e2ea836ba
user9	330	179	1273212204515	0	0	1582feb76065d02de82e2ea836ba
user9	274	152	1273212204531	0	0	1582feb76065d02de82e2ea836ba
user9	242	122	1273212204562	0	0	1582feb76065d02de82e2ea836ba
user9	237	102	1273212204578	0	0	1582feb76065d02de82e2ea836ba
user9	242	88	1273212204609	0	0	1582feb76065d02de82e2ea836ba
user9	247	84	1273212204640	0	0	1582feb76065d02de82e2ea836ba
user9	246	83	1273212204781	0	0	1582feb76065d02de82e2ea836ba
user9	244	78	1273212204812	0	0	1582feb76065d02de82e2ea836ba
user9	243	71	1273212204812	0	0	1582feb76065d02de82e2ea836ba
user9	246	27	1273212204875	0	0	1582feb76065d02de82e2ea836ba
user9	249	6	1273212204906	0	0	1582feb76065d02de82e2ea836ba
user9	158	10	1273212208593	0	0	1582feb76065d02de82e2ea836ba
user9	256	149	1273212208671	0	0	1582feb76065d02de82e2ea836ba
user9	266	175	1273212208718	0	0	1582feb76065d02de82e2ea836ba
user9	271	176	1273212208921	0	0	1582feb76065d02de82e2ea836ba
user9	345	173	1273212209000	0	0	1582feb76065d02de82e2ea836ba
user9	437	210	1273212209046	0	0	1582feb76065d02de82e2ea836ba
user9	459	225	1273212209078	0	0	1582feb76065d02de82e2ea836ba
user9	461	225	1273212209093	0	0	1582feb76065d02de82e2ea836ba
user9	461	226	1273212209125	0	0	1582feb76065d02de82e2ea836ba
user9	461	226	1273212209156	0	0	1582feb76065d02de82e2ea836ba
user9	460	226	1273212209296	0	0	1582feb76065d02de82e2ea836ba
user9	459	225	1273212209343	0	0	1582feb76065d02de82e2ea836ba
user9	459	223	1273212209375	0	0	1582feb76065d02de82e2ea836ba
user9	459	222	1273212209421	0	0	1582feb76065d02de82e2ea836ba
user9	459	222	1273212209453	0	0	1582feb76065d02de82e2ea836ba
user9	459	222	1273212209781	1273212209609	1273212209781	1582feb76065d02de82e2ea836ba
