User	X	Y	MouseTimeStamp	MouseDownTimeStamp	MouseUpTimeStamp	SessionID
user14	1011	81	1271970315806	0	0	755c87118eb5349803bf5b716faf
user14	1008	88	1271970315813	0	0	755c87118eb5349803bf5b716faf
user14	1002	96	1271970315821	0	0	755c87118eb5349803bf5b716faf
user14	994	109	1271970315829	0	0	755c87118eb5349803bf5b716faf
user14	981	136	1271970315837	0	0	755c87118eb5349803bf5b716faf
user14	965	167	1271970315845	0	0	755c87118eb5349803bf5b716faf
user14	950	198	1271970315854	0	0	755c87118eb5349803bf5b716faf
user14	930	231	1271970315861	0	0	755c87118eb5349803bf5b716faf
user14	913	267	1271970315870	0	0	755c87118eb5349803bf5b716faf
user14	900	298	1271970315877	0	0	755c87118eb5349803bf5b716faf
user14	884	327	1271970315885	0	0	755c87118eb5349803bf5b716faf
user14	878	344	1271970315893	0	0	755c87118eb5349803bf5b716faf
user14	870	360	1271970315901	0	0	755c87118eb5349803bf5b716faf
user14	867	369	1271970315909	0	0	755c87118eb5349803bf5b716faf
user14	865	376	1271970315918	0	0	755c87118eb5349803bf5b716faf
user14	863	383	1271970315925	0	0	755c87118eb5349803bf5b716faf
user14	861	392	1271970315934	0	0	755c87118eb5349803bf5b716faf
user14	860	397	1271970315941	0	0	755c87118eb5349803bf5b716faf
user14	858	401	1271970315949	0	0	755c87118eb5349803bf5b716faf
user14	857	405	1271970315957	0	0	755c87118eb5349803bf5b716faf
user14	857	407	1271970315965	0	0	755c87118eb5349803bf5b716faf
user14	857	409	1271970315973	0	0	755c87118eb5349803bf5b716faf
user14	857	412	1271970315981	0	0	755c87118eb5349803bf5b716faf
user14	857	413	1271970315990	0	0	755c87118eb5349803bf5b716faf
user14	857	415	1271970315998	0	0	755c87118eb5349803bf5b716faf
user14	857	416	1271970316014	0	0	755c87118eb5349803bf5b716faf
user14	858	417	1271970316021	0	0	755c87118eb5349803bf5b716faf
user14	858	419	1271970316030	0	0	755c87118eb5349803bf5b716faf
user14	858	420	1271970316045	0	0	755c87118eb5349803bf5b716faf
user14	858	421	1271970316053	0	0	755c87118eb5349803bf5b716faf
user14	858	422	1271970316062	0	0	755c87118eb5349803bf5b716faf
user14	859	424	1271970316070	0	0	755c87118eb5349803bf5b716faf
user14	861	427	1271970316078	0	0	755c87118eb5349803bf5b716faf
user14	863	429	1271970316086	0	0	755c87118eb5349803bf5b716faf
user14	866	432	1271970316094	0	0	755c87118eb5349803bf5b716faf
user14	868	436	1271970316101	0	0	755c87118eb5349803bf5b716faf
user14	870	438	1271970316109	0	0	755c87118eb5349803bf5b716faf
user14	872	441	1271970316117	0	0	755c87118eb5349803bf5b716faf
user14	872	444	1271970316125	0	0	755c87118eb5349803bf5b716faf
user14	873	445	1271970316133	0	0	755c87118eb5349803bf5b716faf
user14	873	446	1271970316141	0	0	755c87118eb5349803bf5b716faf
user14	873	447	1271970316157	0	0	755c87118eb5349803bf5b716faf
user14	874	447	1271970316182	0	0	755c87118eb5349803bf5b716faf
user14	876	447	1271970316189	0	0	755c87118eb5349803bf5b716faf
user14	877	447	1271970316205	0	0	755c87118eb5349803bf5b716faf
user14	878	447	1271970316213	0	0	755c87118eb5349803bf5b716faf
user14	879	447	1271970316221	0	0	755c87118eb5349803bf5b716faf
user14	880	447	1271970316229	0	0	755c87118eb5349803bf5b716faf
user14	880	446	1271970316269	0	0	755c87118eb5349803bf5b716faf
user14	880	445	1271970316277	0	0	755c87118eb5349803bf5b716faf
user14	879	445	1271970316293	0	0	755c87118eb5349803bf5b716faf
user14	881	445	1271970316405	0	0	755c87118eb5349803bf5b716faf
user14	883	446	1271970316414	0	0	755c87118eb5349803bf5b716faf
user14	887	447	1271970316421	0	0	755c87118eb5349803bf5b716faf
user14	890	447	1271970316429	0	0	755c87118eb5349803bf5b716faf
user14	894	448	1271970316437	0	0	755c87118eb5349803bf5b716faf
user14	899	448	1271970316445	0	0	755c87118eb5349803bf5b716faf
user14	903	448	1271970316453	0	0	755c87118eb5349803bf5b716faf
user14	907	448	1271970316461	0	0	755c87118eb5349803bf5b716faf
user14	913	448	1271970316469	0	0	755c87118eb5349803bf5b716faf
user14	918	448	1271970316477	0	0	755c87118eb5349803bf5b716faf
user14	923	448	1271970316486	0	0	755c87118eb5349803bf5b716faf
user14	928	448	1271970316493	0	0	755c87118eb5349803bf5b716faf
user14	931	448	1271970316501	0	0	755c87118eb5349803bf5b716faf
user14	935	448	1271970316509	0	0	755c87118eb5349803bf5b716faf
user14	938	448	1271970316517	0	0	755c87118eb5349803bf5b716faf
user14	940	448	1271970316525	0	0	755c87118eb5349803bf5b716faf
user14	941	448	1271970316533	0	0	755c87118eb5349803bf5b716faf
user14	942	448	1271970316541	0	0	755c87118eb5349803bf5b716faf
user14	941	446	1271970316838	0	0	755c87118eb5349803bf5b716faf
user14	939	446	1271970316845	0	0	755c87118eb5349803bf5b716faf
user14	939	445	1271970316853	0	0	755c87118eb5349803bf5b716faf
user14	937	444	1271970316861	0	0	755c87118eb5349803bf5b716faf
user14	937	443	1271970316869	0	0	755c87118eb5349803bf5b716faf
user14	936	443	1271970316885	0	0	755c87118eb5349803bf5b716faf
user14	936	441	1271970317374	0	0	755c87118eb5349803bf5b716faf
user14	936	440	1271970317381	0	0	755c87118eb5349803bf5b716faf
user14	936	437	1271970317389	0	0	755c87118eb5349803bf5b716faf
user14	935	437	1271970317926	0	0	755c87118eb5349803bf5b716faf
user14	935	438	1271970317957	0	0	755c87118eb5349803bf5b716faf
user14	935	439	1271970317981	0	0	755c87118eb5349803bf5b716faf
user14	935	440	1271970317989	0	0	755c87118eb5349803bf5b716faf
user14	935	441	1271970317997	0	0	755c87118eb5349803bf5b716faf
user14	935	442	1271970318061	0	0	755c87118eb5349803bf5b716faf
user14	935	443	1271970318069	0	0	755c87118eb5349803bf5b716faf
user14	935	444	1271970318077	0	0	755c87118eb5349803bf5b716faf
user14	935	445	1271970318085	0	0	755c87118eb5349803bf5b716faf
user14	936	445	1271970318165	0	0	755c87118eb5349803bf5b716faf
user14	936	444	1271970318246	0	0	755c87118eb5349803bf5b716faf
user14	936	440	1271970318253	0	0	755c87118eb5349803bf5b716faf
user14	938	430	1271970318261	0	0	755c87118eb5349803bf5b716faf
user14	940	419	1271970318270	0	0	755c87118eb5349803bf5b716faf
user14	941	404	1271970318277	0	0	755c87118eb5349803bf5b716faf
user14	941	390	1271970318286	0	0	755c87118eb5349803bf5b716faf
user14	941	375	1271970318293	0	0	755c87118eb5349803bf5b716faf
user14	941	361	1271970318302	0	0	755c87118eb5349803bf5b716faf
user14	941	346	1271970318310	0	0	755c87118eb5349803bf5b716faf
user14	942	333	1271970318318	0	0	755c87118eb5349803bf5b716faf
user14	942	320	1271970318326	0	0	755c87118eb5349803bf5b716faf
user14	942	307	1271970318334	0	0	755c87118eb5349803bf5b716faf
user14	940	297	1271970318341	0	0	755c87118eb5349803bf5b716faf
user14	940	289	1271970318350	0	0	755c87118eb5349803bf5b716faf
user14	939	282	1271970318357	0	0	755c87118eb5349803bf5b716faf
user14	939	278	1271970318365	0	0	755c87118eb5349803bf5b716faf
user14	939	275	1271970318373	0	0	755c87118eb5349803bf5b716faf
user14	939	274	1271970318381	0	0	755c87118eb5349803bf5b716faf
user14	939	273	1271970318574	0	0	755c87118eb5349803bf5b716faf
user14	938	272	1271970318581	0	0	755c87118eb5349803bf5b716faf
user14	936	268	1271970318589	0	0	755c87118eb5349803bf5b716faf
user14	935	261	1271970318598	0	0	755c87118eb5349803bf5b716faf
user14	931	251	1271970318605	0	0	755c87118eb5349803bf5b716faf
user14	928	242	1271970318614	0	0	755c87118eb5349803bf5b716faf
user14	922	230	1271970318622	0	0	755c87118eb5349803bf5b716faf
user14	917	223	1271970318629	0	0	755c87118eb5349803bf5b716faf
user14	915	216	1271970318637	0	0	755c87118eb5349803bf5b716faf
user14	913	214	1271970318645	0	0	755c87118eb5349803bf5b716faf
user14	913	211	1271970318654	0	0	755c87118eb5349803bf5b716faf
user14	912	209	1271970318661	0	0	755c87118eb5349803bf5b716faf
user14	911	209	1271970318669	0	0	755c87118eb5349803bf5b716faf
user14	911	208	1271970318677	0	0	755c87118eb5349803bf5b716faf
user14	909	207	1271970318693	0	0	755c87118eb5349803bf5b716faf
user14	907	206	1271970318709	0	0	755c87118eb5349803bf5b716faf
user14	907	205	1271970318717	0	0	755c87118eb5349803bf5b716faf
user14	906	203	1271970318725	0	0	755c87118eb5349803bf5b716faf
user14	905	203	1271970318733	0	0	755c87118eb5349803bf5b716faf
user14	905	201	1271970318741	0	0	755c87118eb5349803bf5b716faf
user14	905	200	1271970318749	0	0	755c87118eb5349803bf5b716faf
user14	905	198	1271970318845	0	0	755c87118eb5349803bf5b716faf
user14	905	195	1271970318853	0	0	755c87118eb5349803bf5b716faf
user14	905	192	1271970318862	0	0	755c87118eb5349803bf5b716faf
user14	905	190	1271970318869	0	0	755c87118eb5349803bf5b716faf
user14	905	188	1271970318877	0	0	755c87118eb5349803bf5b716faf
user14	905	186	1271970318885	0	0	755c87118eb5349803bf5b716faf
user14	905	185	1271970318894	0	0	755c87118eb5349803bf5b716faf
user14	905	184	1271970318901	0	0	755c87118eb5349803bf5b716faf
user14	905	182	1271970318909	0	0	755c87118eb5349803bf5b716faf
user14	905	180	1271970318917	0	0	755c87118eb5349803bf5b716faf
user14	905	179	1271970318926	0	0	755c87118eb5349803bf5b716faf
user14	905	178	1271970318933	0	0	755c87118eb5349803bf5b716faf
user14	904	176	1271970318941	0	0	755c87118eb5349803bf5b716faf
user14	904	175	1271970318949	0	0	755c87118eb5349803bf5b716faf
user14	904	174	1271970318957	0	0	755c87118eb5349803bf5b716faf
user14	904	174	1271970319334	1271970319246	1271970319334	755c87118eb5349803bf5b716faf
user14	903	179	1271970319742	0	0	755c87118eb5349803bf5b716faf
user14	902	188	1271970319750	0	0	755c87118eb5349803bf5b716faf
user14	900	196	1271970319757	0	0	755c87118eb5349803bf5b716faf
user14	898	206	1271970319765	0	0	755c87118eb5349803bf5b716faf
user14	892	220	1271970319774	0	0	755c87118eb5349803bf5b716faf
user14	879	241	1271970319782	0	0	755c87118eb5349803bf5b716faf
user14	866	267	1271970319790	0	0	755c87118eb5349803bf5b716faf
user14	853	298	1271970319798	0	0	755c87118eb5349803bf5b716faf
user14	828	336	1271970319805	0	0	755c87118eb5349803bf5b716faf
user14	810	371	1271970319813	0	0	755c87118eb5349803bf5b716faf
user14	785	408	1271970319821	0	0	755c87118eb5349803bf5b716faf
user14	759	446	1271970319829	0	0	755c87118eb5349803bf5b716faf
user14	732	482	1271970319837	0	0	755c87118eb5349803bf5b716faf
user14	705	516	1271970319845	0	0	755c87118eb5349803bf5b716faf
user14	678	551	1271970319853	0	0	755c87118eb5349803bf5b716faf
user14	431	563	1271970320998	0	0	755c87118eb5349803bf5b716faf
user14	424	529	1271970321006	0	0	755c87118eb5349803bf5b716faf
user14	415	489	1271970321014	0	0	755c87118eb5349803bf5b716faf
user14	399	437	1271970321022	0	0	755c87118eb5349803bf5b716faf
user14	381	383	1271970321030	0	0	755c87118eb5349803bf5b716faf
user14	363	331	1271970321038	0	0	755c87118eb5349803bf5b716faf
user14	345	287	1271970321046	0	0	755c87118eb5349803bf5b716faf
user14	330	245	1271970321053	0	0	755c87118eb5349803bf5b716faf
user14	314	206	1271970321062	0	0	755c87118eb5349803bf5b716faf
user14	298	172	1271970321070	0	0	755c87118eb5349803bf5b716faf
user14	281	138	1271970321078	0	0	755c87118eb5349803bf5b716faf
user14	270	122	1271970321086	0	0	755c87118eb5349803bf5b716faf
user14	259	107	1271970321094	0	0	755c87118eb5349803bf5b716faf
user14	248	93	1271970321101	0	0	755c87118eb5349803bf5b716faf
user14	237	81	1271970321109	0	0	755c87118eb5349803bf5b716faf
user14	230	72	1271970321117	0	0	755c87118eb5349803bf5b716faf
user14	218	62	1271970321126	0	0	755c87118eb5349803bf5b716faf
user14	209	55	1271970321133	0	0	755c87118eb5349803bf5b716faf
user14	199	47	1271970321142	0	0	755c87118eb5349803bf5b716faf
user14	189	41	1271970321149	0	0	755c87118eb5349803bf5b716faf
user14	181	37	1271970321157	0	0	755c87118eb5349803bf5b716faf
user14	174	33	1271970321165	0	0	755c87118eb5349803bf5b716faf
user14	168	32	1271970321174	0	0	755c87118eb5349803bf5b716faf
user14	163	31	1271970321182	0	0	755c87118eb5349803bf5b716faf
user14	162	31	1271970321190	0	0	755c87118eb5349803bf5b716faf
user14	163	31	1271970321213	0	0	755c87118eb5349803bf5b716faf
user14	165	31	1271970321221	0	0	755c87118eb5349803bf5b716faf
user14	166	31	1271970321229	0	0	755c87118eb5349803bf5b716faf
user14	172	22	1271970321294	0	0	755c87118eb5349803bf5b716faf
user14	171	20	1271970321301	0	0	755c87118eb5349803bf5b716faf
user14	171	17	1271970321309	0	0	755c87118eb5349803bf5b716faf
user14	169	13	1271970321317	0	0	755c87118eb5349803bf5b716faf
user14	167	7	1271970321325	0	0	755c87118eb5349803bf5b716faf
user14	165	2	1271970321333	0	0	755c87118eb5349803bf5b716faf
user14	525	14	1271970332966	0	0	755c87118eb5349803bf5b716faf
user14	559	31	1271970332974	0	0	755c87118eb5349803bf5b716faf
user14	590	46	1271970332982	0	0	755c87118eb5349803bf5b716faf
user14	637	68	1271970332990	0	0	755c87118eb5349803bf5b716faf
user14	674	86	1271970332998	0	0	755c87118eb5349803bf5b716faf
user14	709	106	1271970333006	0	0	755c87118eb5349803bf5b716faf
user14	746	127	1271970333014	0	0	755c87118eb5349803bf5b716faf
user14	781	145	1271970333022	0	0	755c87118eb5349803bf5b716faf
user14	814	161	1271970333030	0	0	755c87118eb5349803bf5b716faf
user14	843	175	1271970333038	0	0	755c87118eb5349803bf5b716faf
user14	861	184	1271970333046	0	0	755c87118eb5349803bf5b716faf
user14	874	190	1271970333054	0	0	755c87118eb5349803bf5b716faf
user14	883	192	1271970333062	0	0	755c87118eb5349803bf5b716faf
user14	888	195	1271970333070	0	0	755c87118eb5349803bf5b716faf
user14	890	196	1271970333078	0	0	755c87118eb5349803bf5b716faf
user14	891	196	1271970333086	0	0	755c87118eb5349803bf5b716faf
user14	892	196	1271970333294	0	0	755c87118eb5349803bf5b716faf
user14	892	195	1271970333374	0	0	755c87118eb5349803bf5b716faf
user14	892	194	1271970333382	0	0	755c87118eb5349803bf5b716faf
user14	892	193	1271970333398	0	0	755c87118eb5349803bf5b716faf
user14	893	191	1271970333414	0	0	755c87118eb5349803bf5b716faf
user14	894	190	1271970333438	0	0	755c87118eb5349803bf5b716faf
user14	895	189	1271970333446	0	0	755c87118eb5349803bf5b716faf
user14	896	188	1271970333454	0	0	755c87118eb5349803bf5b716faf
user14	896	186	1271970333462	0	0	755c87118eb5349803bf5b716faf
user14	898	186	1271970333470	0	0	755c87118eb5349803bf5b716faf
user14	899	184	1271970333478	0	0	755c87118eb5349803bf5b716faf
user14	899	183	1271970333494	0	0	755c87118eb5349803bf5b716faf
user14	899	182	1271970333502	0	0	755c87118eb5349803bf5b716faf
user14	899	184	1271970334054	0	0	755c87118eb5349803bf5b716faf
user14	899	186	1271970334062	0	0	755c87118eb5349803bf5b716faf
user14	901	189	1271970334070	0	0	755c87118eb5349803bf5b716faf
user14	902	192	1271970334078	0	0	755c87118eb5349803bf5b716faf
user14	904	196	1271970334086	0	0	755c87118eb5349803bf5b716faf
user14	906	198	1271970334094	0	0	755c87118eb5349803bf5b716faf
user14	907	201	1271970334102	0	0	755c87118eb5349803bf5b716faf
user14	909	204	1271970334110	0	0	755c87118eb5349803bf5b716faf
user14	910	206	1271970334118	0	0	755c87118eb5349803bf5b716faf
user14	910	207	1271970334126	0	0	755c87118eb5349803bf5b716faf
user14	910	209	1271970334134	0	0	755c87118eb5349803bf5b716faf
user14	910	211	1271970334142	0	0	755c87118eb5349803bf5b716faf
user14	910	213	1271970334150	0	0	755c87118eb5349803bf5b716faf
user14	910	215	1271970334158	0	0	755c87118eb5349803bf5b716faf
user14	910	217	1271970334174	0	0	755c87118eb5349803bf5b716faf
user14	910	218	1271970334198	0	0	755c87118eb5349803bf5b716faf
user14	910	219	1271970334230	0	0	755c87118eb5349803bf5b716faf
user14	910	220	1271970334238	0	0	755c87118eb5349803bf5b716faf
user14	910	221	1271970334254	0	0	755c87118eb5349803bf5b716faf
user14	910	222	1271970334302	0	0	755c87118eb5349803bf5b716faf
user14	910	222	1271970334550	1271970334454	1271970334550	755c87118eb5349803bf5b716faf
user14	910	225	1271970334918	0	0	755c87118eb5349803bf5b716faf
user14	911	230	1271970334926	0	0	755c87118eb5349803bf5b716faf
user14	912	237	1271970334934	0	0	755c87118eb5349803bf5b716faf
user14	915	243	1271970334942	0	0	755c87118eb5349803bf5b716faf
user14	918	249	1271970334950	0	0	755c87118eb5349803bf5b716faf
user14	924	257	1271970334958	0	0	755c87118eb5349803bf5b716faf
user14	930	268	1271970334966	0	0	755c87118eb5349803bf5b716faf
user14	939	278	1271970334974	0	0	755c87118eb5349803bf5b716faf
user14	946	288	1271970334982	0	0	755c87118eb5349803bf5b716faf
user14	952	298	1271970334990	0	0	755c87118eb5349803bf5b716faf
user14	961	306	1271970334998	0	0	755c87118eb5349803bf5b716faf
user14	966	312	1271970335006	0	0	755c87118eb5349803bf5b716faf
user14	971	317	1271970335014	0	0	755c87118eb5349803bf5b716faf
user14	974	320	1271970335022	0	0	755c87118eb5349803bf5b716faf
user14	975	321	1271970335030	0	0	755c87118eb5349803bf5b716faf
user14	975	322	1271970335038	0	0	755c87118eb5349803bf5b716faf
user14	976	322	1271970335158	0	0	755c87118eb5349803bf5b716faf
user14	976	321	1271970335174	0	0	755c87118eb5349803bf5b716faf
user14	976	320	1271970335182	0	0	755c87118eb5349803bf5b716faf
user14	976	318	1271970335190	0	0	755c87118eb5349803bf5b716faf
user14	976	317	1271970335198	0	0	755c87118eb5349803bf5b716faf
user14	975	315	1271970335206	0	0	755c87118eb5349803bf5b716faf
user14	974	314	1271970335214	0	0	755c87118eb5349803bf5b716faf
user14	973	312	1271970335222	0	0	755c87118eb5349803bf5b716faf
user14	973	311	1271970335230	0	0	755c87118eb5349803bf5b716faf
user14	972	310	1271970335238	0	0	755c87118eb5349803bf5b716faf
user14	972	309	1271970335246	0	0	755c87118eb5349803bf5b716faf
user14	971	308	1271970335254	0	0	755c87118eb5349803bf5b716faf
user14	970	307	1271970335262	0	0	755c87118eb5349803bf5b716faf
user14	970	306	1271970335270	0	0	755c87118eb5349803bf5b716faf
user14	969	305	1271970335278	0	0	755c87118eb5349803bf5b716faf
user14	968	303	1271970335286	0	0	755c87118eb5349803bf5b716faf
user14	967	301	1271970335294	0	0	755c87118eb5349803bf5b716faf
user14	966	299	1271970335302	0	0	755c87118eb5349803bf5b716faf
user14	965	296	1271970335310	0	0	755c87118eb5349803bf5b716faf
user14	964	294	1271970335318	0	0	755c87118eb5349803bf5b716faf
user14	963	291	1271970335326	0	0	755c87118eb5349803bf5b716faf
user14	962	290	1271970335334	0	0	755c87118eb5349803bf5b716faf
user14	962	289	1271970335342	0	0	755c87118eb5349803bf5b716faf
user14	962	288	1271970335566	0	0	755c87118eb5349803bf5b716faf
user14	962	287	1271970335582	0	0	755c87118eb5349803bf5b716faf
user14	962	286	1271970335590	0	0	755c87118eb5349803bf5b716faf
user14	962	285	1271970335606	0	0	755c87118eb5349803bf5b716faf
user14	962	284	1271970335622	0	0	755c87118eb5349803bf5b716faf
user14	962	283	1271970335638	0	0	755c87118eb5349803bf5b716faf
user14	962	283	1271970335766	1271970335694	1271970335766	755c87118eb5349803bf5b716faf
user14	961	283	1271970346375	0	0	755c87118eb5349803bf5b716faf
user14	960	284	1271970346382	0	0	755c87118eb5349803bf5b716faf
user14	956	285	1271970346390	0	0	755c87118eb5349803bf5b716faf
user14	950	285	1271970346398	0	0	755c87118eb5349803bf5b716faf
user14	945	285	1271970346406	0	0	755c87118eb5349803bf5b716faf
user14	934	285	1271970346414	0	0	755c87118eb5349803bf5b716faf
user14	925	283	1271970346422	0	0	755c87118eb5349803bf5b716faf
user14	915	283	1271970346430	0	0	755c87118eb5349803bf5b716faf
user14	905	281	1271970346438	0	0	755c87118eb5349803bf5b716faf
user14	893	281	1271970346446	0	0	755c87118eb5349803bf5b716faf
user14	881	281	1271970346454	0	0	755c87118eb5349803bf5b716faf
user14	863	281	1271970346462	0	0	755c87118eb5349803bf5b716faf
user14	835	281	1271970346470	0	0	755c87118eb5349803bf5b716faf
user14	805	279	1271970346478	0	0	755c87118eb5349803bf5b716faf
user14	775	279	1271970346486	0	0	755c87118eb5349803bf5b716faf
user14	744	277	1271970346494	0	0	755c87118eb5349803bf5b716faf
user14	713	274	1271970346502	0	0	755c87118eb5349803bf5b716faf
user14	682	270	1271970346510	0	0	755c87118eb5349803bf5b716faf
user14	649	269	1271970346518	0	0	755c87118eb5349803bf5b716faf
user14	619	267	1271970346526	0	0	755c87118eb5349803bf5b716faf
user14	592	267	1271970346534	0	0	755c87118eb5349803bf5b716faf
user14	564	265	1271970346542	0	0	755c87118eb5349803bf5b716faf
user14	541	264	1271970346550	0	0	755c87118eb5349803bf5b716faf
user14	525	264	1271970346558	0	0	755c87118eb5349803bf5b716faf
user14	507	261	1271970346566	0	0	755c87118eb5349803bf5b716faf
user14	492	261	1271970346574	0	0	755c87118eb5349803bf5b716faf
user14	479	259	1271970346582	0	0	755c87118eb5349803bf5b716faf
user14	468	258	1271970346590	0	0	755c87118eb5349803bf5b716faf
user14	460	257	1271970346598	0	0	755c87118eb5349803bf5b716faf
user14	453	256	1271970346606	0	0	755c87118eb5349803bf5b716faf
user14	448	255	1271970346614	0	0	755c87118eb5349803bf5b716faf
user14	443	255	1271970346622	0	0	755c87118eb5349803bf5b716faf
user14	436	254	1271970346630	0	0	755c87118eb5349803bf5b716faf
user14	432	253	1271970346638	0	0	755c87118eb5349803bf5b716faf
user14	428	251	1271970346646	0	0	755c87118eb5349803bf5b716faf
user14	425	251	1271970346654	0	0	755c87118eb5349803bf5b716faf
user14	422	249	1271970346662	0	0	755c87118eb5349803bf5b716faf
user14	419	248	1271970346670	0	0	755c87118eb5349803bf5b716faf
user14	416	247	1271970346678	0	0	755c87118eb5349803bf5b716faf
user14	414	246	1271970346686	0	0	755c87118eb5349803bf5b716faf
user14	410	244	1271970346694	0	0	755c87118eb5349803bf5b716faf
user14	406	243	1271970346702	0	0	755c87118eb5349803bf5b716faf
user14	403	242	1271970346710	0	0	755c87118eb5349803bf5b716faf
user14	402	240	1271970346718	0	0	755c87118eb5349803bf5b716faf
user14	400	240	1271970346726	0	0	755c87118eb5349803bf5b716faf
user14	399	239	1271970346734	0	0	755c87118eb5349803bf5b716faf
user14	398	238	1271970346742	0	0	755c87118eb5349803bf5b716faf
user14	396	238	1271970346750	0	0	755c87118eb5349803bf5b716faf
user14	396	237	1271970346758	0	0	755c87118eb5349803bf5b716faf
user14	395	236	1271970346766	0	0	755c87118eb5349803bf5b716faf
user14	395	235	1271970346774	0	0	755c87118eb5349803bf5b716faf
user14	395	234	1271970346782	0	0	755c87118eb5349803bf5b716faf
user14	395	233	1271970346790	0	0	755c87118eb5349803bf5b716faf
user14	395	231	1271970346798	0	0	755c87118eb5349803bf5b716faf
user14	394	230	1271970346806	0	0	755c87118eb5349803bf5b716faf
user14	394	229	1271970346814	0	0	755c87118eb5349803bf5b716faf
user14	394	228	1271970346822	0	0	755c87118eb5349803bf5b716faf
user14	394	225	1271970346830	0	0	755c87118eb5349803bf5b716faf
user14	394	223	1271970346838	0	0	755c87118eb5349803bf5b716faf
user14	394	221	1271970346846	0	0	755c87118eb5349803bf5b716faf
user14	394	219	1271970346854	0	0	755c87118eb5349803bf5b716faf
user14	394	217	1271970346862	0	0	755c87118eb5349803bf5b716faf
user14	394	215	1271970346870	0	0	755c87118eb5349803bf5b716faf
user14	395	213	1271970346878	0	0	755c87118eb5349803bf5b716faf
user14	395	212	1271970346886	0	0	755c87118eb5349803bf5b716faf
user14	395	211	1271970346894	0	0	755c87118eb5349803bf5b716faf
user14	396	209	1271970346902	0	0	755c87118eb5349803bf5b716faf
user14	396	208	1271970346910	0	0	755c87118eb5349803bf5b716faf
user14	396	207	1271970346918	0	0	755c87118eb5349803bf5b716faf
user14	396	206	1271970346926	0	0	755c87118eb5349803bf5b716faf
user14	396	205	1271970346950	0	0	755c87118eb5349803bf5b716faf
user14	396	205	1271970347263	1271970347143	1271970347263	755c87118eb5349803bf5b716faf
user14	400	204	1271970372671	0	0	755c87118eb5349803bf5b716faf
user14	406	201	1271970372679	0	0	755c87118eb5349803bf5b716faf
user14	416	199	1271970372687	0	0	755c87118eb5349803bf5b716faf
user14	427	195	1271970372695	0	0	755c87118eb5349803bf5b716faf
user14	437	191	1271970372703	0	0	755c87118eb5349803bf5b716faf
user14	453	186	1271970372711	0	0	755c87118eb5349803bf5b716faf
user14	471	182	1271970372719	0	0	755c87118eb5349803bf5b716faf
user14	491	181	1271970372727	0	0	755c87118eb5349803bf5b716faf
user14	508	180	1271970372735	0	0	755c87118eb5349803bf5b716faf
user14	526	177	1271970372743	0	0	755c87118eb5349803bf5b716faf
user14	554	177	1271970372751	0	0	755c87118eb5349803bf5b716faf
user14	581	177	1271970372759	0	0	755c87118eb5349803bf5b716faf
user14	611	178	1271970372767	0	0	755c87118eb5349803bf5b716faf
user14	641	178	1271970372775	0	0	755c87118eb5349803bf5b716faf
user14	677	178	1271970372783	0	0	755c87118eb5349803bf5b716faf
user14	707	178	1271970372791	0	0	755c87118eb5349803bf5b716faf
user14	736	178	1271970372799	0	0	755c87118eb5349803bf5b716faf
user14	769	178	1271970372807	0	0	755c87118eb5349803bf5b716faf
user14	799	178	1271970372815	0	0	755c87118eb5349803bf5b716faf
user14	829	178	1271970372823	0	0	755c87118eb5349803bf5b716faf
user14	862	176	1271970372831	0	0	755c87118eb5349803bf5b716faf
user14	893	173	1271970372839	0	0	755c87118eb5349803bf5b716faf
user14	918	171	1271970372847	0	0	755c87118eb5349803bf5b716faf
user14	947	166	1271970372855	0	0	755c87118eb5349803bf5b716faf
user14	976	161	1271970372863	0	0	755c87118eb5349803bf5b716faf
user14	1005	155	1271970372871	0	0	755c87118eb5349803bf5b716faf
user14	1031	145	1271970372879	0	0	755c87118eb5349803bf5b716faf
user14	1045	139	1271970372887	0	0	755c87118eb5349803bf5b716faf
user14	1057	133	1271970372895	0	0	755c87118eb5349803bf5b716faf
user14	1065	127	1271970372903	0	0	755c87118eb5349803bf5b716faf
user14	1074	121	1271970372911	0	0	755c87118eb5349803bf5b716faf
user14	1080	115	1271970372919	0	0	755c87118eb5349803bf5b716faf
user14	1087	108	1271970372927	0	0	755c87118eb5349803bf5b716faf
user14	1091	105	1271970372935	0	0	755c87118eb5349803bf5b716faf
user14	1094	101	1271970372943	0	0	755c87118eb5349803bf5b716faf
user14	1096	98	1271970372951	0	0	755c87118eb5349803bf5b716faf
user14	1097	95	1271970372959	0	0	755c87118eb5349803bf5b716faf
user14	1097	94	1271970372967	0	0	755c87118eb5349803bf5b716faf
user14	1096	92	1271970372975	0	0	755c87118eb5349803bf5b716faf
user14	1095	91	1271970372983	0	0	755c87118eb5349803bf5b716faf
user14	1094	89	1271970372991	0	0	755c87118eb5349803bf5b716faf
user14	1091	88	1271970372999	0	0	755c87118eb5349803bf5b716faf
user14	1091	87	1271970373007	0	0	755c87118eb5349803bf5b716faf
user14	1090	87	1271970373015	0	0	755c87118eb5349803bf5b716faf
user14	1088	87	1271970373023	0	0	755c87118eb5349803bf5b716faf
user14	1087	87	1271970373031	0	0	755c87118eb5349803bf5b716faf
user14	1086	87	1271970373039	0	0	755c87118eb5349803bf5b716faf
user14	1084	87	1271970373055	0	0	755c87118eb5349803bf5b716faf
user14	1082	87	1271970373063	0	0	755c87118eb5349803bf5b716faf
user14	1079	87	1271970373071	0	0	755c87118eb5349803bf5b716faf
user14	1075	87	1271970373079	0	0	755c87118eb5349803bf5b716faf
user14	1073	87	1271970373087	0	0	755c87118eb5349803bf5b716faf
user14	1070	87	1271970373095	0	0	755c87118eb5349803bf5b716faf
user14	1069	87	1271970373103	0	0	755c87118eb5349803bf5b716faf
user14	1068	87	1271970373111	0	0	755c87118eb5349803bf5b716faf
user14	1067	87	1271970373119	0	0	755c87118eb5349803bf5b716faf
user14	1065	87	1271970373319	0	0	755c87118eb5349803bf5b716faf
user14	1063	87	1271970373327	0	0	755c87118eb5349803bf5b716faf
user14	1061	87	1271970373335	0	0	755c87118eb5349803bf5b716faf
user14	1058	87	1271970373343	0	0	755c87118eb5349803bf5b716faf
user14	1053	87	1271970373351	0	0	755c87118eb5349803bf5b716faf
user14	1049	87	1271970373359	0	0	755c87118eb5349803bf5b716faf
user14	1043	87	1271970373367	0	0	755c87118eb5349803bf5b716faf
user14	1038	87	1271970373375	0	0	755c87118eb5349803bf5b716faf
user14	1034	87	1271970373383	0	0	755c87118eb5349803bf5b716faf
user14	1028	87	1271970373391	0	0	755c87118eb5349803bf5b716faf
user14	1024	87	1271970373399	0	0	755c87118eb5349803bf5b716faf
user14	1019	87	1271970373407	0	0	755c87118eb5349803bf5b716faf
user14	1016	87	1271970373415	0	0	755c87118eb5349803bf5b716faf
user14	1012	87	1271970373423	0	0	755c87118eb5349803bf5b716faf
user14	1010	87	1271970373431	0	0	755c87118eb5349803bf5b716faf
user14	1007	87	1271970373439	0	0	755c87118eb5349803bf5b716faf
user14	1006	87	1271970373447	0	0	755c87118eb5349803bf5b716faf
user14	1005	87	1271970373455	0	0	755c87118eb5349803bf5b716faf
user14	1004	87	1271970373527	0	0	755c87118eb5349803bf5b716faf
user14	1003	87	1271970373535	0	0	755c87118eb5349803bf5b716faf
user14	1002	88	1271970373543	0	0	755c87118eb5349803bf5b716faf
user14	998	90	1271970373551	0	0	755c87118eb5349803bf5b716faf
user14	992	94	1271970373559	0	0	755c87118eb5349803bf5b716faf
user14	981	99	1271970373567	0	0	755c87118eb5349803bf5b716faf
user14	967	105	1271970373575	0	0	755c87118eb5349803bf5b716faf
user14	939	117	1271970373583	0	0	755c87118eb5349803bf5b716faf
user14	907	132	1271970373591	0	0	755c87118eb5349803bf5b716faf
user14	873	152	1271970373599	0	0	755c87118eb5349803bf5b716faf
user14	839	180	1271970373607	0	0	755c87118eb5349803bf5b716faf
user14	801	211	1271970373615	0	0	755c87118eb5349803bf5b716faf
user14	767	243	1271970373623	0	0	755c87118eb5349803bf5b716faf
user14	732	265	1271970373631	0	0	755c87118eb5349803bf5b716faf
user14	699	285	1271970373639	0	0	755c87118eb5349803bf5b716faf
user14	673	300	1271970373647	0	0	755c87118eb5349803bf5b716faf
user14	644	314	1271970373655	0	0	755c87118eb5349803bf5b716faf
user14	624	322	1271970373664	0	0	755c87118eb5349803bf5b716faf
user14	608	326	1271970373671	0	0	755c87118eb5349803bf5b716faf
user14	596	327	1271970373679	0	0	755c87118eb5349803bf5b716faf
user14	589	327	1271970373687	0	0	755c87118eb5349803bf5b716faf
user14	585	327	1271970373695	0	0	755c87118eb5349803bf5b716faf
user14	583	327	1271970373703	0	0	755c87118eb5349803bf5b716faf
user14	582	327	1271970373711	0	0	755c87118eb5349803bf5b716faf
user14	580	325	1271970373719	0	0	755c87118eb5349803bf5b716faf
user14	580	323	1271970373727	0	0	755c87118eb5349803bf5b716faf
user14	580	321	1271970373735	0	0	755c87118eb5349803bf5b716faf
user14	580	320	1271970373743	0	0	755c87118eb5349803bf5b716faf
user14	580	317	1271970373751	0	0	755c87118eb5349803bf5b716faf
user14	581	315	1271970373759	0	0	755c87118eb5349803bf5b716faf
user14	582	313	1271970373767	0	0	755c87118eb5349803bf5b716faf
user14	583	311	1271970373775	0	0	755c87118eb5349803bf5b716faf
user14	584	308	1271970373783	0	0	755c87118eb5349803bf5b716faf
user14	587	305	1271970373791	0	0	755c87118eb5349803bf5b716faf
user14	591	301	1271970373799	0	0	755c87118eb5349803bf5b716faf
user14	596	296	1271970373807	0	0	755c87118eb5349803bf5b716faf
user14	601	293	1271970373815	0	0	755c87118eb5349803bf5b716faf
user14	607	288	1271970373823	0	0	755c87118eb5349803bf5b716faf
user14	617	282	1271970373831	0	0	755c87118eb5349803bf5b716faf
user14	623	278	1271970373839	0	0	755c87118eb5349803bf5b716faf
user14	628	274	1271970373847	0	0	755c87118eb5349803bf5b716faf
user14	631	272	1271970373855	0	0	755c87118eb5349803bf5b716faf
user14	634	270	1271970373863	0	0	755c87118eb5349803bf5b716faf
user14	636	269	1271970373871	0	0	755c87118eb5349803bf5b716faf
user14	637	268	1271970373879	0	0	755c87118eb5349803bf5b716faf
user14	638	268	1271970373887	0	0	755c87118eb5349803bf5b716faf
user14	640	267	1271970373895	0	0	755c87118eb5349803bf5b716faf
user14	642	266	1271970373903	0	0	755c87118eb5349803bf5b716faf
user14	644	265	1271970373911	0	0	755c87118eb5349803bf5b716faf
user14	647	263	1271970373919	0	0	755c87118eb5349803bf5b716faf
user14	649	261	1271970373927	0	0	755c87118eb5349803bf5b716faf
user14	650	259	1271970373935	0	0	755c87118eb5349803bf5b716faf
user14	651	256	1271970373943	0	0	755c87118eb5349803bf5b716faf
user14	652	255	1271970373951	0	0	755c87118eb5349803bf5b716faf
user14	653	253	1271970373959	0	0	755c87118eb5349803bf5b716faf
user14	653	252	1271970373967	0	0	755c87118eb5349803bf5b716faf
user14	653	251	1271970373983	0	0	755c87118eb5349803bf5b716faf
user14	653	250	1271970374023	0	0	755c87118eb5349803bf5b716faf
user14	653	249	1271970374047	0	0	755c87118eb5349803bf5b716faf
user14	653	248	1271970374056	0	0	755c87118eb5349803bf5b716faf
user14	652	248	1271970374063	0	0	755c87118eb5349803bf5b716faf
user14	652	246	1271970374071	0	0	755c87118eb5349803bf5b716faf
user14	651	246	1271970374079	0	0	755c87118eb5349803bf5b716faf
user14	651	245	1271970374087	0	0	755c87118eb5349803bf5b716faf
user14	651	244	1271970374095	0	0	755c87118eb5349803bf5b716faf
user14	651	243	1271970374103	0	0	755c87118eb5349803bf5b716faf
user14	650	243	1271970374111	0	0	755c87118eb5349803bf5b716faf
user14	649	243	1271970374159	0	0	755c87118eb5349803bf5b716faf
user14	649	243	1271970374288	1271970374192	1271970374288	755c87118eb5349803bf5b716faf
