User	X	Y	MouseTimeStamp	MouseDownTimeStamp	MouseUpTimeStamp	SessionID
user24	824	108	1269045718380	0	0	904b3871163799a3dcfb69b63683
user24	704	134	1269045718422	0	0	904b3871163799a3dcfb69b63683
user24	700	135	1269045718425	0	0	904b3871163799a3dcfb69b63683
user24	699	135	1269045718438	0	0	904b3871163799a3dcfb69b63683
user24	693	134	1269045718710	0	0	904b3871163799a3dcfb69b63683
user24	688	132	1269045718718	0	0	904b3871163799a3dcfb69b63683
user24	678	131	1269045718726	0	0	904b3871163799a3dcfb69b63683
user24	666	130	1269045718734	0	0	904b3871163799a3dcfb69b63683
user24	652	130	1269045718742	0	0	904b3871163799a3dcfb69b63683
user24	638	130	1269045718750	0	0	904b3871163799a3dcfb69b63683
user24	624	130	1269045718758	0	0	904b3871163799a3dcfb69b63683
user24	605	130	1269045718767	0	0	904b3871163799a3dcfb69b63683
user24	586	133	1269045718774	0	0	904b3871163799a3dcfb69b63683
user24	563	136	1269045718782	0	0	904b3871163799a3dcfb69b63683
user24	541	140	1269045718791	0	0	904b3871163799a3dcfb69b63683
user24	519	144	1269045718799	0	0	904b3871163799a3dcfb69b63683
user24	499	152	1269045718806	0	0	904b3871163799a3dcfb69b63683
user24	482	158	1269045718814	0	0	904b3871163799a3dcfb69b63683
user24	464	165	1269045718822	0	0	904b3871163799a3dcfb69b63683
user24	448	173	1269045718830	0	0	904b3871163799a3dcfb69b63683
user24	437	179	1269045718838	0	0	904b3871163799a3dcfb69b63683
user24	428	185	1269045718846	0	0	904b3871163799a3dcfb69b63683
user24	420	191	1269045718854	0	0	904b3871163799a3dcfb69b63683
user24	416	197	1269045718862	0	0	904b3871163799a3dcfb69b63683
user24	414	200	1269045718870	0	0	904b3871163799a3dcfb69b63683
user24	414	203	1269045718878	0	0	904b3871163799a3dcfb69b63683
user24	414	205	1269045718886	0	0	904b3871163799a3dcfb69b63683
user24	415	207	1269045718894	0	0	904b3871163799a3dcfb69b63683
user24	420	210	1269045718902	0	0	904b3871163799a3dcfb69b63683
user24	427	213	1269045718910	0	0	904b3871163799a3dcfb69b63683
user24	437	215	1269045718918	0	0	904b3871163799a3dcfb69b63683
user24	449	216	1269045718928	0	0	904b3871163799a3dcfb69b63683
user24	479	218	1269045718948	0	0	904b3871163799a3dcfb69b63683
user24	517	215	1269045718959	0	0	904b3871163799a3dcfb69b63683
user24	538	212	1269045718967	0	0	904b3871163799a3dcfb69b63683
user24	562	207	1269045718974	0	0	904b3871163799a3dcfb69b63683
user24	591	204	1269045718989	0	0	904b3871163799a3dcfb69b63683
user24	617	202	1269045718991	0	0	904b3871163799a3dcfb69b63683
user24	639	202	1269045719001	0	0	904b3871163799a3dcfb69b63683
user24	659	202	1269045719010	0	0	904b3871163799a3dcfb69b63683
user24	676	202	1269045719016	0	0	904b3871163799a3dcfb69b63683
user24	694	204	1269045719026	0	0	904b3871163799a3dcfb69b63683
user24	749	212	1269045719058	0	0	904b3871163799a3dcfb69b63683
user24	760	213	1269045719062	0	0	904b3871163799a3dcfb69b63683
user24	769	214	1269045719071	0	0	904b3871163799a3dcfb69b63683
user24	777	214	1269045719078	0	0	904b3871163799a3dcfb69b63683
user24	787	214	1269045719086	0	0	904b3871163799a3dcfb69b63683
user24	794	214	1269045719095	0	0	904b3871163799a3dcfb69b63683
user24	807	210	1269045719124	0	0	904b3871163799a3dcfb69b63683
user24	786	181	1269045719233	0	0	904b3871163799a3dcfb69b63683
user24	780	176	1269045719248	0	0	904b3871163799a3dcfb69b63683
user24	778	175	1269045719254	0	0	904b3871163799a3dcfb69b63683
user24	776	174	1269045719262	0	0	904b3871163799a3dcfb69b63683
user24	774	173	1269045719270	0	0	904b3871163799a3dcfb69b63683
user24	773	173	1269045719286	0	0	904b3871163799a3dcfb69b63683
user24	773	172	1269045719382	0	0	904b3871163799a3dcfb69b63683
user24	773	172	1269045719384	1269045719327	1269045719384	904b3871163799a3dcfb69b63683
user24	773	172	1269045719623	1269045719455	1269045719623	904b3871163799a3dcfb69b63683
user24	769	172	1269045724350	0	0	904b3871163799a3dcfb69b63683
user24	759	176	1269045724358	0	0	904b3871163799a3dcfb69b63683
user24	739	179	1269045724366	0	0	904b3871163799a3dcfb69b63683
user24	707	186	1269045724374	0	0	904b3871163799a3dcfb69b63683
user24	663	194	1269045724382	0	0	904b3871163799a3dcfb69b63683
user24	619	207	1269045724390	0	0	904b3871163799a3dcfb69b63683
user24	566	222	1269045724398	0	0	904b3871163799a3dcfb69b63683
user24	516	240	1269045724407	0	0	904b3871163799a3dcfb69b63683
user24	477	263	1269045724414	0	0	904b3871163799a3dcfb69b63683
user24	460	283	1269045724422	0	0	904b3871163799a3dcfb69b63683
user24	454	306	1269045724430	0	0	904b3871163799a3dcfb69b63683
user24	454	331	1269045724438	0	0	904b3871163799a3dcfb69b63683
user24	461	356	1269045724446	0	0	904b3871163799a3dcfb69b63683
user24	474	383	1269045724454	0	0	904b3871163799a3dcfb69b63683
user24	494	413	1269045724462	0	0	904b3871163799a3dcfb69b63683
user24	513	439	1269045724470	0	0	904b3871163799a3dcfb69b63683
user24	533	464	1269045724478	0	0	904b3871163799a3dcfb69b63683
user24	553	485	1269045724486	0	0	904b3871163799a3dcfb69b63683
user24	571	500	1269045724494	0	0	904b3871163799a3dcfb69b63683
user24	585	511	1269045724502	0	0	904b3871163799a3dcfb69b63683
user24	596	516	1269045724510	0	0	904b3871163799a3dcfb69b63683
user24	606	521	1269045724518	0	0	904b3871163799a3dcfb69b63683
user24	615	523	1269045724526	0	0	904b3871163799a3dcfb69b63683
user24	623	524	1269045724534	0	0	904b3871163799a3dcfb69b63683
user24	632	525	1269045724542	0	0	904b3871163799a3dcfb69b63683
user24	639	526	1269045724551	0	0	904b3871163799a3dcfb69b63683
user24	646	527	1269045724558	0	0	904b3871163799a3dcfb69b63683
user24	654	528	1269045724566	0	0	904b3871163799a3dcfb69b63683
user24	660	530	1269045724574	0	0	904b3871163799a3dcfb69b63683
user24	666	531	1269045724582	0	0	904b3871163799a3dcfb69b63683
user24	672	533	1269045724590	0	0	904b3871163799a3dcfb69b63683
user24	676	534	1269045724598	0	0	904b3871163799a3dcfb69b63683
user24	679	535	1269045724606	0	0	904b3871163799a3dcfb69b63683
user24	682	535	1269045724614	0	0	904b3871163799a3dcfb69b63683
user24	684	535	1269045724622	0	0	904b3871163799a3dcfb69b63683
user24	687	535	1269045724630	0	0	904b3871163799a3dcfb69b63683
user24	689	535	1269045724638	0	0	904b3871163799a3dcfb69b63683
user24	692	533	1269045724646	0	0	904b3871163799a3dcfb69b63683
user24	696	530	1269045724654	0	0	904b3871163799a3dcfb69b63683
user24	701	522	1269045724663	0	0	904b3871163799a3dcfb69b63683
user24	707	512	1269045724670	0	0	904b3871163799a3dcfb69b63683
user24	713	499	1269045724678	0	0	904b3871163799a3dcfb69b63683
user24	717	483	1269045724686	0	0	904b3871163799a3dcfb69b63683
user24	723	461	1269045724694	0	0	904b3871163799a3dcfb69b63683
user24	730	436	1269045724702	0	0	904b3871163799a3dcfb69b63683
user24	736	414	1269045724710	0	0	904b3871163799a3dcfb69b63683
user24	741	392	1269045724718	0	0	904b3871163799a3dcfb69b63683
user24	747	375	1269045724726	0	0	904b3871163799a3dcfb69b63683
user24	753	360	1269045724734	0	0	904b3871163799a3dcfb69b63683
user24	758	347	1269045724742	0	0	904b3871163799a3dcfb69b63683
user24	763	334	1269045724750	0	0	904b3871163799a3dcfb69b63683
user24	767	323	1269045724758	0	0	904b3871163799a3dcfb69b63683
user24	770	312	1269045724766	0	0	904b3871163799a3dcfb69b63683
user24	772	304	1269045724774	0	0	904b3871163799a3dcfb69b63683
user24	775	296	1269045724782	0	0	904b3871163799a3dcfb69b63683
user24	777	292	1269045724790	0	0	904b3871163799a3dcfb69b63683
user24	779	289	1269045724799	0	0	904b3871163799a3dcfb69b63683
user24	779	287	1269045724806	0	0	904b3871163799a3dcfb69b63683
user24	780	286	1269045724814	0	0	904b3871163799a3dcfb69b63683
user24	780	285	1269045724822	0	0	904b3871163799a3dcfb69b63683
user24	781	285	1269045724886	0	0	904b3871163799a3dcfb69b63683
user24	782	285	1269045724895	0	0	904b3871163799a3dcfb69b63683
user24	783	285	1269045724902	0	0	904b3871163799a3dcfb69b63683
user24	784	285	1269045724910	0	0	904b3871163799a3dcfb69b63683
user24	788	285	1269045724919	0	0	904b3871163799a3dcfb69b63683
user24	791	285	1269045724926	0	0	904b3871163799a3dcfb69b63683
user24	795	285	1269045724934	0	0	904b3871163799a3dcfb69b63683
user24	798	285	1269045724942	0	0	904b3871163799a3dcfb69b63683
user24	800	285	1269045724950	0	0	904b3871163799a3dcfb69b63683
user24	802	285	1269045724958	0	0	904b3871163799a3dcfb69b63683
user24	804	285	1269045724966	0	0	904b3871163799a3dcfb69b63683
user24	806	284	1269045724974	0	0	904b3871163799a3dcfb69b63683
user24	808	284	1269045724982	0	0	904b3871163799a3dcfb69b63683
user24	809	284	1269045724990	0	0	904b3871163799a3dcfb69b63683
user24	811	284	1269045724998	0	0	904b3871163799a3dcfb69b63683
user24	813	284	1269045725006	0	0	904b3871163799a3dcfb69b63683
user24	814	283	1269045725014	0	0	904b3871163799a3dcfb69b63683
user24	815	283	1269045725038	0	0	904b3871163799a3dcfb69b63683
user24	815	283	1269045725127	1269045725040	1269045725127	904b3871163799a3dcfb69b63683
user24	820	360	1269045837544	0	0	904b3871163799a3dcfb69b63683
user24	812	358	1269045837547	0	0	904b3871163799a3dcfb69b63683
user24	801	355	1269045837556	0	0	904b3871163799a3dcfb69b63683
user24	787	352	1269045837563	0	0	904b3871163799a3dcfb69b63683
user24	773	348	1269045837576	0	0	904b3871163799a3dcfb69b63683
user24	759	345	1269045837579	0	0	904b3871163799a3dcfb69b63683
user24	741	340	1269045837610	0	0	904b3871163799a3dcfb69b63683
user24	643	310	1269045837624	0	0	904b3871163799a3dcfb69b63683
user24	585	295	1269045837640	0	0	904b3871163799a3dcfb69b63683
user24	555	287	1269045837643	0	0	904b3871163799a3dcfb69b63683
user24	527	280	1269045837651	0	0	904b3871163799a3dcfb69b63683
user24	502	274	1269045837659	0	0	904b3871163799a3dcfb69b63683
user24	484	272	1269045837667	0	0	904b3871163799a3dcfb69b63683
user24	466	269	1269045837675	0	0	904b3871163799a3dcfb69b63683
user24	453	268	1269045837683	0	0	904b3871163799a3dcfb69b63683
user24	441	268	1269045837691	0	0	904b3871163799a3dcfb69b63683
user24	433	268	1269045837699	0	0	904b3871163799a3dcfb69b63683
user24	423	268	1269045837707	0	0	904b3871163799a3dcfb69b63683
user24	417	270	1269045837715	0	0	904b3871163799a3dcfb69b63683
user24	412	272	1269045837723	0	0	904b3871163799a3dcfb69b63683
user24	407	274	1269045837731	0	0	904b3871163799a3dcfb69b63683
user24	402	276	1269045837739	0	0	904b3871163799a3dcfb69b63683
user24	399	277	1269045837747	0	0	904b3871163799a3dcfb69b63683
user24	394	280	1269045837755	0	0	904b3871163799a3dcfb69b63683
user24	391	282	1269045837763	0	0	904b3871163799a3dcfb69b63683
user24	387	283	1269045837771	0	0	904b3871163799a3dcfb69b63683
user24	383	285	1269045837779	0	0	904b3871163799a3dcfb69b63683
user24	379	287	1269045837787	0	0	904b3871163799a3dcfb69b63683
user24	377	289	1269045837795	0	0	904b3871163799a3dcfb69b63683
user24	374	289	1269045837803	0	0	904b3871163799a3dcfb69b63683
user24	372	289	1269045837811	0	0	904b3871163799a3dcfb69b63683
user24	369	290	1269045837819	0	0	904b3871163799a3dcfb69b63683
user24	367	290	1269045837827	0	0	904b3871163799a3dcfb69b63683
user24	366	290	1269045837835	0	0	904b3871163799a3dcfb69b63683
user24	368	290	1269045837899	0	0	904b3871163799a3dcfb69b63683
user24	374	290	1269045837907	0	0	904b3871163799a3dcfb69b63683
user24	379	290	1269045837915	0	0	904b3871163799a3dcfb69b63683
user24	386	290	1269045837923	0	0	904b3871163799a3dcfb69b63683
user24	393	291	1269045837931	0	0	904b3871163799a3dcfb69b63683
user24	401	294	1269045837939	0	0	904b3871163799a3dcfb69b63683
user24	409	297	1269045837947	0	0	904b3871163799a3dcfb69b63683
user24	419	302	1269045837955	0	0	904b3871163799a3dcfb69b63683
user24	431	309	1269045837963	0	0	904b3871163799a3dcfb69b63683
user24	442	317	1269045837971	0	0	904b3871163799a3dcfb69b63683
user24	456	327	1269045837979	0	0	904b3871163799a3dcfb69b63683
user24	467	335	1269045837987	0	0	904b3871163799a3dcfb69b63683
user24	476	344	1269045837995	0	0	904b3871163799a3dcfb69b63683
user24	485	353	1269045838003	0	0	904b3871163799a3dcfb69b63683
user24	493	364	1269045838011	0	0	904b3871163799a3dcfb69b63683
user24	499	374	1269045838019	0	0	904b3871163799a3dcfb69b63683
user24	504	386	1269045838027	0	0	904b3871163799a3dcfb69b63683
user24	508	400	1269045838035	0	0	904b3871163799a3dcfb69b63683
user24	512	417	1269045838043	0	0	904b3871163799a3dcfb69b63683
user24	515	435	1269045838051	0	0	904b3871163799a3dcfb69b63683
user24	518	456	1269045838059	0	0	904b3871163799a3dcfb69b63683
user24	520	472	1269045838067	0	0	904b3871163799a3dcfb69b63683
user24	521	487	1269045838075	0	0	904b3871163799a3dcfb69b63683
user24	523	498	1269045838083	0	0	904b3871163799a3dcfb69b63683
user24	526	508	1269045838091	0	0	904b3871163799a3dcfb69b63683
user24	527	515	1269045838099	0	0	904b3871163799a3dcfb69b63683
user24	527	520	1269045838107	0	0	904b3871163799a3dcfb69b63683
user24	527	525	1269045838115	0	0	904b3871163799a3dcfb69b63683
user24	528	528	1269045838123	0	0	904b3871163799a3dcfb69b63683
user24	528	530	1269045838131	0	0	904b3871163799a3dcfb69b63683
user24	529	532	1269045838139	0	0	904b3871163799a3dcfb69b63683
user24	530	534	1269045838155	0	0	904b3871163799a3dcfb69b63683
user24	532	534	1269045838171	0	0	904b3871163799a3dcfb69b63683
user24	535	534	1269045838187	0	0	904b3871163799a3dcfb69b63683
user24	539	533	1269045838195	0	0	904b3871163799a3dcfb69b63683
user24	545	528	1269045838203	0	0	904b3871163799a3dcfb69b63683
user24	550	524	1269045838211	0	0	904b3871163799a3dcfb69b63683
user24	555	521	1269045838219	0	0	904b3871163799a3dcfb69b63683
user24	559	520	1269045838227	0	0	904b3871163799a3dcfb69b63683
user24	561	519	1269045838235	0	0	904b3871163799a3dcfb69b63683
user24	564	519	1269045838243	0	0	904b3871163799a3dcfb69b63683
user24	566	519	1269045838251	0	0	904b3871163799a3dcfb69b63683
user24	567	519	1269045838267	0	0	904b3871163799a3dcfb69b63683
user24	568	519	1269045838275	0	0	904b3871163799a3dcfb69b63683
user24	569	519	1269045838283	0	0	904b3871163799a3dcfb69b63683
user24	570	520	1269045838291	0	0	904b3871163799a3dcfb69b63683
user24	571	521	1269045838299	0	0	904b3871163799a3dcfb69b63683
user24	573	522	1269045838307	0	0	904b3871163799a3dcfb69b63683
user24	574	525	1269045838315	0	0	904b3871163799a3dcfb69b63683
user24	576	528	1269045838323	0	0	904b3871163799a3dcfb69b63683
user24	578	531	1269045838331	0	0	904b3871163799a3dcfb69b63683
user24	579	536	1269045838339	0	0	904b3871163799a3dcfb69b63683
user24	580	539	1269045838347	0	0	904b3871163799a3dcfb69b63683
user24	581	544	1269045838355	0	0	904b3871163799a3dcfb69b63683
user24	582	548	1269045838363	0	0	904b3871163799a3dcfb69b63683
user24	583	553	1269045838371	0	0	904b3871163799a3dcfb69b63683
user24	583	556	1269045838379	0	0	904b3871163799a3dcfb69b63683
user24	583	559	1269045838387	0	0	904b3871163799a3dcfb69b63683
user24	584	561	1269045838395	0	0	904b3871163799a3dcfb69b63683
user24	584	562	1269045838403	0	0	904b3871163799a3dcfb69b63683
user24	584	564	1269045838412	0	0	904b3871163799a3dcfb69b63683
user24	584	565	1269045838427	0	0	904b3871163799a3dcfb69b63683
user24	585	566	1269045838507	0	0	904b3871163799a3dcfb69b63683
user24	586	566	1269045838531	0	0	904b3871163799a3dcfb69b63683
user24	587	566	1269045838547	0	0	904b3871163799a3dcfb69b63683
user24	588	566	1269045838555	0	0	904b3871163799a3dcfb69b63683
user24	589	566	1269045838563	0	0	904b3871163799a3dcfb69b63683
user24	592	567	1269045838579	0	0	904b3871163799a3dcfb69b63683
user24	593	567	1269045838587	0	0	904b3871163799a3dcfb69b63683
user24	595	568	1269045838595	0	0	904b3871163799a3dcfb69b63683
user24	596	568	1269045838603	0	0	904b3871163799a3dcfb69b63683
user24	599	568	1269045838611	0	0	904b3871163799a3dcfb69b63683
user24	601	569	1269045838619	0	0	904b3871163799a3dcfb69b63683
user24	603	569	1269045838627	0	0	904b3871163799a3dcfb69b63683
user24	604	569	1269045838635	0	0	904b3871163799a3dcfb69b63683
user24	606	569	1269045838643	0	0	904b3871163799a3dcfb69b63683
user24	607	569	1269045838659	0	0	904b3871163799a3dcfb69b63683
user24	608	569	1269045838747	0	0	904b3871163799a3dcfb69b63683
user24	608	571	1269045838771	0	0	904b3871163799a3dcfb69b63683
user24	607	572	1269045838787	0	0	904b3871163799a3dcfb69b63683
user24	605	573	1269045838795	0	0	904b3871163799a3dcfb69b63683
user24	604	573	1269045838803	0	0	904b3871163799a3dcfb69b63683
user24	603	573	1269045838811	0	0	904b3871163799a3dcfb69b63683
user24	601	573	1269045838819	0	0	904b3871163799a3dcfb69b63683
user24	600	574	1269045838827	0	0	904b3871163799a3dcfb69b63683
user24	598	574	1269045838835	0	0	904b3871163799a3dcfb69b63683
user24	595	574	1269045838843	0	0	904b3871163799a3dcfb69b63683
user24	594	574	1269045838851	0	0	904b3871163799a3dcfb69b63683
user24	593	574	1269045838859	0	0	904b3871163799a3dcfb69b63683
user24	592	574	1269045838867	0	0	904b3871163799a3dcfb69b63683
user24	591	574	1269045838875	0	0	904b3871163799a3dcfb69b63683
user24	590	574	1269045838883	0	0	904b3871163799a3dcfb69b63683
user24	590	573	1269045838955	0	0	904b3871163799a3dcfb69b63683
user24	590	572	1269045838979	0	0	904b3871163799a3dcfb69b63683
user24	591	572	1269045839075	0	0	904b3871163799a3dcfb69b63683
user24	591	572	1269045839235	1269045839019	1269045839235	904b3871163799a3dcfb69b63683
user24	709	236	1269045842995	0	0	904b3871163799a3dcfb69b63683
user24	708	237	1269045843003	0	0	904b3871163799a3dcfb69b63683
user24	705	239	1269045843011	0	0	904b3871163799a3dcfb69b63683
user24	703	242	1269045843018	0	0	904b3871163799a3dcfb69b63683
user24	701	244	1269045843026	0	0	904b3871163799a3dcfb69b63683
user24	699	247	1269045843034	0	0	904b3871163799a3dcfb69b63683
user24	695	252	1269045843043	0	0	904b3871163799a3dcfb69b63683
user24	691	258	1269045843050	0	0	904b3871163799a3dcfb69b63683
user24	686	265	1269045843059	0	0	904b3871163799a3dcfb69b63683
user24	681	271	1269045843067	0	0	904b3871163799a3dcfb69b63683
user24	676	278	1269045843074	0	0	904b3871163799a3dcfb69b63683
user24	672	285	1269045843082	0	0	904b3871163799a3dcfb69b63683
user24	668	292	1269045843090	0	0	904b3871163799a3dcfb69b63683
user24	663	299	1269045843099	0	0	904b3871163799a3dcfb69b63683
user24	659	306	1269045843106	0	0	904b3871163799a3dcfb69b63683
user24	655	313	1269045843115	0	0	904b3871163799a3dcfb69b63683
user24	652	318	1269045843123	0	0	904b3871163799a3dcfb69b63683
user24	649	324	1269045843131	0	0	904b3871163799a3dcfb69b63683
user24	647	329	1269045843139	0	0	904b3871163799a3dcfb69b63683
user24	645	333	1269045843147	0	0	904b3871163799a3dcfb69b63683
user24	643	338	1269045843155	0	0	904b3871163799a3dcfb69b63683
user24	640	341	1269045843163	0	0	904b3871163799a3dcfb69b63683
user24	638	346	1269045843171	0	0	904b3871163799a3dcfb69b63683
user24	635	352	1269045843179	0	0	904b3871163799a3dcfb69b63683
user24	632	357	1269045843187	0	0	904b3871163799a3dcfb69b63683
user24	629	364	1269045843195	0	0	904b3871163799a3dcfb69b63683
user24	625	370	1269045843203	0	0	904b3871163799a3dcfb69b63683
user24	620	379	1269045843211	0	0	904b3871163799a3dcfb69b63683
user24	614	388	1269045843219	0	0	904b3871163799a3dcfb69b63683
user24	610	398	1269045843227	0	0	904b3871163799a3dcfb69b63683
user24	604	408	1269045843235	0	0	904b3871163799a3dcfb69b63683
user24	598	419	1269045843243	0	0	904b3871163799a3dcfb69b63683
user24	594	431	1269045843250	0	0	904b3871163799a3dcfb69b63683
user24	588	441	1269045843259	0	0	904b3871163799a3dcfb69b63683
user24	584	451	1269045843267	0	0	904b3871163799a3dcfb69b63683
user24	578	460	1269045843275	0	0	904b3871163799a3dcfb69b63683
user24	575	469	1269045843283	0	0	904b3871163799a3dcfb69b63683
user24	569	478	1269045843290	0	0	904b3871163799a3dcfb69b63683
user24	565	486	1269045843299	0	0	904b3871163799a3dcfb69b63683
user24	560	495	1269045843306	0	0	904b3871163799a3dcfb69b63683
user24	554	503	1269045843315	0	0	904b3871163799a3dcfb69b63683
user24	549	511	1269045843323	0	0	904b3871163799a3dcfb69b63683
user24	542	518	1269045843330	0	0	904b3871163799a3dcfb69b63683
user24	536	526	1269045843338	0	0	904b3871163799a3dcfb69b63683
user24	531	532	1269045843347	0	0	904b3871163799a3dcfb69b63683
user24	526	537	1269045843355	0	0	904b3871163799a3dcfb69b63683
user24	520	542	1269045843363	0	0	904b3871163799a3dcfb69b63683
user24	516	546	1269045843371	0	0	904b3871163799a3dcfb69b63683
user24	513	549	1269045843379	0	0	904b3871163799a3dcfb69b63683
user24	508	552	1269045843387	0	0	904b3871163799a3dcfb69b63683
user24	505	554	1269045843395	0	0	904b3871163799a3dcfb69b63683
user24	499	557	1269045843403	0	0	904b3871163799a3dcfb69b63683
user24	494	560	1269045843411	0	0	904b3871163799a3dcfb69b63683
user24	488	563	1269045843419	0	0	904b3871163799a3dcfb69b63683
user24	481	566	1269045843427	0	0	904b3871163799a3dcfb69b63683
user24	475	569	1269045843434	0	0	904b3871163799a3dcfb69b63683
user24	467	572	1269045843443	0	0	904b3871163799a3dcfb69b63683
user24	460	576	1269045843450	0	0	904b3871163799a3dcfb69b63683
user24	454	579	1269045843459	0	0	904b3871163799a3dcfb69b63683
user24	448	581	1269045843467	0	0	904b3871163799a3dcfb69b63683
user24	442	583	1269045843475	0	0	904b3871163799a3dcfb69b63683
user24	436	584	1269045843482	0	0	904b3871163799a3dcfb69b63683
user24	432	584	1269045843490	0	0	904b3871163799a3dcfb69b63683
user24	429	584	1269045843498	0	0	904b3871163799a3dcfb69b63683
user24	426	584	1269045843506	0	0	904b3871163799a3dcfb69b63683
user24	422	584	1269045843515	0	0	904b3871163799a3dcfb69b63683
user24	418	584	1269045843523	0	0	904b3871163799a3dcfb69b63683
user24	413	580	1269045843531	0	0	904b3871163799a3dcfb69b63683
user24	409	576	1269045843539	0	0	904b3871163799a3dcfb69b63683
user24	404	572	1269045843547	0	0	904b3871163799a3dcfb69b63683
user24	397	568	1269045843554	0	0	904b3871163799a3dcfb69b63683
user24	394	565	1269045843563	0	0	904b3871163799a3dcfb69b63683
user24	389	561	1269045843571	0	0	904b3871163799a3dcfb69b63683
user24	386	559	1269045843579	0	0	904b3871163799a3dcfb69b63683
user24	382	557	1269045843587	0	0	904b3871163799a3dcfb69b63683
user24	379	555	1269045843595	0	0	904b3871163799a3dcfb69b63683
user24	375	553	1269045843603	0	0	904b3871163799a3dcfb69b63683
user24	372	553	1269045843611	0	0	904b3871163799a3dcfb69b63683
user24	369	552	1269045843619	0	0	904b3871163799a3dcfb69b63683
user24	367	552	1269045843627	0	0	904b3871163799a3dcfb69b63683
user24	364	552	1269045843635	0	0	904b3871163799a3dcfb69b63683
user24	361	552	1269045843643	0	0	904b3871163799a3dcfb69b63683
user24	358	552	1269045843651	0	0	904b3871163799a3dcfb69b63683
user24	355	552	1269045843659	0	0	904b3871163799a3dcfb69b63683
user24	351	552	1269045843667	0	0	904b3871163799a3dcfb69b63683
user24	348	552	1269045843675	0	0	904b3871163799a3dcfb69b63683
user24	345	552	1269045843683	0	0	904b3871163799a3dcfb69b63683
user24	342	552	1269045843691	0	0	904b3871163799a3dcfb69b63683
user24	339	552	1269045843699	0	0	904b3871163799a3dcfb69b63683
user24	337	552	1269045843707	0	0	904b3871163799a3dcfb69b63683
user24	335	552	1269045843715	0	0	904b3871163799a3dcfb69b63683
user24	332	552	1269045843723	0	0	904b3871163799a3dcfb69b63683
user24	331	550	1269045843731	0	0	904b3871163799a3dcfb69b63683
user24	329	549	1269045843739	0	0	904b3871163799a3dcfb69b63683
user24	329	548	1269045843747	0	0	904b3871163799a3dcfb69b63683
user24	328	544	1269045843755	0	0	904b3871163799a3dcfb69b63683
user24	328	541	1269045843763	0	0	904b3871163799a3dcfb69b63683
user24	327	536	1269045843771	0	0	904b3871163799a3dcfb69b63683
user24	327	532	1269045843779	0	0	904b3871163799a3dcfb69b63683
user24	327	526	1269045843787	0	0	904b3871163799a3dcfb69b63683
user24	327	523	1269045843795	0	0	904b3871163799a3dcfb69b63683
user24	327	520	1269045843803	0	0	904b3871163799a3dcfb69b63683
user24	327	518	1269045843811	0	0	904b3871163799a3dcfb69b63683
user24	328	517	1269045843819	0	0	904b3871163799a3dcfb69b63683
user24	328	515	1269045843827	0	0	904b3871163799a3dcfb69b63683
user24	328	514	1269045843835	0	0	904b3871163799a3dcfb69b63683
user24	328	512	1269045843851	0	0	904b3871163799a3dcfb69b63683
user24	327	512	1269045843891	0	0	904b3871163799a3dcfb69b63683
user24	327	511	1269045843998	0	0	904b3871163799a3dcfb69b63683
user24	327	511	1269045844143	1269045844005	1269045844143	904b3871163799a3dcfb69b63683
user24	326	510	1269045844195	0	0	904b3871163799a3dcfb69b63683
user24	325	509	1269045844203	0	0	904b3871163799a3dcfb69b63683
user24	323	508	1269045844211	0	0	904b3871163799a3dcfb69b63683
user24	322	506	1269045844219	0	0	904b3871163799a3dcfb69b63683
user24	321	505	1269045844227	0	0	904b3871163799a3dcfb69b63683
user24	319	503	1269045844235	0	0	904b3871163799a3dcfb69b63683
user24	319	501	1269045844243	0	0	904b3871163799a3dcfb69b63683
user24	317	501	1269045844251	0	0	904b3871163799a3dcfb69b63683
user24	317	499	1269045844259	0	0	904b3871163799a3dcfb69b63683
user24	317	499	1269045844403	1269045844283	1269045844403	904b3871163799a3dcfb69b63683
user24	317	499	1269045844587	1269045844459	1269045844587	904b3871163799a3dcfb69b63683
user24	315	498	1269045847859	0	0	904b3871163799a3dcfb69b63683
user24	313	497	1269045847867	0	0	904b3871163799a3dcfb69b63683
user24	307	497	1269045847875	0	0	904b3871163799a3dcfb69b63683
user24	292	503	1269045847883	0	0	904b3871163799a3dcfb69b63683
user24	266	515	1269045847891	0	0	904b3871163799a3dcfb69b63683
user24	231	531	1269045847899	0	0	904b3871163799a3dcfb69b63683
user24	188	553	1269045847907	0	0	904b3871163799a3dcfb69b63683
user24	156	567	1269045847914	0	0	904b3871163799a3dcfb69b63683
user24	141	573	1269045847922	0	0	904b3871163799a3dcfb69b63683
user24	138	573	1269045847930	0	0	904b3871163799a3dcfb69b63683
user24	142	571	1269045847946	0	0	904b3871163799a3dcfb69b63683
user24	147	570	1269045847954	0	0	904b3871163799a3dcfb69b63683
user24	154	569	1269045847962	0	0	904b3871163799a3dcfb69b63683
user24	164	569	1269045847970	0	0	904b3871163799a3dcfb69b63683
user24	178	569	1269045847978	0	0	904b3871163799a3dcfb69b63683
user24	195	573	1269045847986	0	0	904b3871163799a3dcfb69b63683
user24	217	579	1269045847995	0	0	904b3871163799a3dcfb69b63683
user24	245	587	1269045848002	0	0	904b3871163799a3dcfb69b63683
user24	270	593	1269045848010	0	0	904b3871163799a3dcfb69b63683
user24	290	601	1269045848019	0	0	904b3871163799a3dcfb69b63683
user24	304	604	1269045848026	0	0	904b3871163799a3dcfb69b63683
user24	317	606	1269045848035	0	0	904b3871163799a3dcfb69b63683
user24	329	607	1269045848042	0	0	904b3871163799a3dcfb69b63683
user24	339	609	1269045848051	0	0	904b3871163799a3dcfb69b63683
user24	347	610	1269045848059	0	0	904b3871163799a3dcfb69b63683
user24	356	610	1269045848066	0	0	904b3871163799a3dcfb69b63683
user24	363	610	1269045848074	0	0	904b3871163799a3dcfb69b63683
user24	370	610	1269045848083	0	0	904b3871163799a3dcfb69b63683
user24	375	610	1269045848090	0	0	904b3871163799a3dcfb69b63683
user24	382	607	1269045848098	0	0	904b3871163799a3dcfb69b63683
user24	387	605	1269045848106	0	0	904b3871163799a3dcfb69b63683
user24	393	602	1269045848114	0	0	904b3871163799a3dcfb69b63683
user24	399	599	1269045848122	0	0	904b3871163799a3dcfb69b63683
user24	403	596	1269045848130	0	0	904b3871163799a3dcfb69b63683
user24	408	594	1269045848138	0	0	904b3871163799a3dcfb69b63683
user24	412	594	1269045848146	0	0	904b3871163799a3dcfb69b63683
user24	417	592	1269045848154	0	0	904b3871163799a3dcfb69b63683
user24	421	592	1269045848162	0	0	904b3871163799a3dcfb69b63683
user24	424	591	1269045848170	0	0	904b3871163799a3dcfb69b63683
user24	429	591	1269045848179	0	0	904b3871163799a3dcfb69b63683
user24	432	591	1269045848189	0	0	904b3871163799a3dcfb69b63683
user24	436	590	1269045848195	0	0	904b3871163799a3dcfb69b63683
user24	441	588	1269045848202	0	0	904b3871163799a3dcfb69b63683
user24	447	586	1269045848211	0	0	904b3871163799a3dcfb69b63683
user24	452	583	1269045848218	0	0	904b3871163799a3dcfb69b63683
user24	456	580	1269045848227	0	0	904b3871163799a3dcfb69b63683
user24	462	576	1269045848235	0	0	904b3871163799a3dcfb69b63683
user24	469	571	1269045848242	0	0	904b3871163799a3dcfb69b63683
user24	474	567	1269045848251	0	0	904b3871163799a3dcfb69b63683
user24	479	562	1269045848259	0	0	904b3871163799a3dcfb69b63683
user24	483	556	1269045848267	0	0	904b3871163799a3dcfb69b63683
user24	487	551	1269045848275	0	0	904b3871163799a3dcfb69b63683
user24	489	547	1269045848283	0	0	904b3871163799a3dcfb69b63683
user24	491	544	1269045848291	0	0	904b3871163799a3dcfb69b63683
user24	493	541	1269045848299	0	0	904b3871163799a3dcfb69b63683
user24	493	539	1269045848307	0	0	904b3871163799a3dcfb69b63683
user24	493	538	1269045848315	0	0	904b3871163799a3dcfb69b63683
user24	493	537	1269045848328	0	0	904b3871163799a3dcfb69b63683
user24	493	536	1269045848347	0	0	904b3871163799a3dcfb69b63683
user24	493	536	1269045848526	1269045848489	1269045848526	904b3871163799a3dcfb69b63683
user24	448	194	1269045853968	0	0	904b3871163799a3dcfb69b63683
user24	449	194	1269045853986	0	0	904b3871163799a3dcfb69b63683
user24	451	194	1269045853995	0	0	904b3871163799a3dcfb69b63683
user24	453	194	1269045854002	0	0	904b3871163799a3dcfb69b63683
user24	458	195	1269045854010	0	0	904b3871163799a3dcfb69b63683
user24	463	196	1269045854018	0	0	904b3871163799a3dcfb69b63683
user24	470	197	1269045854026	0	0	904b3871163799a3dcfb69b63683
user24	479	199	1269045854034	0	0	904b3871163799a3dcfb69b63683
user24	490	202	1269045854042	0	0	904b3871163799a3dcfb69b63683
user24	504	206	1269045854050	0	0	904b3871163799a3dcfb69b63683
user24	522	211	1269045854058	0	0	904b3871163799a3dcfb69b63683
user24	544	215	1269045854066	0	0	904b3871163799a3dcfb69b63683
user24	566	223	1269045854074	0	0	904b3871163799a3dcfb69b63683
user24	592	232	1269045854082	0	0	904b3871163799a3dcfb69b63683
user24	618	244	1269045854090	0	0	904b3871163799a3dcfb69b63683
user24	645	255	1269045854098	0	0	904b3871163799a3dcfb69b63683
user24	668	266	1269045854106	0	0	904b3871163799a3dcfb69b63683
user24	690	279	1269045854114	0	0	904b3871163799a3dcfb69b63683
user24	709	291	1269045854122	0	0	904b3871163799a3dcfb69b63683
user24	726	302	1269045854130	0	0	904b3871163799a3dcfb69b63683
user24	738	311	1269045854138	0	0	904b3871163799a3dcfb69b63683
user24	728	464	1269045854280	0	0	904b3871163799a3dcfb69b63683
user24	721	473	1269045854283	0	0	904b3871163799a3dcfb69b63683
user24	713	480	1269045854290	0	0	904b3871163799a3dcfb69b63683
user24	706	488	1269045854298	0	0	904b3871163799a3dcfb69b63683
user24	698	495	1269045854306	0	0	904b3871163799a3dcfb69b63683
user24	690	501	1269045854314	0	0	904b3871163799a3dcfb69b63683
user24	683	505	1269045854322	0	0	904b3871163799a3dcfb69b63683
user24	674	511	1269045854330	0	0	904b3871163799a3dcfb69b63683
user24	664	517	1269045854338	0	0	904b3871163799a3dcfb69b63683
user24	655	521	1269045854346	0	0	904b3871163799a3dcfb69b63683
user24	645	525	1269045854354	0	0	904b3871163799a3dcfb69b63683
user24	637	530	1269045854362	0	0	904b3871163799a3dcfb69b63683
user24	629	533	1269045854370	0	0	904b3871163799a3dcfb69b63683
user24	621	537	1269045854378	0	0	904b3871163799a3dcfb69b63683
user24	616	541	1269045854386	0	0	904b3871163799a3dcfb69b63683
user24	608	545	1269045854394	0	0	904b3871163799a3dcfb69b63683
user24	602	549	1269045854402	0	0	904b3871163799a3dcfb69b63683
user24	596	553	1269045854410	0	0	904b3871163799a3dcfb69b63683
user24	593	555	1269045854418	0	0	904b3871163799a3dcfb69b63683
user24	588	559	1269045854427	0	0	904b3871163799a3dcfb69b63683
user24	583	561	1269045854434	0	0	904b3871163799a3dcfb69b63683
user24	580	563	1269045854443	0	0	904b3871163799a3dcfb69b63683
user24	575	565	1269045854450	0	0	904b3871163799a3dcfb69b63683
user24	572	565	1269045854458	0	0	904b3871163799a3dcfb69b63683
user24	567	566	1269045854466	0	0	904b3871163799a3dcfb69b63683
user24	563	568	1269045854474	0	0	904b3871163799a3dcfb69b63683
user24	559	570	1269045854482	0	0	904b3871163799a3dcfb69b63683
user24	556	571	1269045854490	0	0	904b3871163799a3dcfb69b63683
user24	553	572	1269045854498	0	0	904b3871163799a3dcfb69b63683
user24	551	573	1269045854506	0	0	904b3871163799a3dcfb69b63683
user24	549	574	1269045854514	0	0	904b3871163799a3dcfb69b63683
user24	548	575	1269045854522	0	0	904b3871163799a3dcfb69b63683
user24	546	577	1269045854530	0	0	904b3871163799a3dcfb69b63683
user24	545	577	1269045854538	0	0	904b3871163799a3dcfb69b63683
user24	545	579	1269045854547	0	0	904b3871163799a3dcfb69b63683
user24	544	579	1269045854554	0	0	904b3871163799a3dcfb69b63683
user24	544	580	1269045854562	0	0	904b3871163799a3dcfb69b63683
user24	544	582	1269045854571	0	0	904b3871163799a3dcfb69b63683
user24	543	583	1269045854578	0	0	904b3871163799a3dcfb69b63683
user24	543	584	1269045854586	0	0	904b3871163799a3dcfb69b63683
user24	543	585	1269045854594	0	0	904b3871163799a3dcfb69b63683
user24	543	586	1269045854602	0	0	904b3871163799a3dcfb69b63683
user24	543	588	1269045854610	0	0	904b3871163799a3dcfb69b63683
user24	543	589	1269045854618	0	0	904b3871163799a3dcfb69b63683
user24	543	590	1269045854626	0	0	904b3871163799a3dcfb69b63683
user24	543	592	1269045854634	0	0	904b3871163799a3dcfb69b63683
user24	544	594	1269045854650	0	0	904b3871163799a3dcfb69b63683
user24	545	595	1269045854658	0	0	904b3871163799a3dcfb69b63683
user24	545	596	1269045854666	0	0	904b3871163799a3dcfb69b63683
user24	547	597	1269045854674	0	0	904b3871163799a3dcfb69b63683
user24	547	598	1269045854682	0	0	904b3871163799a3dcfb69b63683
user24	549	599	1269045854690	0	0	904b3871163799a3dcfb69b63683
user24	550	600	1269045854698	0	0	904b3871163799a3dcfb69b63683
user24	552	601	1269045854706	0	0	904b3871163799a3dcfb69b63683
user24	553	601	1269045854714	0	0	904b3871163799a3dcfb69b63683
user24	555	602	1269045854722	0	0	904b3871163799a3dcfb69b63683
user24	556	602	1269045854730	0	0	904b3871163799a3dcfb69b63683
user24	558	602	1269045854738	0	0	904b3871163799a3dcfb69b63683
user24	560	602	1269045854746	0	0	904b3871163799a3dcfb69b63683
user24	561	602	1269045854754	0	0	904b3871163799a3dcfb69b63683
user24	563	601	1269045854762	0	0	904b3871163799a3dcfb69b63683
user24	565	600	1269045854770	0	0	904b3871163799a3dcfb69b63683
user24	567	599	1269045854779	0	0	904b3871163799a3dcfb69b63683
user24	570	598	1269045854786	0	0	904b3871163799a3dcfb69b63683
user24	572	597	1269045854794	0	0	904b3871163799a3dcfb69b63683
user24	575	596	1269045854802	0	0	904b3871163799a3dcfb69b63683
user24	577	595	1269045854810	0	0	904b3871163799a3dcfb69b63683
user24	580	595	1269045854818	0	0	904b3871163799a3dcfb69b63683
user24	583	595	1269045854826	0	0	904b3871163799a3dcfb69b63683
user24	586	595	1269045854834	0	0	904b3871163799a3dcfb69b63683
user24	588	594	1269045854842	0	0	904b3871163799a3dcfb69b63683
user24	590	594	1269045854850	0	0	904b3871163799a3dcfb69b63683
user24	593	593	1269045854858	0	0	904b3871163799a3dcfb69b63683
user24	595	593	1269045854866	0	0	904b3871163799a3dcfb69b63683
user24	597	593	1269045854874	0	0	904b3871163799a3dcfb69b63683
user24	599	593	1269045854882	0	0	904b3871163799a3dcfb69b63683
user24	600	592	1269045854890	0	0	904b3871163799a3dcfb69b63683
user24	603	592	1269045854898	0	0	904b3871163799a3dcfb69b63683
user24	604	592	1269045854906	0	0	904b3871163799a3dcfb69b63683
user24	606	591	1269045854915	0	0	904b3871163799a3dcfb69b63683
user24	607	591	1269045854922	0	0	904b3871163799a3dcfb69b63683
user24	609	591	1269045854930	0	0	904b3871163799a3dcfb69b63683
user24	610	591	1269045854938	0	0	904b3871163799a3dcfb69b63683
user24	611	591	1269045854946	0	0	904b3871163799a3dcfb69b63683
user24	613	591	1269045854954	0	0	904b3871163799a3dcfb69b63683
user24	614	591	1269045854962	0	0	904b3871163799a3dcfb69b63683
user24	615	591	1269045854970	0	0	904b3871163799a3dcfb69b63683
user24	616	591	1269045854978	0	0	904b3871163799a3dcfb69b63683
user24	618	591	1269045854986	0	0	904b3871163799a3dcfb69b63683
user24	619	591	1269045854994	0	0	904b3871163799a3dcfb69b63683
user24	621	591	1269045855002	0	0	904b3871163799a3dcfb69b63683
user24	623	591	1269045855010	0	0	904b3871163799a3dcfb69b63683
user24	624	591	1269045855018	0	0	904b3871163799a3dcfb69b63683
user24	625	591	1269045855026	0	0	904b3871163799a3dcfb69b63683
user24	628	591	1269045855034	0	0	904b3871163799a3dcfb69b63683
user24	629	591	1269045855042	0	0	904b3871163799a3dcfb69b63683
user24	630	591	1269045855050	0	0	904b3871163799a3dcfb69b63683
user24	633	591	1269045855058	0	0	904b3871163799a3dcfb69b63683
user24	635	591	1269045855066	0	0	904b3871163799a3dcfb69b63683
user24	637	591	1269045855074	0	0	904b3871163799a3dcfb69b63683
user24	639	591	1269045855082	0	0	904b3871163799a3dcfb69b63683
user24	791	557	1269045855646	0	0	904b3871163799a3dcfb69b63683
user24	793	557	1269045855656	0	0	904b3871163799a3dcfb69b63683
user24	794	557	1269045855658	0	0	904b3871163799a3dcfb69b63683
user24	801	554	1269045855690	0	0	904b3871163799a3dcfb69b63683
user24	802	553	1269045855698	0	0	904b3871163799a3dcfb69b63683
user24	803	553	1269045855706	0	0	904b3871163799a3dcfb69b63683
user24	804	552	1269045855715	0	0	904b3871163799a3dcfb69b63683
user24	805	552	1269045855724	0	0	904b3871163799a3dcfb69b63683
user24	806	551	1269045855731	0	0	904b3871163799a3dcfb69b63683
user24	807	551	1269045855750	0	0	904b3871163799a3dcfb69b63683
user24	808	551	1269045855825	0	0	904b3871163799a3dcfb69b63683
user24	809	551	1269045855978	0	0	904b3871163799a3dcfb69b63683
user24	809	551	1269045855979	1269045855827	1269045855979	904b3871163799a3dcfb69b63683
user24	808	551	1269045856066	0	0	904b3871163799a3dcfb69b63683
user24	807	551	1269045856082	0	0	904b3871163799a3dcfb69b63683
user24	805	552	1269045856090	0	0	904b3871163799a3dcfb69b63683
user24	803	552	1269045856098	0	0	904b3871163799a3dcfb69b63683
user24	800	553	1269045856106	0	0	904b3871163799a3dcfb69b63683
user24	796	555	1269045856114	0	0	904b3871163799a3dcfb69b63683
user24	794	555	1269045856122	0	0	904b3871163799a3dcfb69b63683
user24	791	556	1269045856130	0	0	904b3871163799a3dcfb69b63683
user24	788	557	1269045856138	0	0	904b3871163799a3dcfb69b63683
user24	785	558	1269045856146	0	0	904b3871163799a3dcfb69b63683
user24	780	560	1269045856154	0	0	904b3871163799a3dcfb69b63683
user24	778	560	1269045856162	0	0	904b3871163799a3dcfb69b63683
user24	774	561	1269045856170	0	0	904b3871163799a3dcfb69b63683
user24	771	562	1269045856178	0	0	904b3871163799a3dcfb69b63683
user24	768	563	1269045856186	0	0	904b3871163799a3dcfb69b63683
user24	767	564	1269045856194	0	0	904b3871163799a3dcfb69b63683
user24	765	564	1269045856202	0	0	904b3871163799a3dcfb69b63683
user24	763	564	1269045856210	0	0	904b3871163799a3dcfb69b63683
user24	762	564	1269045856218	0	0	904b3871163799a3dcfb69b63683
user24	761	564	1269045856226	0	0	904b3871163799a3dcfb69b63683
user24	759	564	1269045856234	0	0	904b3871163799a3dcfb69b63683
user24	757	564	1269045856250	0	0	904b3871163799a3dcfb69b63683
user24	756	565	1269045856266	0	0	904b3871163799a3dcfb69b63683
user24	755	565	1269045856274	0	0	904b3871163799a3dcfb69b63683
user24	753	565	1269045856282	0	0	904b3871163799a3dcfb69b63683
user24	752	565	1269045856290	0	0	904b3871163799a3dcfb69b63683
user24	751	566	1269045856298	0	0	904b3871163799a3dcfb69b63683
user24	748	566	1269045856306	0	0	904b3871163799a3dcfb69b63683
user24	745	566	1269045856314	0	0	904b3871163799a3dcfb69b63683
user24	742	566	1269045856322	0	0	904b3871163799a3dcfb69b63683
user24	739	566	1269045856330	0	0	904b3871163799a3dcfb69b63683
user24	735	566	1269045856338	0	0	904b3871163799a3dcfb69b63683
user24	733	566	1269045856346	0	0	904b3871163799a3dcfb69b63683
user24	729	567	1269045856354	0	0	904b3871163799a3dcfb69b63683
user24	726	567	1269045856362	0	0	904b3871163799a3dcfb69b63683
user24	723	567	1269045856370	0	0	904b3871163799a3dcfb69b63683
user24	720	567	1269045856378	0	0	904b3871163799a3dcfb69b63683
user24	716	568	1269045856386	0	0	904b3871163799a3dcfb69b63683
user24	712	568	1269045856394	0	0	904b3871163799a3dcfb69b63683
user24	709	568	1269045856402	0	0	904b3871163799a3dcfb69b63683
user24	705	568	1269045856410	0	0	904b3871163799a3dcfb69b63683
user24	701	569	1269045856418	0	0	904b3871163799a3dcfb69b63683
user24	696	569	1269045856426	0	0	904b3871163799a3dcfb69b63683
user24	692	569	1269045856434	0	0	904b3871163799a3dcfb69b63683
user24	688	569	1269045856442	0	0	904b3871163799a3dcfb69b63683
user24	682	569	1269045856450	0	0	904b3871163799a3dcfb69b63683
user24	678	569	1269045856458	0	0	904b3871163799a3dcfb69b63683
user24	675	570	1269045856466	0	0	904b3871163799a3dcfb69b63683
user24	671	570	1269045856474	0	0	904b3871163799a3dcfb69b63683
user24	668	570	1269045856482	0	0	904b3871163799a3dcfb69b63683
user24	665	570	1269045856490	0	0	904b3871163799a3dcfb69b63683
user24	662	570	1269045856498	0	0	904b3871163799a3dcfb69b63683
user24	660	570	1269045856506	0	0	904b3871163799a3dcfb69b63683
user24	657	571	1269045856514	0	0	904b3871163799a3dcfb69b63683
user24	655	571	1269045856522	0	0	904b3871163799a3dcfb69b63683
user24	653	571	1269045856530	0	0	904b3871163799a3dcfb69b63683
user24	650	572	1269045856538	0	0	904b3871163799a3dcfb69b63683
user24	648	572	1269045856546	0	0	904b3871163799a3dcfb69b63683
user24	646	572	1269045856554	0	0	904b3871163799a3dcfb69b63683
user24	645	573	1269045856562	0	0	904b3871163799a3dcfb69b63683
user24	643	573	1269045856570	0	0	904b3871163799a3dcfb69b63683
user24	642	573	1269045856578	0	0	904b3871163799a3dcfb69b63683
user24	641	573	1269045856586	0	0	904b3871163799a3dcfb69b63683
user24	639	573	1269045856595	0	0	904b3871163799a3dcfb69b63683
user24	638	574	1269045856602	0	0	904b3871163799a3dcfb69b63683
user24	636	574	1269045856610	0	0	904b3871163799a3dcfb69b63683
user24	634	574	1269045856618	0	0	904b3871163799a3dcfb69b63683
user24	633	575	1269045856626	0	0	904b3871163799a3dcfb69b63683
user24	631	575	1269045856634	0	0	904b3871163799a3dcfb69b63683
user24	630	575	1269045856642	0	0	904b3871163799a3dcfb69b63683
user24	628	576	1269045856650	0	0	904b3871163799a3dcfb69b63683
user24	626	576	1269045856658	0	0	904b3871163799a3dcfb69b63683
user24	625	576	1269045856666	0	0	904b3871163799a3dcfb69b63683
user24	622	576	1269045856682	0	0	904b3871163799a3dcfb69b63683
user24	620	577	1269045856698	0	0	904b3871163799a3dcfb69b63683
user24	619	577	1269045856706	0	0	904b3871163799a3dcfb69b63683
user24	618	578	1269045856714	0	0	904b3871163799a3dcfb69b63683
user24	616	578	1269045856722	0	0	904b3871163799a3dcfb69b63683
user24	614	578	1269045856730	0	0	904b3871163799a3dcfb69b63683
user24	613	578	1269045856738	0	0	904b3871163799a3dcfb69b63683
user24	612	578	1269045856746	0	0	904b3871163799a3dcfb69b63683
user24	610	578	1269045856754	0	0	904b3871163799a3dcfb69b63683
user24	609	578	1269045856762	0	0	904b3871163799a3dcfb69b63683
user24	608	578	1269045856778	0	0	904b3871163799a3dcfb69b63683
user24	607	578	1269045856786	0	0	904b3871163799a3dcfb69b63683
user24	606	578	1269045856794	0	0	904b3871163799a3dcfb69b63683
user24	605	578	1269045856802	0	0	904b3871163799a3dcfb69b63683
user24	604	578	1269045856818	0	0	904b3871163799a3dcfb69b63683
user24	603	578	1269045856834	0	0	904b3871163799a3dcfb69b63683
user24	602	578	1269045856858	0	0	904b3871163799a3dcfb69b63683
user24	601	577	1269045856882	0	0	904b3871163799a3dcfb69b63683
user24	601	576	1269045856922	0	0	904b3871163799a3dcfb69b63683
user24	601	575	1269045856962	0	0	904b3871163799a3dcfb69b63683
user24	601	574	1269045857002	0	0	904b3871163799a3dcfb69b63683
user24	601	574	1269045857211	1269045857035	1269045857211	904b3871163799a3dcfb69b63683
user24	449	118	1269045863252	0	0	904b3871163799a3dcfb69b63683
user24	545	149	1269045863287	0	0	904b3871163799a3dcfb69b63683
user24	573	157	1269045863290	0	0	904b3871163799a3dcfb69b63683
user24	597	163	1269045863298	0	0	904b3871163799a3dcfb69b63683
user24	623	171	1269045863306	0	0	904b3871163799a3dcfb69b63683
user24	645	177	1269045863314	0	0	904b3871163799a3dcfb69b63683
user24	665	184	1269045863322	0	0	904b3871163799a3dcfb69b63683
user24	682	189	1269045863330	0	0	904b3871163799a3dcfb69b63683
user24	695	194	1269045863338	0	0	904b3871163799a3dcfb69b63683
user24	706	197	1269045863346	0	0	904b3871163799a3dcfb69b63683
user24	715	200	1269045863354	0	0	904b3871163799a3dcfb69b63683
user24	722	205	1269045863362	0	0	904b3871163799a3dcfb69b63683
user24	727	207	1269045863370	0	0	904b3871163799a3dcfb69b63683
user24	730	208	1269045863378	0	0	904b3871163799a3dcfb69b63683
user24	733	210	1269045863386	0	0	904b3871163799a3dcfb69b63683
user24	736	212	1269045863394	0	0	904b3871163799a3dcfb69b63683
user24	738	214	1269045863402	0	0	904b3871163799a3dcfb69b63683
user24	739	215	1269045863410	0	0	904b3871163799a3dcfb69b63683
user24	740	216	1269045863418	0	0	904b3871163799a3dcfb69b63683
user24	740	217	1269045863426	0	0	904b3871163799a3dcfb69b63683
user24	740	219	1269045863434	0	0	904b3871163799a3dcfb69b63683
user24	740	220	1269045863450	0	0	904b3871163799a3dcfb69b63683
user24	740	222	1269045863466	0	0	904b3871163799a3dcfb69b63683
user24	738	222	1269045863474	0	0	904b3871163799a3dcfb69b63683
user24	736	224	1269045863482	0	0	904b3871163799a3dcfb69b63683
user24	734	225	1269045863490	0	0	904b3871163799a3dcfb69b63683
user24	732	226	1269045863498	0	0	904b3871163799a3dcfb69b63683
user24	728	227	1269045863506	0	0	904b3871163799a3dcfb69b63683
user24	726	229	1269045863514	0	0	904b3871163799a3dcfb69b63683
user24	723	229	1269045863522	0	0	904b3871163799a3dcfb69b63683
user24	720	231	1269045863530	0	0	904b3871163799a3dcfb69b63683
user24	716	232	1269045863538	0	0	904b3871163799a3dcfb69b63683
user24	712	234	1269045863546	0	0	904b3871163799a3dcfb69b63683
user24	706	236	1269045863554	0	0	904b3871163799a3dcfb69b63683
user24	700	238	1269045863562	0	0	904b3871163799a3dcfb69b63683
user24	692	240	1269045863570	0	0	904b3871163799a3dcfb69b63683
user24	682	242	1269045863578	0	0	904b3871163799a3dcfb69b63683
user24	670	246	1269045863586	0	0	904b3871163799a3dcfb69b63683
user24	656	251	1269045863594	0	0	904b3871163799a3dcfb69b63683
user24	639	258	1269045863602	0	0	904b3871163799a3dcfb69b63683
user24	618	267	1269045863610	0	0	904b3871163799a3dcfb69b63683
user24	597	276	1269045863618	0	0	904b3871163799a3dcfb69b63683
user24	574	287	1269045863626	0	0	904b3871163799a3dcfb69b63683
user24	550	296	1269045863634	0	0	904b3871163799a3dcfb69b63683
user24	529	307	1269045863642	0	0	904b3871163799a3dcfb69b63683
user24	508	316	1269045863650	0	0	904b3871163799a3dcfb69b63683
user24	490	326	1269045863658	0	0	904b3871163799a3dcfb69b63683
user24	477	331	1269045863666	0	0	904b3871163799a3dcfb69b63683
user24	464	338	1269045863674	0	0	904b3871163799a3dcfb69b63683
user24	453	343	1269045863682	0	0	904b3871163799a3dcfb69b63683
user24	443	346	1269045863690	0	0	904b3871163799a3dcfb69b63683
user24	435	349	1269045863698	0	0	904b3871163799a3dcfb69b63683
user24	428	351	1269045863706	0	0	904b3871163799a3dcfb69b63683
user24	422	353	1269045863714	0	0	904b3871163799a3dcfb69b63683
user24	417	354	1269045863722	0	0	904b3871163799a3dcfb69b63683
user24	411	355	1269045863730	0	0	904b3871163799a3dcfb69b63683
user24	405	356	1269045863738	0	0	904b3871163799a3dcfb69b63683
user24	399	357	1269045863746	0	0	904b3871163799a3dcfb69b63683
user24	395	357	1269045863754	0	0	904b3871163799a3dcfb69b63683
user24	391	357	1269045863762	0	0	904b3871163799a3dcfb69b63683
user24	389	357	1269045863770	0	0	904b3871163799a3dcfb69b63683
user24	386	357	1269045863778	0	0	904b3871163799a3dcfb69b63683
user24	384	357	1269045863786	0	0	904b3871163799a3dcfb69b63683
user24	382	356	1269045863794	0	0	904b3871163799a3dcfb69b63683
user24	380	355	1269045863802	0	0	904b3871163799a3dcfb69b63683
user24	378	352	1269045863810	0	0	904b3871163799a3dcfb69b63683
user24	375	346	1269045863818	0	0	904b3871163799a3dcfb69b63683
user24	373	340	1269045863826	0	0	904b3871163799a3dcfb69b63683
user24	370	333	1269045863834	0	0	904b3871163799a3dcfb69b63683
user24	369	323	1269045863842	0	0	904b3871163799a3dcfb69b63683
user24	369	314	1269045863850	0	0	904b3871163799a3dcfb69b63683
user24	369	305	1269045863858	0	0	904b3871163799a3dcfb69b63683
user24	376	296	1269045863866	0	0	904b3871163799a3dcfb69b63683
user24	383	289	1269045863874	0	0	904b3871163799a3dcfb69b63683
user24	396	282	1269045863882	0	0	904b3871163799a3dcfb69b63683
user24	411	275	1269045863890	0	0	904b3871163799a3dcfb69b63683
user24	430	271	1269045863898	0	0	904b3871163799a3dcfb69b63683
user24	453	265	1269045863906	0	0	904b3871163799a3dcfb69b63683
user24	476	264	1269045863914	0	0	904b3871163799a3dcfb69b63683
user24	502	261	1269045863922	0	0	904b3871163799a3dcfb69b63683
user24	530	261	1269045863930	0	0	904b3871163799a3dcfb69b63683
user24	558	261	1269045863938	0	0	904b3871163799a3dcfb69b63683
user24	587	265	1269045863946	0	0	904b3871163799a3dcfb69b63683
user24	617	268	1269045863954	0	0	904b3871163799a3dcfb69b63683
user24	644	274	1269045863962	0	0	904b3871163799a3dcfb69b63683
user24	672	283	1269045863970	0	0	904b3871163799a3dcfb69b63683
user24	695	290	1269045863978	0	0	904b3871163799a3dcfb69b63683
user24	715	297	1269045863986	0	0	904b3871163799a3dcfb69b63683
user24	736	306	1269045863994	0	0	904b3871163799a3dcfb69b63683
user24	749	313	1269045864002	0	0	904b3871163799a3dcfb69b63683
user24	760	319	1269045864010	0	0	904b3871163799a3dcfb69b63683
user24	769	322	1269045864020	0	0	904b3871163799a3dcfb69b63683
user24	775	325	1269045864026	0	0	904b3871163799a3dcfb69b63683
user24	777	327	1269045864034	0	0	904b3871163799a3dcfb69b63683
user24	778	327	1269045864147	0	0	904b3871163799a3dcfb69b63683
user24	778	327	1269045864149	1269045864051	1269045864149	904b3871163799a3dcfb69b63683
user24	778	324	1269045864170	0	0	904b3871163799a3dcfb69b63683
user24	776	316	1269045864178	0	0	904b3871163799a3dcfb69b63683
user24	773	309	1269045864186	0	0	904b3871163799a3dcfb69b63683
user24	768	298	1269045864194	0	0	904b3871163799a3dcfb69b63683
user24	763	286	1269045864202	0	0	904b3871163799a3dcfb69b63683
user24	755	272	1269045864210	0	0	904b3871163799a3dcfb69b63683
user24	748	258	1269045864218	0	0	904b3871163799a3dcfb69b63683
user24	739	244	1269045864226	0	0	904b3871163799a3dcfb69b63683
user24	731	233	1269045864234	0	0	904b3871163799a3dcfb69b63683
user24	715	212	1269045864251	0	0	904b3871163799a3dcfb69b63683
user24	707	205	1269045864258	0	0	904b3871163799a3dcfb69b63683
user24	701	198	1269045864266	0	0	904b3871163799a3dcfb69b63683
user24	695	192	1269045864274	0	0	904b3871163799a3dcfb69b63683
user24	681	169	1269045864597	0	0	904b3871163799a3dcfb69b63683
user24	681	169	1269045864623	1269045864611	1269045864623	904b3871163799a3dcfb69b63683
user24	509	50	1269045882050	0	0	904b3871163799a3dcfb69b63683
user24	509	54	1269045882057	0	0	904b3871163799a3dcfb69b63683
user24	513	67	1269045882074	0	0	904b3871163799a3dcfb69b63683
user24	516	77	1269045882082	0	0	904b3871163799a3dcfb69b63683
user24	520	87	1269045882089	0	0	904b3871163799a3dcfb69b63683
user24	526	98	1269045882097	0	0	904b3871163799a3dcfb69b63683
user24	532	113	1269045882106	0	0	904b3871163799a3dcfb69b63683
user24	540	128	1269045882113	0	0	904b3871163799a3dcfb69b63683
user24	548	144	1269045882122	0	0	904b3871163799a3dcfb69b63683
user24	556	162	1269045882129	0	0	904b3871163799a3dcfb69b63683
user24	563	180	1269045882137	0	0	904b3871163799a3dcfb69b63683
user24	569	193	1269045882145	0	0	904b3871163799a3dcfb69b63683
user24	575	205	1269045882153	0	0	904b3871163799a3dcfb69b63683
user24	579	218	1269045882161	0	0	904b3871163799a3dcfb69b63683
user24	583	229	1269045882169	0	0	904b3871163799a3dcfb69b63683
user24	585	240	1269045882177	0	0	904b3871163799a3dcfb69b63683
user24	585	251	1269045882185	0	0	904b3871163799a3dcfb69b63683
user24	585	262	1269045882193	0	0	904b3871163799a3dcfb69b63683
user24	585	272	1269045882201	0	0	904b3871163799a3dcfb69b63683
user24	581	283	1269045882210	0	0	904b3871163799a3dcfb69b63683
user24	577	291	1269045882217	0	0	904b3871163799a3dcfb69b63683
user24	573	299	1269045882225	0	0	904b3871163799a3dcfb69b63683
user24	568	305	1269045882233	0	0	904b3871163799a3dcfb69b63683
user24	564	310	1269045882241	0	0	904b3871163799a3dcfb69b63683
user24	560	314	1269045882250	0	0	904b3871163799a3dcfb69b63683
user24	558	315	1269045882257	0	0	904b3871163799a3dcfb69b63683
user24	555	317	1269045882266	0	0	904b3871163799a3dcfb69b63683
user24	554	318	1269045882274	0	0	904b3871163799a3dcfb69b63683
user24	552	319	1269045882281	0	0	904b3871163799a3dcfb69b63683
user24	552	320	1269045882370	0	0	904b3871163799a3dcfb69b63683
user24	552	321	1269045882378	0	0	904b3871163799a3dcfb69b63683
user24	552	322	1269045882386	0	0	904b3871163799a3dcfb69b63683
user24	552	324	1269045882394	0	0	904b3871163799a3dcfb69b63683
user24	553	327	1269045882402	0	0	904b3871163799a3dcfb69b63683
user24	555	329	1269045882409	0	0	904b3871163799a3dcfb69b63683
user24	556	332	1269045882418	0	0	904b3871163799a3dcfb69b63683
user24	559	335	1269045882426	0	0	904b3871163799a3dcfb69b63683
user24	560	338	1269045882433	0	0	904b3871163799a3dcfb69b63683
user24	564	342	1269045882441	0	0	904b3871163799a3dcfb69b63683
user24	566	344	1269045882449	0	0	904b3871163799a3dcfb69b63683
user24	570	347	1269045882458	0	0	904b3871163799a3dcfb69b63683
user24	572	349	1269045882465	0	0	904b3871163799a3dcfb69b63683
user24	575	351	1269045882474	0	0	904b3871163799a3dcfb69b63683
user24	577	352	1269045882482	0	0	904b3871163799a3dcfb69b63683
user24	580	353	1269045882489	0	0	904b3871163799a3dcfb69b63683
user24	581	353	1269045882497	0	0	904b3871163799a3dcfb69b63683
user24	584	354	1269045882505	0	0	904b3871163799a3dcfb69b63683
user24	587	354	1269045882513	0	0	904b3871163799a3dcfb69b63683
user24	588	354	1269045882521	0	0	904b3871163799a3dcfb69b63683
user24	589	354	1269045882529	0	0	904b3871163799a3dcfb69b63683
user24	590	354	1269045882537	0	0	904b3871163799a3dcfb69b63683
user24	591	354	1269045882737	0	0	904b3871163799a3dcfb69b63683
user24	592	353	1269045882746	0	0	904b3871163799a3dcfb69b63683
user24	595	351	1269045882753	0	0	904b3871163799a3dcfb69b63683
user24	601	348	1269045882762	0	0	904b3871163799a3dcfb69b63683
user24	608	343	1269045882769	0	0	904b3871163799a3dcfb69b63683
user24	621	339	1269045882777	0	0	904b3871163799a3dcfb69b63683
user24	637	331	1269045882786	0	0	904b3871163799a3dcfb69b63683
user24	661	320	1269045882795	0	0	904b3871163799a3dcfb69b63683
user24	690	308	1269045882802	0	0	904b3871163799a3dcfb69b63683
user24	722	292	1269045882810	0	0	904b3871163799a3dcfb69b63683
user24	757	277	1269045882817	0	0	904b3871163799a3dcfb69b63683
user24	791	265	1269045882825	0	0	904b3871163799a3dcfb69b63683
user24	830	252	1269045882833	0	0	904b3871163799a3dcfb69b63683
user24	864	241	1269045882841	0	0	904b3871163799a3dcfb69b63683
user24	897	231	1269045882849	0	0	904b3871163799a3dcfb69b63683
user24	928	220	1269045882857	0	0	904b3871163799a3dcfb69b63683
user24	953	214	1269045882865	0	0	904b3871163799a3dcfb69b63683
user24	970	209	1269045882873	0	0	904b3871163799a3dcfb69b63683
user24	982	207	1269045882881	0	0	904b3871163799a3dcfb69b63683
user24	992	203	1269045882889	0	0	904b3871163799a3dcfb69b63683
user24	998	201	1269045882897	0	0	904b3871163799a3dcfb69b63683
user24	1001	201	1269045882905	0	0	904b3871163799a3dcfb69b63683
user24	1003	199	1269045882913	0	0	904b3871163799a3dcfb69b63683
user24	1003	198	1269045882929	0	0	904b3871163799a3dcfb69b63683
user24	1003	196	1269045882937	0	0	904b3871163799a3dcfb69b63683
user24	1001	193	1269045882945	0	0	904b3871163799a3dcfb69b63683
user24	998	191	1269045882953	0	0	904b3871163799a3dcfb69b63683
user24	994	188	1269045882961	0	0	904b3871163799a3dcfb69b63683
user24	991	185	1269045882969	0	0	904b3871163799a3dcfb69b63683
user24	986	183	1269045882978	0	0	904b3871163799a3dcfb69b63683
user24	980	180	1269045882986	0	0	904b3871163799a3dcfb69b63683
user24	976	178	1269045882993	0	0	904b3871163799a3dcfb69b63683
user24	971	178	1269045883001	0	0	904b3871163799a3dcfb69b63683
user24	966	176	1269045883009	0	0	904b3871163799a3dcfb69b63683
user24	963	175	1269045883017	0	0	904b3871163799a3dcfb69b63683
user24	960	175	1269045883025	0	0	904b3871163799a3dcfb69b63683
user24	957	175	1269045883033	0	0	904b3871163799a3dcfb69b63683
user24	953	175	1269045883041	0	0	904b3871163799a3dcfb69b63683
user24	949	175	1269045883050	0	0	904b3871163799a3dcfb69b63683
user24	943	175	1269045883060	0	0	904b3871163799a3dcfb69b63683
user24	936	175	1269045883065	0	0	904b3871163799a3dcfb69b63683
user24	927	176	1269045883074	0	0	904b3871163799a3dcfb69b63683
user24	915	178	1269045883081	0	0	904b3871163799a3dcfb69b63683
user24	902	179	1269045883089	0	0	904b3871163799a3dcfb69b63683
user24	884	182	1269045883097	0	0	904b3871163799a3dcfb69b63683
user24	861	185	1269045883105	0	0	904b3871163799a3dcfb69b63683
user24	834	188	1269045883113	0	0	904b3871163799a3dcfb69b63683
user24	806	190	1269045883121	0	0	904b3871163799a3dcfb69b63683
user24	780	191	1269045883129	0	0	904b3871163799a3dcfb69b63683
user24	758	191	1269045883137	0	0	904b3871163799a3dcfb69b63683
user24	738	191	1269045883145	0	0	904b3871163799a3dcfb69b63683
user24	723	191	1269045883153	0	0	904b3871163799a3dcfb69b63683
user24	711	189	1269045883161	0	0	904b3871163799a3dcfb69b63683
user24	701	188	1269045883170	0	0	904b3871163799a3dcfb69b63683
user24	694	185	1269045883178	0	0	904b3871163799a3dcfb69b63683
user24	687	184	1269045883185	0	0	904b3871163799a3dcfb69b63683
user24	682	183	1269045883193	0	0	904b3871163799a3dcfb69b63683
user24	679	182	1269045883201	0	0	904b3871163799a3dcfb69b63683
user24	677	180	1269045883209	0	0	904b3871163799a3dcfb69b63683
user24	675	180	1269045883243	0	0	904b3871163799a3dcfb69b63683
user24	677	178	1269045883350	0	0	904b3871163799a3dcfb69b63683
user24	678	178	1269045883353	0	0	904b3871163799a3dcfb69b63683
user24	679	177	1269045883361	0	0	904b3871163799a3dcfb69b63683
user24	681	176	1269045883377	0	0	904b3871163799a3dcfb69b63683
user24	682	175	1269045883385	0	0	904b3871163799a3dcfb69b63683
user24	684	174	1269045883393	0	0	904b3871163799a3dcfb69b63683
user24	687	174	1269045883401	0	0	904b3871163799a3dcfb69b63683
user24	692	172	1269045883410	0	0	904b3871163799a3dcfb69b63683
user24	701	170	1269045883417	0	0	904b3871163799a3dcfb69b63683
user24	712	166	1269045883425	0	0	904b3871163799a3dcfb69b63683
user24	728	163	1269045883433	0	0	904b3871163799a3dcfb69b63683
user24	749	158	1269045883441	0	0	904b3871163799a3dcfb69b63683
user24	777	152	1269045883449	0	0	904b3871163799a3dcfb69b63683
user24	809	145	1269045883457	0	0	904b3871163799a3dcfb69b63683
user24	843	134	1269045883465	0	0	904b3871163799a3dcfb69b63683
user24	882	123	1269045883473	0	0	904b3871163799a3dcfb69b63683
user24	918	110	1269045883481	0	0	904b3871163799a3dcfb69b63683
user24	953	96	1269045883489	0	0	904b3871163799a3dcfb69b63683
user24	985	82	1269045883497	0	0	904b3871163799a3dcfb69b63683
user24	1011	70	1269045883505	0	0	904b3871163799a3dcfb69b63683
user24	1031	63	1269045883513	0	0	904b3871163799a3dcfb69b63683
user24	1044	57	1269045883521	0	0	904b3871163799a3dcfb69b63683
user24	1051	55	1269045883529	0	0	904b3871163799a3dcfb69b63683
user24	1056	53	1269045883537	0	0	904b3871163799a3dcfb69b63683
user24	1058	53	1269045883545	0	0	904b3871163799a3dcfb69b63683
user24	1057	53	1269045883609	0	0	904b3871163799a3dcfb69b63683
user24	1056	53	1269045883617	0	0	904b3871163799a3dcfb69b63683
user24	1054	53	1269045883633	0	0	904b3871163799a3dcfb69b63683
user24	1052	54	1269045883641	0	0	904b3871163799a3dcfb69b63683
user24	1050	55	1269045883650	0	0	904b3871163799a3dcfb69b63683
user24	1047	57	1269045883657	0	0	904b3871163799a3dcfb69b63683
user24	1042	59	1269045883665	0	0	904b3871163799a3dcfb69b63683
user24	1036	61	1269045883673	0	0	904b3871163799a3dcfb69b63683
user24	1031	64	1269045883682	0	0	904b3871163799a3dcfb69b63683
user24	1024	67	1269045883689	0	0	904b3871163799a3dcfb69b63683
user24	1019	70	1269045883697	0	0	904b3871163799a3dcfb69b63683
user24	1014	71	1269045883705	0	0	904b3871163799a3dcfb69b63683
user24	1011	73	1269045883713	0	0	904b3871163799a3dcfb69b63683
user24	1008	75	1269045883721	0	0	904b3871163799a3dcfb69b63683
user24	1005	76	1269045883729	0	0	904b3871163799a3dcfb69b63683
user24	1003	77	1269045883737	0	0	904b3871163799a3dcfb69b63683
user24	1001	78	1269045883745	0	0	904b3871163799a3dcfb69b63683
user24	999	79	1269045883753	0	0	904b3871163799a3dcfb69b63683
user24	996	80	1269045883761	0	0	904b3871163799a3dcfb69b63683
user24	994	81	1269045883769	0	0	904b3871163799a3dcfb69b63683
user24	991	82	1269045883777	0	0	904b3871163799a3dcfb69b63683
user24	989	83	1269045883785	0	0	904b3871163799a3dcfb69b63683
user24	985	84	1269045883793	0	0	904b3871163799a3dcfb69b63683
user24	983	84	1269045883801	0	0	904b3871163799a3dcfb69b63683
user24	979	84	1269045883809	0	0	904b3871163799a3dcfb69b63683
user24	977	85	1269045883817	0	0	904b3871163799a3dcfb69b63683
user24	976	85	1269045883825	0	0	904b3871163799a3dcfb69b63683
user24	974	85	1269045883833	0	0	904b3871163799a3dcfb69b63683
user24	973	85	1269045883985	0	0	904b3871163799a3dcfb69b63683
user24	972	85	1269045884009	0	0	904b3871163799a3dcfb69b63683
user24	971	85	1269045884017	0	0	904b3871163799a3dcfb69b63683
user24	969	85	1269045884025	0	0	904b3871163799a3dcfb69b63683
user24	968	85	1269045884033	0	0	904b3871163799a3dcfb69b63683
user24	965	85	1269045884041	0	0	904b3871163799a3dcfb69b63683
user24	962	84	1269045884050	0	0	904b3871163799a3dcfb69b63683
user24	959	83	1269045884058	0	0	904b3871163799a3dcfb69b63683
user24	954	82	1269045884066	0	0	904b3871163799a3dcfb69b63683
user24	949	82	1269045884076	0	0	904b3871163799a3dcfb69b63683
user24	944	81	1269045884089	0	0	904b3871163799a3dcfb69b63683
user24	940	80	1269045884090	0	0	904b3871163799a3dcfb69b63683
user24	935	79	1269045884097	0	0	904b3871163799a3dcfb69b63683
user24	931	79	1269045884105	0	0	904b3871163799a3dcfb69b63683
user24	928	79	1269045884113	0	0	904b3871163799a3dcfb69b63683
user24	926	79	1269045884121	0	0	904b3871163799a3dcfb69b63683
user24	924	79	1269045884129	0	0	904b3871163799a3dcfb69b63683
user24	923	79	1269045884137	0	0	904b3871163799a3dcfb69b63683
user24	924	79	1269045884337	0	0	904b3871163799a3dcfb69b63683
user24	925	79	1269045884353	0	0	904b3871163799a3dcfb69b63683
user24	926	79	1269045884377	0	0	904b3871163799a3dcfb69b63683
user24	927	79	1269045884450	0	0	904b3871163799a3dcfb69b63683
user24	928	79	1269045884481	0	0	904b3871163799a3dcfb69b63683
user24	930	79	1269045884497	0	0	904b3871163799a3dcfb69b63683
user24	933	79	1269045884505	0	0	904b3871163799a3dcfb69b63683
user24	933	79	1269045884506	1269045884451	1269045884506	904b3871163799a3dcfb69b63683
user24	938	79	1269045884513	0	0	904b3871163799a3dcfb69b63683
user24	943	79	1269045884521	0	0	904b3871163799a3dcfb69b63683
user24	949	80	1269045884529	0	0	904b3871163799a3dcfb69b63683
user24	957	80	1269045884537	0	0	904b3871163799a3dcfb69b63683
user24	968	81	1269045884545	0	0	904b3871163799a3dcfb69b63683
user24	979	81	1269045884553	0	0	904b3871163799a3dcfb69b63683
user24	993	81	1269045884561	0	0	904b3871163799a3dcfb69b63683
user24	1008	81	1269045884569	0	0	904b3871163799a3dcfb69b63683
user24	1021	81	1269045884577	0	0	904b3871163799a3dcfb69b63683
user24	1035	81	1269045884586	0	0	904b3871163799a3dcfb69b63683
user24	1048	81	1269045884593	0	0	904b3871163799a3dcfb69b63683
user24	1058	81	1269045884601	0	0	904b3871163799a3dcfb69b63683
user24	1067	81	1269045884609	0	0	904b3871163799a3dcfb69b63683
user24	1074	81	1269045884617	0	0	904b3871163799a3dcfb69b63683
user24	1079	81	1269045884625	0	0	904b3871163799a3dcfb69b63683
user24	1081	80	1269045884633	0	0	904b3871163799a3dcfb69b63683
user24	1082	80	1269045884641	0	0	904b3871163799a3dcfb69b63683
user24	1083	80	1269045884657	0	0	904b3871163799a3dcfb69b63683
user24	1083	80	1269045884794	1269045884658	1269045884794	904b3871163799a3dcfb69b63683
user24	1081	78	1269045884849	0	0	904b3871163799a3dcfb69b63683
user24	1077	75	1269045884857	0	0	904b3871163799a3dcfb69b63683
user24	1072	72	1269045884866	0	0	904b3871163799a3dcfb69b63683
user24	1067	68	1269045884873	0	0	904b3871163799a3dcfb69b63683
user24	1061	63	1269045884881	0	0	904b3871163799a3dcfb69b63683
user24	1055	58	1269045884889	0	0	904b3871163799a3dcfb69b63683
user24	1050	53	1269045884897	0	0	904b3871163799a3dcfb69b63683
user24	1042	46	1269045884905	0	0	904b3871163799a3dcfb69b63683
user24	1036	40	1269045884913	0	0	904b3871163799a3dcfb69b63683
user24	1031	33	1269045884922	0	0	904b3871163799a3dcfb69b63683
user24	1024	26	1269045884929	0	0	904b3871163799a3dcfb69b63683
user24	1020	20	1269045884937	0	0	904b3871163799a3dcfb69b63683
user24	1015	15	1269045884945	0	0	904b3871163799a3dcfb69b63683
user24	1012	11	1269045884953	0	0	904b3871163799a3dcfb69b63683
user24	1010	9	1269045884961	0	0	904b3871163799a3dcfb69b63683
user24	1006	9	1269045885209	0	0	904b3871163799a3dcfb69b63683
user24	1003	11	1269045885217	0	0	904b3871163799a3dcfb69b63683
user24	1001	13	1269045885225	0	0	904b3871163799a3dcfb69b63683
user24	997	16	1269045885233	0	0	904b3871163799a3dcfb69b63683
user24	994	19	1269045885241	0	0	904b3871163799a3dcfb69b63683
user24	989	23	1269045885249	0	0	904b3871163799a3dcfb69b63683
user24	983	27	1269045885257	0	0	904b3871163799a3dcfb69b63683
user24	974	31	1269045885265	0	0	904b3871163799a3dcfb69b63683
user24	964	36	1269045885273	0	0	904b3871163799a3dcfb69b63683
user24	954	39	1269045885281	0	0	904b3871163799a3dcfb69b63683
user24	942	42	1269045885289	0	0	904b3871163799a3dcfb69b63683
user24	929	45	1269045885297	0	0	904b3871163799a3dcfb69b63683
user24	916	47	1269045885305	0	0	904b3871163799a3dcfb69b63683
user24	899	48	1269045885313	0	0	904b3871163799a3dcfb69b63683
user24	879	48	1269045885321	0	0	904b3871163799a3dcfb69b63683
user24	859	48	1269045885329	0	0	904b3871163799a3dcfb69b63683
user24	837	48	1269045885337	0	0	904b3871163799a3dcfb69b63683
user24	812	48	1269045885345	0	0	904b3871163799a3dcfb69b63683
user24	786	48	1269045885353	0	0	904b3871163799a3dcfb69b63683
user24	761	48	1269045885362	0	0	904b3871163799a3dcfb69b63683
user24	736	48	1269045885369	0	0	904b3871163799a3dcfb69b63683
user24	708	48	1269045885377	0	0	904b3871163799a3dcfb69b63683
user24	684	50	1269045885385	0	0	904b3871163799a3dcfb69b63683
user24	658	53	1269045885393	0	0	904b3871163799a3dcfb69b63683
user24	634	56	1269045885401	0	0	904b3871163799a3dcfb69b63683
user24	610	59	1269045885410	0	0	904b3871163799a3dcfb69b63683
user24	566	70	1269045885439	0	0	904b3871163799a3dcfb69b63683
user24	557	72	1269045885444	0	0	904b3871163799a3dcfb69b63683
user24	548	75	1269045885449	0	0	904b3871163799a3dcfb69b63683
user24	541	77	1269045885458	0	0	904b3871163799a3dcfb69b63683
user24	535	80	1269045885465	0	0	904b3871163799a3dcfb69b63683
user24	531	82	1269045885477	0	0	904b3871163799a3dcfb69b63683
user24	528	82	1269045885481	0	0	904b3871163799a3dcfb69b63683
user24	528	83	1269045885490	0	0	904b3871163799a3dcfb69b63683
user24	527	84	1269045885498	0	0	904b3871163799a3dcfb69b63683
user24	551	93	1269045885646	0	0	904b3871163799a3dcfb69b63683
user24	565	97	1269045885649	0	0	904b3871163799a3dcfb69b63683
user24	583	102	1269045885657	0	0	904b3871163799a3dcfb69b63683
user24	608	108	1269045885665	0	0	904b3871163799a3dcfb69b63683
user24	632	113	1269045885673	0	0	904b3871163799a3dcfb69b63683
user24	659	119	1269045885681	0	0	904b3871163799a3dcfb69b63683
user24	684	124	1269045885689	0	0	904b3871163799a3dcfb69b63683
user24	710	128	1269045885697	0	0	904b3871163799a3dcfb69b63683
user24	731	131	1269045885705	0	0	904b3871163799a3dcfb69b63683
user24	752	134	1269045885713	0	0	904b3871163799a3dcfb69b63683
user24	768	136	1269045885721	0	0	904b3871163799a3dcfb69b63683
user24	779	139	1269045885729	0	0	904b3871163799a3dcfb69b63683
user24	789	140	1269045885737	0	0	904b3871163799a3dcfb69b63683
user24	795	141	1269045885745	0	0	904b3871163799a3dcfb69b63683
user24	796	141	1269045885753	0	0	904b3871163799a3dcfb69b63683
user24	797	141	1269045885761	0	0	904b3871163799a3dcfb69b63683
user24	797	141	1269045885858	1269045885770	1269045885858	904b3871163799a3dcfb69b63683
user24	797	142	1269045885865	0	0	904b3871163799a3dcfb69b63683
user24	797	143	1269045885873	0	0	904b3871163799a3dcfb69b63683
user24	796	145	1269045885882	0	0	904b3871163799a3dcfb69b63683
user24	795	148	1269045885889	0	0	904b3871163799a3dcfb69b63683
user24	793	154	1269045885897	0	0	904b3871163799a3dcfb69b63683
user24	792	160	1269045885905	0	0	904b3871163799a3dcfb69b63683
user24	791	166	1269045885913	0	0	904b3871163799a3dcfb69b63683
user24	787	175	1269045885921	0	0	904b3871163799a3dcfb69b63683
user24	785	186	1269045885929	0	0	904b3871163799a3dcfb69b63683
user24	782	197	1269045885937	0	0	904b3871163799a3dcfb69b63683
user24	777	211	1269045885945	0	0	904b3871163799a3dcfb69b63683
user24	772	228	1269045885953	0	0	904b3871163799a3dcfb69b63683
user24	766	250	1269045885961	0	0	904b3871163799a3dcfb69b63683
user24	758	273	1269045885969	0	0	904b3871163799a3dcfb69b63683
user24	749	299	1269045885977	0	0	904b3871163799a3dcfb69b63683
user24	738	323	1269045885985	0	0	904b3871163799a3dcfb69b63683
user24	728	346	1269045885993	0	0	904b3871163799a3dcfb69b63683
user24	717	370	1269045886001	0	0	904b3871163799a3dcfb69b63683
user24	708	390	1269045886009	0	0	904b3871163799a3dcfb69b63683
user24	701	408	1269045886017	0	0	904b3871163799a3dcfb69b63683
user24	694	421	1269045886025	0	0	904b3871163799a3dcfb69b63683
user24	688	434	1269045886033	0	0	904b3871163799a3dcfb69b63683
user24	683	445	1269045886041	0	0	904b3871163799a3dcfb69b63683
user24	675	456	1269045886049	0	0	904b3871163799a3dcfb69b63683
user24	667	464	1269045886057	0	0	904b3871163799a3dcfb69b63683
user24	658	474	1269045886065	0	0	904b3871163799a3dcfb69b63683
user24	649	483	1269045886073	0	0	904b3871163799a3dcfb69b63683
user24	640	490	1269045886081	0	0	904b3871163799a3dcfb69b63683
user24	632	498	1269045886089	0	0	904b3871163799a3dcfb69b63683
user24	622	506	1269045886097	0	0	904b3871163799a3dcfb69b63683
user24	614	514	1269045886105	0	0	904b3871163799a3dcfb69b63683
user24	604	522	1269045886114	0	0	904b3871163799a3dcfb69b63683
user24	595	530	1269045886122	0	0	904b3871163799a3dcfb69b63683
user24	584	538	1269045886130	0	0	904b3871163799a3dcfb69b63683
user24	573	547	1269045886137	0	0	904b3871163799a3dcfb69b63683
user24	563	555	1269045886146	0	0	904b3871163799a3dcfb69b63683
user24	553	561	1269045886153	0	0	904b3871163799a3dcfb69b63683
user24	542	568	1269045886161	0	0	904b3871163799a3dcfb69b63683
user24	531	574	1269045886169	0	0	904b3871163799a3dcfb69b63683
user24	523	577	1269045886177	0	0	904b3871163799a3dcfb69b63683
user24	514	581	1269045886185	0	0	904b3871163799a3dcfb69b63683
user24	507	585	1269045886193	0	0	904b3871163799a3dcfb69b63683
user24	501	587	1269045886201	0	0	904b3871163799a3dcfb69b63683
user24	495	588	1269045886209	0	0	904b3871163799a3dcfb69b63683
user24	492	588	1269045886217	0	0	904b3871163799a3dcfb69b63683
user24	489	588	1269045886225	0	0	904b3871163799a3dcfb69b63683
user24	484	585	1269045886268	0	0	904b3871163799a3dcfb69b63683
user24	485	583	1269045886281	0	0	904b3871163799a3dcfb69b63683
user24	486	581	1269045886283	0	0	904b3871163799a3dcfb69b63683
user24	489	578	1269045886290	0	0	904b3871163799a3dcfb69b63683
user24	492	574	1269045886297	0	0	904b3871163799a3dcfb69b63683
user24	495	572	1269045886310	0	0	904b3871163799a3dcfb69b63683
user24	499	567	1269045886313	0	0	904b3871163799a3dcfb69b63683
user24	502	563	1269045886321	0	0	904b3871163799a3dcfb69b63683
user24	517	553	1269045886347	0	0	904b3871163799a3dcfb69b63683
user24	524	550	1269045886353	0	0	904b3871163799a3dcfb69b63683
user24	554	543	1269045886379	0	0	904b3871163799a3dcfb69b63683
user24	566	540	1269045886385	0	0	904b3871163799a3dcfb69b63683
user24	577	539	1269045886393	0	0	904b3871163799a3dcfb69b63683
user24	588	537	1269045886401	0	0	904b3871163799a3dcfb69b63683
user24	600	536	1269045886409	0	0	904b3871163799a3dcfb69b63683
user24	611	535	1269045886417	0	0	904b3871163799a3dcfb69b63683
user24	624	534	1269045886425	0	0	904b3871163799a3dcfb69b63683
user24	636	533	1269045886433	0	0	904b3871163799a3dcfb69b63683
user24	647	531	1269045886442	0	0	904b3871163799a3dcfb69b63683
user24	658	531	1269045886450	0	0	904b3871163799a3dcfb69b63683
user24	668	531	1269045886458	0	0	904b3871163799a3dcfb69b63683
user24	674	531	1269045886465	0	0	904b3871163799a3dcfb69b63683
user24	680	531	1269045886473	0	0	904b3871163799a3dcfb69b63683
user24	683	531	1269045886481	0	0	904b3871163799a3dcfb69b63683
user24	686	531	1269045886489	0	0	904b3871163799a3dcfb69b63683
user24	688	531	1269045886497	0	0	904b3871163799a3dcfb69b63683
user24	690	531	1269045886505	0	0	904b3871163799a3dcfb69b63683
user24	691	531	1269045886514	0	0	904b3871163799a3dcfb69b63683
user24	692	531	1269045886521	0	0	904b3871163799a3dcfb69b63683
user24	694	531	1269045886529	0	0	904b3871163799a3dcfb69b63683
user24	695	531	1269045886537	0	0	904b3871163799a3dcfb69b63683
user24	696	532	1269045886545	0	0	904b3871163799a3dcfb69b63683
user24	697	532	1269045886553	0	0	904b3871163799a3dcfb69b63683
user24	698	532	1269045886561	0	0	904b3871163799a3dcfb69b63683
user24	699	532	1269045886569	0	0	904b3871163799a3dcfb69b63683
user24	700	532	1269045886585	0	0	904b3871163799a3dcfb69b63683
user24	699	532	1269045886665	0	0	904b3871163799a3dcfb69b63683
user24	698	532	1269045886682	0	0	904b3871163799a3dcfb69b63683
user24	697	532	1269045886689	0	0	904b3871163799a3dcfb69b63683
user24	696	532	1269045886713	0	0	904b3871163799a3dcfb69b63683
user24	695	532	1269045886729	0	0	904b3871163799a3dcfb69b63683
user24	696	531	1269045886769	0	0	904b3871163799a3dcfb69b63683
user24	700	528	1269045886777	0	0	904b3871163799a3dcfb69b63683
user24	707	523	1269045886786	0	0	904b3871163799a3dcfb69b63683
user24	715	516	1269045886793	0	0	904b3871163799a3dcfb69b63683
user24	727	509	1269045886801	0	0	904b3871163799a3dcfb69b63683
user24	739	500	1269045886809	0	0	904b3871163799a3dcfb69b63683
user24	754	487	1269045886817	0	0	904b3871163799a3dcfb69b63683
user24	772	471	1269045886825	0	0	904b3871163799a3dcfb69b63683
user24	790	454	1269045886833	0	0	904b3871163799a3dcfb69b63683
user24	808	437	1269045886841	0	0	904b3871163799a3dcfb69b63683
user24	824	422	1269045886849	0	0	904b3871163799a3dcfb69b63683
user24	839	409	1269045886857	0	0	904b3871163799a3dcfb69b63683
user24	849	400	1269045886865	0	0	904b3871163799a3dcfb69b63683
user24	858	395	1269045886873	0	0	904b3871163799a3dcfb69b63683
user24	864	391	1269045886881	0	0	904b3871163799a3dcfb69b63683
user24	869	388	1269045886889	0	0	904b3871163799a3dcfb69b63683
user24	870	386	1269045886897	0	0	904b3871163799a3dcfb69b63683
user24	871	386	1269045886905	0	0	904b3871163799a3dcfb69b63683
user24	871	385	1269045887033	0	0	904b3871163799a3dcfb69b63683
user24	871	385	1269045887035	1269045886930	1269045887035	904b3871163799a3dcfb69b63683
user24	872	383	1269045887041	0	0	904b3871163799a3dcfb69b63683
user24	873	378	1269045887050	0	0	904b3871163799a3dcfb69b63683
user24	875	369	1269045887057	0	0	904b3871163799a3dcfb69b63683
user24	878	359	1269045887065	0	0	904b3871163799a3dcfb69b63683
user24	884	349	1269045887073	0	0	904b3871163799a3dcfb69b63683
user24	889	337	1269045887081	0	0	904b3871163799a3dcfb69b63683
user24	894	322	1269045887089	0	0	904b3871163799a3dcfb69b63683
user24	900	307	1269045887098	0	0	904b3871163799a3dcfb69b63683
user24	906	295	1269045887105	0	0	904b3871163799a3dcfb69b63683
user24	912	280	1269045887113	0	0	904b3871163799a3dcfb69b63683
user24	918	267	1269045887121	0	0	904b3871163799a3dcfb69b63683
user24	922	257	1269045887129	0	0	904b3871163799a3dcfb69b63683
user24	928	250	1269045887137	0	0	904b3871163799a3dcfb69b63683
user24	932	243	1269045887145	0	0	904b3871163799a3dcfb69b63683
user24	935	238	1269045887153	0	0	904b3871163799a3dcfb69b63683
user24	937	234	1269045887161	0	0	904b3871163799a3dcfb69b63683
user24	938	231	1269045887169	0	0	904b3871163799a3dcfb69b63683
user24	938	229	1269045887177	0	0	904b3871163799a3dcfb69b63683
user24	939	227	1269045887185	0	0	904b3871163799a3dcfb69b63683
user24	939	225	1269045887193	0	0	904b3871163799a3dcfb69b63683
user24	939	224	1269045887201	0	0	904b3871163799a3dcfb69b63683
user24	939	223	1269045887209	0	0	904b3871163799a3dcfb69b63683
user24	939	221	1269045887218	0	0	904b3871163799a3dcfb69b63683
user24	938	219	1269045887225	0	0	904b3871163799a3dcfb69b63683
user24	937	217	1269045887234	0	0	904b3871163799a3dcfb69b63683
user24	936	215	1269045887241	0	0	904b3871163799a3dcfb69b63683
user24	934	212	1269045887249	0	0	904b3871163799a3dcfb69b63683
user24	933	210	1269045887257	0	0	904b3871163799a3dcfb69b63683
user24	932	207	1269045887265	0	0	904b3871163799a3dcfb69b63683
user24	931	204	1269045887273	0	0	904b3871163799a3dcfb69b63683
user24	930	202	1269045887281	0	0	904b3871163799a3dcfb69b63683
user24	929	198	1269045887290	0	0	904b3871163799a3dcfb69b63683
user24	929	195	1269045887297	0	0	904b3871163799a3dcfb69b63683
user24	929	192	1269045887305	0	0	904b3871163799a3dcfb69b63683
user24	929	188	1269045887313	0	0	904b3871163799a3dcfb69b63683
user24	929	183	1269045887321	0	0	904b3871163799a3dcfb69b63683
user24	930	179	1269045887329	0	0	904b3871163799a3dcfb69b63683
user24	933	174	1269045887337	0	0	904b3871163799a3dcfb69b63683
user24	936	168	1269045887345	0	0	904b3871163799a3dcfb69b63683
user24	940	160	1269045887353	0	0	904b3871163799a3dcfb69b63683
user24	944	154	1269045887362	0	0	904b3871163799a3dcfb69b63683
user24	951	148	1269045887369	0	0	904b3871163799a3dcfb69b63683
user24	956	140	1269045887377	0	0	904b3871163799a3dcfb69b63683
user24	964	133	1269045887385	0	0	904b3871163799a3dcfb69b63683
user24	970	125	1269045887393	0	0	904b3871163799a3dcfb69b63683
user24	978	117	1269045887402	0	0	904b3871163799a3dcfb69b63683
user24	984	111	1269045887409	0	0	904b3871163799a3dcfb69b63683
user24	991	106	1269045887417	0	0	904b3871163799a3dcfb69b63683
user24	996	101	1269045887425	0	0	904b3871163799a3dcfb69b63683
user24	1001	96	1269045887433	0	0	904b3871163799a3dcfb69b63683
user24	1003	93	1269045887441	0	0	904b3871163799a3dcfb69b63683
user24	1005	91	1269045887449	0	0	904b3871163799a3dcfb69b63683
user24	1005	90	1269045887457	0	0	904b3871163799a3dcfb69b63683
user24	1005	89	1269045887465	0	0	904b3871163799a3dcfb69b63683
user24	1006	89	1269045887473	0	0	904b3871163799a3dcfb69b63683
user24	1006	88	1269045887513	0	0	904b3871163799a3dcfb69b63683
user24	1005	88	1269045887562	0	0	904b3871163799a3dcfb69b63683
user24	1005	88	1269045887722	1269045887626	1269045887722	904b3871163799a3dcfb69b63683
user24	1005	87	1269045887753	0	0	904b3871163799a3dcfb69b63683
user24	1005	87	1269045888411	1269045887786	1269045888411	904b3871163799a3dcfb69b63683
user24	1047	114	1269045888531	0	0	904b3871163799a3dcfb69b63683
user24	1047	114	1269045888540	1269045888538	1269045888540	904b3871163799a3dcfb69b63683
user24	905	124	1269045888542	0	0	904b3871163799a3dcfb69b63683
user24	820	114	1269045888572	0	0	904b3871163799a3dcfb69b63683
user24	805	113	1269045888577	0	0	904b3871163799a3dcfb69b63683
user24	792	113	1269045888590	0	0	904b3871163799a3dcfb69b63683
user24	779	113	1269045888594	0	0	904b3871163799a3dcfb69b63683
user24	768	113	1269045888602	0	0	904b3871163799a3dcfb69b63683
user24	757	114	1269045888618	0	0	904b3871163799a3dcfb69b63683
user24	746	117	1269045888640	0	0	904b3871163799a3dcfb69b63683
user24	714	131	1269045888647	0	0	904b3871163799a3dcfb69b63683
user24	683	150	1269045888673	0	0	904b3871163799a3dcfb69b63683
user24	674	157	1269045888679	0	0	904b3871163799a3dcfb69b63683
user24	667	164	1269045888681	0	0	904b3871163799a3dcfb69b63683
user24	659	170	1269045888689	0	0	904b3871163799a3dcfb69b63683
user24	653	178	1269045888697	0	0	904b3871163799a3dcfb69b63683
user24	646	184	1269045888705	0	0	904b3871163799a3dcfb69b63683
user24	641	190	1269045888713	0	0	904b3871163799a3dcfb69b63683
user24	636	195	1269045888721	0	0	904b3871163799a3dcfb69b63683
user24	632	201	1269045888730	0	0	904b3871163799a3dcfb69b63683
user24	628	205	1269045888737	0	0	904b3871163799a3dcfb69b63683
user24	625	209	1269045888745	0	0	904b3871163799a3dcfb69b63683
user24	624	211	1269045888753	0	0	904b3871163799a3dcfb69b63683
user24	623	212	1269045888761	0	0	904b3871163799a3dcfb69b63683
user24	623	214	1269045888769	0	0	904b3871163799a3dcfb69b63683
user24	621	214	1269045888777	0	0	904b3871163799a3dcfb69b63683
user24	620	215	1269045888817	0	0	904b3871163799a3dcfb69b63683
user24	619	215	1269045888825	0	0	904b3871163799a3dcfb69b63683
user24	618	216	1269045888833	0	0	904b3871163799a3dcfb69b63683
user24	616	216	1269045888849	0	0	904b3871163799a3dcfb69b63683
user24	616	217	1269045888857	0	0	904b3871163799a3dcfb69b63683
user24	614	217	1269045888865	0	0	904b3871163799a3dcfb69b63683
user24	612	217	1269045888873	0	0	904b3871163799a3dcfb69b63683
user24	610	217	1269045888881	0	0	904b3871163799a3dcfb69b63683
user24	608	216	1269045888889	0	0	904b3871163799a3dcfb69b63683
user24	606	216	1269045888897	0	0	904b3871163799a3dcfb69b63683
user24	604	213	1269045888905	0	0	904b3871163799a3dcfb69b63683
user24	603	211	1269045888913	0	0	904b3871163799a3dcfb69b63683
user24	601	209	1269045888921	0	0	904b3871163799a3dcfb69b63683
user24	600	206	1269045888929	0	0	904b3871163799a3dcfb69b63683
user24	599	201	1269045888937	0	0	904b3871163799a3dcfb69b63683
user24	598	198	1269045888945	0	0	904b3871163799a3dcfb69b63683
user24	597	195	1269045888953	0	0	904b3871163799a3dcfb69b63683
user24	597	191	1269045888961	0	0	904b3871163799a3dcfb69b63683
user24	596	187	1269045888969	0	0	904b3871163799a3dcfb69b63683
user24	595	183	1269045888977	0	0	904b3871163799a3dcfb69b63683
user24	595	176	1269045888985	0	0	904b3871163799a3dcfb69b63683
user24	594	170	1269045888993	0	0	904b3871163799a3dcfb69b63683
user24	593	163	1269045889001	0	0	904b3871163799a3dcfb69b63683
user24	592	156	1269045889009	0	0	904b3871163799a3dcfb69b63683
user24	591	150	1269045889017	0	0	904b3871163799a3dcfb69b63683
user24	590	145	1269045889025	0	0	904b3871163799a3dcfb69b63683
user24	589	140	1269045889033	0	0	904b3871163799a3dcfb69b63683
user24	589	138	1269045889041	0	0	904b3871163799a3dcfb69b63683
user24	588	136	1269045889049	0	0	904b3871163799a3dcfb69b63683
user24	587	133	1269045889057	0	0	904b3871163799a3dcfb69b63683
user24	587	131	1269045889065	0	0	904b3871163799a3dcfb69b63683
user24	587	130	1269045889081	0	0	904b3871163799a3dcfb69b63683
user24	587	129	1269045889097	0	0	904b3871163799a3dcfb69b63683
user24	589	129	1269045889121	0	0	904b3871163799a3dcfb69b63683
user24	591	129	1269045889129	0	0	904b3871163799a3dcfb69b63683
user24	594	132	1269045889137	0	0	904b3871163799a3dcfb69b63683
user24	599	135	1269045889145	0	0	904b3871163799a3dcfb69b63683
user24	605	139	1269045889153	0	0	904b3871163799a3dcfb69b63683
user24	611	143	1269045889161	0	0	904b3871163799a3dcfb69b63683
user24	617	147	1269045889169	0	0	904b3871163799a3dcfb69b63683
user24	625	150	1269045889177	0	0	904b3871163799a3dcfb69b63683
user24	632	153	1269045889185	0	0	904b3871163799a3dcfb69b63683
user24	639	156	1269045889193	0	0	904b3871163799a3dcfb69b63683
user24	647	158	1269045889201	0	0	904b3871163799a3dcfb69b63683
user24	654	160	1269045889209	0	0	904b3871163799a3dcfb69b63683
user24	660	161	1269045889217	0	0	904b3871163799a3dcfb69b63683
user24	667	163	1269045889225	0	0	904b3871163799a3dcfb69b63683
user24	672	163	1269045889234	0	0	904b3871163799a3dcfb69b63683
user24	678	165	1269045889241	0	0	904b3871163799a3dcfb69b63683
user24	681	165	1269045889249	0	0	904b3871163799a3dcfb69b63683
user24	684	166	1269045889257	0	0	904b3871163799a3dcfb69b63683
user24	685	166	1269045889265	0	0	904b3871163799a3dcfb69b63683
user24	685	166	1269045889418	1269045889282	1269045889418	904b3871163799a3dcfb69b63683
