User	X	Y	MouseTimeStamp	MouseDownTimeStamp	MouseUpTimeStamp	SessionID
user9	19	495	1272822311281	0	0	a1ef5d36da6400342ac094aed345
user9	310	402	1272822311359	0	0	a1ef5d36da6400342ac094aed345
user9	351	392	1272822311359	0	0	a1ef5d36da6400342ac094aed345
user9	386	374	1272822311375	0	0	a1ef5d36da6400342ac094aed345
user9	421	357	1272822311375	0	0	a1ef5d36da6400342ac094aed345
user9	457	342	1272822311390	0	0	a1ef5d36da6400342ac094aed345
user9	492	329	1272822311390	0	0	a1ef5d36da6400342ac094aed345
user9	523	314	1272822311406	0	0	a1ef5d36da6400342ac094aed345
user9	554	301	1272822311406	0	0	a1ef5d36da6400342ac094aed345
user9	581	290	1272822311421	0	0	a1ef5d36da6400342ac094aed345
user9	610	281	1272822311421	0	0	a1ef5d36da6400342ac094aed345
user9	633	275	1272822311437	0	0	a1ef5d36da6400342ac094aed345
user9	654	272	1272822311437	0	0	a1ef5d36da6400342ac094aed345
user9	674	267	1272822311453	0	0	a1ef5d36da6400342ac094aed345
user9	683	264	1272822311453	0	0	a1ef5d36da6400342ac094aed345
user9	693	264	1272822311468	0	0	a1ef5d36da6400342ac094aed345
user9	698	264	1272822311468	0	0	a1ef5d36da6400342ac094aed345
user9	701	263	1272822311484	0	0	a1ef5d36da6400342ac094aed345
user9	702	263	1272822311484	0	0	a1ef5d36da6400342ac094aed345
user9	703	263	1272822311500	0	0	a1ef5d36da6400342ac094aed345
user9	703	263	1272822311546	0	0	a1ef5d36da6400342ac094aed345
user9	703	263	1272822311546	0	0	a1ef5d36da6400342ac094aed345
user9	704	262	1272822311671	0	0	a1ef5d36da6400342ac094aed345
user9	705	262	1272822311687	0	0	a1ef5d36da6400342ac094aed345
user9	708	260	1272822311703	0	0	a1ef5d36da6400342ac094aed345
user9	710	259	1272822311703	0	0	a1ef5d36da6400342ac094aed345
user9	714	257	1272822311718	0	0	a1ef5d36da6400342ac094aed345
user9	718	254	1272822311718	0	0	a1ef5d36da6400342ac094aed345
user9	722	250	1272822311734	0	0	a1ef5d36da6400342ac094aed345
user9	735	242	1272822311750	0	0	a1ef5d36da6400342ac094aed345
user9	742	237	1272822311750	0	0	a1ef5d36da6400342ac094aed345
user9	748	231	1272822311765	0	0	a1ef5d36da6400342ac094aed345
user9	755	226	1272822311765	0	0	a1ef5d36da6400342ac094aed345
user9	759	222	1272822311781	0	0	a1ef5d36da6400342ac094aed345
user9	765	215	1272822311781	0	0	a1ef5d36da6400342ac094aed345
user9	770	211	1272822311796	0	0	a1ef5d36da6400342ac094aed345
user9	774	207	1272822311796	0	0	a1ef5d36da6400342ac094aed345
user9	779	203	1272822311812	0	0	a1ef5d36da6400342ac094aed345
user9	782	201	1272822311812	0	0	a1ef5d36da6400342ac094aed345
user9	784	198	1272822311828	0	0	a1ef5d36da6400342ac094aed345
user9	786	195	1272822311828	0	0	a1ef5d36da6400342ac094aed345
user9	789	192	1272822311843	0	0	a1ef5d36da6400342ac094aed345
user9	790	190	1272822311843	0	0	a1ef5d36da6400342ac094aed345
user9	791	189	1272822311859	0	0	a1ef5d36da6400342ac094aed345
user9	793	186	1272822311859	0	0	a1ef5d36da6400342ac094aed345
user9	794	186	1272822311875	0	0	a1ef5d36da6400342ac094aed345
user9	794	185	1272822311890	0	0	a1ef5d36da6400342ac094aed345
user9	794	184	1272822311953	0	0	a1ef5d36da6400342ac094aed345
user9	794	183	1272822311968	0	0	a1ef5d36da6400342ac094aed345
user9	794	183	1272822311984	0	0	a1ef5d36da6400342ac094aed345
user9	794	182	1272822311984	0	0	a1ef5d36da6400342ac094aed345
user9	794	182	1272822312000	0	0	a1ef5d36da6400342ac094aed345
user9	795	181	1272822312015	0	0	a1ef5d36da6400342ac094aed345
user9	795	180	1272822312031	0	0	a1ef5d36da6400342ac094aed345
user9	795	179	1272822312031	0	0	a1ef5d36da6400342ac094aed345
user9	796	178	1272822312046	0	0	a1ef5d36da6400342ac094aed345
user9	796	178	1272822312062	0	0	a1ef5d36da6400342ac094aed345
user9	796	177	1272822312062	0	0	a1ef5d36da6400342ac094aed345
user9	797	176	1272822312078	0	0	a1ef5d36da6400342ac094aed345
user9	797	175	1272822312078	0	0	a1ef5d36da6400342ac094aed345
user9	797	174	1272822312093	0	0	a1ef5d36da6400342ac094aed345
user9	797	174	1272822312109	0	0	a1ef5d36da6400342ac094aed345
user9	797	173	1272822312125	0	0	a1ef5d36da6400342ac094aed345
user9	797	173	1272822312281	1272822312187	1272822312281	a1ef5d36da6400342ac094aed345
user9	797	174	1272822312312	0	0	a1ef5d36da6400342ac094aed345
user9	797	174	1272822313265	0	0	a1ef5d36da6400342ac094aed345
user9	797	174	1272822313265	0	0	a1ef5d36da6400342ac094aed345
user9	798	174	1272822324109	0	0	a1ef5d36da6400342ac094aed345
user9	801	176	1272822324109	0	0	a1ef5d36da6400342ac094aed345
user9	806	182	1272822324125	0	0	a1ef5d36da6400342ac094aed345
user9	810	185	1272822324140	0	0	a1ef5d36da6400342ac094aed345
user9	818	192	1272822324156	0	0	a1ef5d36da6400342ac094aed345
user9	822	198	1272822324171	0	0	a1ef5d36da6400342ac094aed345
user9	834	210	1272822324171	0	0	a1ef5d36da6400342ac094aed345
user9	842	215	1272822324187	0	0	a1ef5d36da6400342ac094aed345
user9	849	221	1272822324187	0	0	a1ef5d36da6400342ac094aed345
user9	857	227	1272822324203	0	0	a1ef5d36da6400342ac094aed345
user9	866	234	1272822324203	0	0	a1ef5d36da6400342ac094aed345
user9	872	239	1272822324218	0	0	a1ef5d36da6400342ac094aed345
user9	877	244	1272822324218	0	0	a1ef5d36da6400342ac094aed345
user9	882	249	1272822324234	0	0	a1ef5d36da6400342ac094aed345
user9	889	253	1272822324234	0	0	a1ef5d36da6400342ac094aed345
user9	892	256	1272822324250	0	0	a1ef5d36da6400342ac094aed345
user9	896	259	1272822324250	0	0	a1ef5d36da6400342ac094aed345
user9	899	261	1272822324265	0	0	a1ef5d36da6400342ac094aed345
user9	901	262	1272822324265	0	0	a1ef5d36da6400342ac094aed345
user9	902	264	1272822324281	0	0	a1ef5d36da6400342ac094aed345
user9	902	265	1272822324281	0	0	a1ef5d36da6400342ac094aed345
user9	903	265	1272822324296	0	0	a1ef5d36da6400342ac094aed345
user9	903	266	1272822324312	0	0	a1ef5d36da6400342ac094aed345
user9	902	266	1272822324343	0	0	a1ef5d36da6400342ac094aed345
user9	902	266	1272822324359	0	0	a1ef5d36da6400342ac094aed345
user9	901	266	1272822324375	0	0	a1ef5d36da6400342ac094aed345
user9	898	266	1272822324375	0	0	a1ef5d36da6400342ac094aed345
user9	897	266	1272822324390	0	0	a1ef5d36da6400342ac094aed345
user9	894	266	1272822324390	0	0	a1ef5d36da6400342ac094aed345
user9	893	266	1272822324406	0	0	a1ef5d36da6400342ac094aed345
user9	890	266	1272822324406	0	0	a1ef5d36da6400342ac094aed345
user9	886	266	1272822324421	0	0	a1ef5d36da6400342ac094aed345
user9	884	266	1272822324421	0	0	a1ef5d36da6400342ac094aed345
user9	882	266	1272822324437	0	0	a1ef5d36da6400342ac094aed345
user9	880	266	1272822324437	0	0	a1ef5d36da6400342ac094aed345
user9	878	267	1272822324453	0	0	a1ef5d36da6400342ac094aed345
user9	875	269	1272822324453	0	0	a1ef5d36da6400342ac094aed345
user9	873	269	1272822324468	0	0	a1ef5d36da6400342ac094aed345
user9	870	270	1272822324468	0	0	a1ef5d36da6400342ac094aed345
user9	868	271	1272822324484	0	0	a1ef5d36da6400342ac094aed345
user9	866	272	1272822324484	0	0	a1ef5d36da6400342ac094aed345
user9	863	272	1272822324500	0	0	a1ef5d36da6400342ac094aed345
user9	862	273	1272822324500	0	0	a1ef5d36da6400342ac094aed345
user9	860	273	1272822324515	0	0	a1ef5d36da6400342ac094aed345
user9	858	273	1272822324515	0	0	a1ef5d36da6400342ac094aed345
user9	856	273	1272822324531	0	0	a1ef5d36da6400342ac094aed345
user9	855	273	1272822324531	0	0	a1ef5d36da6400342ac094aed345
user9	854	273	1272822324546	0	0	a1ef5d36da6400342ac094aed345
user9	853	273	1272822324546	0	0	a1ef5d36da6400342ac094aed345
user9	852	273	1272822324562	0	0	a1ef5d36da6400342ac094aed345
user9	851	273	1272822324562	0	0	a1ef5d36da6400342ac094aed345
user9	850	274	1272822324578	0	0	a1ef5d36da6400342ac094aed345
user9	850	274	1272822324593	0	0	a1ef5d36da6400342ac094aed345
user9	849	274	1272822324593	0	0	a1ef5d36da6400342ac094aed345
user9	848	274	1272822324609	0	0	a1ef5d36da6400342ac094aed345
user9	847	274	1272822324609	0	0	a1ef5d36da6400342ac094aed345
user9	846	274	1272822324609	0	0	a1ef5d36da6400342ac094aed345
user9	845	274	1272822324625	0	0	a1ef5d36da6400342ac094aed345
user9	844	274	1272822324625	0	0	a1ef5d36da6400342ac094aed345
user9	843	274	1272822324640	0	0	a1ef5d36da6400342ac094aed345
user9	842	274	1272822324656	0	0	a1ef5d36da6400342ac094aed345
user9	842	274	1272822324656	0	0	a1ef5d36da6400342ac094aed345
user9	841	274	1272822324671	0	0	a1ef5d36da6400342ac094aed345
user9	840	274	1272822324687	0	0	a1ef5d36da6400342ac094aed345
user9	839	274	1272822324687	0	0	a1ef5d36da6400342ac094aed345
user9	838	274	1272822324703	0	0	a1ef5d36da6400342ac094aed345
user9	838	274	1272822324703	0	0	a1ef5d36da6400342ac094aed345
user9	836	275	1272822324718	0	0	a1ef5d36da6400342ac094aed345
user9	835	276	1272822324718	0	0	a1ef5d36da6400342ac094aed345
user9	834	277	1272822324734	0	0	a1ef5d36da6400342ac094aed345
user9	833	278	1272822324734	0	0	a1ef5d36da6400342ac094aed345
user9	831	278	1272822324750	0	0	a1ef5d36da6400342ac094aed345
user9	830	278	1272822324765	0	0	a1ef5d36da6400342ac094aed345
user9	830	278	1272822324984	1272822324843	1272822324984	a1ef5d36da6400342ac094aed345
user9	830	278	1272822330765	0	0	a1ef5d36da6400342ac094aed345
user9	829	276	1272822344031	0	0	a1ef5d36da6400342ac094aed345
user9	716	235	1272822344093	0	0	a1ef5d36da6400342ac094aed345
user9	614	230	1272822344125	0	0	a1ef5d36da6400342ac094aed345
user9	509	226	1272822344156	0	0	a1ef5d36da6400342ac094aed345
user9	408	224	1272822344203	0	0	a1ef5d36da6400342ac094aed345
user9	321	222	1272822344234	0	0	a1ef5d36da6400342ac094aed345
user9	283	221	1272822344250	0	0	a1ef5d36da6400342ac094aed345
user9	265	221	1272822344265	0	0	a1ef5d36da6400342ac094aed345
user9	260	220	1272822344296	0	0	a1ef5d36da6400342ac094aed345
user9	259	220	1272822344312	0	0	a1ef5d36da6400342ac094aed345
user9	260	220	1272822344343	0	0	a1ef5d36da6400342ac094aed345
user9	261	221	1272822344359	0	0	a1ef5d36da6400342ac094aed345
user9	261	222	1272822344390	0	0	a1ef5d36da6400342ac094aed345
user9	262	220	1272822346562	0	0	a1ef5d36da6400342ac094aed345
user9	270	209	1272822346656	0	0	a1ef5d36da6400342ac094aed345
user9	270	207	1272822346656	0	0	a1ef5d36da6400342ac094aed345
user9	270	201	1272822346687	0	0	a1ef5d36da6400342ac094aed345
user9	272	197	1272822346718	0	0	a1ef5d36da6400342ac094aed345
user9	273	194	1272822346750	0	0	a1ef5d36da6400342ac094aed345
user9	273	194	1272822349046	1272822348515	1272822349046	a1ef5d36da6400342ac094aed345
user9	273	194	1272822359640	0	0	a1ef5d36da6400342ac094aed345
user9	273	194	1272822392390	0	0	a1ef5d36da6400342ac094aed345
user9	273	194	1272822394437	1272822394281	1272822394437	a1ef5d36da6400342ac094aed345
user9	274	194	1272822410390	0	0	a1ef5d36da6400342ac094aed345
user9	330	207	1272822410453	0	0	a1ef5d36da6400342ac094aed345
user9	378	213	1272822410484	0	0	a1ef5d36da6400342ac094aed345
user9	418	214	1272822410515	0	0	a1ef5d36da6400342ac094aed345
user9	444	214	1272822410546	0	0	a1ef5d36da6400342ac094aed345
user9	452	214	1272822410578	0	0	a1ef5d36da6400342ac094aed345
user9	452	214	1272822410984	0	0	a1ef5d36da6400342ac094aed345
user9	452	250	1272822411062	0	0	a1ef5d36da6400342ac094aed345
user9	453	256	1272822411062	0	0	a1ef5d36da6400342ac094aed345
user9	454	282	1272822411093	0	0	a1ef5d36da6400342ac094aed345
user9	454	294	1272822411093	0	0	a1ef5d36da6400342ac094aed345
user9	454	332	1272822411125	0	0	a1ef5d36da6400342ac094aed345
user9	454	351	1272822411125	0	0	a1ef5d36da6400342ac094aed345
user9	436	436	1272822411156	0	0	a1ef5d36da6400342ac094aed345
user9	394	511	1272822411187	0	0	a1ef5d36da6400342ac094aed345
user9	340	550	1272822411203	0	0	a1ef5d36da6400342ac094aed345
user9	218	567	1272822411375	0	0	a1ef5d36da6400342ac094aed345
user9	265	478	1272822411406	0	0	a1ef5d36da6400342ac094aed345
user9	287	438	1272822411406	0	0	a1ef5d36da6400342ac094aed345
user9	370	275	1272822411437	0	0	a1ef5d36da6400342ac094aed345
user9	434	142	1272822411468	0	0	a1ef5d36da6400342ac094aed345
user9	448	69	1272822411500	0	0	a1ef5d36da6400342ac094aed345
user9	442	38	1272822411531	0	0	a1ef5d36da6400342ac094aed345
user9	419	11	1272822411562	0	0	a1ef5d36da6400342ac094aed345
user9	412	6	1272822411562	0	0	a1ef5d36da6400342ac094aed345
user9	215	3	1272822413781	0	0	a1ef5d36da6400342ac094aed345
user9	37	122	1272822413859	0	0	a1ef5d36da6400342ac094aed345
user9	23	130	1272822413859	0	0	a1ef5d36da6400342ac094aed345
user9	126	2	1272822436625	0	0	a1ef5d36da6400342ac094aed345
user9	154	61	1272822436687	0	0	a1ef5d36da6400342ac094aed345
user9	157	68	1272822436703	0	0	a1ef5d36da6400342ac094aed345
user9	160	83	1272822436734	0	0	a1ef5d36da6400342ac094aed345
user9	162	89	1272822436734	0	0	a1ef5d36da6400342ac094aed345
user9	163	106	1272822436765	0	0	a1ef5d36da6400342ac094aed345
user9	166	120	1272822436796	0	0	a1ef5d36da6400342ac094aed345
user9	166	123	1272822436796	0	0	a1ef5d36da6400342ac094aed345
user9	166	130	1272822436828	0	0	a1ef5d36da6400342ac094aed345
user9	168	132	1272822436843	0	0	a1ef5d36da6400342ac094aed345
user9	172	134	1272822436875	0	0	a1ef5d36da6400342ac094aed345
user9	174	136	1272822436875	0	0	a1ef5d36da6400342ac094aed345
user9	178	138	1272822436890	0	0	a1ef5d36da6400342ac094aed345
user9	183	138	1272822436921	0	0	a1ef5d36da6400342ac094aed345
user9	189	138	1272822436937	0	0	a1ef5d36da6400342ac094aed345
user9	195	138	1272822436953	0	0	a1ef5d36da6400342ac094aed345
user9	199	138	1272822436968	0	0	a1ef5d36da6400342ac094aed345
user9	210	138	1272822436984	0	0	a1ef5d36da6400342ac094aed345
user9	218	140	1272822436984	0	0	a1ef5d36da6400342ac094aed345
user9	234	141	1272822437000	0	0	a1ef5d36da6400342ac094aed345
user9	262	142	1272822437031	0	0	a1ef5d36da6400342ac094aed345
user9	297	144	1272822437046	0	0	a1ef5d36da6400342ac094aed345
user9	335	151	1272822437078	0	0	a1ef5d36da6400342ac094aed345
user9	358	156	1272822437093	0	0	a1ef5d36da6400342ac094aed345
user9	386	164	1272822437109	0	0	a1ef5d36da6400342ac094aed345
user9	410	174	1272822437140	0	0	a1ef5d36da6400342ac094aed345
user9	430	182	1272822437156	0	0	a1ef5d36da6400342ac094aed345
user9	438	186	1272822437187	0	0	a1ef5d36da6400342ac094aed345
user9	445	188	1272822437203	0	0	a1ef5d36da6400342ac094aed345
user9	444	190	1272822437218	0	0	a1ef5d36da6400342ac094aed345
user9	443	195	1272822437250	0	0	a1ef5d36da6400342ac094aed345
user9	443	214	1272822437265	0	0	a1ef5d36da6400342ac094aed345
user9	442	224	1272822437296	0	0	a1ef5d36da6400342ac094aed345
user9	438	227	1272822437312	0	0	a1ef5d36da6400342ac094aed345
user9	436	228	1272822437343	0	0	a1ef5d36da6400342ac094aed345
user9	435	228	1272822437343	0	0	a1ef5d36da6400342ac094aed345
user9	434	228	1272822437359	0	0	a1ef5d36da6400342ac094aed345
user9	434	226	1272822437375	0	0	a1ef5d36da6400342ac094aed345
user9	434	226	1272822437406	0	0	a1ef5d36da6400342ac094aed345
user9	438	230	1272822437421	0	0	a1ef5d36da6400342ac094aed345
user9	439	231	1272822437453	0	0	a1ef5d36da6400342ac094aed345
user9	440	231	1272822437453	0	0	a1ef5d36da6400342ac094aed345
user9	441	230	1272822437500	0	0	a1ef5d36da6400342ac094aed345
user9	441	230	1272822437515	0	0	a1ef5d36da6400342ac094aed345
user9	442	228	1272822437515	0	0	a1ef5d36da6400342ac094aed345
user9	445	226	1272822437546	0	0	a1ef5d36da6400342ac094aed345
user9	446	226	1272822437546	0	0	a1ef5d36da6400342ac094aed345
user9	449	225	1272822437562	0	0	a1ef5d36da6400342ac094aed345
user9	451	224	1272822437593	0	0	a1ef5d36da6400342ac094aed345
user9	452	224	1272822437625	0	0	a1ef5d36da6400342ac094aed345
user9	452	224	1272822437828	1272822437703	1272822437828	a1ef5d36da6400342ac094aed345
