User	X	Y	MouseTimeStamp	MouseDownTimeStamp	MouseUpTimeStamp	SessionID
user20	977	304	1271355379093	0	0	2af82b3970ace05c33a178fbe222
user20	977	307	1271355379120	0	0	2af82b3970ace05c33a178fbe222
user20	977	308	1271355379139	0	0	2af82b3970ace05c33a178fbe222
user20	977	309	1271355379370	0	0	2af82b3970ace05c33a178fbe222
user20	977	310	1271355379378	0	0	2af82b3970ace05c33a178fbe222
user20	977	311	1271355379394	0	0	2af82b3970ace05c33a178fbe222
user20	977	312	1271355379410	0	0	2af82b3970ace05c33a178fbe222
user20	977	313	1271355379426	0	0	2af82b3970ace05c33a178fbe222
user20	977	314	1271355379442	0	0	2af82b3970ace05c33a178fbe222
user20	976	314	1271355379458	0	0	2af82b3970ace05c33a178fbe222
user20	976	315	1271355379498	0	0	2af82b3970ace05c33a178fbe222
user20	975	315	1271355379578	0	0	2af82b3970ace05c33a178fbe222
user20	975	311	1271355379586	0	0	2af82b3970ace05c33a178fbe222
user20	973	309	1271355379594	0	0	2af82b3970ace05c33a178fbe222
user20	973	305	1271355379602	0	0	2af82b3970ace05c33a178fbe222
user20	971	303	1271355379610	0	0	2af82b3970ace05c33a178fbe222
user20	970	300	1271355379618	0	0	2af82b3970ace05c33a178fbe222
user20	970	298	1271355379626	0	0	2af82b3970ace05c33a178fbe222
user20	970	296	1271355379634	0	0	2af82b3970ace05c33a178fbe222
user20	970	294	1271355379642	0	0	2af82b3970ace05c33a178fbe222
user20	970	293	1271355379650	0	0	2af82b3970ace05c33a178fbe222
user20	969	292	1271355379658	0	0	2af82b3970ace05c33a178fbe222
user20	969	292	1271355379978	1271355379882	1271355379978	2af82b3970ace05c33a178fbe222
user20	967	289	1271355380131	0	0	2af82b3970ace05c33a178fbe222
user20	967	286	1271355380138	0	0	2af82b3970ace05c33a178fbe222
user20	967	285	1271355380146	0	0	2af82b3970ace05c33a178fbe222
user20	967	284	1271355380154	0	0	2af82b3970ace05c33a178fbe222
user20	967	283	1271355380170	0	0	2af82b3970ace05c33a178fbe222
user20	967	282	1271355380178	0	0	2af82b3970ace05c33a178fbe222
user20	967	281	1271355380186	0	0	2af82b3970ace05c33a178fbe222
user20	967	280	1271355380194	0	0	2af82b3970ace05c33a178fbe222
user20	967	279	1271355380202	0	0	2af82b3970ace05c33a178fbe222
user20	967	279	1271355380418	1271355380338	1271355380418	2af82b3970ace05c33a178fbe222
user20	687	325	1271355384202	0	0	2af82b3970ace05c33a178fbe222
user20	682	323	1271355384210	0	0	2af82b3970ace05c33a178fbe222
user20	678	321	1271355384218	0	0	2af82b3970ace05c33a178fbe222
user20	674	318	1271355384226	0	0	2af82b3970ace05c33a178fbe222
user20	669	317	1271355384234	0	0	2af82b3970ace05c33a178fbe222
user20	665	317	1271355384242	0	0	2af82b3970ace05c33a178fbe222
user20	660	315	1271355384250	0	0	2af82b3970ace05c33a178fbe222
user20	654	315	1271355384258	0	0	2af82b3970ace05c33a178fbe222
user20	647	313	1271355384266	0	0	2af82b3970ace05c33a178fbe222
user20	642	312	1271355384274	0	0	2af82b3970ace05c33a178fbe222
user20	638	310	1271355384282	0	0	2af82b3970ace05c33a178fbe222
user20	634	309	1271355384290	0	0	2af82b3970ace05c33a178fbe222
user20	630	308	1271355384298	0	0	2af82b3970ace05c33a178fbe222
user20	628	308	1271355384306	0	0	2af82b3970ace05c33a178fbe222
user20	626	306	1271355384314	0	0	2af82b3970ace05c33a178fbe222
user20	623	305	1271355384322	0	0	2af82b3970ace05c33a178fbe222
user20	621	304	1271355384330	0	0	2af82b3970ace05c33a178fbe222
user20	618	303	1271355384338	0	0	2af82b3970ace05c33a178fbe222
user20	616	302	1271355384346	0	0	2af82b3970ace05c33a178fbe222
user20	614	299	1271355384354	0	0	2af82b3970ace05c33a178fbe222
user20	610	298	1271355384362	0	0	2af82b3970ace05c33a178fbe222
user20	607	298	1271355384370	0	0	2af82b3970ace05c33a178fbe222
user20	604	296	1271355384378	0	0	2af82b3970ace05c33a178fbe222
user20	600	295	1271355384386	0	0	2af82b3970ace05c33a178fbe222
user20	596	292	1271355384394	0	0	2af82b3970ace05c33a178fbe222
user20	592	291	1271355384402	0	0	2af82b3970ace05c33a178fbe222
user20	591	287	1271355384410	0	0	2af82b3970ace05c33a178fbe222
user20	587	283	1271355384418	0	0	2af82b3970ace05c33a178fbe222
user20	583	282	1271355384426	0	0	2af82b3970ace05c33a178fbe222
user20	575	279	1271355384434	0	0	2af82b3970ace05c33a178fbe222
user20	572	276	1271355384442	0	0	2af82b3970ace05c33a178fbe222
user20	566	276	1271355384450	0	0	2af82b3970ace05c33a178fbe222
user20	562	271	1271355384458	0	0	2af82b3970ace05c33a178fbe222
user20	560	268	1271355384466	0	0	2af82b3970ace05c33a178fbe222
user20	557	265	1271355384474	0	0	2af82b3970ace05c33a178fbe222
user20	552	264	1271355384482	0	0	2af82b3970ace05c33a178fbe222
user20	548	262	1271355384490	0	0	2af82b3970ace05c33a178fbe222
user20	545	260	1271355384498	0	0	2af82b3970ace05c33a178fbe222
user20	543	257	1271355384506	0	0	2af82b3970ace05c33a178fbe222
user20	539	255	1271355384514	0	0	2af82b3970ace05c33a178fbe222
user20	535	254	1271355384522	0	0	2af82b3970ace05c33a178fbe222
user20	533	251	1271355384530	0	0	2af82b3970ace05c33a178fbe222
user20	530	249	1271355384538	0	0	2af82b3970ace05c33a178fbe222
user20	526	247	1271355384546	0	0	2af82b3970ace05c33a178fbe222
user20	524	245	1271355384554	0	0	2af82b3970ace05c33a178fbe222
user20	520	242	1271355384562	0	0	2af82b3970ace05c33a178fbe222
user20	517	238	1271355384570	0	0	2af82b3970ace05c33a178fbe222
user20	512	235	1271355384578	0	0	2af82b3970ace05c33a178fbe222
user20	506	231	1271355384586	0	0	2af82b3970ace05c33a178fbe222
user20	503	225	1271355384594	0	0	2af82b3970ace05c33a178fbe222
user20	497	221	1271355384602	0	0	2af82b3970ace05c33a178fbe222
user20	494	217	1271355384610	0	0	2af82b3970ace05c33a178fbe222
user20	471	196	1271355384748	0	0	2af82b3970ace05c33a178fbe222
user20	471	195	1271355384762	0	0	2af82b3970ace05c33a178fbe222
user20	470	194	1271355384770	0	0	2af82b3970ace05c33a178fbe222
user20	470	193	1271355384778	0	0	2af82b3970ace05c33a178fbe222
user20	470	192	1271355384786	0	0	2af82b3970ace05c33a178fbe222
user20	470	191	1271355384794	0	0	2af82b3970ace05c33a178fbe222
user20	469	191	1271355384802	0	0	2af82b3970ace05c33a178fbe222
user20	469	191	1271355385266	1271355385170	1271355385266	2af82b3970ace05c33a178fbe222
user20	469	193	1271355415609	0	0	2af82b3970ace05c33a178fbe222
user20	470	195	1271355415617	0	0	2af82b3970ace05c33a178fbe222
user20	470	197	1271355415625	0	0	2af82b3970ace05c33a178fbe222
user20	472	200	1271355415633	0	0	2af82b3970ace05c33a178fbe222
user20	472	203	1271355415641	0	0	2af82b3970ace05c33a178fbe222
user20	474	209	1271355415649	0	0	2af82b3970ace05c33a178fbe222
user20	477	213	1271355415657	0	0	2af82b3970ace05c33a178fbe222
user20	483	217	1271355415665	0	0	2af82b3970ace05c33a178fbe222
user20	485	220	1271355415673	0	0	2af82b3970ace05c33a178fbe222
user20	489	222	1271355415681	0	0	2af82b3970ace05c33a178fbe222
user20	491	224	1271355415689	0	0	2af82b3970ace05c33a178fbe222
user20	494	226	1271355415697	0	0	2af82b3970ace05c33a178fbe222
user20	497	230	1271355415705	0	0	2af82b3970ace05c33a178fbe222
user20	500	230	1271355415713	0	0	2af82b3970ace05c33a178fbe222
user20	501	230	1271355415721	0	0	2af82b3970ace05c33a178fbe222
user20	502	230	1271355415729	0	0	2af82b3970ace05c33a178fbe222
user20	505	231	1271355415737	0	0	2af82b3970ace05c33a178fbe222
user20	506	231	1271355415745	0	0	2af82b3970ace05c33a178fbe222
user20	507	231	1271355415777	0	0	2af82b3970ace05c33a178fbe222
user20	508	231	1271355415785	0	0	2af82b3970ace05c33a178fbe222
user20	511	231	1271355415801	0	0	2af82b3970ace05c33a178fbe222
user20	512	231	1271355415809	0	0	2af82b3970ace05c33a178fbe222
user20	514	231	1271355415817	0	0	2af82b3970ace05c33a178fbe222
user20	517	231	1271355415825	0	0	2af82b3970ace05c33a178fbe222
user20	521	231	1271355415833	0	0	2af82b3970ace05c33a178fbe222
user20	526	231	1271355415841	0	0	2af82b3970ace05c33a178fbe222
user20	529	231	1271355415849	0	0	2af82b3970ace05c33a178fbe222
user20	536	231	1271355415857	0	0	2af82b3970ace05c33a178fbe222
user20	539	231	1271355415865	0	0	2af82b3970ace05c33a178fbe222
user20	548	231	1271355415873	0	0	2af82b3970ace05c33a178fbe222
user20	556	234	1271355415881	0	0	2af82b3970ace05c33a178fbe222
user20	563	234	1271355415889	0	0	2af82b3970ace05c33a178fbe222
user20	573	234	1271355415897	0	0	2af82b3970ace05c33a178fbe222
user20	579	236	1271355415906	0	0	2af82b3970ace05c33a178fbe222
user20	597	237	1271355415946	0	0	2af82b3970ace05c33a178fbe222
user20	600	237	1271355415953	0	0	2af82b3970ace05c33a178fbe222
user20	601	237	1271355415961	0	0	2af82b3970ace05c33a178fbe222
user20	602	237	1271355415969	0	0	2af82b3970ace05c33a178fbe222
user20	603	237	1271355415985	0	0	2af82b3970ace05c33a178fbe222
user20	603	237	1271355416305	1271355416217	1271355416305	2af82b3970ace05c33a178fbe222
user20	497	68	1271355420636	0	0	2af82b3970ace05c33a178fbe222
user20	497	67	1271355420657	0	0	2af82b3970ace05c33a178fbe222
user20	498	66	1271355420689	0	0	2af82b3970ace05c33a178fbe222
user20	498	65	1271355420705	0	0	2af82b3970ace05c33a178fbe222
user20	498	64	1271355420721	0	0	2af82b3970ace05c33a178fbe222
user20	498	63	1271355420729	0	0	2af82b3970ace05c33a178fbe222
user20	498	62	1271355420737	0	0	2af82b3970ace05c33a178fbe222
user20	498	61	1271355420745	0	0	2af82b3970ace05c33a178fbe222
user20	498	60	1271355420753	0	0	2af82b3970ace05c33a178fbe222
user20	498	59	1271355420769	0	0	2af82b3970ace05c33a178fbe222
user20	498	58	1271355420785	0	0	2af82b3970ace05c33a178fbe222
user20	498	58	1271355421313	1271355421209	1271355421313	2af82b3970ace05c33a178fbe222
user20	546	380	1271355465728	0	0	2af82b3970ace05c33a178fbe222
user20	547	380	1271355465736	0	0	2af82b3970ace05c33a178fbe222
user20	550	380	1271355465744	0	0	2af82b3970ace05c33a178fbe222
user20	552	380	1271355465752	0	0	2af82b3970ace05c33a178fbe222
user20	556	380	1271355465760	0	0	2af82b3970ace05c33a178fbe222
user20	559	380	1271355465768	0	0	2af82b3970ace05c33a178fbe222
user20	565	380	1271355465776	0	0	2af82b3970ace05c33a178fbe222
user20	568	380	1271355465783	0	0	2af82b3970ace05c33a178fbe222
user20	572	380	1271355465792	0	0	2af82b3970ace05c33a178fbe222
user20	576	380	1271355465799	0	0	2af82b3970ace05c33a178fbe222
user20	578	380	1271355465808	0	0	2af82b3970ace05c33a178fbe222
user20	580	380	1271355465816	0	0	2af82b3970ace05c33a178fbe222
user20	581	380	1271355465832	0	0	2af82b3970ace05c33a178fbe222
user20	581	377	1271355466040	0	0	2af82b3970ace05c33a178fbe222
user20	579	375	1271355466048	0	0	2af82b3970ace05c33a178fbe222
user20	578	373	1271355466056	0	0	2af82b3970ace05c33a178fbe222
user20	575	369	1271355466064	0	0	2af82b3970ace05c33a178fbe222
user20	573	363	1271355466072	0	0	2af82b3970ace05c33a178fbe222
user20	572	361	1271355466080	0	0	2af82b3970ace05c33a178fbe222
user20	569	357	1271355466088	0	0	2af82b3970ace05c33a178fbe222
user20	566	353	1271355466095	0	0	2af82b3970ace05c33a178fbe222
user20	565	349	1271355466103	0	0	2af82b3970ace05c33a178fbe222
user20	564	348	1271355466112	0	0	2af82b3970ace05c33a178fbe222
user20	562	346	1271355466120	0	0	2af82b3970ace05c33a178fbe222
user20	561	346	1271355466128	0	0	2af82b3970ace05c33a178fbe222
user20	560	345	1271355466136	0	0	2af82b3970ace05c33a178fbe222
user20	560	345	1271355466384	1271355466280	1271355466384	2af82b3970ace05c33a178fbe222
user20	560	341	1271355466672	0	0	2af82b3970ace05c33a178fbe222
user20	561	332	1271355466680	0	0	2af82b3970ace05c33a178fbe222
user20	561	323	1271355466688	0	0	2af82b3970ace05c33a178fbe222
user20	562	311	1271355466696	0	0	2af82b3970ace05c33a178fbe222
user20	562	299	1271355466704	0	0	2af82b3970ace05c33a178fbe222
user20	563	289	1271355466712	0	0	2af82b3970ace05c33a178fbe222
user20	564	251	1271355466873	0	0	2af82b3970ace05c33a178fbe222
user20	563	251	1271355466896	0	0	2af82b3970ace05c33a178fbe222
user20	563	250	1271355467024	0	0	2af82b3970ace05c33a178fbe222
user20	563	249	1271355467032	0	0	2af82b3970ace05c33a178fbe222
user20	563	248	1271355467040	0	0	2af82b3970ace05c33a178fbe222
user20	565	244	1271355467048	0	0	2af82b3970ace05c33a178fbe222
user20	565	242	1271355467055	0	0	2af82b3970ace05c33a178fbe222
user20	566	238	1271355467063	0	0	2af82b3970ace05c33a178fbe222
user20	566	234	1271355467071	0	0	2af82b3970ace05c33a178fbe222
user20	567	229	1271355467080	0	0	2af82b3970ace05c33a178fbe222
user20	567	225	1271355467087	0	0	2af82b3970ace05c33a178fbe222
user20	567	218	1271355467095	0	0	2af82b3970ace05c33a178fbe222
user20	567	211	1271355467103	0	0	2af82b3970ace05c33a178fbe222
user20	568	206	1271355467111	0	0	2af82b3970ace05c33a178fbe222
user20	568	198	1271355467120	0	0	2af82b3970ace05c33a178fbe222
user20	568	189	1271355467127	0	0	2af82b3970ace05c33a178fbe222
user20	568	179	1271355467136	0	0	2af82b3970ace05c33a178fbe222
user20	568	172	1271355467143	0	0	2af82b3970ace05c33a178fbe222
user20	568	163	1271355467151	0	0	2af82b3970ace05c33a178fbe222
user20	568	155	1271355467159	0	0	2af82b3970ace05c33a178fbe222
user20	568	146	1271355467168	0	0	2af82b3970ace05c33a178fbe222
user20	568	141	1271355467175	0	0	2af82b3970ace05c33a178fbe222
user20	568	135	1271355467183	0	0	2af82b3970ace05c33a178fbe222
user20	566	130	1271355467191	0	0	2af82b3970ace05c33a178fbe222
user20	565	125	1271355467199	0	0	2af82b3970ace05c33a178fbe222
user20	566	119	1271355467207	0	0	2af82b3970ace05c33a178fbe222
user20	566	116	1271355467216	0	0	2af82b3970ace05c33a178fbe222
user20	564	112	1271355467223	0	0	2af82b3970ace05c33a178fbe222
user20	564	108	1271355467232	0	0	2af82b3970ace05c33a178fbe222
user20	564	106	1271355467239	0	0	2af82b3970ace05c33a178fbe222
user20	564	103	1271355467247	0	0	2af82b3970ace05c33a178fbe222
user20	564	100	1271355467255	0	0	2af82b3970ace05c33a178fbe222
user20	564	96	1271355467264	0	0	2af82b3970ace05c33a178fbe222
user20	564	94	1271355467271	0	0	2af82b3970ace05c33a178fbe222
user20	564	90	1271355467280	0	0	2af82b3970ace05c33a178fbe222
user20	564	86	1271355467287	0	0	2af82b3970ace05c33a178fbe222
user20	564	83	1271355467295	0	0	2af82b3970ace05c33a178fbe222
user20	564	79	1271355467303	0	0	2af82b3970ace05c33a178fbe222
user20	564	75	1271355467311	0	0	2af82b3970ace05c33a178fbe222
user20	564	73	1271355467319	0	0	2af82b3970ace05c33a178fbe222
user20	564	71	1271355467327	0	0	2af82b3970ace05c33a178fbe222
user20	564	68	1271355467336	0	0	2af82b3970ace05c33a178fbe222
user20	564	67	1271355467343	0	0	2af82b3970ace05c33a178fbe222
user20	564	66	1271355467351	0	0	2af82b3970ace05c33a178fbe222
user20	564	65	1271355467368	0	0	2af82b3970ace05c33a178fbe222
user20	564	64	1271355467376	0	0	2af82b3970ace05c33a178fbe222
user20	564	63	1271355467383	0	0	2af82b3970ace05c33a178fbe222
user20	564	62	1271355467399	0	0	2af82b3970ace05c33a178fbe222
user20	565	61	1271355467407	0	0	2af82b3970ace05c33a178fbe222
user20	567	59	1271355467415	0	0	2af82b3970ace05c33a178fbe222
user20	568	58	1271355467423	0	0	2af82b3970ace05c33a178fbe222
user20	568	57	1271355467440	0	0	2af82b3970ace05c33a178fbe222
user20	568	57	1271355468032	1271355467920	1271355468032	2af82b3970ace05c33a178fbe222
user20	546	527	1271355474728	0	0	2af82b3970ace05c33a178fbe222
user20	546	526	1271355474735	0	0	2af82b3970ace05c33a178fbe222
user20	545	525	1271355474743	0	0	2af82b3970ace05c33a178fbe222
user20	545	524	1271355474751	0	0	2af82b3970ace05c33a178fbe222
user20	545	523	1271355474759	0	0	2af82b3970ace05c33a178fbe222
user20	544	523	1271355474767	0	0	2af82b3970ace05c33a178fbe222
user20	542	520	1271355474775	0	0	2af82b3970ace05c33a178fbe222
user20	542	519	1271355474783	0	0	2af82b3970ace05c33a178fbe222
user20	542	518	1271355474791	0	0	2af82b3970ace05c33a178fbe222
user20	541	517	1271355474807	0	0	2af82b3970ace05c33a178fbe222
user20	540	517	1271355474815	0	0	2af82b3970ace05c33a178fbe222
user20	540	516	1271355474831	0	0	2af82b3970ace05c33a178fbe222
user20	539	516	1271355474855	0	0	2af82b3970ace05c33a178fbe222
user20	539	515	1271355474879	0	0	2af82b3970ace05c33a178fbe222
user20	539	514	1271355474895	0	0	2af82b3970ace05c33a178fbe222
user20	538	513	1271355474903	0	0	2af82b3970ace05c33a178fbe222
user20	538	512	1271355474911	0	0	2af82b3970ace05c33a178fbe222
user20	538	511	1271355474919	0	0	2af82b3970ace05c33a178fbe222
user20	537	510	1271355474927	0	0	2af82b3970ace05c33a178fbe222
user20	537	509	1271355474935	0	0	2af82b3970ace05c33a178fbe222
user20	535	506	1271355474943	0	0	2af82b3970ace05c33a178fbe222
user20	534	502	1271355474951	0	0	2af82b3970ace05c33a178fbe222
user20	534	497	1271355474959	0	0	2af82b3970ace05c33a178fbe222
user20	534	488	1271355474967	0	0	2af82b3970ace05c33a178fbe222
user20	534	477	1271355474975	0	0	2af82b3970ace05c33a178fbe222
user20	534	463	1271355474983	0	0	2af82b3970ace05c33a178fbe222
user20	534	442	1271355474991	0	0	2af82b3970ace05c33a178fbe222
user20	534	421	1271355474999	0	0	2af82b3970ace05c33a178fbe222
user20	534	393	1271355475007	0	0	2af82b3970ace05c33a178fbe222
user20	535	367	1271355475015	0	0	2af82b3970ace05c33a178fbe222
user20	535	339	1271355475024	0	0	2af82b3970ace05c33a178fbe222
user20	535	296	1271355475031	0	0	2af82b3970ace05c33a178fbe222
user20	535	257	1271355475039	0	0	2af82b3970ace05c33a178fbe222
user20	535	224	1271355475047	0	0	2af82b3970ace05c33a178fbe222
user20	535	190	1271355475055	0	0	2af82b3970ace05c33a178fbe222
user20	532	155	1271355475063	0	0	2af82b3970ace05c33a178fbe222
user20	532	122	1271355475071	0	0	2af82b3970ace05c33a178fbe222
user20	532	93	1271355475079	0	0	2af82b3970ace05c33a178fbe222
user20	532	74	1271355475087	0	0	2af82b3970ace05c33a178fbe222
user20	532	54	1271355475096	0	0	2af82b3970ace05c33a178fbe222
user20	530	37	1271355475103	0	0	2af82b3970ace05c33a178fbe222
user20	530	25	1271355475111	0	0	2af82b3970ace05c33a178fbe222
user20	530	18	1271355475119	0	0	2af82b3970ace05c33a178fbe222
user20	530	13	1271355475127	0	0	2af82b3970ace05c33a178fbe222
user20	530	11	1271355475135	0	0	2af82b3970ace05c33a178fbe222
user20	530	8	1271355475143	0	0	2af82b3970ace05c33a178fbe222
user20	529	7	1271355475151	0	0	2af82b3970ace05c33a178fbe222
user20	529	11	1271355475335	0	0	2af82b3970ace05c33a178fbe222
user20	529	13	1271355475343	0	0	2af82b3970ace05c33a178fbe222
user20	529	17	1271355475351	0	0	2af82b3970ace05c33a178fbe222
user20	529	22	1271355475359	0	0	2af82b3970ace05c33a178fbe222
user20	529	26	1271355475367	0	0	2af82b3970ace05c33a178fbe222
user20	529	30	1271355475376	0	0	2af82b3970ace05c33a178fbe222
user20	529	35	1271355475383	0	0	2af82b3970ace05c33a178fbe222
user20	529	39	1271355475392	0	0	2af82b3970ace05c33a178fbe222
user20	529	42	1271355475399	0	0	2af82b3970ace05c33a178fbe222
user20	529	44	1271355475407	0	0	2af82b3970ace05c33a178fbe222
user20	530	48	1271355475415	0	0	2af82b3970ace05c33a178fbe222
user20	530	51	1271355475423	0	0	2af82b3970ace05c33a178fbe222
user20	530	52	1271355475431	0	0	2af82b3970ace05c33a178fbe222
user20	530	54	1271355475439	0	0	2af82b3970ace05c33a178fbe222
user20	530	55	1271355475447	0	0	2af82b3970ace05c33a178fbe222
user20	530	56	1271355475455	0	0	2af82b3970ace05c33a178fbe222
user20	533	54	1271355475935	0	0	2af82b3970ace05c33a178fbe222
user20	535	54	1271355475943	0	0	2af82b3970ace05c33a178fbe222
user20	539	54	1271355475951	0	0	2af82b3970ace05c33a178fbe222
user20	542	54	1271355475960	0	0	2af82b3970ace05c33a178fbe222
user20	548	54	1271355475967	0	0	2af82b3970ace05c33a178fbe222
user20	555	54	1271355475975	0	0	2af82b3970ace05c33a178fbe222
user20	562	54	1271355475983	0	0	2af82b3970ace05c33a178fbe222
user20	569	54	1271355475991	0	0	2af82b3970ace05c33a178fbe222
user20	576	54	1271355475999	0	0	2af82b3970ace05c33a178fbe222
user20	580	54	1271355476007	0	0	2af82b3970ace05c33a178fbe222
user20	585	54	1271355476015	0	0	2af82b3970ace05c33a178fbe222
user20	589	54	1271355476023	0	0	2af82b3970ace05c33a178fbe222
user20	591	54	1271355476031	0	0	2af82b3970ace05c33a178fbe222
user20	595	54	1271355476039	0	0	2af82b3970ace05c33a178fbe222
user20	595	54	1271355476600	1271355476496	1271355476600	2af82b3970ace05c33a178fbe222
user20	557	278	1271355482456	0	0	2af82b3970ace05c33a178fbe222
user20	555	278	1271355482463	0	0	2af82b3970ace05c33a178fbe222
user20	553	278	1271355482471	0	0	2af82b3970ace05c33a178fbe222
user20	551	278	1271355482479	0	0	2af82b3970ace05c33a178fbe222
user20	547	278	1271355482487	0	0	2af82b3970ace05c33a178fbe222
user20	546	278	1271355482495	0	0	2af82b3970ace05c33a178fbe222
user20	545	278	1271355482503	0	0	2af82b3970ace05c33a178fbe222
user20	544	277	1271355482511	0	0	2af82b3970ace05c33a178fbe222
user20	543	277	1271355482519	0	0	2af82b3970ace05c33a178fbe222
user20	542	277	1271355482879	0	0	2af82b3970ace05c33a178fbe222
user20	541	276	1271355482887	0	0	2af82b3970ace05c33a178fbe222
user20	540	275	1271355482895	0	0	2af82b3970ace05c33a178fbe222
user20	539	274	1271355482903	0	0	2af82b3970ace05c33a178fbe222
user20	538	273	1271355482911	0	0	2af82b3970ace05c33a178fbe222
user20	536	271	1271355482919	0	0	2af82b3970ace05c33a178fbe222
user20	535	269	1271355482927	0	0	2af82b3970ace05c33a178fbe222
user20	532	268	1271355482935	0	0	2af82b3970ace05c33a178fbe222
user20	532	267	1271355482943	0	0	2af82b3970ace05c33a178fbe222
user20	532	266	1271355482951	0	0	2af82b3970ace05c33a178fbe222
user20	531	266	1271355482959	0	0	2af82b3970ace05c33a178fbe222
user20	531	265	1271355482967	0	0	2af82b3970ace05c33a178fbe222
user20	531	264	1271355482975	0	0	2af82b3970ace05c33a178fbe222
user20	530	264	1271355482999	0	0	2af82b3970ace05c33a178fbe222
user20	530	263	1271355483015	0	0	2af82b3970ace05c33a178fbe222
user20	529	263	1271355483023	0	0	2af82b3970ace05c33a178fbe222
user20	528	262	1271355483031	0	0	2af82b3970ace05c33a178fbe222
user20	528	261	1271355483039	0	0	2af82b3970ace05c33a178fbe222
user20	528	258	1271355483047	0	0	2af82b3970ace05c33a178fbe222
user20	528	257	1271355483063	0	0	2af82b3970ace05c33a178fbe222
user20	528	256	1271355483071	0	0	2af82b3970ace05c33a178fbe222
user20	528	255	1271355483079	0	0	2af82b3970ace05c33a178fbe222
user20	528	254	1271355483095	0	0	2af82b3970ace05c33a178fbe222
user20	527	253	1271355483103	0	0	2af82b3970ace05c33a178fbe222
user20	527	252	1271355483111	0	0	2af82b3970ace05c33a178fbe222
user20	527	251	1271355483119	0	0	2af82b3970ace05c33a178fbe222
user20	527	250	1271355483127	0	0	2af82b3970ace05c33a178fbe222
user20	526	249	1271355483135	0	0	2af82b3970ace05c33a178fbe222
user20	526	247	1271355483143	0	0	2af82b3970ace05c33a178fbe222
user20	526	246	1271355483151	0	0	2af82b3970ace05c33a178fbe222
user20	525	245	1271355483159	0	0	2af82b3970ace05c33a178fbe222
user20	525	243	1271355483167	0	0	2af82b3970ace05c33a178fbe222
user20	525	242	1271355483175	0	0	2af82b3970ace05c33a178fbe222
user20	525	241	1271355483183	0	0	2af82b3970ace05c33a178fbe222
user20	525	240	1271355483191	0	0	2af82b3970ace05c33a178fbe222
user20	525	239	1271355483199	0	0	2af82b3970ace05c33a178fbe222
user20	523	237	1271355483207	0	0	2af82b3970ace05c33a178fbe222
user20	523	236	1271355483215	0	0	2af82b3970ace05c33a178fbe222
user20	521	234	1271355483223	0	0	2af82b3970ace05c33a178fbe222
user20	521	233	1271355483231	0	0	2af82b3970ace05c33a178fbe222
user20	521	231	1271355483239	0	0	2af82b3970ace05c33a178fbe222
user20	521	230	1271355483247	0	0	2af82b3970ace05c33a178fbe222
user20	521	228	1271355483255	0	0	2af82b3970ace05c33a178fbe222
user20	521	227	1271355483263	0	0	2af82b3970ace05c33a178fbe222
user20	521	226	1271355483271	0	0	2af82b3970ace05c33a178fbe222
user20	521	224	1271355483279	0	0	2af82b3970ace05c33a178fbe222
user20	521	221	1271355483287	0	0	2af82b3970ace05c33a178fbe222
user20	521	220	1271355483295	0	0	2af82b3970ace05c33a178fbe222
user20	521	218	1271355483303	0	0	2af82b3970ace05c33a178fbe222
user20	520	217	1271355483311	0	0	2af82b3970ace05c33a178fbe222
user20	520	215	1271355483319	0	0	2af82b3970ace05c33a178fbe222
user20	518	213	1271355483327	0	0	2af82b3970ace05c33a178fbe222
user20	518	212	1271355483343	0	0	2af82b3970ace05c33a178fbe222
user20	517	212	1271355483415	0	0	2af82b3970ace05c33a178fbe222
user20	516	212	1271355483767	0	0	2af82b3970ace05c33a178fbe222
user20	514	209	1271355483775	0	0	2af82b3970ace05c33a178fbe222
user20	513	207	1271355483783	0	0	2af82b3970ace05c33a178fbe222
user20	512	203	1271355483791	0	0	2af82b3970ace05c33a178fbe222
user20	512	198	1271355483799	0	0	2af82b3970ace05c33a178fbe222
user20	507	194	1271355483807	0	0	2af82b3970ace05c33a178fbe222
user20	506	188	1271355483815	0	0	2af82b3970ace05c33a178fbe222
user20	505	183	1271355483823	0	0	2af82b3970ace05c33a178fbe222
user20	502	179	1271355483831	0	0	2af82b3970ace05c33a178fbe222
user20	502	174	1271355483839	0	0	2af82b3970ace05c33a178fbe222
user20	500	170	1271355483847	0	0	2af82b3970ace05c33a178fbe222
user20	499	166	1271355483855	0	0	2af82b3970ace05c33a178fbe222
user20	499	162	1271355483863	0	0	2af82b3970ace05c33a178fbe222
user20	497	159	1271355483871	0	0	2af82b3970ace05c33a178fbe222
user20	496	155	1271355483879	0	0	2af82b3970ace05c33a178fbe222
user20	496	149	1271355483887	0	0	2af82b3970ace05c33a178fbe222
user20	496	144	1271355483895	0	0	2af82b3970ace05c33a178fbe222
user20	494	142	1271355483903	0	0	2af82b3970ace05c33a178fbe222
user20	494	140	1271355483911	0	0	2af82b3970ace05c33a178fbe222
user20	494	137	1271355483919	0	0	2af82b3970ace05c33a178fbe222
user20	494	136	1271355483927	0	0	2af82b3970ace05c33a178fbe222
user20	493	136	1271355484095	0	0	2af82b3970ace05c33a178fbe222
user20	492	136	1271355484127	0	0	2af82b3970ace05c33a178fbe222
user20	491	136	1271355484167	0	0	2af82b3970ace05c33a178fbe222
user20	490	136	1271355484183	0	0	2af82b3970ace05c33a178fbe222
user20	487	136	1271355484191	0	0	2af82b3970ace05c33a178fbe222
user20	485	136	1271355484199	0	0	2af82b3970ace05c33a178fbe222
user20	483	137	1271355484207	0	0	2af82b3970ace05c33a178fbe222
user20	479	137	1271355484215	0	0	2af82b3970ace05c33a178fbe222
user20	475	138	1271355484223	0	0	2af82b3970ace05c33a178fbe222
user20	473	139	1271355484231	0	0	2af82b3970ace05c33a178fbe222
user20	467	140	1271355484239	0	0	2af82b3970ace05c33a178fbe222
user20	464	140	1271355484247	0	0	2af82b3970ace05c33a178fbe222
user20	458	141	1271355484255	0	0	2af82b3970ace05c33a178fbe222
user20	456	143	1271355484263	0	0	2af82b3970ace05c33a178fbe222
user20	452	143	1271355484271	0	0	2af82b3970ace05c33a178fbe222
user20	447	143	1271355484279	0	0	2af82b3970ace05c33a178fbe222
user20	443	147	1271355484287	0	0	2af82b3970ace05c33a178fbe222
user20	397	174	1271355484370	0	0	2af82b3970ace05c33a178fbe222
user20	390	180	1271355484375	0	0	2af82b3970ace05c33a178fbe222
user20	384	186	1271355484383	0	0	2af82b3970ace05c33a178fbe222
user20	378	193	1271355484391	0	0	2af82b3970ace05c33a178fbe222
user20	373	199	1271355484399	0	0	2af82b3970ace05c33a178fbe222
user20	367	205	1271355484407	0	0	2af82b3970ace05c33a178fbe222
user20	362	211	1271355484415	0	0	2af82b3970ace05c33a178fbe222
user20	360	212	1271355484423	0	0	2af82b3970ace05c33a178fbe222
user20	359	215	1271355484431	0	0	2af82b3970ace05c33a178fbe222
user20	356	217	1271355484439	0	0	2af82b3970ace05c33a178fbe222
user20	356	218	1271355484447	0	0	2af82b3970ace05c33a178fbe222
user20	355	219	1271355484455	0	0	2af82b3970ace05c33a178fbe222
user20	354	219	1271355484463	0	0	2af82b3970ace05c33a178fbe222
user20	356	219	1271355484519	0	0	2af82b3970ace05c33a178fbe222
user20	358	219	1271355484527	0	0	2af82b3970ace05c33a178fbe222
user20	359	219	1271355484535	0	0	2af82b3970ace05c33a178fbe222
user20	362	219	1271355484543	0	0	2af82b3970ace05c33a178fbe222
user20	368	217	1271355484551	0	0	2af82b3970ace05c33a178fbe222
user20	375	214	1271355484559	0	0	2af82b3970ace05c33a178fbe222
user20	381	214	1271355484567	0	0	2af82b3970ace05c33a178fbe222
user20	388	211	1271355484575	0	0	2af82b3970ace05c33a178fbe222
user20	396	206	1271355484583	0	0	2af82b3970ace05c33a178fbe222
user20	407	200	1271355484591	0	0	2af82b3970ace05c33a178fbe222
user20	417	195	1271355484599	0	0	2af82b3970ace05c33a178fbe222
user20	427	188	1271355484607	0	0	2af82b3970ace05c33a178fbe222
user20	434	184	1271355484615	0	0	2af82b3970ace05c33a178fbe222
user20	442	179	1271355484623	0	0	2af82b3970ace05c33a178fbe222
user20	450	170	1271355484631	0	0	2af82b3970ace05c33a178fbe222
user20	457	164	1271355484639	0	0	2af82b3970ace05c33a178fbe222
user20	465	157	1271355484647	0	0	2af82b3970ace05c33a178fbe222
user20	471	151	1271355484655	0	0	2af82b3970ace05c33a178fbe222
user20	478	145	1271355484663	0	0	2af82b3970ace05c33a178fbe222
user20	480	141	1271355484671	0	0	2af82b3970ace05c33a178fbe222
user20	485	135	1271355484679	0	0	2af82b3970ace05c33a178fbe222
user20	489	129	1271355484687	0	0	2af82b3970ace05c33a178fbe222
user20	492	123	1271355484695	0	0	2af82b3970ace05c33a178fbe222
user20	495	117	1271355484703	0	0	2af82b3970ace05c33a178fbe222
user20	496	115	1271355484711	0	0	2af82b3970ace05c33a178fbe222
user20	499	112	1271355484719	0	0	2af82b3970ace05c33a178fbe222
user20	500	110	1271355484727	0	0	2af82b3970ace05c33a178fbe222
user20	501	108	1271355484735	0	0	2af82b3970ace05c33a178fbe222
user20	502	104	1271355484743	0	0	2af82b3970ace05c33a178fbe222
user20	504	100	1271355484751	0	0	2af82b3970ace05c33a178fbe222
user20	504	98	1271355484759	0	0	2af82b3970ace05c33a178fbe222
user20	505	95	1271355484767	0	0	2af82b3970ace05c33a178fbe222
user20	505	91	1271355484775	0	0	2af82b3970ace05c33a178fbe222
user20	506	88	1271355484783	0	0	2af82b3970ace05c33a178fbe222
user20	506	85	1271355484791	0	0	2af82b3970ace05c33a178fbe222
user20	506	83	1271355484799	0	0	2af82b3970ace05c33a178fbe222
user20	506	81	1271355484807	0	0	2af82b3970ace05c33a178fbe222
user20	506	79	1271355484815	0	0	2af82b3970ace05c33a178fbe222
user20	506	78	1271355484823	0	0	2af82b3970ace05c33a178fbe222
user20	504	75	1271355484831	0	0	2af82b3970ace05c33a178fbe222
user20	502	74	1271355484839	0	0	2af82b3970ace05c33a178fbe222
user20	502	73	1271355484847	0	0	2af82b3970ace05c33a178fbe222
user20	501	72	1271355484855	0	0	2af82b3970ace05c33a178fbe222
user20	498	70	1271355484863	0	0	2af82b3970ace05c33a178fbe222
user20	496	69	1271355484871	0	0	2af82b3970ace05c33a178fbe222
user20	493	68	1271355484879	0	0	2af82b3970ace05c33a178fbe222
user20	491	66	1271355484887	0	0	2af82b3970ace05c33a178fbe222
user20	489	66	1271355484895	0	0	2af82b3970ace05c33a178fbe222
user20	486	64	1271355484903	0	0	2af82b3970ace05c33a178fbe222
user20	485	63	1271355484911	0	0	2af82b3970ace05c33a178fbe222
user20	483	63	1271355484919	0	0	2af82b3970ace05c33a178fbe222
user20	481	63	1271355484927	0	0	2af82b3970ace05c33a178fbe222
user20	479	61	1271355484935	0	0	2af82b3970ace05c33a178fbe222
user20	476	61	1271355484943	0	0	2af82b3970ace05c33a178fbe222
user20	473	58	1271355484951	0	0	2af82b3970ace05c33a178fbe222
user20	470	58	1271355484959	0	0	2af82b3970ace05c33a178fbe222
user20	465	55	1271355484967	0	0	2af82b3970ace05c33a178fbe222
user20	459	55	1271355484975	0	0	2af82b3970ace05c33a178fbe222
user20	456	53	1271355484983	0	0	2af82b3970ace05c33a178fbe222
user20	452	52	1271355484991	0	0	2af82b3970ace05c33a178fbe222
user20	449	49	1271355484999	0	0	2af82b3970ace05c33a178fbe222
user20	446	49	1271355485007	0	0	2af82b3970ace05c33a178fbe222
user20	445	48	1271355485015	0	0	2af82b3970ace05c33a178fbe222
user20	442	48	1271355485023	0	0	2af82b3970ace05c33a178fbe222
user20	441	48	1271355485039	0	0	2af82b3970ace05c33a178fbe222
user20	442	48	1271355485223	0	0	2af82b3970ace05c33a178fbe222
user20	446	46	1271355485231	0	0	2af82b3970ace05c33a178fbe222
user20	451	46	1271355485239	0	0	2af82b3970ace05c33a178fbe222
user20	456	46	1271355485247	0	0	2af82b3970ace05c33a178fbe222
user20	463	46	1271355485255	0	0	2af82b3970ace05c33a178fbe222
user20	473	46	1271355485263	0	0	2af82b3970ace05c33a178fbe222
user20	480	46	1271355485271	0	0	2af82b3970ace05c33a178fbe222
user20	490	46	1271355485279	0	0	2af82b3970ace05c33a178fbe222
user20	499	46	1271355485287	0	0	2af82b3970ace05c33a178fbe222
user20	509	46	1271355485295	0	0	2af82b3970ace05c33a178fbe222
user20	520	46	1271355485303	0	0	2af82b3970ace05c33a178fbe222
user20	530	46	1271355485311	0	0	2af82b3970ace05c33a178fbe222
user20	542	46	1271355485319	0	0	2af82b3970ace05c33a178fbe222
user20	551	46	1271355485327	0	0	2af82b3970ace05c33a178fbe222
user20	561	46	1271355485335	0	0	2af82b3970ace05c33a178fbe222
user20	568	46	1271355485343	0	0	2af82b3970ace05c33a178fbe222
user20	573	46	1271355485351	0	0	2af82b3970ace05c33a178fbe222
user20	575	46	1271355485359	0	0	2af82b3970ace05c33a178fbe222
user20	577	46	1271355485367	0	0	2af82b3970ace05c33a178fbe222
user20	578	46	1271355485375	0	0	2af82b3970ace05c33a178fbe222
user20	579	46	1271355485383	0	0	2af82b3970ace05c33a178fbe222
user20	576	46	1271355486455	0	0	2af82b3970ace05c33a178fbe222
user20	574	47	1271355486463	0	0	2af82b3970ace05c33a178fbe222
user20	570	47	1271355486471	0	0	2af82b3970ace05c33a178fbe222
user20	563	47	1271355486479	0	0	2af82b3970ace05c33a178fbe222
user20	558	47	1271355486487	0	0	2af82b3970ace05c33a178fbe222
user20	551	47	1271355486496	0	0	2af82b3970ace05c33a178fbe222
user20	544	47	1271355486503	0	0	2af82b3970ace05c33a178fbe222
user20	536	48	1271355486511	0	0	2af82b3970ace05c33a178fbe222
user20	531	48	1271355486519	0	0	2af82b3970ace05c33a178fbe222
user20	524	48	1271355486527	0	0	2af82b3970ace05c33a178fbe222
user20	519	48	1271355486535	0	0	2af82b3970ace05c33a178fbe222
user20	513	49	1271355486543	0	0	2af82b3970ace05c33a178fbe222
user20	511	49	1271355486551	0	0	2af82b3970ace05c33a178fbe222
user20	507	49	1271355486559	0	0	2af82b3970ace05c33a178fbe222
user20	506	49	1271355486567	0	0	2af82b3970ace05c33a178fbe222
user20	505	49	1271355486575	0	0	2af82b3970ace05c33a178fbe222
user20	505	49	1271355486783	1271355486687	1271355486783	2af82b3970ace05c33a178fbe222
user20	11	184	1271355494847	0	0	2af82b3970ace05c33a178fbe222
user20	26	173	1271355494855	0	0	2af82b3970ace05c33a178fbe222
user20	39	162	1271355494863	0	0	2af82b3970ace05c33a178fbe222
user20	48	153	1271355494871	0	0	2af82b3970ace05c33a178fbe222
user20	54	147	1271355494879	0	0	2af82b3970ace05c33a178fbe222
user20	60	142	1271355494887	0	0	2af82b3970ace05c33a178fbe222
user20	63	138	1271355494895	0	0	2af82b3970ace05c33a178fbe222
user20	67	136	1271355494903	0	0	2af82b3970ace05c33a178fbe222
user20	67	135	1271355494911	0	0	2af82b3970ace05c33a178fbe222
user20	70	132	1271355494991	0	0	2af82b3970ace05c33a178fbe222
user20	74	131	1271355494999	0	0	2af82b3970ace05c33a178fbe222
user20	79	128	1271355495007	0	0	2af82b3970ace05c33a178fbe222
user20	85	125	1271355495015	0	0	2af82b3970ace05c33a178fbe222
user20	93	124	1271355495023	0	0	2af82b3970ace05c33a178fbe222
user20	100	121	1271355495031	0	0	2af82b3970ace05c33a178fbe222
user20	109	116	1271355495039	0	0	2af82b3970ace05c33a178fbe222
user20	115	111	1271355495047	0	0	2af82b3970ace05c33a178fbe222
user20	123	106	1271355495055	0	0	2af82b3970ace05c33a178fbe222
user20	131	101	1271355495063	0	0	2af82b3970ace05c33a178fbe222
user20	139	95	1271355495071	0	0	2af82b3970ace05c33a178fbe222
user20	146	88	1271355495079	0	0	2af82b3970ace05c33a178fbe222
user20	150	82	1271355495087	0	0	2af82b3970ace05c33a178fbe222
user20	154	80	1271355495095	0	0	2af82b3970ace05c33a178fbe222
user20	155	77	1271355495103	0	0	2af82b3970ace05c33a178fbe222
user20	157	75	1271355495111	0	0	2af82b3970ace05c33a178fbe222
user20	157	73	1271355495119	0	0	2af82b3970ace05c33a178fbe222
user20	158	70	1271355495127	0	0	2af82b3970ace05c33a178fbe222
user20	158	66	1271355495135	0	0	2af82b3970ace05c33a178fbe222
user20	158	63	1271355495143	0	0	2af82b3970ace05c33a178fbe222
user20	156	57	1271355495151	0	0	2af82b3970ace05c33a178fbe222
user20	153	52	1271355495159	0	0	2af82b3970ace05c33a178fbe222
user20	150	46	1271355495167	0	0	2af82b3970ace05c33a178fbe222
user20	148	42	1271355495175	0	0	2af82b3970ace05c33a178fbe222
user20	144	38	1271355495183	0	0	2af82b3970ace05c33a178fbe222
user20	141	34	1271355495191	0	0	2af82b3970ace05c33a178fbe222
user20	137	30	1271355495199	0	0	2af82b3970ace05c33a178fbe222
user20	130	21	1271355495207	0	0	2af82b3970ace05c33a178fbe222
user20	129	18	1271355495215	0	0	2af82b3970ace05c33a178fbe222
user20	128	15	1271355495223	0	0	2af82b3970ace05c33a178fbe222
user20	127	13	1271355495231	0	0	2af82b3970ace05c33a178fbe222
user20	127	11	1271355495239	0	0	2af82b3970ace05c33a178fbe222
user20	126	10	1271355495247	0	0	2af82b3970ace05c33a178fbe222
user20	126	8	1271355495255	0	0	2af82b3970ace05c33a178fbe222
user20	125	7	1271355495263	0	0	2af82b3970ace05c33a178fbe222
user20	124	6	1271355495271	0	0	2af82b3970ace05c33a178fbe222
user20	124	5	1271355495279	0	0	2af82b3970ace05c33a178fbe222
user20	124	4	1271355495287	0	0	2af82b3970ace05c33a178fbe222
user20	124	3	1271355495295	0	0	2af82b3970ace05c33a178fbe222
user20	123	3	1271355495303	0	0	2af82b3970ace05c33a178fbe222
user20	893	12	1271355584948	0	0	2af82b3970ace05c33a178fbe222
user20	883	23	1271355584956	0	0	2af82b3970ace05c33a178fbe222
user20	874	33	1271355584964	0	0	2af82b3970ace05c33a178fbe222
user20	863	44	1271355584972	0	0	2af82b3970ace05c33a178fbe222
user20	852	55	1271355584980	0	0	2af82b3970ace05c33a178fbe222
user20	841	66	1271355584988	0	0	2af82b3970ace05c33a178fbe222
user20	832	74	1271355584996	0	0	2af82b3970ace05c33a178fbe222
user20	823	85	1271355585004	0	0	2af82b3970ace05c33a178fbe222
user20	815	94	1271355585012	0	0	2af82b3970ace05c33a178fbe222
user20	809	100	1271355585020	0	0	2af82b3970ace05c33a178fbe222
user20	804	108	1271355585028	0	0	2af82b3970ace05c33a178fbe222
user20	800	112	1271355585036	0	0	2af82b3970ace05c33a178fbe222
user20	796	116	1271355585044	0	0	2af82b3970ace05c33a178fbe222
user20	790	119	1271355585052	0	0	2af82b3970ace05c33a178fbe222
user20	787	123	1271355585060	0	0	2af82b3970ace05c33a178fbe222
user20	783	126	1271355585068	0	0	2af82b3970ace05c33a178fbe222
user20	779	128	1271355585076	0	0	2af82b3970ace05c33a178fbe222
user20	775	133	1271355585084	0	0	2af82b3970ace05c33a178fbe222
user20	771	135	1271355585092	0	0	2af82b3970ace05c33a178fbe222
user20	767	141	1271355585100	0	0	2af82b3970ace05c33a178fbe222
user20	761	144	1271355585108	0	0	2af82b3970ace05c33a178fbe222
user20	757	150	1271355585116	0	0	2af82b3970ace05c33a178fbe222
user20	753	154	1271355585124	0	0	2af82b3970ace05c33a178fbe222
user20	746	160	1271355585132	0	0	2af82b3970ace05c33a178fbe222
user20	738	163	1271355585140	0	0	2af82b3970ace05c33a178fbe222
user20	730	170	1271355585148	0	0	2af82b3970ace05c33a178fbe222
user20	722	173	1271355585156	0	0	2af82b3970ace05c33a178fbe222
user20	716	178	1271355585164	0	0	2af82b3970ace05c33a178fbe222
user20	708	183	1271355585172	0	0	2af82b3970ace05c33a178fbe222
user20	698	186	1271355585180	0	0	2af82b3970ace05c33a178fbe222
user20	692	191	1271355585188	0	0	2af82b3970ace05c33a178fbe222
user20	683	197	1271355585196	0	0	2af82b3970ace05c33a178fbe222
user20	675	202	1271355585204	0	0	2af82b3970ace05c33a178fbe222
user20	670	204	1271355585212	0	0	2af82b3970ace05c33a178fbe222
user20	665	210	1271355585220	0	0	2af82b3970ace05c33a178fbe222
user20	661	212	1271355585228	0	0	2af82b3970ace05c33a178fbe222
user20	657	215	1271355585236	0	0	2af82b3970ace05c33a178fbe222
user20	655	216	1271355585244	0	0	2af82b3970ace05c33a178fbe222
user20	654	217	1271355585252	0	0	2af82b3970ace05c33a178fbe222
user20	653	218	1271355585260	0	0	2af82b3970ace05c33a178fbe222
user20	652	219	1271355585268	0	0	2af82b3970ace05c33a178fbe222
user20	651	219	1271355585276	0	0	2af82b3970ace05c33a178fbe222
user20	650	219	1271355585284	0	0	2af82b3970ace05c33a178fbe222
user20	649	222	1271355585292	0	0	2af82b3970ace05c33a178fbe222
user20	648	224	1271355585300	0	0	2af82b3970ace05c33a178fbe222
user20	645	228	1271355585308	0	0	2af82b3970ace05c33a178fbe222
user20	644	230	1271355585316	0	0	2af82b3970ace05c33a178fbe222
user20	639	236	1271355585324	0	0	2af82b3970ace05c33a178fbe222
user20	633	242	1271355585332	0	0	2af82b3970ace05c33a178fbe222
user20	630	248	1271355585340	0	0	2af82b3970ace05c33a178fbe222
user20	626	254	1271355585348	0	0	2af82b3970ace05c33a178fbe222
user20	622	258	1271355585356	0	0	2af82b3970ace05c33a178fbe222
user20	616	263	1271355585364	0	0	2af82b3970ace05c33a178fbe222
user20	611	269	1271355585372	0	0	2af82b3970ace05c33a178fbe222
user20	607	273	1271355585380	0	0	2af82b3970ace05c33a178fbe222
user20	604	279	1271355585388	0	0	2af82b3970ace05c33a178fbe222
user20	601	287	1271355585396	0	0	2af82b3970ace05c33a178fbe222
user20	596	293	1271355585404	0	0	2af82b3970ace05c33a178fbe222
user20	591	301	1271355585412	0	0	2af82b3970ace05c33a178fbe222
user20	585	307	1271355585420	0	0	2af82b3970ace05c33a178fbe222
user20	579	314	1271355585428	0	0	2af82b3970ace05c33a178fbe222
user20	576	318	1271355585436	0	0	2af82b3970ace05c33a178fbe222
user20	573	323	1271355585444	0	0	2af82b3970ace05c33a178fbe222
user20	569	327	1271355585452	0	0	2af82b3970ace05c33a178fbe222
user20	569	328	1271355585460	0	0	2af82b3970ace05c33a178fbe222
user20	566	332	1271355585468	0	0	2af82b3970ace05c33a178fbe222
user20	565	336	1271355585476	0	0	2af82b3970ace05c33a178fbe222
user20	562	338	1271355585484	0	0	2af82b3970ace05c33a178fbe222
user20	561	340	1271355585492	0	0	2af82b3970ace05c33a178fbe222
user20	559	344	1271355585500	0	0	2af82b3970ace05c33a178fbe222
user20	557	347	1271355585508	0	0	2af82b3970ace05c33a178fbe222
user20	553	351	1271355585516	0	0	2af82b3970ace05c33a178fbe222
user20	551	353	1271355585524	0	0	2af82b3970ace05c33a178fbe222
user20	551	354	1271355585532	0	0	2af82b3970ace05c33a178fbe222
user20	550	355	1271355585540	0	0	2af82b3970ace05c33a178fbe222
user20	548	357	1271355585548	0	0	2af82b3970ace05c33a178fbe222
user20	546	359	1271355585556	0	0	2af82b3970ace05c33a178fbe222
user20	545	359	1271355585564	0	0	2af82b3970ace05c33a178fbe222
user20	544	359	1271355585588	0	0	2af82b3970ace05c33a178fbe222
user20	544	360	1271355585620	0	0	2af82b3970ace05c33a178fbe222
user20	543	360	1271355585628	0	0	2af82b3970ace05c33a178fbe222
user20	543	361	1271355585652	0	0	2af82b3970ace05c33a178fbe222
user20	542	362	1271355585676	0	0	2af82b3970ace05c33a178fbe222
user20	542	363	1271355585684	0	0	2af82b3970ace05c33a178fbe222
user20	542	364	1271355585692	0	0	2af82b3970ace05c33a178fbe222
user20	541	365	1271355585708	0	0	2af82b3970ace05c33a178fbe222
user20	541	366	1271355585732	0	0	2af82b3970ace05c33a178fbe222
user20	541	367	1271355585748	0	0	2af82b3970ace05c33a178fbe222
user20	540	368	1271355585756	0	0	2af82b3970ace05c33a178fbe222
user20	540	369	1271355585780	0	0	2af82b3970ace05c33a178fbe222
user20	540	370	1271355585796	0	0	2af82b3970ace05c33a178fbe222
user20	539	371	1271355585804	0	0	2af82b3970ace05c33a178fbe222
user20	539	372	1271355585812	0	0	2af82b3970ace05c33a178fbe222
user20	539	373	1271355585828	0	0	2af82b3970ace05c33a178fbe222
user20	538	373	1271355585844	0	0	2af82b3970ace05c33a178fbe222
user20	537	374	1271355585868	0	0	2af82b3970ace05c33a178fbe222
user20	537	375	1271355585876	0	0	2af82b3970ace05c33a178fbe222
user20	537	376	1271355585884	0	0	2af82b3970ace05c33a178fbe222
user20	536	376	1271355585892	0	0	2af82b3970ace05c33a178fbe222
user20	536	378	1271355585900	0	0	2af82b3970ace05c33a178fbe222
user20	535	379	1271355585908	0	0	2af82b3970ace05c33a178fbe222
user20	534	380	1271355585916	0	0	2af82b3970ace05c33a178fbe222
user20	534	382	1271355585924	0	0	2af82b3970ace05c33a178fbe222
user20	533	383	1271355585940	0	0	2af82b3970ace05c33a178fbe222
user20	531	385	1271355585948	0	0	2af82b3970ace05c33a178fbe222
user20	531	386	1271355585964	0	0	2af82b3970ace05c33a178fbe222
user20	530	387	1271355585972	0	0	2af82b3970ace05c33a178fbe222
user20	530	388	1271355585980	0	0	2af82b3970ace05c33a178fbe222
user20	530	389	1271355585996	0	0	2af82b3970ace05c33a178fbe222
user20	530	390	1271355586012	0	0	2af82b3970ace05c33a178fbe222
user20	530	391	1271355586036	0	0	2af82b3970ace05c33a178fbe222
user20	529	391	1271355586052	0	0	2af82b3970ace05c33a178fbe222
user20	529	392	1271355586092	0	0	2af82b3970ace05c33a178fbe222
user20	529	392	1271355587492	1271355587372	1271355587492	2af82b3970ace05c33a178fbe222
user20	529	393	1271355594444	0	0	2af82b3970ace05c33a178fbe222
user20	532	396	1271355594452	0	0	2af82b3970ace05c33a178fbe222
user20	534	398	1271355594460	0	0	2af82b3970ace05c33a178fbe222
user20	536	398	1271355594468	0	0	2af82b3970ace05c33a178fbe222
user20	542	400	1271355594476	0	0	2af82b3970ace05c33a178fbe222
user20	546	402	1271355594484	0	0	2af82b3970ace05c33a178fbe222
user20	549	405	1271355594492	0	0	2af82b3970ace05c33a178fbe222
user20	552	408	1271355594500	0	0	2af82b3970ace05c33a178fbe222
user20	555	411	1271355594508	0	0	2af82b3970ace05c33a178fbe222
user20	558	415	1271355594516	0	0	2af82b3970ace05c33a178fbe222
user20	559	417	1271355594524	0	0	2af82b3970ace05c33a178fbe222
user20	560	421	1271355594532	0	0	2af82b3970ace05c33a178fbe222
user20	564	422	1271355594540	0	0	2af82b3970ace05c33a178fbe222
user20	566	423	1271355594548	0	0	2af82b3970ace05c33a178fbe222
user20	567	426	1271355594556	0	0	2af82b3970ace05c33a178fbe222
user20	569	428	1271355594564	0	0	2af82b3970ace05c33a178fbe222
user20	570	429	1271355594572	0	0	2af82b3970ace05c33a178fbe222
user20	572	430	1271355594580	0	0	2af82b3970ace05c33a178fbe222
user20	573	431	1271355594588	0	0	2af82b3970ace05c33a178fbe222
user20	574	432	1271355594604	0	0	2af82b3970ace05c33a178fbe222
user20	575	432	1271355594620	0	0	2af82b3970ace05c33a178fbe222
user20	576	432	1271355594652	0	0	2af82b3970ace05c33a178fbe222
user20	577	433	1271355594660	0	0	2af82b3970ace05c33a178fbe222
user20	578	433	1271355594676	0	0	2af82b3970ace05c33a178fbe222
user20	579	433	1271355594692	0	0	2af82b3970ace05c33a178fbe222
user20	579	433	1271355594932	1271355594828	1271355594932	2af82b3970ace05c33a178fbe222
