User	X	Y	MouseTimeStamp	MouseDownTimeStamp	MouseUpTimeStamp	SessionID
user14	1017	79	1271970403862	0	0	757222e88d62e08777ebd86e7d2d
user14	1014	84	1271970403874	0	0	757222e88d62e08777ebd86e7d2d
user14	1011	90	1271970403880	0	0	757222e88d62e08777ebd86e7d2d
user14	1006	96	1271970403888	0	0	757222e88d62e08777ebd86e7d2d
user14	998	104	1271970403896	0	0	757222e88d62e08777ebd86e7d2d
user14	992	111	1271970403904	0	0	757222e88d62e08777ebd86e7d2d
user14	986	117	1271970403912	0	0	757222e88d62e08777ebd86e7d2d
user14	977	126	1271970403920	0	0	757222e88d62e08777ebd86e7d2d
user14	969	134	1271970403928	0	0	757222e88d62e08777ebd86e7d2d
user14	958	142	1271970403936	0	0	757222e88d62e08777ebd86e7d2d
user14	949	148	1271970403944	0	0	757222e88d62e08777ebd86e7d2d
user14	941	156	1271970403952	0	0	757222e88d62e08777ebd86e7d2d
user14	933	162	1271970403960	0	0	757222e88d62e08777ebd86e7d2d
user14	925	167	1271970403968	0	0	757222e88d62e08777ebd86e7d2d
user14	915	171	1271970403976	0	0	757222e88d62e08777ebd86e7d2d
user14	904	174	1271970403984	0	0	757222e88d62e08777ebd86e7d2d
user14	895	174	1271970403992	0	0	757222e88d62e08777ebd86e7d2d
user14	883	174	1271970404000	0	0	757222e88d62e08777ebd86e7d2d
user14	870	174	1271970404008	0	0	757222e88d62e08777ebd86e7d2d
user14	856	174	1271970404017	0	0	757222e88d62e08777ebd86e7d2d
user14	846	174	1271970404024	0	0	757222e88d62e08777ebd86e7d2d
user14	834	172	1271970404032	0	0	757222e88d62e08777ebd86e7d2d
user14	822	172	1271970404040	0	0	757222e88d62e08777ebd86e7d2d
user14	811	172	1271970404048	0	0	757222e88d62e08777ebd86e7d2d
user14	802	172	1271970404056	0	0	757222e88d62e08777ebd86e7d2d
user14	796	172	1271970404064	0	0	757222e88d62e08777ebd86e7d2d
user14	790	172	1271970404072	0	0	757222e88d62e08777ebd86e7d2d
user14	786	172	1271970404080	0	0	757222e88d62e08777ebd86e7d2d
user14	781	172	1271970404088	0	0	757222e88d62e08777ebd86e7d2d
user14	778	172	1271970404096	0	0	757222e88d62e08777ebd86e7d2d
user14	776	172	1271970404104	0	0	757222e88d62e08777ebd86e7d2d
user14	775	172	1271970404112	0	0	757222e88d62e08777ebd86e7d2d
user14	774	172	1271970404120	0	0	757222e88d62e08777ebd86e7d2d
user14	777	172	1271970404672	0	0	757222e88d62e08777ebd86e7d2d
user14	781	172	1271970404680	0	0	757222e88d62e08777ebd86e7d2d
user14	786	172	1271970404688	0	0	757222e88d62e08777ebd86e7d2d
user14	790	172	1271970404696	0	0	757222e88d62e08777ebd86e7d2d
user14	798	172	1271970404704	0	0	757222e88d62e08777ebd86e7d2d
user14	804	172	1271970404712	0	0	757222e88d62e08777ebd86e7d2d
user14	812	173	1271970404720	0	0	757222e88d62e08777ebd86e7d2d
user14	821	173	1271970404728	0	0	757222e88d62e08777ebd86e7d2d
user14	829	174	1271970404736	0	0	757222e88d62e08777ebd86e7d2d
user14	839	174	1271970404744	0	0	757222e88d62e08777ebd86e7d2d
user14	847	174	1271970404752	0	0	757222e88d62e08777ebd86e7d2d
user14	853	174	1271970404760	0	0	757222e88d62e08777ebd86e7d2d
user14	861	174	1271970404768	0	0	757222e88d62e08777ebd86e7d2d
user14	868	174	1271970404776	0	0	757222e88d62e08777ebd86e7d2d
user14	874	174	1271970404784	0	0	757222e88d62e08777ebd86e7d2d
user14	878	174	1271970404792	0	0	757222e88d62e08777ebd86e7d2d
user14	883	174	1271970404800	0	0	757222e88d62e08777ebd86e7d2d
user14	887	174	1271970404808	0	0	757222e88d62e08777ebd86e7d2d
user14	889	174	1271970404816	0	0	757222e88d62e08777ebd86e7d2d
user14	892	174	1271970404824	0	0	757222e88d62e08777ebd86e7d2d
user14	894	174	1271970404832	0	0	757222e88d62e08777ebd86e7d2d
user14	895	174	1271970404840	0	0	757222e88d62e08777ebd86e7d2d
user14	896	174	1271970404848	0	0	757222e88d62e08777ebd86e7d2d
user14	897	175	1271970404856	0	0	757222e88d62e08777ebd86e7d2d
user14	898	175	1271970404872	0	0	757222e88d62e08777ebd86e7d2d
user14	899	176	1271970404880	0	0	757222e88d62e08777ebd86e7d2d
user14	900	176	1271970404896	0	0	757222e88d62e08777ebd86e7d2d
user14	901	176	1271970404904	0	0	757222e88d62e08777ebd86e7d2d
user14	902	176	1271970404912	0	0	757222e88d62e08777ebd86e7d2d
user14	903	176	1271970404920	0	0	757222e88d62e08777ebd86e7d2d
user14	904	176	1271970404928	0	0	757222e88d62e08777ebd86e7d2d
user14	905	176	1271970404936	0	0	757222e88d62e08777ebd86e7d2d
user14	905	176	1271970405152	1271970405040	1271970405152	757222e88d62e08777ebd86e7d2d
user14	905	176	1271970405376	1271970405289	1271970405376	757222e88d62e08777ebd86e7d2d
user14	905	177	1271970405464	0	0	757222e88d62e08777ebd86e7d2d
user14	905	178	1271970405472	0	0	757222e88d62e08777ebd86e7d2d
user14	905	179	1271970405480	0	0	757222e88d62e08777ebd86e7d2d
user14	905	181	1271970405488	0	0	757222e88d62e08777ebd86e7d2d
user14	905	182	1271970405496	0	0	757222e88d62e08777ebd86e7d2d
user14	905	184	1271970405504	0	0	757222e88d62e08777ebd86e7d2d
user14	905	185	1271970405512	0	0	757222e88d62e08777ebd86e7d2d
user14	906	189	1271970406201	0	0	757222e88d62e08777ebd86e7d2d
user14	908	187	1271970406208	0	0	757222e88d62e08777ebd86e7d2d
user14	909	185	1271970406216	0	0	757222e88d62e08777ebd86e7d2d
user14	912	184	1271970406224	0	0	757222e88d62e08777ebd86e7d2d
user14	914	183	1271970406232	0	0	757222e88d62e08777ebd86e7d2d
user14	918	181	1271970406240	0	0	757222e88d62e08777ebd86e7d2d
user14	922	180	1271970406248	0	0	757222e88d62e08777ebd86e7d2d
user14	926	180	1271970406256	0	0	757222e88d62e08777ebd86e7d2d
user14	931	178	1271970406264	0	0	757222e88d62e08777ebd86e7d2d
user14	935	178	1271970406272	0	0	757222e88d62e08777ebd86e7d2d
user14	938	178	1271970406280	0	0	757222e88d62e08777ebd86e7d2d
user14	940	177	1271970406288	0	0	757222e88d62e08777ebd86e7d2d
user14	942	176	1271970406296	0	0	757222e88d62e08777ebd86e7d2d
user14	943	175	1271970406305	0	0	757222e88d62e08777ebd86e7d2d
user14	945	175	1271970406312	0	0	757222e88d62e08777ebd86e7d2d
user14	946	175	1271970406320	0	0	757222e88d62e08777ebd86e7d2d
user14	947	175	1271970406328	0	0	757222e88d62e08777ebd86e7d2d
user14	948	175	1271970406512	0	0	757222e88d62e08777ebd86e7d2d
user14	949	175	1271970406536	0	0	757222e88d62e08777ebd86e7d2d
user14	948	175	1271970406664	0	0	757222e88d62e08777ebd86e7d2d
user14	945	175	1271970406672	0	0	757222e88d62e08777ebd86e7d2d
user14	940	174	1271970406680	0	0	757222e88d62e08777ebd86e7d2d
user14	932	173	1271970406688	0	0	757222e88d62e08777ebd86e7d2d
user14	924	173	1271970406696	0	0	757222e88d62e08777ebd86e7d2d
user14	915	173	1271970406704	0	0	757222e88d62e08777ebd86e7d2d
user14	905	173	1271970406712	0	0	757222e88d62e08777ebd86e7d2d
user14	896	173	1271970406720	0	0	757222e88d62e08777ebd86e7d2d
user14	885	173	1271970406728	0	0	757222e88d62e08777ebd86e7d2d
user14	875	173	1271970406736	0	0	757222e88d62e08777ebd86e7d2d
user14	869	173	1271970406744	0	0	757222e88d62e08777ebd86e7d2d
user14	861	173	1271970406752	0	0	757222e88d62e08777ebd86e7d2d
user14	855	173	1271970406760	0	0	757222e88d62e08777ebd86e7d2d
user14	848	173	1271970406768	0	0	757222e88d62e08777ebd86e7d2d
user14	844	173	1271970406776	0	0	757222e88d62e08777ebd86e7d2d
user14	840	173	1271970406784	0	0	757222e88d62e08777ebd86e7d2d
user14	837	173	1271970406792	0	0	757222e88d62e08777ebd86e7d2d
user14	835	173	1271970406800	0	0	757222e88d62e08777ebd86e7d2d
user14	833	173	1271970406808	0	0	757222e88d62e08777ebd86e7d2d
user14	832	173	1271970406816	0	0	757222e88d62e08777ebd86e7d2d
user14	831	173	1271970406824	0	0	757222e88d62e08777ebd86e7d2d
user14	831	173	1271970406936	1271970406577	1271970406936	757222e88d62e08777ebd86e7d2d
user14	830	173	1271970408000	0	0	757222e88d62e08777ebd86e7d2d
user14	829	174	1271970408016	0	0	757222e88d62e08777ebd86e7d2d
user14	826	174	1271970408024	0	0	757222e88d62e08777ebd86e7d2d
user14	823	175	1271970408032	0	0	757222e88d62e08777ebd86e7d2d
user14	817	178	1271970408040	0	0	757222e88d62e08777ebd86e7d2d
user14	810	181	1271970408048	0	0	757222e88d62e08777ebd86e7d2d
user14	805	186	1271970408056	0	0	757222e88d62e08777ebd86e7d2d
user14	802	191	1271970408064	0	0	757222e88d62e08777ebd86e7d2d
user14	802	193	1271970408072	0	0	757222e88d62e08777ebd86e7d2d
user14	802	194	1271970408080	0	0	757222e88d62e08777ebd86e7d2d
user14	807	196	1271970408088	0	0	757222e88d62e08777ebd86e7d2d
user14	812	196	1271970408096	0	0	757222e88d62e08777ebd86e7d2d
user14	819	196	1271970408104	0	0	757222e88d62e08777ebd86e7d2d
user14	824	196	1271970408112	0	0	757222e88d62e08777ebd86e7d2d
user14	830	195	1271970408120	0	0	757222e88d62e08777ebd86e7d2d
user14	835	195	1271970408128	0	0	757222e88d62e08777ebd86e7d2d
user14	841	194	1271970408136	0	0	757222e88d62e08777ebd86e7d2d
user14	845	194	1271970408144	0	0	757222e88d62e08777ebd86e7d2d
user14	851	194	1271970408152	0	0	757222e88d62e08777ebd86e7d2d
user14	857	194	1271970408160	0	0	757222e88d62e08777ebd86e7d2d
user14	863	194	1271970408168	0	0	757222e88d62e08777ebd86e7d2d
user14	868	194	1271970408176	0	0	757222e88d62e08777ebd86e7d2d
user14	871	192	1271970408184	0	0	757222e88d62e08777ebd86e7d2d
user14	874	191	1271970408192	0	0	757222e88d62e08777ebd86e7d2d
user14	878	189	1271970408200	0	0	757222e88d62e08777ebd86e7d2d
user14	882	189	1271970408208	0	0	757222e88d62e08777ebd86e7d2d
user14	888	187	1271970408216	0	0	757222e88d62e08777ebd86e7d2d
user14	891	186	1271970408224	0	0	757222e88d62e08777ebd86e7d2d
user14	897	185	1271970408233	0	0	757222e88d62e08777ebd86e7d2d
user14	901	183	1271970408240	0	0	757222e88d62e08777ebd86e7d2d
user14	907	181	1271970408248	0	0	757222e88d62e08777ebd86e7d2d
user14	911	180	1271970408256	0	0	757222e88d62e08777ebd86e7d2d
user14	916	179	1271970408264	0	0	757222e88d62e08777ebd86e7d2d
user14	919	179	1271970408272	0	0	757222e88d62e08777ebd86e7d2d
user14	920	177	1271970408280	0	0	757222e88d62e08777ebd86e7d2d
user14	924	175	1271970408288	0	0	757222e88d62e08777ebd86e7d2d
user14	926	174	1271970408296	0	0	757222e88d62e08777ebd86e7d2d
user14	928	173	1271970408304	0	0	757222e88d62e08777ebd86e7d2d
user14	930	173	1271970408320	0	0	757222e88d62e08777ebd86e7d2d
user14	930	173	1271970408641	1271970408529	1271970408641	757222e88d62e08777ebd86e7d2d
user14	930	175	1271970408848	0	0	757222e88d62e08777ebd86e7d2d
user14	929	176	1271970408856	0	0	757222e88d62e08777ebd86e7d2d
user14	928	179	1271970408864	0	0	757222e88d62e08777ebd86e7d2d
user14	926	183	1271970408872	0	0	757222e88d62e08777ebd86e7d2d
user14	925	185	1271970408880	0	0	757222e88d62e08777ebd86e7d2d
user14	913	208	1271970409305	0	0	757222e88d62e08777ebd86e7d2d
user14	913	209	1271970409312	0	0	757222e88d62e08777ebd86e7d2d
user14	913	211	1271970409320	0	0	757222e88d62e08777ebd86e7d2d
user14	913	212	1271970409328	0	0	757222e88d62e08777ebd86e7d2d
user14	913	214	1271970409345	0	0	757222e88d62e08777ebd86e7d2d
user14	913	215	1271970409360	0	0	757222e88d62e08777ebd86e7d2d
user14	913	217	1271970409368	0	0	757222e88d62e08777ebd86e7d2d
user14	913	218	1271970409384	0	0	757222e88d62e08777ebd86e7d2d
user14	913	219	1271970409400	0	0	757222e88d62e08777ebd86e7d2d
user14	913	219	1271970409729	1271970409633	1271970409729	757222e88d62e08777ebd86e7d2d
user14	912	219	1271970411673	0	0	757222e88d62e08777ebd86e7d2d
user14	911	219	1271970411688	0	0	757222e88d62e08777ebd86e7d2d
user14	908	221	1271970411696	0	0	757222e88d62e08777ebd86e7d2d
user14	905	222	1271970411704	0	0	757222e88d62e08777ebd86e7d2d
user14	898	224	1271970411712	0	0	757222e88d62e08777ebd86e7d2d
user14	894	227	1271970411720	0	0	757222e88d62e08777ebd86e7d2d
user14	889	230	1271970411728	0	0	757222e88d62e08777ebd86e7d2d
user14	887	231	1271970411736	0	0	757222e88d62e08777ebd86e7d2d
user14	887	233	1271970411744	0	0	757222e88d62e08777ebd86e7d2d
user14	890	234	1271970411752	0	0	757222e88d62e08777ebd86e7d2d
user14	894	236	1271970411761	0	0	757222e88d62e08777ebd86e7d2d
user14	900	237	1271970411768	0	0	757222e88d62e08777ebd86e7d2d
user14	904	239	1271970411776	0	0	757222e88d62e08777ebd86e7d2d
user14	907	240	1271970411784	0	0	757222e88d62e08777ebd86e7d2d
user14	910	240	1271970411792	0	0	757222e88d62e08777ebd86e7d2d
user14	912	242	1271970411800	0	0	757222e88d62e08777ebd86e7d2d
user14	914	244	1271970411808	0	0	757222e88d62e08777ebd86e7d2d
user14	915	245	1271970411816	0	0	757222e88d62e08777ebd86e7d2d
user14	918	250	1271970411878	0	0	757222e88d62e08777ebd86e7d2d
user14	919	250	1271970411905	0	0	757222e88d62e08777ebd86e7d2d
user14	920	251	1271970411912	0	0	757222e88d62e08777ebd86e7d2d
user14	922	251	1271970411929	0	0	757222e88d62e08777ebd86e7d2d
user14	922	252	1271970411969	0	0	757222e88d62e08777ebd86e7d2d
user14	922	253	1271970411984	0	0	757222e88d62e08777ebd86e7d2d
user14	922	254	1271970411992	0	0	757222e88d62e08777ebd86e7d2d
user14	922	256	1271970412000	0	0	757222e88d62e08777ebd86e7d2d
user14	924	260	1271970412009	0	0	757222e88d62e08777ebd86e7d2d
user14	925	262	1271970412016	0	0	757222e88d62e08777ebd86e7d2d
user14	926	264	1271970412025	0	0	757222e88d62e08777ebd86e7d2d
user14	928	267	1271970412033	0	0	757222e88d62e08777ebd86e7d2d
user14	929	270	1271970412040	0	0	757222e88d62e08777ebd86e7d2d
user14	931	274	1271970412048	0	0	757222e88d62e08777ebd86e7d2d
user14	932	276	1271970412056	0	0	757222e88d62e08777ebd86e7d2d
user14	933	278	1271970412064	0	0	757222e88d62e08777ebd86e7d2d
user14	933	280	1271970412072	0	0	757222e88d62e08777ebd86e7d2d
user14	934	282	1271970412081	0	0	757222e88d62e08777ebd86e7d2d
user14	935	283	1271970412096	0	0	757222e88d62e08777ebd86e7d2d
user14	936	284	1271970412104	0	0	757222e88d62e08777ebd86e7d2d
user14	938	284	1271970412112	0	0	757222e88d62e08777ebd86e7d2d
user14	939	284	1271970412128	0	0	757222e88d62e08777ebd86e7d2d
user14	940	284	1271970412136	0	0	757222e88d62e08777ebd86e7d2d
user14	941	284	1271970412144	0	0	757222e88d62e08777ebd86e7d2d
user14	942	284	1271970412153	0	0	757222e88d62e08777ebd86e7d2d
user14	943	284	1271970412160	0	0	757222e88d62e08777ebd86e7d2d
user14	944	284	1271970412168	0	0	757222e88d62e08777ebd86e7d2d
user14	944	283	1271970412280	0	0	757222e88d62e08777ebd86e7d2d
user14	944	282	1271970412288	0	0	757222e88d62e08777ebd86e7d2d
user14	944	282	1271970412449	1271970412361	1271970412449	757222e88d62e08777ebd86e7d2d
user14	682	193	1271970418321	0	0	757222e88d62e08777ebd86e7d2d
user14	679	195	1271970418329	0	0	757222e88d62e08777ebd86e7d2d
user14	675	197	1271970418337	0	0	757222e88d62e08777ebd86e7d2d
user14	666	198	1271970418345	0	0	757222e88d62e08777ebd86e7d2d
user14	658	200	1271970418353	0	0	757222e88d62e08777ebd86e7d2d
user14	649	200	1271970418361	0	0	757222e88d62e08777ebd86e7d2d
user14	638	200	1271970418369	0	0	757222e88d62e08777ebd86e7d2d
user14	625	200	1271970418377	0	0	757222e88d62e08777ebd86e7d2d
user14	610	200	1271970418385	0	0	757222e88d62e08777ebd86e7d2d
user14	597	200	1271970418393	0	0	757222e88d62e08777ebd86e7d2d
user14	583	200	1271970418401	0	0	757222e88d62e08777ebd86e7d2d
user14	566	200	1271970418409	0	0	757222e88d62e08777ebd86e7d2d
user14	552	200	1271970418417	0	0	757222e88d62e08777ebd86e7d2d
user14	539	200	1271970418425	0	0	757222e88d62e08777ebd86e7d2d
user14	524	201	1271970418433	0	0	757222e88d62e08777ebd86e7d2d
user14	511	201	1271970418441	0	0	757222e88d62e08777ebd86e7d2d
user14	500	201	1271970418449	0	0	757222e88d62e08777ebd86e7d2d
user14	490	201	1271970418457	0	0	757222e88d62e08777ebd86e7d2d
user14	483	201	1271970418465	0	0	757222e88d62e08777ebd86e7d2d
user14	476	201	1271970418473	0	0	757222e88d62e08777ebd86e7d2d
user14	469	201	1271970418481	0	0	757222e88d62e08777ebd86e7d2d
user14	464	201	1271970418489	0	0	757222e88d62e08777ebd86e7d2d
user14	458	201	1271970418497	0	0	757222e88d62e08777ebd86e7d2d
user14	455	201	1271970418505	0	0	757222e88d62e08777ebd86e7d2d
user14	454	200	1271970418513	0	0	757222e88d62e08777ebd86e7d2d
user14	453	200	1271970418521	0	0	757222e88d62e08777ebd86e7d2d
user14	452	200	1271970418529	0	0	757222e88d62e08777ebd86e7d2d
user14	452	199	1271970418545	0	0	757222e88d62e08777ebd86e7d2d
user14	452	198	1271970418569	0	0	757222e88d62e08777ebd86e7d2d
user14	452	197	1271970418585	0	0	757222e88d62e08777ebd86e7d2d
user14	452	194	1271970418593	0	0	757222e88d62e08777ebd86e7d2d
user14	453	193	1271970418609	0	0	757222e88d62e08777ebd86e7d2d
user14	453	190	1271970418617	0	0	757222e88d62e08777ebd86e7d2d
user14	453	189	1271970418633	0	0	757222e88d62e08777ebd86e7d2d
user14	453	189	1271970418801	1271970418697	1271970418801	757222e88d62e08777ebd86e7d2d
user14	455	189	1271970422985	0	0	757222e88d62e08777ebd86e7d2d
user14	462	189	1271970422993	0	0	757222e88d62e08777ebd86e7d2d
user14	473	189	1271970423001	0	0	757222e88d62e08777ebd86e7d2d
user14	488	189	1271970423009	0	0	757222e88d62e08777ebd86e7d2d
user14	501	189	1271970423017	0	0	757222e88d62e08777ebd86e7d2d
user14	510	190	1271970423025	0	0	757222e88d62e08777ebd86e7d2d
user14	512	192	1271970423033	0	0	757222e88d62e08777ebd86e7d2d
user14	515	194	1271970423041	0	0	757222e88d62e08777ebd86e7d2d
user14	520	197	1271970423049	0	0	757222e88d62e08777ebd86e7d2d
user14	520	198	1271970423057	0	0	757222e88d62e08777ebd86e7d2d
user14	522	199	1271970423065	0	0	757222e88d62e08777ebd86e7d2d
user14	523	201	1271970423073	0	0	757222e88d62e08777ebd86e7d2d
user14	525	202	1271970423081	0	0	757222e88d62e08777ebd86e7d2d
user14	527	203	1271970423089	0	0	757222e88d62e08777ebd86e7d2d
user14	529	206	1271970423097	0	0	757222e88d62e08777ebd86e7d2d
user14	531	208	1271970423105	0	0	757222e88d62e08777ebd86e7d2d
user14	534	210	1271970423113	0	0	757222e88d62e08777ebd86e7d2d
user14	536	212	1271970423121	0	0	757222e88d62e08777ebd86e7d2d
user14	538	213	1271970423129	0	0	757222e88d62e08777ebd86e7d2d
user14	540	215	1271970423137	0	0	757222e88d62e08777ebd86e7d2d
user14	542	216	1271970423145	0	0	757222e88d62e08777ebd86e7d2d
user14	544	219	1271970423153	0	0	757222e88d62e08777ebd86e7d2d
user14	546	221	1271970423161	0	0	757222e88d62e08777ebd86e7d2d
user14	550	224	1271970423169	0	0	757222e88d62e08777ebd86e7d2d
user14	552	227	1271970423177	0	0	757222e88d62e08777ebd86e7d2d
user14	555	229	1271970423185	0	0	757222e88d62e08777ebd86e7d2d
user14	559	233	1271970423193	0	0	757222e88d62e08777ebd86e7d2d
user14	561	235	1271970423201	0	0	757222e88d62e08777ebd86e7d2d
user14	563	237	1271970423209	0	0	757222e88d62e08777ebd86e7d2d
user14	565	238	1271970423217	0	0	757222e88d62e08777ebd86e7d2d
user14	568	239	1271970423225	0	0	757222e88d62e08777ebd86e7d2d
user14	570	239	1271970423233	0	0	757222e88d62e08777ebd86e7d2d
user14	572	240	1271970423241	0	0	757222e88d62e08777ebd86e7d2d
user14	573	240	1271970423249	0	0	757222e88d62e08777ebd86e7d2d
user14	576	240	1271970423257	0	0	757222e88d62e08777ebd86e7d2d
user14	576	241	1271970423265	0	0	757222e88d62e08777ebd86e7d2d
user14	577	241	1271970423273	0	0	757222e88d62e08777ebd86e7d2d
user14	579	243	1271970423281	0	0	757222e88d62e08777ebd86e7d2d
user14	580	243	1271970423289	0	0	757222e88d62e08777ebd86e7d2d
user14	581	243	1271970423297	0	0	757222e88d62e08777ebd86e7d2d
user14	581	244	1271970423377	0	0	757222e88d62e08777ebd86e7d2d
user14	581	245	1271970423385	0	0	757222e88d62e08777ebd86e7d2d
user14	581	245	1271970423569	1271970423465	1271970423569	757222e88d62e08777ebd86e7d2d
