User	X	Y	MouseTimeStamp	MouseDownTimeStamp	MouseUpTimeStamp	SessionID
user5	887	80	1271964133863	0	0	6f85fa712edbc5aad9d6db954eab
user5	877	84	1271964133878	0	0	6f85fa712edbc5aad9d6db954eab
user5	869	86	1271964133878	0	0	6f85fa712edbc5aad9d6db954eab
user5	856	90	1271964133891	0	0	6f85fa712edbc5aad9d6db954eab
user5	843	93	1271964133898	0	0	6f85fa712edbc5aad9d6db954eab
user5	827	97	1271964133908	0	0	6f85fa712edbc5aad9d6db954eab
user5	808	102	1271964133917	0	0	6f85fa712edbc5aad9d6db954eab
user5	789	108	1271964133927	0	0	6f85fa712edbc5aad9d6db954eab
user5	768	112	1271964133937	0	0	6f85fa712edbc5aad9d6db954eab
user5	747	115	1271964133948	0	0	6f85fa712edbc5aad9d6db954eab
user5	731	119	1271964133957	0	0	6f85fa712edbc5aad9d6db954eab
user5	716	121	1271964133967	0	0	6f85fa712edbc5aad9d6db954eab
user5	703	123	1271964133977	0	0	6f85fa712edbc5aad9d6db954eab
user5	692	124	1271964133987	0	0	6f85fa712edbc5aad9d6db954eab
user5	683	125	1271964133997	0	0	6f85fa712edbc5aad9d6db954eab
user5	674	126	1271964134007	0	0	6f85fa712edbc5aad9d6db954eab
user5	669	127	1271964134017	0	0	6f85fa712edbc5aad9d6db954eab
user5	663	128	1271964134027	0	0	6f85fa712edbc5aad9d6db954eab
user5	659	129	1271964134037	0	0	6f85fa712edbc5aad9d6db954eab
user5	657	130	1271964134050	0	0	6f85fa712edbc5aad9d6db954eab
user5	654	130	1271964134066	0	0	6f85fa712edbc5aad9d6db954eab
user5	652	130	1271964134076	0	0	6f85fa712edbc5aad9d6db954eab
user5	651	130	1271964134096	0	0	6f85fa712edbc5aad9d6db954eab
user5	651	129	1271964136425	0	0	6f85fa712edbc5aad9d6db954eab
user5	653	128	1271964136435	0	0	6f85fa712edbc5aad9d6db954eab
user5	655	125	1271964136457	0	0	6f85fa712edbc5aad9d6db954eab
user5	660	121	1271964136465	0	0	6f85fa712edbc5aad9d6db954eab
user5	666	116	1271964136475	0	0	6f85fa712edbc5aad9d6db954eab
user5	675	111	1271964136485	0	0	6f85fa712edbc5aad9d6db954eab
user5	685	103	1271964136495	0	0	6f85fa712edbc5aad9d6db954eab
user5	698	94	1271964136506	0	0	6f85fa712edbc5aad9d6db954eab
user5	718	78	1271964136515	0	0	6f85fa712edbc5aad9d6db954eab
user5	743	60	1271964136525	0	0	6f85fa712edbc5aad9d6db954eab
user5	770	41	1271964136535	0	0	6f85fa712edbc5aad9d6db954eab
user5	800	20	1271964136545	0	0	6f85fa712edbc5aad9d6db954eab
user5	521	25	1271964140873	0	0	6f85fa712edbc5aad9d6db954eab
user5	506	64	1271964140878	0	0	6f85fa712edbc5aad9d6db954eab
user5	497	101	1271964140894	0	0	6f85fa712edbc5aad9d6db954eab
user5	492	138	1271964140894	0	0	6f85fa712edbc5aad9d6db954eab
user5	490	168	1271964140903	0	0	6f85fa712edbc5aad9d6db954eab
user5	490	190	1271964140925	0	0	6f85fa712edbc5aad9d6db954eab
user5	491	213	1271964140934	0	0	6f85fa712edbc5aad9d6db954eab
user5	493	231	1271964140942	0	0	6f85fa712edbc5aad9d6db954eab
user5	496	244	1271964140951	0	0	6f85fa712edbc5aad9d6db954eab
user5	499	255	1271964140961	0	0	6f85fa712edbc5aad9d6db954eab
user5	502	266	1271964140973	0	0	6f85fa712edbc5aad9d6db954eab
user5	504	274	1271964140982	0	0	6f85fa712edbc5aad9d6db954eab
user5	506	280	1271964140992	0	0	6f85fa712edbc5aad9d6db954eab
user5	507	286	1271964141003	0	0	6f85fa712edbc5aad9d6db954eab
user5	507	289	1271964141013	0	0	6f85fa712edbc5aad9d6db954eab
user5	507	292	1271964141023	0	0	6f85fa712edbc5aad9d6db954eab
user5	507	294	1271964141033	0	0	6f85fa712edbc5aad9d6db954eab
user5	507	295	1271964141043	0	0	6f85fa712edbc5aad9d6db954eab
user5	507	296	1271964141052	0	0	6f85fa712edbc5aad9d6db954eab
user5	507	297	1271964141072	0	0	6f85fa712edbc5aad9d6db954eab
user5	506	297	1271964141160	0	0	6f85fa712edbc5aad9d6db954eab
user5	505	297	1271964141191	0	0	6f85fa712edbc5aad9d6db954eab
user5	503	296	1271964141207	0	0	6f85fa712edbc5aad9d6db954eab
user5	502	296	1271964141222	0	0	6f85fa712edbc5aad9d6db954eab
user5	500	295	1271964141238	0	0	6f85fa712edbc5aad9d6db954eab
user5	499	294	1271964141238	0	0	6f85fa712edbc5aad9d6db954eab
user5	498	293	1271964141248	0	0	6f85fa712edbc5aad9d6db954eab
user5	496	292	1271964141258	0	0	6f85fa712edbc5aad9d6db954eab
user5	494	291	1271964141269	0	0	6f85fa712edbc5aad9d6db954eab
user5	493	290	1271964141285	0	0	6f85fa712edbc5aad9d6db954eab
user5	492	288	1271964141300	0	0	6f85fa712edbc5aad9d6db954eab
user5	491	287	1271964141300	0	0	6f85fa712edbc5aad9d6db954eab
user5	490	286	1271964141316	0	0	6f85fa712edbc5aad9d6db954eab
user5	489	283	1271964141316	0	0	6f85fa712edbc5aad9d6db954eab
user5	488	281	1271964141332	0	0	6f85fa712edbc5aad9d6db954eab
user5	488	277	1271964141347	0	0	6f85fa712edbc5aad9d6db954eab
user5	487	273	1271964141357	0	0	6f85fa712edbc5aad9d6db954eab
user5	486	266	1271964141367	0	0	6f85fa712edbc5aad9d6db954eab
user5	486	258	1271964141377	0	0	6f85fa712edbc5aad9d6db954eab
user5	486	251	1271964141387	0	0	6f85fa712edbc5aad9d6db954eab
user5	487	243	1271964141398	0	0	6f85fa712edbc5aad9d6db954eab
user5	487	236	1271964141409	0	0	6f85fa712edbc5aad9d6db954eab
user5	487	232	1271964141417	0	0	6f85fa712edbc5aad9d6db954eab
user5	488	228	1271964141426	0	0	6f85fa712edbc5aad9d6db954eab
user5	488	225	1271964141436	0	0	6f85fa712edbc5aad9d6db954eab
user5	488	222	1271964141448	0	0	6f85fa712edbc5aad9d6db954eab
user5	488	220	1271964141456	0	0	6f85fa712edbc5aad9d6db954eab
user5	488	217	1271964141457	0	0	6f85fa712edbc5aad9d6db954eab
user5	489	215	1271964141472	0	0	6f85fa712edbc5aad9d6db954eab
user5	491	212	1271964141488	0	0	6f85fa712edbc5aad9d6db954eab
user5	492	209	1271964141498	0	0	6f85fa712edbc5aad9d6db954eab
user5	495	205	1271964141503	0	0	6f85fa712edbc5aad9d6db954eab
user5	499	200	1271964141519	0	0	6f85fa712edbc5aad9d6db954eab
user5	503	197	1271964141519	0	0	6f85fa712edbc5aad9d6db954eab
user5	507	193	1271964141535	0	0	6f85fa712edbc5aad9d6db954eab
user5	512	190	1271964141535	0	0	6f85fa712edbc5aad9d6db954eab
user5	518	185	1271964141550	0	0	6f85fa712edbc5aad9d6db954eab
user5	526	181	1271964141566	0	0	6f85fa712edbc5aad9d6db954eab
user5	536	174	1271964141576	0	0	6f85fa712edbc5aad9d6db954eab
user5	547	167	1271964141582	0	0	6f85fa712edbc5aad9d6db954eab
user5	560	160	1271964141591	0	0	6f85fa712edbc5aad9d6db954eab
user5	579	149	1271964141601	0	0	6f85fa712edbc5aad9d6db954eab
user5	597	139	1271964141611	0	0	6f85fa712edbc5aad9d6db954eab
user5	616	129	1271964141628	0	0	6f85fa712edbc5aad9d6db954eab
user5	633	121	1271964141628	0	0	6f85fa712edbc5aad9d6db954eab
user5	648	115	1271964141636	0	0	6f85fa712edbc5aad9d6db954eab
user5	659	109	1271964141645	0	0	6f85fa712edbc5aad9d6db954eab
user5	668	106	1271964141660	0	0	6f85fa712edbc5aad9d6db954eab
user5	674	103	1271964141675	0	0	6f85fa712edbc5aad9d6db954eab
user5	678	100	1271964141675	0	0	6f85fa712edbc5aad9d6db954eab
user5	681	100	1271964141685	0	0	6f85fa712edbc5aad9d6db954eab
user5	683	98	1271964141697	0	0	6f85fa712edbc5aad9d6db954eab
user5	684	98	1271964141724	0	0	6f85fa712edbc5aad9d6db954eab
user5	683	98	1271964141894	0	0	6f85fa712edbc5aad9d6db954eab
user5	682	98	1271964141913	0	0	6f85fa712edbc5aad9d6db954eab
user5	681	98	1271964141941	0	0	6f85fa712edbc5aad9d6db954eab
user5	680	98	1271964141957	0	0	6f85fa712edbc5aad9d6db954eab
user5	679	98	1271964141972	0	0	6f85fa712edbc5aad9d6db954eab
user5	678	98	1271964141982	0	0	6f85fa712edbc5aad9d6db954eab
user5	677	98	1271964142003	0	0	6f85fa712edbc5aad9d6db954eab
user5	676	98	1271964142035	0	0	6f85fa712edbc5aad9d6db954eab
user5	674	98	1271964142050	0	0	6f85fa712edbc5aad9d6db954eab
user5	673	98	1271964142069	0	0	6f85fa712edbc5aad9d6db954eab
user5	672	98	1271964142082	0	0	6f85fa712edbc5aad9d6db954eab
user5	671	98	1271964142082	0	0	6f85fa712edbc5aad9d6db954eab
user5	670	98	1271964142231	0	0	6f85fa712edbc5aad9d6db954eab
user5	668	98	1271964142250	0	0	6f85fa712edbc5aad9d6db954eab
user5	667	98	1271964142270	0	0	6f85fa712edbc5aad9d6db954eab
user5	666	98	1271964142280	0	0	6f85fa712edbc5aad9d6db954eab
user5	664	98	1271964142300	0	0	6f85fa712edbc5aad9d6db954eab
user5	663	98	1271964142321	0	0	6f85fa712edbc5aad9d6db954eab
user5	661	98	1271964142347	0	0	6f85fa712edbc5aad9d6db954eab
user5	660	98	1271964142363	0	0	6f85fa712edbc5aad9d6db954eab
user5	659	98	1271964142457	0	0	6f85fa712edbc5aad9d6db954eab
user5	658	98	1271964142832	0	0	6f85fa712edbc5aad9d6db954eab
user5	657	99	1271964142863	0	0	6f85fa712edbc5aad9d6db954eab
user5	656	99	1271964142878	0	0	6f85fa712edbc5aad9d6db954eab
user5	655	100	1271964142897	0	0	6f85fa712edbc5aad9d6db954eab
user5	654	100	1271964142910	0	0	6f85fa712edbc5aad9d6db954eab
user5	653	100	1271964142941	0	0	6f85fa712edbc5aad9d6db954eab
user5	652	100	1271964142960	0	0	6f85fa712edbc5aad9d6db954eab
user5	651	100	1271964143019	0	0	6f85fa712edbc5aad9d6db954eab
user5	650	100	1271964143941	0	0	6f85fa712edbc5aad9d6db954eab
user5	650	98	1271964158389	0	0	6f85fa712edbc5aad9d6db954eab
user5	651	96	1271964158399	0	0	6f85fa712edbc5aad9d6db954eab
user5	653	92	1271964158410	0	0	6f85fa712edbc5aad9d6db954eab
user5	656	85	1271964158419	0	0	6f85fa712edbc5aad9d6db954eab
user5	657	73	1271964158429	0	0	6f85fa712edbc5aad9d6db954eab
user5	657	58	1271964158439	0	0	6f85fa712edbc5aad9d6db954eab
user5	654	37	1271964158449	0	0	6f85fa712edbc5aad9d6db954eab
user5	646	13	1271964158456	0	0	6f85fa712edbc5aad9d6db954eab
user5	354	7	1271964158753	0	0	6f85fa712edbc5aad9d6db954eab
user5	338	15	1271964158753	0	0	6f85fa712edbc5aad9d6db954eab
user5	320	25	1271964158769	0	0	6f85fa712edbc5aad9d6db954eab
user5	302	35	1271964158779	0	0	6f85fa712edbc5aad9d6db954eab
user5	275	48	1271964158785	0	0	6f85fa712edbc5aad9d6db954eab
user5	247	61	1271964158799	0	0	6f85fa712edbc5aad9d6db954eab
user5	215	79	1271964158807	0	0	6f85fa712edbc5aad9d6db954eab
user5	180	101	1271964158813	0	0	6f85fa712edbc5aad9d6db954eab
user5	142	130	1271964158823	0	0	6f85fa712edbc5aad9d6db954eab
user5	105	164	1271964158847	0	0	6f85fa712edbc5aad9d6db954eab
user5	70	204	1271964158856	0	0	6f85fa712edbc5aad9d6db954eab
user5	38	250	1271964158863	0	0	6f85fa712edbc5aad9d6db954eab
user5	14	292	1271964158863	0	0	6f85fa712edbc5aad9d6db954eab
user5	228	634	1271964197529	0	0	6f85fa712edbc5aad9d6db954eab
user5	243	590	1271964197539	0	0	6f85fa712edbc5aad9d6db954eab
user5	254	549	1271964197549	0	0	6f85fa712edbc5aad9d6db954eab
user5	265	509	1271964197559	0	0	6f85fa712edbc5aad9d6db954eab
user5	274	474	1271964197568	0	0	6f85fa712edbc5aad9d6db954eab
user5	283	439	1271964197583	0	0	6f85fa712edbc5aad9d6db954eab
user5	290	407	1271964197588	0	0	6f85fa712edbc5aad9d6db954eab
user5	293	381	1271964197598	0	0	6f85fa712edbc5aad9d6db954eab
user5	296	355	1271964197608	0	0	6f85fa712edbc5aad9d6db954eab
user5	296	336	1271964197618	0	0	6f85fa712edbc5aad9d6db954eab
user5	296	314	1271964197628	0	0	6f85fa712edbc5aad9d6db954eab
user5	296	295	1271964197638	0	0	6f85fa712edbc5aad9d6db954eab
user5	294	275	1271964197648	0	0	6f85fa712edbc5aad9d6db954eab
user5	293	255	1271964197658	0	0	6f85fa712edbc5aad9d6db954eab
user5	293	241	1271964197668	0	0	6f85fa712edbc5aad9d6db954eab
user5	293	228	1271964197678	0	0	6f85fa712edbc5aad9d6db954eab
user5	291	217	1271964197691	0	0	6f85fa712edbc5aad9d6db954eab
user5	291	209	1271964197691	0	0	6f85fa712edbc5aad9d6db954eab
user5	291	205	1271964197701	0	0	6f85fa712edbc5aad9d6db954eab
user5	291	201	1271964197711	0	0	6f85fa712edbc5aad9d6db954eab
user5	290	198	1271964197721	0	0	6f85fa712edbc5aad9d6db954eab
user5	290	195	1271964197737	0	0	6f85fa712edbc5aad9d6db954eab
user5	289	194	1271964197753	0	0	6f85fa712edbc5aad9d6db954eab
user5	288	193	1271964197762	0	0	6f85fa712edbc5aad9d6db954eab
user5	288	192	1271964197769	0	0	6f85fa712edbc5aad9d6db954eab
user5	287	191	1271964197769	0	0	6f85fa712edbc5aad9d6db954eab
user5	287	190	1271964197779	0	0	6f85fa712edbc5aad9d6db954eab
user5	287	188	1271964197789	0	0	6f85fa712edbc5aad9d6db954eab
user5	286	187	1271964197804	0	0	6f85fa712edbc5aad9d6db954eab
user5	286	186	1271964197816	0	0	6f85fa712edbc5aad9d6db954eab
user5	286	185	1271964197831	0	0	6f85fa712edbc5aad9d6db954eab
user5	287	185	1271964197910	0	0	6f85fa712edbc5aad9d6db954eab
user5	294	185	1271964197921	0	0	6f85fa712edbc5aad9d6db954eab
user5	304	182	1271964197930	0	0	6f85fa712edbc5aad9d6db954eab
user5	324	177	1271964197940	0	0	6f85fa712edbc5aad9d6db954eab
user5	354	167	1271964197950	0	0	6f85fa712edbc5aad9d6db954eab
user5	392	156	1271964197960	0	0	6f85fa712edbc5aad9d6db954eab
user5	436	143	1271964197970	0	0	6f85fa712edbc5aad9d6db954eab
user5	479	132	1271964197980	0	0	6f85fa712edbc5aad9d6db954eab
user5	525	116	1271964197987	0	0	6f85fa712edbc5aad9d6db954eab
user5	569	103	1271964197996	0	0	6f85fa712edbc5aad9d6db954eab
user5	611	94	1271964198019	0	0	6f85fa712edbc5aad9d6db954eab
user5	648	88	1271964198029	0	0	6f85fa712edbc5aad9d6db954eab
user5	684	85	1271964198039	0	0	6f85fa712edbc5aad9d6db954eab
user5	715	83	1271964198050	0	0	6f85fa712edbc5aad9d6db954eab
user5	740	82	1271964198058	0	0	6f85fa712edbc5aad9d6db954eab
user5	757	81	1271964198069	0	0	6f85fa712edbc5aad9d6db954eab
user5	768	81	1271964198078	0	0	6f85fa712edbc5aad9d6db954eab
user5	776	81	1271964198081	0	0	6f85fa712edbc5aad9d6db954eab
user5	781	80	1271964198097	0	0	6f85fa712edbc5aad9d6db954eab
user5	787	80	1271964198107	0	0	6f85fa712edbc5aad9d6db954eab
user5	791	80	1271964198120	0	0	6f85fa712edbc5aad9d6db954eab
user5	795	82	1271964198127	0	0	6f85fa712edbc5aad9d6db954eab
user5	798	85	1271964198137	0	0	6f85fa712edbc5aad9d6db954eab
user5	803	92	1271964198147	0	0	6f85fa712edbc5aad9d6db954eab
user5	809	101	1271964198157	0	0	6f85fa712edbc5aad9d6db954eab
user5	814	113	1271964198167	0	0	6f85fa712edbc5aad9d6db954eab
user5	821	131	1271964198177	0	0	6f85fa712edbc5aad9d6db954eab
user5	828	156	1271964198186	0	0	6f85fa712edbc5aad9d6db954eab
user5	839	188	1271964198191	0	0	6f85fa712edbc5aad9d6db954eab
user5	850	226	1271964198202	0	0	6f85fa712edbc5aad9d6db954eab
user5	863	270	1271964198207	0	0	6f85fa712edbc5aad9d6db954eab
user5	881	319	1271964198216	0	0	6f85fa712edbc5aad9d6db954eab
user5	899	371	1271964198226	0	0	6f85fa712edbc5aad9d6db954eab
user5	914	417	1271964198236	0	0	6f85fa712edbc5aad9d6db954eab
user5	927	461	1271964198259	0	0	6f85fa712edbc5aad9d6db954eab
user5	938	499	1271964198260	0	0	6f85fa712edbc5aad9d6db954eab
user5	945	531	1271964198265	0	0	6f85fa712edbc5aad9d6db954eab
user5	951	557	1271964198284	0	0	6f85fa712edbc5aad9d6db954eab
user5	954	578	1271964198284	0	0	6f85fa712edbc5aad9d6db954eab
user5	957	599	1271964198294	0	0	6f85fa712edbc5aad9d6db954eab
user5	958	612	1271964198304	0	0	6f85fa712edbc5aad9d6db954eab
user5	959	625	1271964198314	0	0	6f85fa712edbc5aad9d6db954eab
user5	960	636	1271964198324	0	0	6f85fa712edbc5aad9d6db954eab
user5	831	8	1271964226684	0	0	6f85fa712edbc5aad9d6db954eab
user5	822	22	1271964226694	0	0	6f85fa712edbc5aad9d6db954eab
user5	814	40	1271964226705	0	0	6f85fa712edbc5aad9d6db954eab
user5	807	57	1271964226722	0	0	6f85fa712edbc5aad9d6db954eab
user5	800	77	1271964226722	0	0	6f85fa712edbc5aad9d6db954eab
user5	795	96	1271964226732	0	0	6f85fa712edbc5aad9d6db954eab
user5	791	112	1271964226742	0	0	6f85fa712edbc5aad9d6db954eab
user5	787	128	1271964226751	0	0	6f85fa712edbc5aad9d6db954eab
user5	785	141	1271964226762	0	0	6f85fa712edbc5aad9d6db954eab
user5	783	152	1271964226772	0	0	6f85fa712edbc5aad9d6db954eab
user5	782	161	1271964226781	0	0	6f85fa712edbc5aad9d6db954eab
user5	778	170	1271964226815	0	0	6f85fa712edbc5aad9d6db954eab
user5	777	174	1271964226816	0	0	6f85fa712edbc5aad9d6db954eab
user5	775	178	1271964226820	0	0	6f85fa712edbc5aad9d6db954eab
user5	774	181	1271964226830	0	0	6f85fa712edbc5aad9d6db954eab
user5	772	184	1271964226840	0	0	6f85fa712edbc5aad9d6db954eab
user5	770	185	1271964226850	0	0	6f85fa712edbc5aad9d6db954eab
user5	769	187	1271964226860	0	0	6f85fa712edbc5aad9d6db954eab
user5	767	188	1271964226878	0	0	6f85fa712edbc5aad9d6db954eab
user5	766	189	1271964226878	0	0	6f85fa712edbc5aad9d6db954eab
user5	764	189	1271964226888	0	0	6f85fa712edbc5aad9d6db954eab
user5	762	190	1271964226898	0	0	6f85fa712edbc5aad9d6db954eab
user5	759	191	1271964226907	0	0	6f85fa712edbc5aad9d6db954eab
user5	758	191	1271964226917	0	0	6f85fa712edbc5aad9d6db954eab
user5	757	191	1271964226940	0	0	6f85fa712edbc5aad9d6db954eab
user5	755	192	1271964226940	0	0	6f85fa712edbc5aad9d6db954eab
user5	754	193	1271964226950	0	0	6f85fa712edbc5aad9d6db954eab
user5	752	193	1271964226960	0	0	6f85fa712edbc5aad9d6db954eab
user5	750	193	1271964226972	0	0	6f85fa712edbc5aad9d6db954eab
user5	747	194	1271964226987	0	0	6f85fa712edbc5aad9d6db954eab
user5	745	195	1271964226987	0	0	6f85fa712edbc5aad9d6db954eab
user5	743	195	1271964227003	0	0	6f85fa712edbc5aad9d6db954eab
user5	741	195	1271964227013	0	0	6f85fa712edbc5aad9d6db954eab
user5	740	196	1271964227023	0	0	6f85fa712edbc5aad9d6db954eab
user5	739	196	1271964227033	0	0	6f85fa712edbc5aad9d6db954eab
user5	738	196	1271964227102	0	0	6f85fa712edbc5aad9d6db954eab
user5	737	196	1271964227132	0	0	6f85fa712edbc5aad9d6db954eab
user5	737	197	1271964227152	0	0	6f85fa712edbc5aad9d6db954eab
user5	736	198	1271964227172	0	0	6f85fa712edbc5aad9d6db954eab
user5	735	198	1271964227202	0	0	6f85fa712edbc5aad9d6db954eab
user5	734	198	1271964227269	0	0	6f85fa712edbc5aad9d6db954eab
user5	732	198	1271964227284	0	0	6f85fa712edbc5aad9d6db954eab
user5	729	198	1271964227294	0	0	6f85fa712edbc5aad9d6db954eab
user5	727	198	1271964227304	0	0	6f85fa712edbc5aad9d6db954eab
user5	723	198	1271964227314	0	0	6f85fa712edbc5aad9d6db954eab
user5	717	198	1271964227324	0	0	6f85fa712edbc5aad9d6db954eab
user5	710	198	1271964227335	0	0	6f85fa712edbc5aad9d6db954eab
user5	703	197	1271964227343	0	0	6f85fa712edbc5aad9d6db954eab
user5	697	194	1271964227353	0	0	6f85fa712edbc5aad9d6db954eab
user5	691	187	1271964227363	0	0	6f85fa712edbc5aad9d6db954eab
user5	689	179	1271964227373	0	0	6f85fa712edbc5aad9d6db954eab
user5	687	168	1271964227383	0	0	6f85fa712edbc5aad9d6db954eab
user5	687	155	1271964227395	0	0	6f85fa712edbc5aad9d6db954eab
user5	691	139	1271964227403	0	0	6f85fa712edbc5aad9d6db954eab
user5	698	120	1271964227413	0	0	6f85fa712edbc5aad9d6db954eab
user5	712	100	1271964227423	0	0	6f85fa712edbc5aad9d6db954eab
user5	727	81	1271964227433	0	0	6f85fa712edbc5aad9d6db954eab
user5	752	60	1271964227443	0	0	6f85fa712edbc5aad9d6db954eab
user5	785	39	1271964227453	0	0	6f85fa712edbc5aad9d6db954eab
user5	817	19	1271964227463	0	0	6f85fa712edbc5aad9d6db954eab
user5	863	12	1271964535156	0	0	6f85fa712edbc5aad9d6db954eab
user5	860	18	1271964535166	0	0	6f85fa712edbc5aad9d6db954eab
user5	856	23	1271964535176	0	0	6f85fa712edbc5aad9d6db954eab
user5	852	31	1271964535185	0	0	6f85fa712edbc5aad9d6db954eab
user5	848	42	1271964535196	0	0	6f85fa712edbc5aad9d6db954eab
user5	845	52	1271964535205	0	0	6f85fa712edbc5aad9d6db954eab
user5	842	63	1271964535215	0	0	6f85fa712edbc5aad9d6db954eab
user5	839	75	1271964535225	0	0	6f85fa712edbc5aad9d6db954eab
user5	835	86	1271964535235	0	0	6f85fa712edbc5aad9d6db954eab
user5	832	97	1271964535251	0	0	6f85fa712edbc5aad9d6db954eab
user5	829	105	1271964535267	0	0	6f85fa712edbc5aad9d6db954eab
user5	825	114	1271964535277	0	0	6f85fa712edbc5aad9d6db954eab
user5	822	120	1271964535287	0	0	6f85fa712edbc5aad9d6db954eab
user5	819	132	1271964535298	0	0	6f85fa712edbc5aad9d6db954eab
user5	819	139	1271964535313	0	0	6f85fa712edbc5aad9d6db954eab
user5	819	142	1271964535329	0	0	6f85fa712edbc5aad9d6db954eab
user5	820	143	1271964535345	0	0	6f85fa712edbc5aad9d6db954eab
user5	820	142	1271964535415	0	0	6f85fa712edbc5aad9d6db954eab
user5	820	142	1271964535416	1271964535300	1271964535416	6f85fa712edbc5aad9d6db954eab
user5	820	141	1271964535425	0	0	6f85fa712edbc5aad9d6db954eab
user5	820	142	1271964535494	0	0	6f85fa712edbc5aad9d6db954eab
user5	820	144	1271964535501	0	0	6f85fa712edbc5aad9d6db954eab
user5	820	148	1271964535501	0	0	6f85fa712edbc5aad9d6db954eab
user5	820	151	1271964535511	0	0	6f85fa712edbc5aad9d6db954eab
user5	820	156	1271964535521	0	0	6f85fa712edbc5aad9d6db954eab
user5	820	163	1271964535532	0	0	6f85fa712edbc5aad9d6db954eab
user5	820	170	1271964535548	0	0	6f85fa712edbc5aad9d6db954eab
user5	821	176	1271964535558	0	0	6f85fa712edbc5aad9d6db954eab
user5	822	180	1271964535563	0	0	6f85fa712edbc5aad9d6db954eab
user5	824	183	1271964535579	0	0	6f85fa712edbc5aad9d6db954eab
user5	825	185	1271964535595	0	0	6f85fa712edbc5aad9d6db954eab
user5	825	186	1271964535610	0	0	6f85fa712edbc5aad9d6db954eab
user5	825	186	1271964535729	1271964535669	1271964535729	6f85fa712edbc5aad9d6db954eab
user5	825	185	1271964535743	0	0	6f85fa712edbc5aad9d6db954eab
user5	825	184	1271964535749	0	0	6f85fa712edbc5aad9d6db954eab
user5	825	183	1271964535769	0	0	6f85fa712edbc5aad9d6db954eab
user5	826	181	1271964535782	0	0	6f85fa712edbc5aad9d6db954eab
user5	827	179	1271964535790	0	0	6f85fa712edbc5aad9d6db954eab
user5	827	178	1271964535800	0	0	6f85fa712edbc5aad9d6db954eab
user5	828	175	1271964535810	0	0	6f85fa712edbc5aad9d6db954eab
user5	828	174	1271964535821	0	0	6f85fa712edbc5aad9d6db954eab
user5	828	173	1271964535830	0	0	6f85fa712edbc5aad9d6db954eab
user5	828	172	1271964535840	0	0	6f85fa712edbc5aad9d6db954eab
user5	828	169	1271964535850	0	0	6f85fa712edbc5aad9d6db954eab
user5	828	168	1271964535870	0	0	6f85fa712edbc5aad9d6db954eab
user5	828	167	1271964535880	0	0	6f85fa712edbc5aad9d6db954eab
user5	828	167	1271964535950	1271964535892	1271964535950	6f85fa712edbc5aad9d6db954eab
user5	828	162	1271964535958	0	0	6f85fa712edbc5aad9d6db954eab
user5	827	161	1271964535988	0	0	6f85fa712edbc5aad9d6db954eab
user5	832	162	1271964543157	0	0	6f85fa712edbc5aad9d6db954eab
user5	842	169	1271964543168	0	0	6f85fa712edbc5aad9d6db954eab
user5	853	178	1271964543177	0	0	6f85fa712edbc5aad9d6db954eab
user5	865	192	1271964543188	0	0	6f85fa712edbc5aad9d6db954eab
user5	871	207	1271964543188	0	0	6f85fa712edbc5aad9d6db954eab
user5	877	226	1271964543204	0	0	6f85fa712edbc5aad9d6db954eab
user5	881	245	1271964543213	0	0	6f85fa712edbc5aad9d6db954eab
user5	882	262	1271964543223	0	0	6f85fa712edbc5aad9d6db954eab
user5	882	281	1271964543234	0	0	6f85fa712edbc5aad9d6db954eab
user5	880	306	1271964543244	0	0	6f85fa712edbc5aad9d6db954eab
user5	879	332	1271964543254	0	0	6f85fa712edbc5aad9d6db954eab
user5	875	363	1271964543266	0	0	6f85fa712edbc5aad9d6db954eab
user5	875	398	1271964543266	0	0	6f85fa712edbc5aad9d6db954eab
user5	875	428	1271964543276	0	0	6f85fa712edbc5aad9d6db954eab
user5	880	462	1271964543298	0	0	6f85fa712edbc5aad9d6db954eab
user5	886	491	1271964543298	0	0	6f85fa712edbc5aad9d6db954eab
user5	894	516	1271964543313	0	0	6f85fa712edbc5aad9d6db954eab
user5	903	539	1271964543313	0	0	6f85fa712edbc5aad9d6db954eab
user5	912	559	1271964543329	0	0	6f85fa712edbc5aad9d6db954eab
user5	919	572	1271964543339	0	0	6f85fa712edbc5aad9d6db954eab
user5	926	585	1271964543349	0	0	6f85fa712edbc5aad9d6db954eab
user5	934	595	1271964543359	0	0	6f85fa712edbc5aad9d6db954eab
user5	940	604	1271964543368	0	0	6f85fa712edbc5aad9d6db954eab
user5	945	611	1271964543378	0	0	6f85fa712edbc5aad9d6db954eab
user5	951	616	1271964543388	0	0	6f85fa712edbc5aad9d6db954eab
user5	955	621	1271964543398	0	0	6f85fa712edbc5aad9d6db954eab
user5	959	624	1271964543408	0	0	6f85fa712edbc5aad9d6db954eab
user5	961	627	1271964543420	0	0	6f85fa712edbc5aad9d6db954eab
user5	963	628	1271964543429	0	0	6f85fa712edbc5aad9d6db954eab
user5	963	629	1271964543439	0	0	6f85fa712edbc5aad9d6db954eab
user5	964	630	1271964543468	0	0	6f85fa712edbc5aad9d6db954eab
user5	964	633	1271964543478	0	0	6f85fa712edbc5aad9d6db954eab
user5	964	638	1271964543488	0	0	6f85fa712edbc5aad9d6db954eab
user5	795	638	1271964544329	0	0	6f85fa712edbc5aad9d6db954eab
user5	779	630	1271964544329	0	0	6f85fa712edbc5aad9d6db954eab
user5	764	623	1271964544339	0	0	6f85fa712edbc5aad9d6db954eab
user5	747	616	1271964544346	0	0	6f85fa712edbc5aad9d6db954eab
user5	727	607	1271964544360	0	0	6f85fa712edbc5aad9d6db954eab
user5	706	597	1271964544376	0	0	6f85fa712edbc5aad9d6db954eab
user5	683	588	1271964544386	0	0	6f85fa712edbc5aad9d6db954eab
user5	660	575	1271964544396	0	0	6f85fa712edbc5aad9d6db954eab
user5	639	565	1271964544407	0	0	6f85fa712edbc5aad9d6db954eab
user5	625	556	1271964544415	0	0	6f85fa712edbc5aad9d6db954eab
user5	614	550	1271964544425	0	0	6f85fa712edbc5aad9d6db954eab
user5	606	544	1271964544438	0	0	6f85fa712edbc5aad9d6db954eab
user5	597	540	1271964544448	0	0	6f85fa712edbc5aad9d6db954eab
user5	592	536	1271964544457	0	0	6f85fa712edbc5aad9d6db954eab
user5	588	533	1271964544467	0	0	6f85fa712edbc5aad9d6db954eab
user5	585	531	1271964544470	0	0	6f85fa712edbc5aad9d6db954eab
user5	583	530	1271964544486	0	0	6f85fa712edbc5aad9d6db954eab
user5	582	527	1271964544496	0	0	6f85fa712edbc5aad9d6db954eab
user5	582	526	1271964544501	0	0	6f85fa712edbc5aad9d6db954eab
user5	582	525	1271964544517	0	0	6f85fa712edbc5aad9d6db954eab
user5	583	525	1271964544536	0	0	6f85fa712edbc5aad9d6db954eab
user5	585	525	1271964544555	0	0	6f85fa712edbc5aad9d6db954eab
user5	587	527	1271964544566	0	0	6f85fa712edbc5aad9d6db954eab
user5	590	529	1271964544575	0	0	6f85fa712edbc5aad9d6db954eab
user5	592	532	1271964544579	0	0	6f85fa712edbc5aad9d6db954eab
user5	594	536	1271964544595	0	0	6f85fa712edbc5aad9d6db954eab
user5	595	541	1271964544596	0	0	6f85fa712edbc5aad9d6db954eab
user5	595	542	1271964544611	0	0	6f85fa712edbc5aad9d6db954eab
user5	596	542	1271964544615	0	0	6f85fa712edbc5aad9d6db954eab
user5	1	136	1271964572524	0	0	6f85fa712edbc5aad9d6db954eab
user5	7	138	1271964572532	0	0	6f85fa712edbc5aad9d6db954eab
user5	14	139	1271964572532	0	0	6f85fa712edbc5aad9d6db954eab
user5	19	140	1271964572542	0	0	6f85fa712edbc5aad9d6db954eab
user5	26	141	1271964572552	0	0	6f85fa712edbc5aad9d6db954eab
user5	32	141	1271964572562	0	0	6f85fa712edbc5aad9d6db954eab
user5	38	141	1271964572572	0	0	6f85fa712edbc5aad9d6db954eab
user5	46	139	1271964572581	0	0	6f85fa712edbc5aad9d6db954eab
user5	53	139	1271964572592	0	0	6f85fa712edbc5aad9d6db954eab
user5	61	137	1271964572601	0	0	6f85fa712edbc5aad9d6db954eab
user5	67	137	1271964572614	0	0	6f85fa712edbc5aad9d6db954eab
user5	73	136	1271964572621	0	0	6f85fa712edbc5aad9d6db954eab
user5	78	135	1271964572641	0	0	6f85fa712edbc5aad9d6db954eab
user5	85	134	1271964572641	0	0	6f85fa712edbc5aad9d6db954eab
user5	92	132	1271964572651	0	0	6f85fa712edbc5aad9d6db954eab
user5	100	130	1271964572661	0	0	6f85fa712edbc5aad9d6db954eab
user5	137	123	1271964572944	0	0	6f85fa712edbc5aad9d6db954eab
user5	5	89	1271964587688	0	0	6f85fa712edbc5aad9d6db954eab
user5	25	104	1271964587704	0	0	6f85fa712edbc5aad9d6db954eab
user5	35	113	1271964587715	0	0	6f85fa712edbc5aad9d6db954eab
user5	45	119	1271964587724	0	0	6f85fa712edbc5aad9d6db954eab
user5	51	124	1271964587734	0	0	6f85fa712edbc5aad9d6db954eab
user5	57	126	1271964587743	0	0	6f85fa712edbc5aad9d6db954eab
user5	60	126	1271964587754	0	0	6f85fa712edbc5aad9d6db954eab
user5	61	127	1271964587763	0	0	6f85fa712edbc5aad9d6db954eab
user5	62	127	1271964587773	0	0	6f85fa712edbc5aad9d6db954eab
user5	63	126	1271964587803	0	0	6f85fa712edbc5aad9d6db954eab
user5	63	125	1271964587813	0	0	6f85fa712edbc5aad9d6db954eab
user5	64	125	1271964587823	0	0	6f85fa712edbc5aad9d6db954eab
user5	65	124	1271964587833	0	0	6f85fa712edbc5aad9d6db954eab
user5	67	122	1271964587843	0	0	6f85fa712edbc5aad9d6db954eab
user5	70	121	1271964587853	0	0	6f85fa712edbc5aad9d6db954eab
user5	71	121	1271964587865	0	0	6f85fa712edbc5aad9d6db954eab
user5	72	120	1271964587872	0	0	6f85fa712edbc5aad9d6db954eab
user5	73	120	1271964587891	0	0	6f85fa712edbc5aad9d6db954eab
user5	75	120	1271964587907	0	0	6f85fa712edbc5aad9d6db954eab
user5	78	120	1271964587917	0	0	6f85fa712edbc5aad9d6db954eab
user5	81	120	1271964587922	0	0	6f85fa712edbc5aad9d6db954eab
user5	85	120	1271964587938	0	0	6f85fa712edbc5aad9d6db954eab
user5	89	120	1271964587938	0	0	6f85fa712edbc5aad9d6db954eab
user5	93	120	1271964587948	0	0	6f85fa712edbc5aad9d6db954eab
user5	96	120	1271964587958	0	0	6f85fa712edbc5aad9d6db954eab
user5	130	131	1271964588047	0	0	6f85fa712edbc5aad9d6db954eab
user5	100	66	1271964588610	0	0	6f85fa712edbc5aad9d6db954eab
user5	94	59	1271964588620	0	0	6f85fa712edbc5aad9d6db954eab
user5	87	53	1271964588630	0	0	6f85fa712edbc5aad9d6db954eab
user5	83	47	1271964588640	0	0	6f85fa712edbc5aad9d6db954eab
user5	80	41	1271964588641	0	0	6f85fa712edbc5aad9d6db954eab
user5	77	35	1271964588657	0	0	6f85fa712edbc5aad9d6db954eab
user5	75	27	1271964588667	0	0	6f85fa712edbc5aad9d6db954eab
user5	73	20	1271964588677	0	0	6f85fa712edbc5aad9d6db954eab
user5	71	12	1271964588687	0	0	6f85fa712edbc5aad9d6db954eab
user5	69	5	1271964588696	0	0	6f85fa712edbc5aad9d6db954eab
user5	70	1	1271964589688	0	0	6f85fa712edbc5aad9d6db954eab
user5	63	19	1271964589704	0	0	6f85fa712edbc5aad9d6db954eab
user5	51	38	1271964589712	0	0	6f85fa712edbc5aad9d6db954eab
user5	43	47	1271964589721	0	0	6f85fa712edbc5aad9d6db954eab
user5	43	44	1271964589940	0	0	6f85fa712edbc5aad9d6db954eab
user5	43	43	1271964589950	0	0	6f85fa712edbc5aad9d6db954eab
user5	43	41	1271964589979	0	0	6f85fa712edbc5aad9d6db954eab
user5	44	41	1271964589989	0	0	6f85fa712edbc5aad9d6db954eab
user5	46	40	1271964589999	0	0	6f85fa712edbc5aad9d6db954eab
user5	48	39	1271964590009	0	0	6f85fa712edbc5aad9d6db954eab
user5	51	37	1271964590019	0	0	6f85fa712edbc5aad9d6db954eab
user5	59	33	1271964590044	0	0	6f85fa712edbc5aad9d6db954eab
user5	63	30	1271964590045	0	0	6f85fa712edbc5aad9d6db954eab
user5	66	27	1271964590051	0	0	6f85fa712edbc5aad9d6db954eab
user5	69	25	1271964590063	0	0	6f85fa712edbc5aad9d6db954eab
user5	72	22	1271964590079	0	0	6f85fa712edbc5aad9d6db954eab
user5	77	18	1271964590089	0	0	6f85fa712edbc5aad9d6db954eab
user5	82	14	1271964590099	0	0	6f85fa712edbc5aad9d6db954eab
user5	86	9	1271964590110	0	0	6f85fa712edbc5aad9d6db954eab
user5	90	4	1271964590110	0	0	6f85fa712edbc5aad9d6db954eab
user5	94	1	1271964590126	0	0	6f85fa712edbc5aad9d6db954eab
user5	247	3	1271964590338	0	0	6f85fa712edbc5aad9d6db954eab
user5	294	5	1271964590348	0	0	6f85fa712edbc5aad9d6db954eab
user5	337	5	1271964590358	0	0	6f85fa712edbc5aad9d6db954eab
user5	380	5	1271964590376	0	0	6f85fa712edbc5aad9d6db954eab
user5	768	10	1271964907670	0	0	6f85fa712edbc5aad9d6db954eab
user5	766	15	1271964907686	0	0	6f85fa712edbc5aad9d6db954eab
user5	766	22	1271964907686	0	0	6f85fa712edbc5aad9d6db954eab
user5	766	30	1271964907702	0	0	6f85fa712edbc5aad9d6db954eab
user5	766	37	1271964907717	0	0	6f85fa712edbc5aad9d6db954eab
user5	767	45	1271964907717	0	0	6f85fa712edbc5aad9d6db954eab
user5	768	53	1271964907727	0	0	6f85fa712edbc5aad9d6db954eab
user5	771	63	1271964907737	0	0	6f85fa712edbc5aad9d6db954eab
user5	773	75	1271964907749	0	0	6f85fa712edbc5aad9d6db954eab
user5	776	88	1271964907764	0	0	6f85fa712edbc5aad9d6db954eab
user5	781	104	1271964907774	0	0	6f85fa712edbc5aad9d6db954eab
user5	786	121	1271964907784	0	0	6f85fa712edbc5aad9d6db954eab
user5	793	138	1271964907794	0	0	6f85fa712edbc5aad9d6db954eab
user5	800	158	1271964907804	0	0	6f85fa712edbc5aad9d6db954eab
user5	806	172	1271964907814	0	0	6f85fa712edbc5aad9d6db954eab
user5	813	185	1271964907823	0	0	6f85fa712edbc5aad9d6db954eab
user5	818	195	1271964907833	0	0	6f85fa712edbc5aad9d6db954eab
user5	822	205	1271964907843	0	0	6f85fa712edbc5aad9d6db954eab
user5	827	212	1271964907853	0	0	6f85fa712edbc5aad9d6db954eab
user5	830	218	1271964907863	0	0	6f85fa712edbc5aad9d6db954eab
user5	834	224	1271964907873	0	0	6f85fa712edbc5aad9d6db954eab
user5	836	228	1271964907883	0	0	6f85fa712edbc5aad9d6db954eab
user5	838	232	1271964907893	0	0	6f85fa712edbc5aad9d6db954eab
user5	839	237	1271964907903	0	0	6f85fa712edbc5aad9d6db954eab
user5	840	240	1271964907913	0	0	6f85fa712edbc5aad9d6db954eab
user5	841	243	1271964907923	0	0	6f85fa712edbc5aad9d6db954eab
user5	842	246	1271964907933	0	0	6f85fa712edbc5aad9d6db954eab
user5	842	249	1271964907943	0	0	6f85fa712edbc5aad9d6db954eab
user5	843	250	1271964907952	0	0	6f85fa712edbc5aad9d6db954eab
user5	843	252	1271964907952	0	0	6f85fa712edbc5aad9d6db954eab
user5	843	253	1271964907962	0	0	6f85fa712edbc5aad9d6db954eab
user5	843	254	1271964907972	0	0	6f85fa712edbc5aad9d6db954eab
user5	843	255	1271964907982	0	0	6f85fa712edbc5aad9d6db954eab
user5	843	257	1271964907992	0	0	6f85fa712edbc5aad9d6db954eab
user5	842	257	1271964908001	0	0	6f85fa712edbc5aad9d6db954eab
user5	841	257	1271964908011	0	0	6f85fa712edbc5aad9d6db954eab
user5	840	257	1271964908031	0	0	6f85fa712edbc5aad9d6db954eab
user5	839	257	1271964908041	0	0	6f85fa712edbc5aad9d6db954eab
user5	838	257	1271964908051	0	0	6f85fa712edbc5aad9d6db954eab
user5	837	257	1271964908061	0	0	6f85fa712edbc5aad9d6db954eab
user5	836	256	1271964908071	0	0	6f85fa712edbc5aad9d6db954eab
user5	835	256	1271964908081	0	0	6f85fa712edbc5aad9d6db954eab
user5	833	255	1271964908092	0	0	6f85fa712edbc5aad9d6db954eab
user5	832	254	1271964908108	0	0	6f85fa712edbc5aad9d6db954eab
user5	830	253	1271964908118	0	0	6f85fa712edbc5aad9d6db954eab
user5	827	253	1271964908128	0	0	6f85fa712edbc5aad9d6db954eab
user5	825	251	1271964908138	0	0	6f85fa712edbc5aad9d6db954eab
user5	824	250	1271964908148	0	0	6f85fa712edbc5aad9d6db954eab
user5	822	250	1271964908157	0	0	6f85fa712edbc5aad9d6db954eab
user5	821	249	1271964908168	0	0	6f85fa712edbc5aad9d6db954eab
user5	820	249	1271964908177	0	0	6f85fa712edbc5aad9d6db954eab
user5	819	248	1271964908187	0	0	6f85fa712edbc5aad9d6db954eab
user5	819	247	1271964908200	0	0	6f85fa712edbc5aad9d6db954eab
user5	818	247	1271964908207	0	0	6f85fa712edbc5aad9d6db954eab
user5	817	247	1271964908217	0	0	6f85fa712edbc5aad9d6db954eab
user5	816	246	1271964908233	0	0	6f85fa712edbc5aad9d6db954eab
user5	815	246	1271964908242	0	0	6f85fa712edbc5aad9d6db954eab
user5	815	245	1271964908252	0	0	6f85fa712edbc5aad9d6db954eab
user5	814	244	1271964908262	0	0	6f85fa712edbc5aad9d6db954eab
user5	814	243	1271964908280	0	0	6f85fa712edbc5aad9d6db954eab
user5	818	245	1271964908389	0	0	6f85fa712edbc5aad9d6db954eab
user5	820	246	1271964908398	0	0	6f85fa712edbc5aad9d6db954eab
user5	821	247	1271964908408	0	0	6f85fa712edbc5aad9d6db954eab
user5	823	248	1271964908418	0	0	6f85fa712edbc5aad9d6db954eab
user5	824	249	1271964908428	0	0	6f85fa712edbc5aad9d6db954eab
user5	825	251	1271964908436	0	0	6f85fa712edbc5aad9d6db954eab
user5	826	252	1271964908436	0	0	6f85fa712edbc5aad9d6db954eab
user5	827	254	1271964908452	0	0	6f85fa712edbc5aad9d6db954eab
user5	829	255	1271964908462	0	0	6f85fa712edbc5aad9d6db954eab
user5	830	257	1271964908472	0	0	6f85fa712edbc5aad9d6db954eab
user5	831	258	1271964908499	0	0	6f85fa712edbc5aad9d6db954eab
user5	831	259	1271964908509	0	0	6f85fa712edbc5aad9d6db954eab
user5	832	259	1271964908518	0	0	6f85fa712edbc5aad9d6db954eab
user5	832	260	1271964908530	0	0	6f85fa712edbc5aad9d6db954eab
user5	832	261	1271964908530	0	0	6f85fa712edbc5aad9d6db954eab
user5	832	262	1271964908545	0	0	6f85fa712edbc5aad9d6db954eab
user5	832	263	1271964908575	0	0	6f85fa712edbc5aad9d6db954eab
user5	832	264	1271964908595	0	0	6f85fa712edbc5aad9d6db954eab
user5	832	265	1271964908604	0	0	6f85fa712edbc5aad9d6db954eab
user5	832	266	1271964908614	0	0	6f85fa712edbc5aad9d6db954eab
user5	832	267	1271964908634	0	0	6f85fa712edbc5aad9d6db954eab
user5	832	268	1271964908655	0	0	6f85fa712edbc5aad9d6db954eab
user5	832	269	1271964908686	0	0	6f85fa712edbc5aad9d6db954eab
user5	832	270	1271964908686	0	0	6f85fa712edbc5aad9d6db954eab
user5	832	271	1271964908717	0	0	6f85fa712edbc5aad9d6db954eab
user5	832	272	1271964908764	0	0	6f85fa712edbc5aad9d6db954eab
user5	832	272	1271964908928	1271964908813	1271964908928	6f85fa712edbc5aad9d6db954eab
user5	684	11	1271964922343	0	0	6f85fa712edbc5aad9d6db954eab
user5	625	49	1271964922343	0	0	6f85fa712edbc5aad9d6db954eab
user5	558	91	1271964922359	0	0	6f85fa712edbc5aad9d6db954eab
user5	499	124	1271964922368	0	0	6f85fa712edbc5aad9d6db954eab
user5	454	146	1271964922378	0	0	6f85fa712edbc5aad9d6db954eab
user5	428	157	1271964922387	0	0	6f85fa712edbc5aad9d6db954eab
user5	411	163	1271964922405	0	0	6f85fa712edbc5aad9d6db954eab
user5	403	168	1271964922405	0	0	6f85fa712edbc5aad9d6db954eab
user5	397	172	1271964922420	0	0	6f85fa712edbc5aad9d6db954eab
user5	390	175	1271964922420	0	0	6f85fa712edbc5aad9d6db954eab
user5	382	178	1271964922429	0	0	6f85fa712edbc5aad9d6db954eab
user5	377	180	1271964922439	0	0	6f85fa712edbc5aad9d6db954eab
user5	372	183	1271964922449	0	0	6f85fa712edbc5aad9d6db954eab
user5	370	183	1271964922459	0	0	6f85fa712edbc5aad9d6db954eab
user5	368	185	1271964922483	0	0	6f85fa712edbc5aad9d6db954eab
user5	367	185	1271964922483	0	0	6f85fa712edbc5aad9d6db954eab
user5	366	186	1271964922498	0	0	6f85fa712edbc5aad9d6db954eab
user5	364	188	1271964922514	0	0	6f85fa712edbc5aad9d6db954eab
user5	363	188	1271964922533	0	0	6f85fa712edbc5aad9d6db954eab
user5	363	189	1271964922561	0	0	6f85fa712edbc5aad9d6db954eab
user5	363	190	1271964922582	0	0	6f85fa712edbc5aad9d6db954eab
user5	363	191	1271964922601	0	0	6f85fa712edbc5aad9d6db954eab
user5	363	192	1271964922608	0	0	6f85fa712edbc5aad9d6db954eab
user5	363	194	1271964922623	0	0	6f85fa712edbc5aad9d6db954eab
user5	363	195	1271964922633	0	0	6f85fa712edbc5aad9d6db954eab
user5	363	197	1271964922639	0	0	6f85fa712edbc5aad9d6db954eab
user5	363	198	1271964922655	0	0	6f85fa712edbc5aad9d6db954eab
user5	363	199	1271964922670	0	0	6f85fa712edbc5aad9d6db954eab
user5	364	199	1271964922679	0	0	6f85fa712edbc5aad9d6db954eab
user5	364	200	1271964922690	0	0	6f85fa712edbc5aad9d6db954eab
user5	351	118	1271964924420	0	0	6f85fa712edbc5aad9d6db954eab
user5	349	115	1271964924430	0	0	6f85fa712edbc5aad9d6db954eab
user5	348	113	1271964924440	0	0	6f85fa712edbc5aad9d6db954eab
user5	346	112	1271964924449	0	0	6f85fa712edbc5aad9d6db954eab
user5	345	111	1271964924467	0	0	6f85fa712edbc5aad9d6db954eab
user5	345	110	1271964924545	0	0	6f85fa712edbc5aad9d6db954eab
user5	345	109	1271964924563	0	0	6f85fa712edbc5aad9d6db954eab
user5	346	109	1271964924563	0	0	6f85fa712edbc5aad9d6db954eab
user5	347	108	1271964924577	0	0	6f85fa712edbc5aad9d6db954eab
user5	347	107	1271964924577	0	0	6f85fa712edbc5aad9d6db954eab
user5	349	106	1271964924588	0	0	6f85fa712edbc5aad9d6db954eab
user5	349	105	1271964924597	0	0	6f85fa712edbc5aad9d6db954eab
user5	351	104	1271964924607	0	0	6f85fa712edbc5aad9d6db954eab
user5	352	102	1271964924616	0	0	6f85fa712edbc5aad9d6db954eab
user5	354	100	1271964924627	0	0	6f85fa712edbc5aad9d6db954eab
user5	354	99	1271964924636	0	0	6f85fa712edbc5aad9d6db954eab
user5	355	96	1271964924655	0	0	6f85fa712edbc5aad9d6db954eab
user5	356	94	1271964924655	0	0	6f85fa712edbc5aad9d6db954eab
user5	357	92	1271964924665	0	0	6f85fa712edbc5aad9d6db954eab
user5	358	90	1271964924686	0	0	6f85fa712edbc5aad9d6db954eab
user5	359	88	1271964924696	0	0	6f85fa712edbc5aad9d6db954eab
user5	360	86	1271964924702	0	0	6f85fa712edbc5aad9d6db954eab
user5	362	84	1271964924717	0	0	6f85fa712edbc5aad9d6db954eab
user5	365	81	1271964924717	0	0	6f85fa712edbc5aad9d6db954eab
user5	368	78	1271964924724	0	0	6f85fa712edbc5aad9d6db954eab
user5	370	76	1271964924733	0	0	6f85fa712edbc5aad9d6db954eab
user5	372	72	1271964924748	0	0	6f85fa712edbc5aad9d6db954eab
user5	373	69	1271964924758	0	0	6f85fa712edbc5aad9d6db954eab
user5	374	67	1271964924795	0	0	6f85fa712edbc5aad9d6db954eab
user5	377	63	1271964924796	0	0	6f85fa712edbc5aad9d6db954eab
user5	378	62	1271964924797	0	0	6f85fa712edbc5aad9d6db954eab
user5	379	60	1271964924801	0	0	6f85fa712edbc5aad9d6db954eab
user5	380	59	1271964924827	0	0	6f85fa712edbc5aad9d6db954eab
user5	380	58	1271964924837	0	0	6f85fa712edbc5aad9d6db954eab
user5	381	58	1271964924842	0	0	6f85fa712edbc5aad9d6db954eab
user5	381	58	1271964924929	1271964924858	1271964924929	6f85fa712edbc5aad9d6db954eab
user5	381	57	1271964924999	0	0	6f85fa712edbc5aad9d6db954eab
user5	381	56	1271964925020	0	0	6f85fa712edbc5aad9d6db954eab
user5	382	56	1271964925030	0	0	6f85fa712edbc5aad9d6db954eab
user5	383	55	1271964925030	0	0	6f85fa712edbc5aad9d6db954eab
user5	384	54	1271964925040	0	0	6f85fa712edbc5aad9d6db954eab
user5	388	53	1271964925061	0	0	6f85fa712edbc5aad9d6db954eab
user5	392	52	1271964925061	0	0	6f85fa712edbc5aad9d6db954eab
user5	396	52	1271964925077	0	0	6f85fa712edbc5aad9d6db954eab
user5	403	51	1271964925092	0	0	6f85fa712edbc5aad9d6db954eab
user5	409	50	1271964925102	0	0	6f85fa712edbc5aad9d6db954eab
user5	416	49	1271964925112	0	0	6f85fa712edbc5aad9d6db954eab
user5	421	47	1271964925122	0	0	6f85fa712edbc5aad9d6db954eab
user5	429	46	1271964925132	0	0	6f85fa712edbc5aad9d6db954eab
user5	442	45	1271964925139	0	0	6f85fa712edbc5aad9d6db954eab
user5	447	44	1271964925155	0	0	6f85fa712edbc5aad9d6db954eab
user5	452	43	1271964925165	0	0	6f85fa712edbc5aad9d6db954eab
user5	456	43	1271964925175	0	0	6f85fa712edbc5aad9d6db954eab
user5	459	42	1271964925185	0	0	6f85fa712edbc5aad9d6db954eab
user5	463	41	1271964925195	0	0	6f85fa712edbc5aad9d6db954eab
user5	468	40	1271964925202	0	0	6f85fa712edbc5aad9d6db954eab
user5	471	40	1271964925217	0	0	6f85fa712edbc5aad9d6db954eab
user5	473	39	1271964925227	0	0	6f85fa712edbc5aad9d6db954eab
user5	475	39	1271964925237	0	0	6f85fa712edbc5aad9d6db954eab
user5	476	38	1271964925247	0	0	6f85fa712edbc5aad9d6db954eab
user5	477	38	1271964925276	0	0	6f85fa712edbc5aad9d6db954eab
user5	476	38	1271964925415	0	0	6f85fa712edbc5aad9d6db954eab
user5	475	39	1271964925425	0	0	6f85fa712edbc5aad9d6db954eab
user5	475	42	1271964925435	0	0	6f85fa712edbc5aad9d6db954eab
user5	474	43	1271964925445	0	0	6f85fa712edbc5aad9d6db954eab
user5	473	45	1271964925452	0	0	6f85fa712edbc5aad9d6db954eab
user5	472	47	1271964925461	0	0	6f85fa712edbc5aad9d6db954eab
user5	472	48	1271964925472	0	0	6f85fa712edbc5aad9d6db954eab
user5	471	49	1271964925481	0	0	6f85fa712edbc5aad9d6db954eab
user5	470	50	1271964925498	0	0	6f85fa712edbc5aad9d6db954eab
user5	470	50	1271964925670	1271964925545	1271964925670	6f85fa712edbc5aad9d6db954eab
user5	268	52	1271964940084	0	0	6f85fa712edbc5aad9d6db954eab
user5	272	51	1271964940085	0	0	6f85fa712edbc5aad9d6db954eab
user5	279	50	1271964940092	0	0	6f85fa712edbc5aad9d6db954eab
user5	303	43	1271964940108	0	0	6f85fa712edbc5aad9d6db954eab
user5	322	39	1271964940108	0	0	6f85fa712edbc5aad9d6db954eab
user5	352	31	1271964940123	0	0	6f85fa712edbc5aad9d6db954eab
user5	387	24	1271964940139	0	0	6f85fa712edbc5aad9d6db954eab
user5	424	17	1271964940149	0	0	6f85fa712edbc5aad9d6db954eab
user5	469	8	1271964940162	0	0	6f85fa712edbc5aad9d6db954eab
user5	852	8	1271964942138	0	0	6f85fa712edbc5aad9d6db954eab
user5	853	9	1271964942155	0	0	6f85fa712edbc5aad9d6db954eab
user5	854	11	1271964942164	0	0	6f85fa712edbc5aad9d6db954eab
user5	854	12	1271964942170	0	0	6f85fa712edbc5aad9d6db954eab
user5	856	13	1271964942178	0	0	6f85fa712edbc5aad9d6db954eab
user5	856	15	1271964942188	0	0	6f85fa712edbc5aad9d6db954eab
user5	857	16	1271964942198	0	0	6f85fa712edbc5aad9d6db954eab
user5	859	19	1271964942208	0	0	6f85fa712edbc5aad9d6db954eab
user5	859	21	1271964942217	0	0	6f85fa712edbc5aad9d6db954eab
user5	861	24	1271964942233	0	0	6f85fa712edbc5aad9d6db954eab
user5	863	27	1271964942243	0	0	6f85fa712edbc5aad9d6db954eab
user5	864	30	1271964942253	0	0	6f85fa712edbc5aad9d6db954eab
user5	866	32	1271964942263	0	0	6f85fa712edbc5aad9d6db954eab
user5	866	34	1271964942275	0	0	6f85fa712edbc5aad9d6db954eab
user5	869	36	1271964942283	0	0	6f85fa712edbc5aad9d6db954eab
user5	869	38	1271964942292	0	0	6f85fa712edbc5aad9d6db954eab
user5	872	41	1271964942302	0	0	6f85fa712edbc5aad9d6db954eab
user5	873	43	1271964942312	0	0	6f85fa712edbc5aad9d6db954eab
user5	875	46	1271964942322	0	0	6f85fa712edbc5aad9d6db954eab
user5	876	48	1271964942333	0	0	6f85fa712edbc5aad9d6db954eab
user5	878	51	1271964942342	0	0	6f85fa712edbc5aad9d6db954eab
user5	879	53	1271964942352	0	0	6f85fa712edbc5aad9d6db954eab
user5	880	55	1271964942362	0	0	6f85fa712edbc5aad9d6db954eab
user5	881	57	1271964942372	0	0	6f85fa712edbc5aad9d6db954eab
user5	882	59	1271964942382	0	0	6f85fa712edbc5aad9d6db954eab
user5	883	60	1271964942392	0	0	6f85fa712edbc5aad9d6db954eab
user5	883	61	1271964942402	0	0	6f85fa712edbc5aad9d6db954eab
user5	884	63	1271964942405	0	0	6f85fa712edbc5aad9d6db954eab
user5	885	64	1271964942420	0	0	6f85fa712edbc5aad9d6db954eab
user5	885	66	1271964942430	0	0	6f85fa712edbc5aad9d6db954eab
user5	886	67	1271964942439	0	0	6f85fa712edbc5aad9d6db954eab
user5	887	68	1271964942449	0	0	6f85fa712edbc5aad9d6db954eab
user5	887	70	1271964942459	0	0	6f85fa712edbc5aad9d6db954eab
user5	887	71	1271964942479	0	0	6f85fa712edbc5aad9d6db954eab
user5	887	72	1271964942489	0	0	6f85fa712edbc5aad9d6db954eab
user5	887	73	1271964942510	0	0	6f85fa712edbc5aad9d6db954eab
user5	887	74	1271964942539	0	0	6f85fa712edbc5aad9d6db954eab
user5	887	73	1271964942795	0	0	6f85fa712edbc5aad9d6db954eab
user5	888	72	1271964942812	0	0	6f85fa712edbc5aad9d6db954eab
user5	889	68	1271964942826	0	0	6f85fa712edbc5aad9d6db954eab
user5	891	64	1271964942826	0	0	6f85fa712edbc5aad9d6db954eab
user5	894	59	1271964942836	0	0	6f85fa712edbc5aad9d6db954eab
user5	897	52	1271964942846	0	0	6f85fa712edbc5aad9d6db954eab
user5	900	44	1271964942856	0	0	6f85fa712edbc5aad9d6db954eab
user5	904	35	1271964942866	0	0	6f85fa712edbc5aad9d6db954eab
user5	910	24	1271964942875	0	0	6f85fa712edbc5aad9d6db954eab
user5	913	14	1271964942888	0	0	6f85fa712edbc5aad9d6db954eab
user5	897	13	1271964943201	0	0	6f85fa712edbc5aad9d6db954eab
user5	896	18	1271964943206	0	0	6f85fa712edbc5aad9d6db954eab
user5	894	23	1271964943216	0	0	6f85fa712edbc5aad9d6db954eab
user5	893	27	1271964943226	0	0	6f85fa712edbc5aad9d6db954eab
user5	892	30	1271964943235	0	0	6f85fa712edbc5aad9d6db954eab
user5	892	33	1271964943245	0	0	6f85fa712edbc5aad9d6db954eab
user5	892	35	1271964943257	0	0	6f85fa712edbc5aad9d6db954eab
user5	892	37	1271964943266	0	0	6f85fa712edbc5aad9d6db954eab
user5	891	41	1271964943275	0	0	6f85fa712edbc5aad9d6db954eab
user5	891	43	1271964943285	0	0	6f85fa712edbc5aad9d6db954eab
user5	891	46	1271964943295	0	0	6f85fa712edbc5aad9d6db954eab
user5	890	48	1271964943305	0	0	6f85fa712edbc5aad9d6db954eab
user5	890	51	1271964943315	0	0	6f85fa712edbc5aad9d6db954eab
user5	889	54	1271964943325	0	0	6f85fa712edbc5aad9d6db954eab
user5	888	57	1271964943335	0	0	6f85fa712edbc5aad9d6db954eab
user5	886	63	1271964943342	0	0	6f85fa712edbc5aad9d6db954eab
user5	886	66	1271964943352	0	0	6f85fa712edbc5aad9d6db954eab
user5	885	68	1271964943362	0	0	6f85fa712edbc5aad9d6db954eab
user5	884	71	1271964943373	0	0	6f85fa712edbc5aad9d6db954eab
user5	884	73	1271964943384	0	0	6f85fa712edbc5aad9d6db954eab
user5	883	74	1271964943393	0	0	6f85fa712edbc5aad9d6db954eab
user5	882	75	1271964943406	0	0	6f85fa712edbc5aad9d6db954eab
user5	881	77	1271964943413	0	0	6f85fa712edbc5aad9d6db954eab
user5	881	78	1271964943436	0	0	6f85fa712edbc5aad9d6db954eab
user5	880	79	1271964943436	0	0	6f85fa712edbc5aad9d6db954eab
user5	879	79	1271964943451	0	0	6f85fa712edbc5aad9d6db954eab
user5	879	80	1271964943451	0	0	6f85fa712edbc5aad9d6db954eab
user5	878	81	1271964943471	0	0	6f85fa712edbc5aad9d6db954eab
user5	878	80	1271964943738	0	0	6f85fa712edbc5aad9d6db954eab
user5	877	79	1271964943749	0	0	6f85fa712edbc5aad9d6db954eab
user5	877	77	1271964943758	0	0	6f85fa712edbc5aad9d6db954eab
user5	876	76	1271964943768	0	0	6f85fa712edbc5aad9d6db954eab
user5	875	75	1271964943778	0	0	6f85fa712edbc5aad9d6db954eab
user5	874	74	1271964943811	0	0	6f85fa712edbc5aad9d6db954eab
user5	873	74	1271964943811	0	0	6f85fa712edbc5aad9d6db954eab
user5	872	73	1271964943821	0	0	6f85fa712edbc5aad9d6db954eab
user5	870	72	1271964943841	0	0	6f85fa712edbc5aad9d6db954eab
user5	868	72	1271964943850	0	0	6f85fa712edbc5aad9d6db954eab
user5	866	71	1271964943861	0	0	6f85fa712edbc5aad9d6db954eab
user5	863	70	1271964943870	0	0	6f85fa712edbc5aad9d6db954eab
user5	860	70	1271964943880	0	0	6f85fa712edbc5aad9d6db954eab
user5	855	68	1271964943890	0	0	6f85fa712edbc5aad9d6db954eab
user5	848	67	1271964943900	0	0	6f85fa712edbc5aad9d6db954eab
user5	840	66	1271964943920	0	0	6f85fa712edbc5aad9d6db954eab
user5	829	65	1271964943920	0	0	6f85fa712edbc5aad9d6db954eab
user5	818	62	1271964943930	0	0	6f85fa712edbc5aad9d6db954eab
user5	806	61	1271964943940	0	0	6f85fa712edbc5aad9d6db954eab
user5	793	60	1271964943951	0	0	6f85fa712edbc5aad9d6db954eab
user5	776	59	1271964943961	0	0	6f85fa712edbc5aad9d6db954eab
user5	750	56	1271964943971	0	0	6f85fa712edbc5aad9d6db954eab
user5	715	56	1271964943983	0	0	6f85fa712edbc5aad9d6db954eab
user5	677	54	1271964943993	0	0	6f85fa712edbc5aad9d6db954eab
user5	633	54	1271964943998	0	0	6f85fa712edbc5aad9d6db954eab
user5	587	54	1271964944008	0	0	6f85fa712edbc5aad9d6db954eab
user5	547	54	1271964944018	0	0	6f85fa712edbc5aad9d6db954eab
user5	509	54	1271964944028	0	0	6f85fa712edbc5aad9d6db954eab
user5	473	55	1271964944046	0	0	6f85fa712edbc5aad9d6db954eab
user5	443	55	1271964944061	0	0	6f85fa712edbc5aad9d6db954eab
user5	418	53	1271964944062	0	0	6f85fa712edbc5aad9d6db954eab
user5	398	52	1271964944071	0	0	6f85fa712edbc5aad9d6db954eab
user5	380	49	1271964944081	0	0	6f85fa712edbc5aad9d6db954eab
user5	368	47	1271964944091	0	0	6f85fa712edbc5aad9d6db954eab
user5	362	45	1271964944101	0	0	6f85fa712edbc5aad9d6db954eab
user5	359	43	1271964944108	0	0	6f85fa712edbc5aad9d6db954eab
user5	358	43	1271964944139	0	0	6f85fa712edbc5aad9d6db954eab
user5	360	40	1271964944264	0	0	6f85fa712edbc5aad9d6db954eab
user5	364	38	1271964944264	0	0	6f85fa712edbc5aad9d6db954eab
user5	365	35	1271964944281	0	0	6f85fa712edbc5aad9d6db954eab
user5	368	34	1271964944295	0	0	6f85fa712edbc5aad9d6db954eab
user5	369	33	1271964944295	0	0	6f85fa712edbc5aad9d6db954eab
user5	370	31	1271964944311	0	0	6f85fa712edbc5aad9d6db954eab
user5	371	31	1271964944321	0	0	6f85fa712edbc5aad9d6db954eab
user5	371	30	1271964944327	0	0	6f85fa712edbc5aad9d6db954eab
user5	371	29	1271964944346	0	0	6f85fa712edbc5aad9d6db954eab
user5	370	28	1271964944385	0	0	6f85fa712edbc5aad9d6db954eab
user5	368	28	1271964944405	0	0	6f85fa712edbc5aad9d6db954eab
user5	367	28	1271964944405	0	0	6f85fa712edbc5aad9d6db954eab
user5	365	28	1271964944420	0	0	6f85fa712edbc5aad9d6db954eab
user5	362	28	1271964944436	0	0	6f85fa712edbc5aad9d6db954eab
user5	359	28	1271964944436	0	0	6f85fa712edbc5aad9d6db954eab
user5	357	29	1271964944447	0	0	6f85fa712edbc5aad9d6db954eab
user5	354	30	1271964944456	0	0	6f85fa712edbc5aad9d6db954eab
user5	351	31	1271964944467	0	0	6f85fa712edbc5aad9d6db954eab
user5	347	32	1271964944476	0	0	6f85fa712edbc5aad9d6db954eab
user5	343	33	1271964944483	0	0	6f85fa712edbc5aad9d6db954eab
user5	340	35	1271964944498	0	0	6f85fa712edbc5aad9d6db954eab
user5	337	36	1271964944508	0	0	6f85fa712edbc5aad9d6db954eab
user5	335	37	1271964944530	0	0	6f85fa712edbc5aad9d6db954eab
user5	333	38	1271964944532	0	0	6f85fa712edbc5aad9d6db954eab
user5	331	38	1271964944545	0	0	6f85fa712edbc5aad9d6db954eab
user5	329	39	1271964944545	0	0	6f85fa712edbc5aad9d6db954eab
user5	328	40	1271964944561	0	0	6f85fa712edbc5aad9d6db954eab
user5	327	41	1271964944580	0	0	6f85fa712edbc5aad9d6db954eab
user5	327	42	1271964944601	0	0	6f85fa712edbc5aad9d6db954eab
user5	326	43	1271964944610	0	0	6f85fa712edbc5aad9d6db954eab
user5	326	44	1271964944640	0	0	6f85fa712edbc5aad9d6db954eab
user5	325	44	1271964944655	0	0	6f85fa712edbc5aad9d6db954eab
user5	325	45	1271964944701	0	0	6f85fa712edbc5aad9d6db954eab
user5	326	46	1271964944711	0	0	6f85fa712edbc5aad9d6db954eab
user5	329	47	1271964944717	0	0	6f85fa712edbc5aad9d6db954eab
user5	331	49	1271964944733	0	0	6f85fa712edbc5aad9d6db954eab
user5	335	50	1271964944733	0	0	6f85fa712edbc5aad9d6db954eab
user5	338	51	1271964944748	0	0	6f85fa712edbc5aad9d6db954eab
user5	341	52	1271964944764	0	0	6f85fa712edbc5aad9d6db954eab
user5	344	53	1271964944772	0	0	6f85fa712edbc5aad9d6db954eab
user5	348	54	1271964944780	0	0	6f85fa712edbc5aad9d6db954eab
user5	351	54	1271964944780	0	0	6f85fa712edbc5aad9d6db954eab
user5	354	54	1271964944790	0	0	6f85fa712edbc5aad9d6db954eab
user5	356	54	1271964944811	0	0	6f85fa712edbc5aad9d6db954eab
user5	358	54	1271964944820	0	0	6f85fa712edbc5aad9d6db954eab
user5	360	54	1271964944826	0	0	6f85fa712edbc5aad9d6db954eab
user5	361	54	1271964944842	0	0	6f85fa712edbc5aad9d6db954eab
user5	362	54	1271964944852	0	0	6f85fa712edbc5aad9d6db954eab
user5	363	54	1271964944873	0	0	6f85fa712edbc5aad9d6db954eab
user5	364	54	1271964944932	0	0	6f85fa712edbc5aad9d6db954eab
user5	365	54	1271964944983	0	0	6f85fa712edbc5aad9d6db954eab
user5	366	54	1271964945030	0	0	6f85fa712edbc5aad9d6db954eab
user5	367	54	1271964945280	0	0	6f85fa712edbc5aad9d6db954eab
user5	368	54	1271964945280	0	0	6f85fa712edbc5aad9d6db954eab
user5	369	54	1271964945290	0	0	6f85fa712edbc5aad9d6db954eab
user5	370	54	1271964945300	0	0	6f85fa712edbc5aad9d6db954eab
user5	371	54	1271964945311	0	0	6f85fa712edbc5aad9d6db954eab
user5	374	54	1271964945326	0	0	6f85fa712edbc5aad9d6db954eab
user5	376	55	1271964945337	0	0	6f85fa712edbc5aad9d6db954eab
user5	379	56	1271964945342	0	0	6f85fa712edbc5aad9d6db954eab
user5	383	58	1271964945358	0	0	6f85fa712edbc5aad9d6db954eab
user5	388	60	1271964945367	0	0	6f85fa712edbc5aad9d6db954eab
user5	394	62	1271964945373	0	0	6f85fa712edbc5aad9d6db954eab
user5	400	66	1271964945383	0	0	6f85fa712edbc5aad9d6db954eab
user5	407	70	1271964945389	0	0	6f85fa712edbc5aad9d6db954eab
user5	414	75	1271964945405	0	0	6f85fa712edbc5aad9d6db954eab
user5	422	80	1271964945420	0	0	6f85fa712edbc5aad9d6db954eab
user5	429	84	1271964945425	0	0	6f85fa712edbc5aad9d6db954eab
user5	438	89	1271964945435	0	0	6f85fa712edbc5aad9d6db954eab
user5	445	95	1271964945436	0	0	6f85fa712edbc5aad9d6db954eab
user5	452	99	1271964945445	0	0	6f85fa712edbc5aad9d6db954eab
user5	460	104	1271964945467	0	0	6f85fa712edbc5aad9d6db954eab
user5	468	108	1271964945467	0	0	6f85fa712edbc5aad9d6db954eab
user5	477	114	1271964945483	0	0	6f85fa712edbc5aad9d6db954eab
user5	485	119	1271964945498	0	0	6f85fa712edbc5aad9d6db954eab
user5	495	123	1271964945518	0	0	6f85fa712edbc5aad9d6db954eab
user5	503	128	1271964945520	0	0	6f85fa712edbc5aad9d6db954eab
user5	512	131	1271964945530	0	0	6f85fa712edbc5aad9d6db954eab
user5	519	134	1271964945538	0	0	6f85fa712edbc5aad9d6db954eab
user5	525	136	1271964945545	0	0	6f85fa712edbc5aad9d6db954eab
user5	530	137	1271964945545	0	0	6f85fa712edbc5aad9d6db954eab
user5	536	138	1271964945555	0	0	6f85fa712edbc5aad9d6db954eab
user5	540	138	1271964945567	0	0	6f85fa712edbc5aad9d6db954eab
user5	546	139	1271964945576	0	0	6f85fa712edbc5aad9d6db954eab
user5	551	139	1271964945587	0	0	6f85fa712edbc5aad9d6db954eab
user5	557	139	1271964945608	0	0	6f85fa712edbc5aad9d6db954eab
user5	564	139	1271964945608	0	0	6f85fa712edbc5aad9d6db954eab
user5	571	138	1271964945621	0	0	6f85fa712edbc5aad9d6db954eab
user5	580	135	1271964945623	0	0	6f85fa712edbc5aad9d6db954eab
user5	589	132	1271964945639	0	0	6f85fa712edbc5aad9d6db954eab
user5	599	129	1271964945655	0	0	6f85fa712edbc5aad9d6db954eab
user5	610	125	1271964945655	0	0	6f85fa712edbc5aad9d6db954eab
user5	623	118	1271964945665	0	0	6f85fa712edbc5aad9d6db954eab
user5	637	109	1271964945686	0	0	6f85fa712edbc5aad9d6db954eab
user5	648	101	1271964945696	0	0	6f85fa712edbc5aad9d6db954eab
user5	659	94	1271964945701	0	0	6f85fa712edbc5aad9d6db954eab
user5	669	89	1271964945717	0	0	6f85fa712edbc5aad9d6db954eab
user5	679	84	1271964945727	0	0	6f85fa712edbc5aad9d6db954eab
user5	686	80	1271964945733	0	0	6f85fa712edbc5aad9d6db954eab
user5	692	77	1271964945733	0	0	6f85fa712edbc5aad9d6db954eab
user5	696	76	1271964945748	0	0	6f85fa712edbc5aad9d6db954eab
user5	700	74	1271964945764	0	0	6f85fa712edbc5aad9d6db954eab
user5	703	72	1271964945775	0	0	6f85fa712edbc5aad9d6db954eab
user5	705	72	1271964945783	0	0	6f85fa712edbc5aad9d6db954eab
user5	708	70	1271964945795	0	0	6f85fa712edbc5aad9d6db954eab
user5	712	68	1271964945795	0	0	6f85fa712edbc5aad9d6db954eab
user5	716	67	1271964945805	0	0	6f85fa712edbc5aad9d6db954eab
user5	721	65	1271964945826	0	0	6f85fa712edbc5aad9d6db954eab
user5	725	63	1271964945826	0	0	6f85fa712edbc5aad9d6db954eab
user5	730	61	1271964945842	0	0	6f85fa712edbc5aad9d6db954eab
user5	734	60	1271964945842	0	0	6f85fa712edbc5aad9d6db954eab
user5	737	59	1271964945852	0	0	6f85fa712edbc5aad9d6db954eab
user5	741	57	1271964945873	0	0	6f85fa712edbc5aad9d6db954eab
user5	744	56	1271964945873	0	0	6f85fa712edbc5aad9d6db954eab
user5	747	55	1271964945883	0	0	6f85fa712edbc5aad9d6db954eab
user5	750	53	1271964945905	0	0	6f85fa712edbc5aad9d6db954eab
user5	755	51	1271964945905	0	0	6f85fa712edbc5aad9d6db954eab
user5	761	49	1271964945915	0	0	6f85fa712edbc5aad9d6db954eab
user5	768	47	1271964945924	0	0	6f85fa712edbc5aad9d6db954eab
user5	775	45	1271964945936	0	0	6f85fa712edbc5aad9d6db954eab
user5	784	42	1271964945946	0	0	6f85fa712edbc5aad9d6db954eab
user5	793	40	1271964945951	0	0	6f85fa712edbc5aad9d6db954eab
user5	802	37	1271964945960	0	0	6f85fa712edbc5aad9d6db954eab
user5	811	36	1271964945983	0	0	6f85fa712edbc5aad9d6db954eab
user5	819	34	1271964945983	0	0	6f85fa712edbc5aad9d6db954eab
user5	827	32	1271964945998	0	0	6f85fa712edbc5aad9d6db954eab
user5	835	29	1271964946014	0	0	6f85fa712edbc5aad9d6db954eab
user5	844	27	1271964946024	0	0	6f85fa712edbc5aad9d6db954eab
user5	849	26	1271964946034	0	0	6f85fa712edbc5aad9d6db954eab
user5	855	25	1271964946043	0	0	6f85fa712edbc5aad9d6db954eab
user5	858	23	1271964946053	0	0	6f85fa712edbc5aad9d6db954eab
user5	865	19	1271964946061	0	0	6f85fa712edbc5aad9d6db954eab
user5	867	17	1271964946071	0	0	6f85fa712edbc5aad9d6db954eab
user5	870	15	1271964946080	0	0	6f85fa712edbc5aad9d6db954eab
user5	872	13	1271964946092	0	0	6f85fa712edbc5aad9d6db954eab
user5	874	11	1271964946108	0	0	6f85fa712edbc5aad9d6db954eab
user5	876	10	1271964946113	0	0	6f85fa712edbc5aad9d6db954eab
user5	879	8	1271964946123	0	0	6f85fa712edbc5aad9d6db954eab
user5	927	10	1271964946780	0	0	6f85fa712edbc5aad9d6db954eab
user5	927	12	1271964946790	0	0	6f85fa712edbc5aad9d6db954eab
user5	926	13	1271964946795	0	0	6f85fa712edbc5aad9d6db954eab
user5	926	14	1271964946811	0	0	6f85fa712edbc5aad9d6db954eab
user5	925	15	1271964946821	0	0	6f85fa712edbc5aad9d6db954eab
user5	925	16	1271964946826	0	0	6f85fa712edbc5aad9d6db954eab
user5	925	18	1271964946838	0	0	6f85fa712edbc5aad9d6db954eab
user5	924	20	1271964946858	0	0	6f85fa712edbc5aad9d6db954eab
user5	924	22	1271964946865	0	0	6f85fa712edbc5aad9d6db954eab
user5	923	26	1271964946873	0	0	6f85fa712edbc5aad9d6db954eab
user5	921	31	1271964946883	0	0	6f85fa712edbc5aad9d6db954eab
user5	919	35	1271964946889	0	0	6f85fa712edbc5aad9d6db954eab
user5	917	40	1271964946905	0	0	6f85fa712edbc5aad9d6db954eab
user5	915	44	1271964946905	0	0	6f85fa712edbc5aad9d6db954eab
user5	915	48	1271964946920	0	0	6f85fa712edbc5aad9d6db954eab
user5	913	52	1271964946936	0	0	6f85fa712edbc5aad9d6db954eab
user5	912	55	1271964946936	0	0	6f85fa712edbc5aad9d6db954eab
user5	911	57	1271964946951	0	0	6f85fa712edbc5aad9d6db954eab
user5	910	60	1271964946967	0	0	6f85fa712edbc5aad9d6db954eab
user5	908	62	1271964946968	0	0	6f85fa712edbc5aad9d6db954eab
user5	907	66	1271964946983	0	0	6f85fa712edbc5aad9d6db954eab
user5	905	68	1271964946983	0	0	6f85fa712edbc5aad9d6db954eab
user5	903	72	1271964946998	0	0	6f85fa712edbc5aad9d6db954eab
user5	900	76	1271964947009	0	0	6f85fa712edbc5aad9d6db954eab
user5	897	80	1271964947018	0	0	6f85fa712edbc5aad9d6db954eab
user5	895	84	1271964947030	0	0	6f85fa712edbc5aad9d6db954eab
user5	893	86	1271964947040	0	0	6f85fa712edbc5aad9d6db954eab
user5	892	88	1271964947050	0	0	6f85fa712edbc5aad9d6db954eab
user5	890	90	1271964947059	0	0	6f85fa712edbc5aad9d6db954eab
user5	890	91	1271964947069	0	0	6f85fa712edbc5aad9d6db954eab
user5	889	92	1271964947079	0	0	6f85fa712edbc5aad9d6db954eab
user5	888	93	1271964947101	0	0	6f85fa712edbc5aad9d6db954eab
user5	888	92	1271964947228	0	0	6f85fa712edbc5aad9d6db954eab
user5	888	91	1271964947237	0	0	6f85fa712edbc5aad9d6db954eab
user5	888	89	1271964947251	0	0	6f85fa712edbc5aad9d6db954eab
user5	888	88	1271964947258	0	0	6f85fa712edbc5aad9d6db954eab
user5	888	87	1271964947264	0	0	6f85fa712edbc5aad9d6db954eab
user5	888	85	1271964947281	0	0	6f85fa712edbc5aad9d6db954eab
user5	888	84	1271964947287	0	0	6f85fa712edbc5aad9d6db954eab
user5	888	83	1271964947307	0	0	6f85fa712edbc5aad9d6db954eab
user5	888	82	1271964947327	0	0	6f85fa712edbc5aad9d6db954eab
user5	888	81	1271964947373	0	0	6f85fa712edbc5aad9d6db954eab
user5	888	80	1271964947403	0	0	6f85fa712edbc5aad9d6db954eab
user5	888	78	1271964948389	0	0	6f85fa712edbc5aad9d6db954eab
user5	888	76	1271964948398	0	0	6f85fa712edbc5aad9d6db954eab
user5	888	75	1271964948405	0	0	6f85fa712edbc5aad9d6db954eab
user5	888	72	1271964948420	0	0	6f85fa712edbc5aad9d6db954eab
user5	888	69	1271964948428	0	0	6f85fa712edbc5aad9d6db954eab
user5	889	63	1271964948437	0	0	6f85fa712edbc5aad9d6db954eab
user5	897	37	1271964948468	0	0	6f85fa712edbc5aad9d6db954eab
user5	899	26	1271964948483	0	0	6f85fa712edbc5aad9d6db954eab
user5	902	18	1271964948484	0	0	6f85fa712edbc5aad9d6db954eab
user5	903	8	1271964948498	0	0	6f85fa712edbc5aad9d6db954eab
user5	510	6	1271964949061	0	0	6f85fa712edbc5aad9d6db954eab
user5	507	7	1271964949070	0	0	6f85fa712edbc5aad9d6db954eab
user5	505	9	1271964949080	0	0	6f85fa712edbc5aad9d6db954eab
user5	503	10	1271964949090	0	0	6f85fa712edbc5aad9d6db954eab
user5	502	12	1271964949092	0	0	6f85fa712edbc5aad9d6db954eab
user5	501	12	1271964949108	0	0	6f85fa712edbc5aad9d6db954eab
user5	500	13	1271964949118	0	0	6f85fa712edbc5aad9d6db954eab
user5	499	14	1271964949128	0	0	6f85fa712edbc5aad9d6db954eab
user5	499	15	1271964949138	0	0	6f85fa712edbc5aad9d6db954eab
user5	498	16	1271964949147	0	0	6f85fa712edbc5aad9d6db954eab
user5	497	17	1271964949160	0	0	6f85fa712edbc5aad9d6db954eab
user5	496	19	1271964949168	0	0	6f85fa712edbc5aad9d6db954eab
user5	495	20	1271964949177	0	0	6f85fa712edbc5aad9d6db954eab
user5	494	22	1271964949187	0	0	6f85fa712edbc5aad9d6db954eab
user5	492	24	1271964949197	0	0	6f85fa712edbc5aad9d6db954eab
user5	490	28	1271964949207	0	0	6f85fa712edbc5aad9d6db954eab
user5	487	31	1271964949217	0	0	6f85fa712edbc5aad9d6db954eab
user5	485	35	1271964949217	0	0	6f85fa712edbc5aad9d6db954eab
user5	481	37	1271964949233	0	0	6f85fa712edbc5aad9d6db954eab
user5	480	39	1271964949249	0	0	6f85fa712edbc5aad9d6db954eab
user5	477	42	1271964949258	0	0	6f85fa712edbc5aad9d6db954eab
user5	476	43	1271964949268	0	0	6f85fa712edbc5aad9d6db954eab
user5	475	44	1271964949280	0	0	6f85fa712edbc5aad9d6db954eab
user5	474	45	1271964949295	0	0	6f85fa712edbc5aad9d6db954eab
user5	474	45	1271964949411	1271964949314	1271964949411	6f85fa712edbc5aad9d6db954eab
user5	318	499	1271964958920	0	0	6f85fa712edbc5aad9d6db954eab
user5	319	498	1271964958931	0	0	6f85fa712edbc5aad9d6db954eab
user5	321	497	1271964958940	0	0	6f85fa712edbc5aad9d6db954eab
user5	322	497	1271964958950	0	0	6f85fa712edbc5aad9d6db954eab
user5	323	496	1271964958960	0	0	6f85fa712edbc5aad9d6db954eab
user5	325	496	1271964958967	0	0	6f85fa712edbc5aad9d6db954eab
user5	326	495	1271964958983	0	0	6f85fa712edbc5aad9d6db954eab
user5	327	494	1271964958983	0	0	6f85fa712edbc5aad9d6db954eab
user5	327	493	1271964959120	0	0	6f85fa712edbc5aad9d6db954eab
user5	327	492	1271964959233	0	0	6f85fa712edbc5aad9d6db954eab
user5	327	491	1271964959242	0	0	6f85fa712edbc5aad9d6db954eab
user5	327	490	1271964959252	0	0	6f85fa712edbc5aad9d6db954eab
user5	327	489	1271964959261	0	0	6f85fa712edbc5aad9d6db954eab
user5	327	487	1271964959279	0	0	6f85fa712edbc5aad9d6db954eab
user5	326	485	1271964959279	0	0	6f85fa712edbc5aad9d6db954eab
user5	326	484	1271964959295	0	0	6f85fa712edbc5aad9d6db954eab
user5	325	483	1271964959304	0	0	6f85fa712edbc5aad9d6db954eab
user5	323	481	1271964959314	0	0	6f85fa712edbc5aad9d6db954eab
user5	323	480	1271964959324	0	0	6f85fa712edbc5aad9d6db954eab
user5	322	480	1271964959342	0	0	6f85fa712edbc5aad9d6db954eab
user5	321	480	1271964959420	0	0	6f85fa712edbc5aad9d6db954eab
user5	321	479	1271964959440	0	0	6f85fa712edbc5aad9d6db954eab
user5	320	479	1271964959459	0	0	6f85fa712edbc5aad9d6db954eab
user5	319	479	1271964959483	0	0	6f85fa712edbc5aad9d6db954eab
user5	318	478	1271964959503	0	0	6f85fa712edbc5aad9d6db954eab
user5	317	478	1271964959512	0	0	6f85fa712edbc5aad9d6db954eab
user5	315	478	1271964959523	0	0	6f85fa712edbc5aad9d6db954eab
user5	313	477	1271964959529	0	0	6f85fa712edbc5aad9d6db954eab
user5	311	476	1271964959539	0	0	6f85fa712edbc5aad9d6db954eab
user5	309	476	1271964959548	0	0	6f85fa712edbc5aad9d6db954eab
user5	306	475	1271964959559	0	0	6f85fa712edbc5aad9d6db954eab
user5	304	474	1271964959576	0	0	6f85fa712edbc5aad9d6db954eab
user5	301	473	1271964959586	0	0	6f85fa712edbc5aad9d6db954eab
user5	299	473	1271964959596	0	0	6f85fa712edbc5aad9d6db954eab
user5	298	473	1271964959606	0	0	6f85fa712edbc5aad9d6db954eab
user5	297	473	1271964959608	0	0	6f85fa712edbc5aad9d6db954eab
user5	296	472	1271964959623	0	0	6f85fa712edbc5aad9d6db954eab
user5	295	472	1271964959643	0	0	6f85fa712edbc5aad9d6db954eab
user5	294	472	1271964959652	0	0	6f85fa712edbc5aad9d6db954eab
user5	294	471	1271964959717	0	0	6f85fa712edbc5aad9d6db954eab
user5	293	471	1271964959779	0	0	6f85fa712edbc5aad9d6db954eab
user5	293	470	1271964959779	0	0	6f85fa712edbc5aad9d6db954eab
user5	292	469	1271964959811	0	0	6f85fa712edbc5aad9d6db954eab
user5	291	469	1271964959820	0	0	6f85fa712edbc5aad9d6db954eab
user5	291	468	1271964959826	0	0	6f85fa712edbc5aad9d6db954eab
user5	290	468	1271964959836	0	0	6f85fa712edbc5aad9d6db954eab
user5	290	467	1271964959846	0	0	6f85fa712edbc5aad9d6db954eab
user5	289	466	1271964959858	0	0	6f85fa712edbc5aad9d6db954eab
user5	288	466	1271964959878	0	0	6f85fa712edbc5aad9d6db954eab
user5	287	466	1271964960123	0	0	6f85fa712edbc5aad9d6db954eab
user5	287	465	1271964960176	0	0	6f85fa712edbc5aad9d6db954eab
user5	286	464	1271964960186	0	0	6f85fa712edbc5aad9d6db954eab
user5	285	463	1271964960218	0	0	6f85fa712edbc5aad9d6db954eab
user5	285	461	1271964960229	0	0	6f85fa712edbc5aad9d6db954eab
user5	283	458	1271964960233	0	0	6f85fa712edbc5aad9d6db954eab
user5	282	454	1271964960233	0	0	6f85fa712edbc5aad9d6db954eab
user5	281	451	1271964960244	0	0	6f85fa712edbc5aad9d6db954eab
user5	280	448	1271964960264	0	0	6f85fa712edbc5aad9d6db954eab
user5	280	445	1271964960264	0	0	6f85fa712edbc5aad9d6db954eab
user5	280	443	1271964960273	0	0	6f85fa712edbc5aad9d6db954eab
user5	280	442	1271964960284	0	0	6f85fa712edbc5aad9d6db954eab
user5	279	441	1271964960293	0	0	6f85fa712edbc5aad9d6db954eab
user5	279	440	1271964960303	0	0	6f85fa712edbc5aad9d6db954eab
user5	279	439	1271964960313	0	0	6f85fa712edbc5aad9d6db954eab
user5	278	439	1271964960327	0	0	6f85fa712edbc5aad9d6db954eab
user5	277	439	1271964960342	0	0	6f85fa712edbc5aad9d6db954eab
user5	261	447	1271964960387	0	0	6f85fa712edbc5aad9d6db954eab
user5	252	452	1271964960404	0	0	6f85fa712edbc5aad9d6db954eab
user5	252	453	1271964960404	0	0	6f85fa712edbc5aad9d6db954eab
user5	251	453	1271964960436	0	0	6f85fa712edbc5aad9d6db954eab
user5	250	453	1271964960451	0	0	6f85fa712edbc5aad9d6db954eab
user5	251	453	1271964960483	0	0	6f85fa712edbc5aad9d6db954eab
user5	251	450	1271964960654	0	0	6f85fa712edbc5aad9d6db954eab
user5	250	448	1271964960654	0	0	6f85fa712edbc5aad9d6db954eab
user5	249	445	1271964960670	0	0	6f85fa712edbc5aad9d6db954eab
user5	248	442	1271964960680	0	0	6f85fa712edbc5aad9d6db954eab
user5	246	436	1271964960690	0	0	6f85fa712edbc5aad9d6db954eab
user5	243	429	1271964960701	0	0	6f85fa712edbc5aad9d6db954eab
user5	239	422	1271964960701	0	0	6f85fa712edbc5aad9d6db954eab
user5	234	411	1271964960717	0	0	6f85fa712edbc5aad9d6db954eab
user5	228	398	1271964960727	0	0	6f85fa712edbc5aad9d6db954eab
user5	221	384	1271964960733	0	0	6f85fa712edbc5aad9d6db954eab
user5	209	365	1271964960748	0	0	6f85fa712edbc5aad9d6db954eab
user5	198	349	1271964960757	0	0	6f85fa712edbc5aad9d6db954eab
user5	187	332	1271964960764	0	0	6f85fa712edbc5aad9d6db954eab
user5	178	322	1271964960779	0	0	6f85fa712edbc5aad9d6db954eab
user5	171	315	1271964960789	0	0	6f85fa712edbc5aad9d6db954eab
user5	163	307	1271964960795	0	0	6f85fa712edbc5aad9d6db954eab
user5	158	301	1271964960811	0	0	6f85fa712edbc5aad9d6db954eab
user5	155	297	1271964960821	0	0	6f85fa712edbc5aad9d6db954eab
user5	151	294	1271964960826	0	0	6f85fa712edbc5aad9d6db954eab
user5	149	291	1271964960842	0	0	6f85fa712edbc5aad9d6db954eab
user5	147	290	1271964960842	0	0	6f85fa712edbc5aad9d6db954eab
user5	146	289	1271964960852	0	0	6f85fa712edbc5aad9d6db954eab
user5	145	289	1271964960862	0	0	6f85fa712edbc5aad9d6db954eab
user5	144	289	1271964960873	0	0	6f85fa712edbc5aad9d6db954eab
user5	143	290	1271964960889	0	0	6f85fa712edbc5aad9d6db954eab
user5	140	292	1271964960889	0	0	6f85fa712edbc5aad9d6db954eab
user5	140	294	1271964960899	0	0	6f85fa712edbc5aad9d6db954eab
user5	139	297	1271964960908	0	0	6f85fa712edbc5aad9d6db954eab
user5	145	291	1271964961137	0	0	6f85fa712edbc5aad9d6db954eab
user5	149	288	1271964961147	0	0	6f85fa712edbc5aad9d6db954eab
user5	157	282	1271964961157	0	0	6f85fa712edbc5aad9d6db954eab
user5	164	276	1271964961170	0	0	6f85fa712edbc5aad9d6db954eab
user5	173	268	1271964961186	0	0	6f85fa712edbc5aad9d6db954eab
user5	181	260	1271964961186	0	0	6f85fa712edbc5aad9d6db954eab
user5	192	246	1271964961195	0	0	6f85fa712edbc5aad9d6db954eab
user5	200	232	1271964961205	0	0	6f85fa712edbc5aad9d6db954eab
user5	213	216	1271964961215	0	0	6f85fa712edbc5aad9d6db954eab
user5	222	200	1271964961233	0	0	6f85fa712edbc5aad9d6db954eab
user5	233	186	1271964961248	0	0	6f85fa712edbc5aad9d6db954eab
user5	241	172	1271964961255	0	0	6f85fa712edbc5aad9d6db954eab
user5	247	160	1271964961264	0	0	6f85fa712edbc5aad9d6db954eab
user5	252	149	1271964961273	0	0	6f85fa712edbc5aad9d6db954eab
user5	257	139	1271964961283	0	0	6f85fa712edbc5aad9d6db954eab
user5	260	130	1271964961295	0	0	6f85fa712edbc5aad9d6db954eab
user5	263	122	1271964961295	0	0	6f85fa712edbc5aad9d6db954eab
user5	265	114	1271964961311	0	0	6f85fa712edbc5aad9d6db954eab
user5	267	107	1271964961321	0	0	6f85fa712edbc5aad9d6db954eab
user5	269	101	1271964961330	0	0	6f85fa712edbc5aad9d6db954eab
user5	271	96	1271964961340	0	0	6f85fa712edbc5aad9d6db954eab
user5	272	93	1271964961358	0	0	6f85fa712edbc5aad9d6db954eab
user5	272	90	1271964961358	0	0	6f85fa712edbc5aad9d6db954eab
user5	274	87	1271964961370	0	0	6f85fa712edbc5aad9d6db954eab
user5	274	86	1271964961389	0	0	6f85fa712edbc5aad9d6db954eab
user5	274	83	1271964961389	0	0	6f85fa712edbc5aad9d6db954eab
user5	274	82	1271964961404	0	0	6f85fa712edbc5aad9d6db954eab
user5	274	81	1271964961420	0	0	6f85fa712edbc5aad9d6db954eab
user5	274	80	1271964961427	0	0	6f85fa712edbc5aad9d6db954eab
user5	274	79	1271964961437	0	0	6f85fa712edbc5aad9d6db954eab
user5	274	78	1271964961447	0	0	6f85fa712edbc5aad9d6db954eab
user5	274	77	1271964961466	0	0	6f85fa712edbc5aad9d6db954eab
user5	274	76	1271964961498	0	0	6f85fa712edbc5aad9d6db954eab
user5	273	76	1271964961592	0	0	6f85fa712edbc5aad9d6db954eab
user5	272	76	1271964961592	0	0	6f85fa712edbc5aad9d6db954eab
user5	272	75	1271964961811	0	0	6f85fa712edbc5aad9d6db954eab
user5	272	73	1271964961811	0	0	6f85fa712edbc5aad9d6db954eab
user5	273	72	1271964961821	0	0	6f85fa712edbc5aad9d6db954eab
user5	274	69	1271964961831	0	0	6f85fa712edbc5aad9d6db954eab
user5	274	67	1271964961843	0	0	6f85fa712edbc5aad9d6db954eab
user5	276	66	1271964961858	0	0	6f85fa712edbc5aad9d6db954eab
user5	276	64	1271964961873	0	0	6f85fa712edbc5aad9d6db954eab
user5	277	62	1271964961883	0	0	6f85fa712edbc5aad9d6db954eab
user5	278	61	1271964961893	0	0	6f85fa712edbc5aad9d6db954eab
user5	278	59	1271964961903	0	0	6f85fa712edbc5aad9d6db954eab
user5	278	58	1271964961913	0	0	6f85fa712edbc5aad9d6db954eab
user5	278	57	1271964961922	0	0	6f85fa712edbc5aad9d6db954eab
user5	278	56	1271964961933	0	0	6f85fa712edbc5aad9d6db954eab
user5	278	54	1271964961942	0	0	6f85fa712edbc5aad9d6db954eab
user5	278	53	1271964961951	0	0	6f85fa712edbc5aad9d6db954eab
user5	277	53	1271964962139	0	0	6f85fa712edbc5aad9d6db954eab
user5	276	53	1271964962149	0	0	6f85fa712edbc5aad9d6db954eab
user5	275	53	1271964962179	0	0	6f85fa712edbc5aad9d6db954eab
user5	274	53	1271964962218	0	0	6f85fa712edbc5aad9d6db954eab
user5	273	53	1271964962238	0	0	6f85fa712edbc5aad9d6db954eab
user5	272	53	1271964962248	0	0	6f85fa712edbc5aad9d6db954eab
user5	270	53	1271964962258	0	0	6f85fa712edbc5aad9d6db954eab
user5	269	53	1271964962264	0	0	6f85fa712edbc5aad9d6db954eab
user5	268	54	1271964962279	0	0	6f85fa712edbc5aad9d6db954eab
user5	265	55	1271964962289	0	0	6f85fa712edbc5aad9d6db954eab
user5	264	55	1271964962299	0	0	6f85fa712edbc5aad9d6db954eab
user5	263	56	1271964962309	0	0	6f85fa712edbc5aad9d6db954eab
user5	261	56	1271964962319	0	0	6f85fa712edbc5aad9d6db954eab
user5	260	56	1271964962329	0	0	6f85fa712edbc5aad9d6db954eab
user5	259	56	1271964962348	0	0	6f85fa712edbc5aad9d6db954eab
user5	258	56	1271964962378	0	0	6f85fa712edbc5aad9d6db954eab
user5	257	56	1271964962418	0	0	6f85fa712edbc5aad9d6db954eab
user5	256	56	1271964962457	0	0	6f85fa712edbc5aad9d6db954eab
user5	256	57	1271964962646	0	0	6f85fa712edbc5aad9d6db954eab
user5	256	58	1271964962676	0	0	6f85fa712edbc5aad9d6db954eab
user5	256	59	1271964962701	0	0	6f85fa712edbc5aad9d6db954eab
user5	257	59	1271964962779	0	0	6f85fa712edbc5aad9d6db954eab
user5	258	59	1271964962830	0	0	6f85fa712edbc5aad9d6db954eab
user5	259	59	1271964962858	0	0	6f85fa712edbc5aad9d6db954eab
user5	260	59	1271964962879	0	0	6f85fa712edbc5aad9d6db954eab
user5	262	59	1271964962898	0	0	6f85fa712edbc5aad9d6db954eab
user5	263	59	1271964962918	0	0	6f85fa712edbc5aad9d6db954eab
user5	265	59	1271964962932	0	0	6f85fa712edbc5aad9d6db954eab
user5	266	59	1271964962938	0	0	6f85fa712edbc5aad9d6db954eab
user5	267	59	1271964962951	0	0	6f85fa712edbc5aad9d6db954eab
user5	269	59	1271964962961	0	0	6f85fa712edbc5aad9d6db954eab
user5	272	58	1271964962967	0	0	6f85fa712edbc5aad9d6db954eab
user5	273	58	1271964962977	0	0	6f85fa712edbc5aad9d6db954eab
user5	275	58	1271964962990	0	0	6f85fa712edbc5aad9d6db954eab
user5	276	57	1271964962998	0	0	6f85fa712edbc5aad9d6db954eab
user5	277	57	1271964963014	0	0	6f85fa712edbc5aad9d6db954eab
user5	278	57	1271964963034	0	0	6f85fa712edbc5aad9d6db954eab
user5	279	57	1271964963063	0	0	6f85fa712edbc5aad9d6db954eab
user5	280	57	1271964963073	0	0	6f85fa712edbc5aad9d6db954eab
user5	281	57	1271964963153	0	0	6f85fa712edbc5aad9d6db954eab
user5	282	57	1271964963421	0	0	6f85fa712edbc5aad9d6db954eab
user5	283	57	1271964963686	0	0	6f85fa712edbc5aad9d6db954eab
user5	283	57	1271964966670	1271964966483	1271964966670	6f85fa712edbc5aad9d6db954eab
