User	X	Y	MouseTimeStamp	MouseDownTimeStamp	MouseUpTimeStamp	SessionID
user10	633	31	1269075433708	0	0	ac9e383fa9dcb0cf6b80861147e0
user10	640	29	1269075433718	0	0	ac9e383fa9dcb0cf6b80861147e0
user10	644	27	1269075433731	0	0	ac9e383fa9dcb0cf6b80861147e0
user10	650	23	1269075433736	0	0	ac9e383fa9dcb0cf6b80861147e0
user10	660	19	1269075433743	0	0	ac9e383fa9dcb0cf6b80861147e0
user10	671	15	1269075433756	0	0	ac9e383fa9dcb0cf6b80861147e0
user10	682	11	1269075433758	0	0	ac9e383fa9dcb0cf6b80861147e0
user10	695	7	1269075434134	0	0	ac9e383fa9dcb0cf6b80861147e0
user10	695	17	1269075434145	0	0	ac9e383fa9dcb0cf6b80861147e0
user10	695	28	1269075434149	0	0	ac9e383fa9dcb0cf6b80861147e0
user10	695	40	1269075434157	0	0	ac9e383fa9dcb0cf6b80861147e0
user10	693	53	1269075434165	0	0	ac9e383fa9dcb0cf6b80861147e0
user10	693	65	1269075434173	0	0	ac9e383fa9dcb0cf6b80861147e0
user10	693	77	1269075434182	0	0	ac9e383fa9dcb0cf6b80861147e0
user10	693	91	1269075434190	0	0	ac9e383fa9dcb0cf6b80861147e0
user10	693	102	1269075434197	0	0	ac9e383fa9dcb0cf6b80861147e0
user10	693	115	1269075434206	0	0	ac9e383fa9dcb0cf6b80861147e0
user10	693	127	1269075434220	0	0	ac9e383fa9dcb0cf6b80861147e0
user10	693	138	1269075434223	0	0	ac9e383fa9dcb0cf6b80861147e0
user10	693	147	1269075434231	0	0	ac9e383fa9dcb0cf6b80861147e0
user10	693	154	1269075434239	0	0	ac9e383fa9dcb0cf6b80861147e0
user10	691	161	1269075434246	0	0	ac9e383fa9dcb0cf6b80861147e0
user10	689	168	1269075434254	0	0	ac9e383fa9dcb0cf6b80861147e0
user10	689	170	1269075434262	0	0	ac9e383fa9dcb0cf6b80861147e0
user10	689	172	1269075434271	0	0	ac9e383fa9dcb0cf6b80861147e0
user10	689	174	1269075434278	0	0	ac9e383fa9dcb0cf6b80861147e0
user10	687	175	1269075434288	0	0	ac9e383fa9dcb0cf6b80861147e0
user10	686	176	1269075434294	0	0	ac9e383fa9dcb0cf6b80861147e0
user10	685	177	1269075434305	0	0	ac9e383fa9dcb0cf6b80861147e0
user10	684	177	1269075434310	0	0	ac9e383fa9dcb0cf6b80861147e0
user10	683	177	1269075434326	0	0	ac9e383fa9dcb0cf6b80861147e0
user10	683	177	1269075434363	0	0	ac9e383fa9dcb0cf6b80861147e0
user10	682	177	1269075434374	0	0	ac9e383fa9dcb0cf6b80861147e0
user10	681	177	1269075434398	0	0	ac9e383fa9dcb0cf6b80861147e0
user10	681	176	1269075434414	0	0	ac9e383fa9dcb0cf6b80861147e0
user10	681	175	1269075434422	0	0	ac9e383fa9dcb0cf6b80861147e0
user10	681	173	1269075434430	0	0	ac9e383fa9dcb0cf6b80861147e0
user10	681	170	1269075434438	0	0	ac9e383fa9dcb0cf6b80861147e0
user10	682	166	1269075434446	0	0	ac9e383fa9dcb0cf6b80861147e0
user10	683	161	1269075434454	0	0	ac9e383fa9dcb0cf6b80861147e0
user10	685	154	1269075434461	0	0	ac9e383fa9dcb0cf6b80861147e0
user10	685	143	1269075434472	0	0	ac9e383fa9dcb0cf6b80861147e0
user10	686	132	1269075434481	0	0	ac9e383fa9dcb0cf6b80861147e0
user10	686	123	1269075434487	0	0	ac9e383fa9dcb0cf6b80861147e0
user10	688	113	1269075434495	0	0	ac9e383fa9dcb0cf6b80861147e0
user10	690	105	1269075434502	0	0	ac9e383fa9dcb0cf6b80861147e0
user10	695	95	1269075434509	0	0	ac9e383fa9dcb0cf6b80861147e0
user10	699	87	1269075434517	0	0	ac9e383fa9dcb0cf6b80861147e0
user10	707	77	1269075434525	0	0	ac9e383fa9dcb0cf6b80861147e0
user10	716	65	1269075434534	0	0	ac9e383fa9dcb0cf6b80861147e0
user10	729	48	1269075434542	0	0	ac9e383fa9dcb0cf6b80861147e0
user10	740	36	1269075434549	0	0	ac9e383fa9dcb0cf6b80861147e0
user10	749	26	1269075434557	0	0	ac9e383fa9dcb0cf6b80861147e0
user10	756	13	1269075434567	0	0	ac9e383fa9dcb0cf6b80861147e0
user10	1107	14	1269075435445	0	0	ac9e383fa9dcb0cf6b80861147e0
user10	1087	22	1269075435455	0	0	ac9e383fa9dcb0cf6b80861147e0
user10	1067	31	1269075435462	0	0	ac9e383fa9dcb0cf6b80861147e0
user10	1045	45	1269075435470	0	0	ac9e383fa9dcb0cf6b80861147e0
user10	1024	57	1269075435477	0	0	ac9e383fa9dcb0cf6b80861147e0
user10	1003	69	1269075435485	0	0	ac9e383fa9dcb0cf6b80861147e0
user10	989	79	1269075435494	0	0	ac9e383fa9dcb0cf6b80861147e0
user10	977	90	1269075435502	0	0	ac9e383fa9dcb0cf6b80861147e0
user10	968	101	1269075435509	0	0	ac9e383fa9dcb0cf6b80861147e0
user10	961	110	1269075435518	0	0	ac9e383fa9dcb0cf6b80861147e0
user10	957	119	1269075435525	0	0	ac9e383fa9dcb0cf6b80861147e0
user10	955	126	1269075435536	0	0	ac9e383fa9dcb0cf6b80861147e0
user10	954	130	1269075435542	0	0	ac9e383fa9dcb0cf6b80861147e0
user10	954	136	1269075435549	0	0	ac9e383fa9dcb0cf6b80861147e0
user10	954	139	1269075435557	0	0	ac9e383fa9dcb0cf6b80861147e0
user10	954	140	1269075435565	0	0	ac9e383fa9dcb0cf6b80861147e0
user10	955	141	1269075435574	0	0	ac9e383fa9dcb0cf6b80861147e0
user10	955	142	1269075435597	0	0	ac9e383fa9dcb0cf6b80861147e0
user10	955	143	1269075435614	0	0	ac9e383fa9dcb0cf6b80861147e0
user10	955	144	1269075435621	0	0	ac9e383fa9dcb0cf6b80861147e0
user10	955	145	1269075435630	0	0	ac9e383fa9dcb0cf6b80861147e0
user10	955	146	1269075435646	0	0	ac9e383fa9dcb0cf6b80861147e0
user10	956	146	1269075435654	0	0	ac9e383fa9dcb0cf6b80861147e0
user10	956	147	1269075435670	0	0	ac9e383fa9dcb0cf6b80861147e0
user10	956	148	1269075435679	0	0	ac9e383fa9dcb0cf6b80861147e0
user10	956	149	1269075435718	0	0	ac9e383fa9dcb0cf6b80861147e0
user10	956	150	1269075435742	0	0	ac9e383fa9dcb0cf6b80861147e0
user10	956	151	1269075435750	0	0	ac9e383fa9dcb0cf6b80861147e0
user10	956	153	1269075435757	0	0	ac9e383fa9dcb0cf6b80861147e0
user10	956	155	1269075435765	0	0	ac9e383fa9dcb0cf6b80861147e0
user10	956	159	1269075435774	0	0	ac9e383fa9dcb0cf6b80861147e0
user10	956	161	1269075435781	0	0	ac9e383fa9dcb0cf6b80861147e0
user10	956	164	1269075435790	0	0	ac9e383fa9dcb0cf6b80861147e0
user10	955	167	1269075435797	0	0	ac9e383fa9dcb0cf6b80861147e0
user10	955	168	1269075435805	0	0	ac9e383fa9dcb0cf6b80861147e0
user10	954	169	1269075435813	0	0	ac9e383fa9dcb0cf6b80861147e0
user10	954	170	1269075435830	0	0	ac9e383fa9dcb0cf6b80861147e0
user10	953	170	1269075435869	0	0	ac9e383fa9dcb0cf6b80861147e0
user10	953	169	1269075435933	0	0	ac9e383fa9dcb0cf6b80861147e0
user10	953	169	1269075436078	1269075435982	1269075436078	ac9e383fa9dcb0cf6b80861147e0
user10	953	170	1269075436102	0	0	ac9e383fa9dcb0cf6b80861147e0
user10	954	172	1269075436118	0	0	ac9e383fa9dcb0cf6b80861147e0
user10	955	174	1269075436126	0	0	ac9e383fa9dcb0cf6b80861147e0
user10	955	175	1269075436134	0	0	ac9e383fa9dcb0cf6b80861147e0
user10	956	176	1269075441637	0	0	ac9e383fa9dcb0cf6b80861147e0
user10	957	177	1269075441645	0	0	ac9e383fa9dcb0cf6b80861147e0
user10	958	177	1269075441661	0	0	ac9e383fa9dcb0cf6b80861147e0
user10	959	177	1269075441677	0	0	ac9e383fa9dcb0cf6b80861147e0
user10	959	178	1269075441685	0	0	ac9e383fa9dcb0cf6b80861147e0
user10	960	178	1269075441693	0	0	ac9e383fa9dcb0cf6b80861147e0
user10	960	179	1269075441717	0	0	ac9e383fa9dcb0cf6b80861147e0
user10	961	179	1269075441725	0	0	ac9e383fa9dcb0cf6b80861147e0
user10	961	180	1269075441768	0	0	ac9e383fa9dcb0cf6b80861147e0
user10	962	180	1269075441774	0	0	ac9e383fa9dcb0cf6b80861147e0
user10	963	180	1269075441789	0	0	ac9e383fa9dcb0cf6b80861147e0
user10	964	180	1269075441797	0	0	ac9e383fa9dcb0cf6b80861147e0
user10	965	181	1269075441813	0	0	ac9e383fa9dcb0cf6b80861147e0
user10	966	181	1269075441821	0	0	ac9e383fa9dcb0cf6b80861147e0
user10	967	181	1269075441837	0	0	ac9e383fa9dcb0cf6b80861147e0
user10	968	182	1269075441845	0	0	ac9e383fa9dcb0cf6b80861147e0
user10	969	183	1269075441853	0	0	ac9e383fa9dcb0cf6b80861147e0
user10	971	183	1269075441861	0	0	ac9e383fa9dcb0cf6b80861147e0
user10	971	185	1269075441870	0	0	ac9e383fa9dcb0cf6b80861147e0
user10	973	185	1269075441878	0	0	ac9e383fa9dcb0cf6b80861147e0
user10	974	187	1269075441885	0	0	ac9e383fa9dcb0cf6b80861147e0
user10	976	188	1269075441893	0	0	ac9e383fa9dcb0cf6b80861147e0
user10	977	190	1269075441901	0	0	ac9e383fa9dcb0cf6b80861147e0
user10	979	193	1269075441909	0	0	ac9e383fa9dcb0cf6b80861147e0
user10	981	195	1269075441917	0	0	ac9e383fa9dcb0cf6b80861147e0
user10	983	198	1269075441925	0	0	ac9e383fa9dcb0cf6b80861147e0
user10	986	201	1269075441934	0	0	ac9e383fa9dcb0cf6b80861147e0
user10	989	203	1269075441941	0	0	ac9e383fa9dcb0cf6b80861147e0
user10	993	206	1269075441949	0	0	ac9e383fa9dcb0cf6b80861147e0
user10	995	207	1269075441957	0	0	ac9e383fa9dcb0cf6b80861147e0
user10	996	210	1269075441965	0	0	ac9e383fa9dcb0cf6b80861147e0
user10	998	213	1269075441973	0	0	ac9e383fa9dcb0cf6b80861147e0
user10	999	214	1269075441983	0	0	ac9e383fa9dcb0cf6b80861147e0
user10	1001	216	1269075441989	0	0	ac9e383fa9dcb0cf6b80861147e0
user10	1002	219	1269075441997	0	0	ac9e383fa9dcb0cf6b80861147e0
user10	1005	221	1269075442005	0	0	ac9e383fa9dcb0cf6b80861147e0
user10	1006	224	1269075442013	0	0	ac9e383fa9dcb0cf6b80861147e0
user10	1007	227	1269075442021	0	0	ac9e383fa9dcb0cf6b80861147e0
user10	1009	231	1269075442029	0	0	ac9e383fa9dcb0cf6b80861147e0
user10	1011	235	1269075442038	0	0	ac9e383fa9dcb0cf6b80861147e0
user10	1011	238	1269075442045	0	0	ac9e383fa9dcb0cf6b80861147e0
user10	1012	241	1269075442053	0	0	ac9e383fa9dcb0cf6b80861147e0
user10	1014	246	1269075442068	0	0	ac9e383fa9dcb0cf6b80861147e0
user10	1016	250	1269075442071	0	0	ac9e383fa9dcb0cf6b80861147e0
user10	1018	255	1269075442078	0	0	ac9e383fa9dcb0cf6b80861147e0
user10	1020	260	1269075442086	0	0	ac9e383fa9dcb0cf6b80861147e0
user10	1023	263	1269075442094	0	0	ac9e383fa9dcb0cf6b80861147e0
user10	1025	268	1269075442104	0	0	ac9e383fa9dcb0cf6b80861147e0
user10	1025	270	1269075442110	0	0	ac9e383fa9dcb0cf6b80861147e0
user10	1026	272	1269075442119	0	0	ac9e383fa9dcb0cf6b80861147e0
user10	1027	274	1269075442125	0	0	ac9e383fa9dcb0cf6b80861147e0
user10	1027	275	1269075442133	0	0	ac9e383fa9dcb0cf6b80861147e0
user10	1028	276	1269075442141	0	0	ac9e383fa9dcb0cf6b80861147e0
user10	1028	277	1269075442149	0	0	ac9e383fa9dcb0cf6b80861147e0
user10	1028	279	1269075442159	0	0	ac9e383fa9dcb0cf6b80861147e0
user10	1028	281	1269075442173	0	0	ac9e383fa9dcb0cf6b80861147e0
user10	1028	282	1269075442189	0	0	ac9e383fa9dcb0cf6b80861147e0
user10	1026	282	1269075442269	0	0	ac9e383fa9dcb0cf6b80861147e0
user10	1025	282	1269075442277	0	0	ac9e383fa9dcb0cf6b80861147e0
user10	1024	282	1269075442286	0	0	ac9e383fa9dcb0cf6b80861147e0
user10	1023	282	1269075442293	0	0	ac9e383fa9dcb0cf6b80861147e0
user10	1022	282	1269075442309	0	0	ac9e383fa9dcb0cf6b80861147e0
user10	1021	282	1269075442317	0	0	ac9e383fa9dcb0cf6b80861147e0
user10	1021	281	1269075442325	0	0	ac9e383fa9dcb0cf6b80861147e0
user10	1020	281	1269075442333	0	0	ac9e383fa9dcb0cf6b80861147e0
user10	1020	281	1269075442478	1269075442405	1269075442478	ac9e383fa9dcb0cf6b80861147e0
user10	667	483	1269075463973	0	0	ac9e383fa9dcb0cf6b80861147e0
user10	698	461	1269075463998	0	0	ac9e383fa9dcb0cf6b80861147e0
user10	709	453	1269075464014	0	0	ac9e383fa9dcb0cf6b80861147e0
user10	713	451	1269075464020	0	0	ac9e383fa9dcb0cf6b80861147e0
user10	717	450	1269075464035	0	0	ac9e383fa9dcb0cf6b80861147e0
user10	720	446	1269075464048	0	0	ac9e383fa9dcb0cf6b80861147e0
user10	722	443	1269075464068	0	0	ac9e383fa9dcb0cf6b80861147e0
user10	722	442	1269075464071	0	0	ac9e383fa9dcb0cf6b80861147e0
user10	723	440	1269075464084	0	0	ac9e383fa9dcb0cf6b80861147e0
user10	724	436	1269075464100	0	0	ac9e383fa9dcb0cf6b80861147e0
user10	725	434	1269075464101	0	0	ac9e383fa9dcb0cf6b80861147e0
user10	726	432	1269075464113	0	0	ac9e383fa9dcb0cf6b80861147e0
user10	727	431	1269075464131	0	0	ac9e383fa9dcb0cf6b80861147e0
user10	727	431	1269075464484	0	0	ac9e383fa9dcb0cf6b80861147e0
user10	727	430	1269075464532	0	0	ac9e383fa9dcb0cf6b80861147e0
user10	728	429	1269075464543	0	0	ac9e383fa9dcb0cf6b80861147e0
user10	728	428	1269075464557	0	0	ac9e383fa9dcb0cf6b80861147e0
user10	730	426	1269075464559	0	0	ac9e383fa9dcb0cf6b80861147e0
user10	731	424	1269075464572	0	0	ac9e383fa9dcb0cf6b80861147e0
user10	733	422	1269075464575	0	0	ac9e383fa9dcb0cf6b80861147e0
user10	736	419	1269075464587	0	0	ac9e383fa9dcb0cf6b80861147e0
user10	744	413	1269075464600	0	0	ac9e383fa9dcb0cf6b80861147e0
user10	750	407	1269075464615	0	0	ac9e383fa9dcb0cf6b80861147e0
user10	752	403	1269075464628	0	0	ac9e383fa9dcb0cf6b80861147e0
user10	754	403	1269075464642	0	0	ac9e383fa9dcb0cf6b80861147e0
user10	754	402	1269075464644	0	0	ac9e383fa9dcb0cf6b80861147e0
user10	754	401	1269075464656	0	0	ac9e383fa9dcb0cf6b80861147e0
user10	755	401	1269075464676	0	0	ac9e383fa9dcb0cf6b80861147e0
user10	755	400	1269075464689	0	0	ac9e383fa9dcb0cf6b80861147e0
user10	755	398	1269075464702	0	0	ac9e383fa9dcb0cf6b80861147e0
user10	755	397	1269075464719	0	0	ac9e383fa9dcb0cf6b80861147e0
user10	756	396	1269075464726	0	0	ac9e383fa9dcb0cf6b80861147e0
user10	756	395	1269075464748	0	0	ac9e383fa9dcb0cf6b80861147e0
user10	756	394	1269075464766	0	0	ac9e383fa9dcb0cf6b80861147e0
user10	756	393	1269075464796	0	0	ac9e383fa9dcb0cf6b80861147e0
user10	755	393	1269075464812	0	0	ac9e383fa9dcb0cf6b80861147e0
user10	755	392	1269075464844	0	0	ac9e383fa9dcb0cf6b80861147e0
user10	754	392	1269075464854	0	0	ac9e383fa9dcb0cf6b80861147e0
user10	754	391	1269075464869	0	0	ac9e383fa9dcb0cf6b80861147e0
user10	754	390	1269075464884	0	0	ac9e383fa9dcb0cf6b80861147e0
user10	754	389	1269075465308	0	0	ac9e383fa9dcb0cf6b80861147e0
user10	754	387	1269075465319	0	0	ac9e383fa9dcb0cf6b80861147e0
user10	754	385	1269075465333	0	0	ac9e383fa9dcb0cf6b80861147e0
user10	754	383	1269075465346	0	0	ac9e383fa9dcb0cf6b80861147e0
user10	754	380	1269075465348	0	0	ac9e383fa9dcb0cf6b80861147e0
user10	754	371	1269075465366	0	0	ac9e383fa9dcb0cf6b80861147e0
user10	754	366	1269075465379	0	0	ac9e383fa9dcb0cf6b80861147e0
user10	754	358	1269075465381	0	0	ac9e383fa9dcb0cf6b80861147e0
user10	755	348	1269075465395	0	0	ac9e383fa9dcb0cf6b80861147e0
user10	755	339	1269075465397	0	0	ac9e383fa9dcb0cf6b80861147e0
user10	755	329	1269075465409	0	0	ac9e383fa9dcb0cf6b80861147e0
user10	755	302	1269075465423	0	0	ac9e383fa9dcb0cf6b80861147e0
user10	755	275	1269075465436	0	0	ac9e383fa9dcb0cf6b80861147e0
user10	755	262	1269075465451	0	0	ac9e383fa9dcb0cf6b80861147e0
user10	755	250	1269075465452	0	0	ac9e383fa9dcb0cf6b80861147e0
user10	752	230	1269075465473	0	0	ac9e383fa9dcb0cf6b80861147e0
user10	746	217	1269075465486	0	0	ac9e383fa9dcb0cf6b80861147e0
user10	745	212	1269075465500	0	0	ac9e383fa9dcb0cf6b80861147e0
user10	744	210	1269075465502	0	0	ac9e383fa9dcb0cf6b80861147e0
user10	741	205	1269075465516	0	0	ac9e383fa9dcb0cf6b80861147e0
user10	739	201	1269075465529	0	0	ac9e383fa9dcb0cf6b80861147e0
user10	738	199	1269075465536	0	0	ac9e383fa9dcb0cf6b80861147e0
user10	735	193	1269075465549	0	0	ac9e383fa9dcb0cf6b80861147e0
user10	734	191	1269075465563	0	0	ac9e383fa9dcb0cf6b80861147e0
user10	732	190	1269075465565	0	0	ac9e383fa9dcb0cf6b80861147e0
user10	730	188	1269075465582	0	0	ac9e383fa9dcb0cf6b80861147e0
user10	728	188	1269075465596	0	0	ac9e383fa9dcb0cf6b80861147e0
user10	727	188	1269075465603	0	0	ac9e383fa9dcb0cf6b80861147e0
user10	726	188	1269075465605	0	0	ac9e383fa9dcb0cf6b80861147e0
user10	725	188	1269075465630	0	0	ac9e383fa9dcb0cf6b80861147e0
user10	725	187	1269075465676	0	0	ac9e383fa9dcb0cf6b80861147e0
user10	725	185	1269075465691	0	0	ac9e383fa9dcb0cf6b80861147e0
user10	724	184	1269075465694	0	0	ac9e383fa9dcb0cf6b80861147e0
user10	723	181	1269075465710	0	0	ac9e383fa9dcb0cf6b80861147e0
user10	720	179	1269075465727	0	0	ac9e383fa9dcb0cf6b80861147e0
user10	719	177	1269075465743	0	0	ac9e383fa9dcb0cf6b80861147e0
user10	718	175	1269075465758	0	0	ac9e383fa9dcb0cf6b80861147e0
user10	717	173	1269075465784	0	0	ac9e383fa9dcb0cf6b80861147e0
user10	717	172	1269075465797	0	0	ac9e383fa9dcb0cf6b80861147e0
user10	717	171	1269075465810	0	0	ac9e383fa9dcb0cf6b80861147e0
user10	716	169	1269075465823	0	0	ac9e383fa9dcb0cf6b80861147e0
user10	716	168	1269075465838	0	0	ac9e383fa9dcb0cf6b80861147e0
user10	716	168	1269075466244	1269075466092	1269075466244	ac9e383fa9dcb0cf6b80861147e0
user10	732	199	1269075468758	0	0	ac9e383fa9dcb0cf6b80861147e0
user10	733	199	1269075468768	0	0	ac9e383fa9dcb0cf6b80861147e0
user10	735	199	1269075468782	0	0	ac9e383fa9dcb0cf6b80861147e0
user10	736	199	1269075468795	0	0	ac9e383fa9dcb0cf6b80861147e0
user10	737	199	1269075468847	0	0	ac9e383fa9dcb0cf6b80861147e0
user10	737	199	1269075469336	0	0	ac9e383fa9dcb0cf6b80861147e0
user10	737	198	1269075469492	0	0	ac9e383fa9dcb0cf6b80861147e0
user10	737	196	1269075469511	0	0	ac9e383fa9dcb0cf6b80861147e0
user10	735	194	1269075469531	0	0	ac9e383fa9dcb0cf6b80861147e0
user10	735	192	1269075469534	0	0	ac9e383fa9dcb0cf6b80861147e0
user10	734	192	1269075469547	0	0	ac9e383fa9dcb0cf6b80861147e0
user10	734	191	1269075469549	0	0	ac9e383fa9dcb0cf6b80861147e0
user10	733	191	1269075469565	0	0	ac9e383fa9dcb0cf6b80861147e0
user10	732	190	1269075469579	0	0	ac9e383fa9dcb0cf6b80861147e0
user10	732	189	1269075469596	0	0	ac9e383fa9dcb0cf6b80861147e0
user10	730	186	1269075469616	0	0	ac9e383fa9dcb0cf6b80861147e0
user10	728	184	1269075469634	0	0	ac9e383fa9dcb0cf6b80861147e0
user10	727	184	1269075469648	0	0	ac9e383fa9dcb0cf6b80861147e0
user10	727	183	1269075469662	0	0	ac9e383fa9dcb0cf6b80861147e0
user10	726	183	1269075469683	0	0	ac9e383fa9dcb0cf6b80861147e0
user10	726	182	1269075469700	0	0	ac9e383fa9dcb0cf6b80861147e0
user10	725	182	1269075469732	0	0	ac9e383fa9dcb0cf6b80861147e0
user10	724	181	1269075469746	0	0	ac9e383fa9dcb0cf6b80861147e0
user10	724	180	1269075469749	0	0	ac9e383fa9dcb0cf6b80861147e0
user10	724	179	1269075469772	0	0	ac9e383fa9dcb0cf6b80861147e0
user10	723	179	1269075469828	0	0	ac9e383fa9dcb0cf6b80861147e0
user10	723	178	1269075469875	0	0	ac9e383fa9dcb0cf6b80861147e0
user10	723	177	1269075470012	0	0	ac9e383fa9dcb0cf6b80861147e0
user10	723	176	1269075470044	0	0	ac9e383fa9dcb0cf6b80861147e0
user10	723	176	1269075470180	1269075470092	1269075470180	ac9e383fa9dcb0cf6b80861147e0
user10	723	170	1269075471249	0	0	ac9e383fa9dcb0cf6b80861147e0
user10	723	170	1269075471972	0	0	ac9e383fa9dcb0cf6b80861147e0
user10	723	170	1269075472300	1269075472188	1269075472300	ac9e383fa9dcb0cf6b80861147e0
user10	463	281	1269075538256	0	0	ac9e383fa9dcb0cf6b80861147e0
user10	558	232	1269075538273	0	0	ac9e383fa9dcb0cf6b80861147e0
user10	580	216	1269075538287	0	0	ac9e383fa9dcb0cf6b80861147e0
user10	599	205	1269075538289	0	0	ac9e383fa9dcb0cf6b80861147e0
user10	613	193	1269075538296	0	0	ac9e383fa9dcb0cf6b80861147e0
user10	625	187	1269075538307	0	0	ac9e383fa9dcb0cf6b80861147e0
user10	633	180	1269075538312	0	0	ac9e383fa9dcb0cf6b80861147e0
user10	639	176	1269075538320	0	0	ac9e383fa9dcb0cf6b80861147e0
user10	644	171	1269075538330	0	0	ac9e383fa9dcb0cf6b80861147e0
user10	644	171	1269075538335	0	0	ac9e383fa9dcb0cf6b80861147e0
user10	647	169	1269075538339	0	0	ac9e383fa9dcb0cf6b80861147e0
user10	648	168	1269075538344	0	0	ac9e383fa9dcb0cf6b80861147e0
user10	648	167	1269075538352	0	0	ac9e383fa9dcb0cf6b80861147e0
user10	647	167	1269075538369	0	0	ac9e383fa9dcb0cf6b80861147e0
user10	646	166	1269075538376	0	0	ac9e383fa9dcb0cf6b80861147e0
user10	644	165	1269075538384	0	0	ac9e383fa9dcb0cf6b80861147e0
user10	646	164	1269075538680	0	0	ac9e383fa9dcb0cf6b80861147e0
user10	651	159	1269075538689	0	0	ac9e383fa9dcb0cf6b80861147e0
user10	657	155	1269075538697	0	0	ac9e383fa9dcb0cf6b80861147e0
user10	662	152	1269075538704	0	0	ac9e383fa9dcb0cf6b80861147e0
user10	668	147	1269075538712	0	0	ac9e383fa9dcb0cf6b80861147e0
user10	671	143	1269075538720	0	0	ac9e383fa9dcb0cf6b80861147e0
user10	672	137	1269075538728	0	0	ac9e383fa9dcb0cf6b80861147e0
user10	673	131	1269075538738	0	0	ac9e383fa9dcb0cf6b80861147e0
user10	674	125	1269075538744	0	0	ac9e383fa9dcb0cf6b80861147e0
user10	674	117	1269075538752	0	0	ac9e383fa9dcb0cf6b80861147e0
user10	674	107	1269075538761	0	0	ac9e383fa9dcb0cf6b80861147e0
user10	674	98	1269075538768	0	0	ac9e383fa9dcb0cf6b80861147e0
user10	671	86	1269075538776	0	0	ac9e383fa9dcb0cf6b80861147e0
user10	662	61	1269075538796	0	0	ac9e383fa9dcb0cf6b80861147e0
user10	653	45	1269075538800	0	0	ac9e383fa9dcb0cf6b80861147e0
user10	643	33	1269075538810	0	0	ac9e383fa9dcb0cf6b80861147e0
user10	630	18	1269075538816	0	0	ac9e383fa9dcb0cf6b80861147e0
user10	620	8	1269075538824	0	0	ac9e383fa9dcb0cf6b80861147e0
user10	376	4	1269075540383	0	0	ac9e383fa9dcb0cf6b80861147e0
user10	372	8	1269075540394	0	0	ac9e383fa9dcb0cf6b80861147e0
user10	368	12	1269075540403	0	0	ac9e383fa9dcb0cf6b80861147e0
user10	364	15	1269075540409	0	0	ac9e383fa9dcb0cf6b80861147e0
user10	358	17	1269075540416	0	0	ac9e383fa9dcb0cf6b80861147e0
user10	353	18	1269075540424	0	0	ac9e383fa9dcb0cf6b80861147e0
user10	348	18	1269075540433	0	0	ac9e383fa9dcb0cf6b80861147e0
user10	341	18	1269075540440	0	0	ac9e383fa9dcb0cf6b80861147e0
user10	336	17	1269075540448	0	0	ac9e383fa9dcb0cf6b80861147e0
user10	330	16	1269075540457	0	0	ac9e383fa9dcb0cf6b80861147e0
user10	324	14	1269075540466	0	0	ac9e383fa9dcb0cf6b80861147e0
user10	321	11	1269075540474	0	0	ac9e383fa9dcb0cf6b80861147e0
user10	314	8	1269075540481	0	0	ac9e383fa9dcb0cf6b80861147e0
user10	309	4	1269075540489	0	0	ac9e383fa9dcb0cf6b80861147e0
user10	448	6	1269075590093	0	0	ac9e383fa9dcb0cf6b80861147e0
user10	454	14	1269075590102	0	0	ac9e383fa9dcb0cf6b80861147e0
user10	460	23	1269075590109	0	0	ac9e383fa9dcb0cf6b80861147e0
user10	470	33	1269075590117	0	0	ac9e383fa9dcb0cf6b80861147e0
user10	481	43	1269075590125	0	0	ac9e383fa9dcb0cf6b80861147e0
user10	492	54	1269075590139	0	0	ac9e383fa9dcb0cf6b80861147e0
user10	505	65	1269075590143	0	0	ac9e383fa9dcb0cf6b80861147e0
user10	521	83	1269075590152	0	0	ac9e383fa9dcb0cf6b80861147e0
user10	541	98	1269075590160	0	0	ac9e383fa9dcb0cf6b80861147e0
user10	559	116	1269075590170	0	0	ac9e383fa9dcb0cf6b80861147e0
user10	582	139	1269075590175	0	0	ac9e383fa9dcb0cf6b80861147e0
user10	601	158	1269075590184	0	0	ac9e383fa9dcb0cf6b80861147e0
user10	618	174	1269075590190	0	0	ac9e383fa9dcb0cf6b80861147e0
user10	641	194	1269075590197	0	0	ac9e383fa9dcb0cf6b80861147e0
user10	658	206	1269075590205	0	0	ac9e383fa9dcb0cf6b80861147e0
user10	678	221	1269075590213	0	0	ac9e383fa9dcb0cf6b80861147e0
user10	695	234	1269075590222	0	0	ac9e383fa9dcb0cf6b80861147e0
user10	711	247	1269075590230	0	0	ac9e383fa9dcb0cf6b80861147e0
user10	723	253	1269075590237	0	0	ac9e383fa9dcb0cf6b80861147e0
user10	731	260	1269075590245	0	0	ac9e383fa9dcb0cf6b80861147e0
user10	739	265	1269075590253	0	0	ac9e383fa9dcb0cf6b80861147e0
user10	745	269	1269075590261	0	0	ac9e383fa9dcb0cf6b80861147e0
user10	751	272	1269075590269	0	0	ac9e383fa9dcb0cf6b80861147e0
user10	754	276	1269075590277	0	0	ac9e383fa9dcb0cf6b80861147e0
user10	757	279	1269075590285	0	0	ac9e383fa9dcb0cf6b80861147e0
user10	759	281	1269075590293	0	0	ac9e383fa9dcb0cf6b80861147e0
user10	763	284	1269075590301	0	0	ac9e383fa9dcb0cf6b80861147e0
user10	765	286	1269075590309	0	0	ac9e383fa9dcb0cf6b80861147e0
user10	767	290	1269075590317	0	0	ac9e383fa9dcb0cf6b80861147e0
user10	770	292	1269075590325	0	0	ac9e383fa9dcb0cf6b80861147e0
user10	774	294	1269075590332	0	0	ac9e383fa9dcb0cf6b80861147e0
user10	779	297	1269075590340	0	0	ac9e383fa9dcb0cf6b80861147e0
user10	782	299	1269075590348	0	0	ac9e383fa9dcb0cf6b80861147e0
user10	787	300	1269075590356	0	0	ac9e383fa9dcb0cf6b80861147e0
user10	791	302	1269075590365	0	0	ac9e383fa9dcb0cf6b80861147e0
user10	796	303	1269075590373	0	0	ac9e383fa9dcb0cf6b80861147e0
user10	799	304	1269075590381	0	0	ac9e383fa9dcb0cf6b80861147e0
user10	802	305	1269075590388	0	0	ac9e383fa9dcb0cf6b80861147e0
user10	804	305	1269075590397	0	0	ac9e383fa9dcb0cf6b80861147e0
user10	805	305	1269075590404	0	0	ac9e383fa9dcb0cf6b80861147e0
user10	806	305	1269075590525	0	0	ac9e383fa9dcb0cf6b80861147e0
user10	805	305	1269075592172	0	0	ac9e383fa9dcb0cf6b80861147e0
user10	804	303	1269075592180	0	0	ac9e383fa9dcb0cf6b80861147e0
user10	802	303	1269075592188	0	0	ac9e383fa9dcb0cf6b80861147e0
user10	801	302	1269075592196	0	0	ac9e383fa9dcb0cf6b80861147e0
user10	799	301	1269075592204	0	0	ac9e383fa9dcb0cf6b80861147e0
user10	797	301	1269075592213	0	0	ac9e383fa9dcb0cf6b80861147e0
user10	796	300	1269075592220	0	0	ac9e383fa9dcb0cf6b80861147e0
user10	795	300	1269075592231	0	0	ac9e383fa9dcb0cf6b80861147e0
user10	795	299	1269075592237	0	0	ac9e383fa9dcb0cf6b80861147e0
user10	794	299	1269075592245	0	0	ac9e383fa9dcb0cf6b80861147e0
user10	794	299	1269075592469	1269075592389	1269075592469	ac9e383fa9dcb0cf6b80861147e0
user10	793	298	1269075592996	0	0	ac9e383fa9dcb0cf6b80861147e0
user10	792	297	1269075593013	0	0	ac9e383fa9dcb0cf6b80861147e0
user10	792	296	1269075593076	0	0	ac9e383fa9dcb0cf6b80861147e0
user10	792	295	1269075593085	0	0	ac9e383fa9dcb0cf6b80861147e0
user10	792	294	1269075593092	0	0	ac9e383fa9dcb0cf6b80861147e0
user10	792	292	1269075593102	0	0	ac9e383fa9dcb0cf6b80861147e0
user10	792	291	1269075593116	0	0	ac9e383fa9dcb0cf6b80861147e0
user10	792	289	1269075593124	0	0	ac9e383fa9dcb0cf6b80861147e0
user10	793	288	1269075593132	0	0	ac9e383fa9dcb0cf6b80861147e0
user10	794	286	1269075593140	0	0	ac9e383fa9dcb0cf6b80861147e0
user10	795	283	1269075593148	0	0	ac9e383fa9dcb0cf6b80861147e0
user10	798	275	1269075593156	0	0	ac9e383fa9dcb0cf6b80861147e0
user10	800	270	1269075593164	0	0	ac9e383fa9dcb0cf6b80861147e0
user10	801	265	1269075593172	0	0	ac9e383fa9dcb0cf6b80861147e0
user10	803	258	1269075593180	0	0	ac9e383fa9dcb0cf6b80861147e0
user10	806	252	1269075593188	0	0	ac9e383fa9dcb0cf6b80861147e0
user10	808	245	1269075593196	0	0	ac9e383fa9dcb0cf6b80861147e0
user10	810	240	1269075593204	0	0	ac9e383fa9dcb0cf6b80861147e0
user10	812	235	1269075593212	0	0	ac9e383fa9dcb0cf6b80861147e0
user10	815	228	1269075593220	0	0	ac9e383fa9dcb0cf6b80861147e0
user10	820	221	1269075593228	0	0	ac9e383fa9dcb0cf6b80861147e0
user10	827	212	1269075593236	0	0	ac9e383fa9dcb0cf6b80861147e0
user10	835	202	1269075593244	0	0	ac9e383fa9dcb0cf6b80861147e0
user10	844	194	1269075593253	0	0	ac9e383fa9dcb0cf6b80861147e0
user10	853	188	1269075593260	0	0	ac9e383fa9dcb0cf6b80861147e0
user10	862	180	1269075593269	0	0	ac9e383fa9dcb0cf6b80861147e0
user10	870	175	1269075593276	0	0	ac9e383fa9dcb0cf6b80861147e0
user10	878	171	1269075593286	0	0	ac9e383fa9dcb0cf6b80861147e0
user10	885	169	1269075593292	0	0	ac9e383fa9dcb0cf6b80861147e0
user10	890	168	1269075593300	0	0	ac9e383fa9dcb0cf6b80861147e0
user10	894	168	1269075593308	0	0	ac9e383fa9dcb0cf6b80861147e0
user10	896	168	1269075593316	0	0	ac9e383fa9dcb0cf6b80861147e0
user10	897	168	1269075593324	0	0	ac9e383fa9dcb0cf6b80861147e0
user10	898	168	1269075593340	0	0	ac9e383fa9dcb0cf6b80861147e0
user10	898	168	1269075593472	0	0	ac9e383fa9dcb0cf6b80861147e0
user10	899	168	1269075593500	0	0	ac9e383fa9dcb0cf6b80861147e0
user10	900	168	1269075593524	0	0	ac9e383fa9dcb0cf6b80861147e0
user10	901	168	1269075593540	0	0	ac9e383fa9dcb0cf6b80861147e0
user10	902	168	1269075593548	0	0	ac9e383fa9dcb0cf6b80861147e0
user10	904	168	1269075593556	0	0	ac9e383fa9dcb0cf6b80861147e0
user10	905	169	1269075593564	0	0	ac9e383fa9dcb0cf6b80861147e0
user10	906	170	1269075593572	0	0	ac9e383fa9dcb0cf6b80861147e0
user10	908	170	1269075593582	0	0	ac9e383fa9dcb0cf6b80861147e0
user10	909	170	1269075593597	0	0	ac9e383fa9dcb0cf6b80861147e0
user10	910	170	1269075593613	0	0	ac9e383fa9dcb0cf6b80861147e0
user10	910	170	1269075593885	1269075593821	1269075593885	ac9e383fa9dcb0cf6b80861147e0
user10	911	171	1269075593925	0	0	ac9e383fa9dcb0cf6b80861147e0
user10	912	171	1269075593941	0	0	ac9e383fa9dcb0cf6b80861147e0
user10	910	172	1269075597940	0	0	ac9e383fa9dcb0cf6b80861147e0
user10	907	173	1269075597948	0	0	ac9e383fa9dcb0cf6b80861147e0
user10	907	174	1269075597956	0	0	ac9e383fa9dcb0cf6b80861147e0
user10	906	175	1269075597966	0	0	ac9e383fa9dcb0cf6b80861147e0
user10	905	177	1269075597973	0	0	ac9e383fa9dcb0cf6b80861147e0
user10	903	178	1269075597982	0	0	ac9e383fa9dcb0cf6b80861147e0
user10	902	180	1269075597989	0	0	ac9e383fa9dcb0cf6b80861147e0
user10	902	182	1269075597996	0	0	ac9e383fa9dcb0cf6b80861147e0
user10	901	184	1269075598004	0	0	ac9e383fa9dcb0cf6b80861147e0
user10	900	186	1269075598012	0	0	ac9e383fa9dcb0cf6b80861147e0
user10	899	188	1269075598020	0	0	ac9e383fa9dcb0cf6b80861147e0
user10	899	191	1269075598028	0	0	ac9e383fa9dcb0cf6b80861147e0
user10	899	193	1269075598036	0	0	ac9e383fa9dcb0cf6b80861147e0
user10	899	196	1269075598044	0	0	ac9e383fa9dcb0cf6b80861147e0
user10	898	198	1269075598052	0	0	ac9e383fa9dcb0cf6b80861147e0
user10	896	201	1269075598060	0	0	ac9e383fa9dcb0cf6b80861147e0
user10	896	202	1269075598068	0	0	ac9e383fa9dcb0cf6b80861147e0
user10	896	204	1269075598076	0	0	ac9e383fa9dcb0cf6b80861147e0
user10	896	205	1269075598092	0	0	ac9e383fa9dcb0cf6b80861147e0
user10	896	206	1269075598228	0	0	ac9e383fa9dcb0cf6b80861147e0
user10	896	207	1269075598236	0	0	ac9e383fa9dcb0cf6b80861147e0
user10	895	207	1269075598244	0	0	ac9e383fa9dcb0cf6b80861147e0
user10	895	208	1269075598252	0	0	ac9e383fa9dcb0cf6b80861147e0
user10	895	209	1269075598277	0	0	ac9e383fa9dcb0cf6b80861147e0
user10	895	210	1269075598284	0	0	ac9e383fa9dcb0cf6b80861147e0
user10	894	210	1269075598292	0	0	ac9e383fa9dcb0cf6b80861147e0
user10	894	211	1269075598300	0	0	ac9e383fa9dcb0cf6b80861147e0
user10	894	212	1269075598308	0	0	ac9e383fa9dcb0cf6b80861147e0
user10	894	213	1269075598317	0	0	ac9e383fa9dcb0cf6b80861147e0
user10	893	214	1269075598324	0	0	ac9e383fa9dcb0cf6b80861147e0
user10	893	215	1269075598333	0	0	ac9e383fa9dcb0cf6b80861147e0
user10	893	217	1269075598340	0	0	ac9e383fa9dcb0cf6b80861147e0
user10	893	218	1269075598348	0	0	ac9e383fa9dcb0cf6b80861147e0
user10	893	220	1269075598356	0	0	ac9e383fa9dcb0cf6b80861147e0
user10	892	223	1269075598364	0	0	ac9e383fa9dcb0cf6b80861147e0
user10	891	224	1269075598372	0	0	ac9e383fa9dcb0cf6b80861147e0
user10	891	226	1269075598382	0	0	ac9e383fa9dcb0cf6b80861147e0
user10	891	229	1269075598389	0	0	ac9e383fa9dcb0cf6b80861147e0
user10	891	231	1269075598396	0	0	ac9e383fa9dcb0cf6b80861147e0
user10	891	234	1269075598404	0	0	ac9e383fa9dcb0cf6b80861147e0
user10	891	237	1269075598412	0	0	ac9e383fa9dcb0cf6b80861147e0
user10	891	239	1269075598420	0	0	ac9e383fa9dcb0cf6b80861147e0
user10	891	241	1269075598428	0	0	ac9e383fa9dcb0cf6b80861147e0
user10	891	243	1269075598436	0	0	ac9e383fa9dcb0cf6b80861147e0
user10	891	244	1269075598444	0	0	ac9e383fa9dcb0cf6b80861147e0
user10	891	245	1269075598452	0	0	ac9e383fa9dcb0cf6b80861147e0
user10	891	247	1269075598460	0	0	ac9e383fa9dcb0cf6b80861147e0
user10	891	249	1269075598471	0	0	ac9e383fa9dcb0cf6b80861147e0
user10	891	250	1269075598477	0	0	ac9e383fa9dcb0cf6b80861147e0
user10	891	252	1269075598484	0	0	ac9e383fa9dcb0cf6b80861147e0
user10	891	254	1269075598494	0	0	ac9e383fa9dcb0cf6b80861147e0
user10	891	257	1269075598502	0	0	ac9e383fa9dcb0cf6b80861147e0
user10	891	260	1269075598508	0	0	ac9e383fa9dcb0cf6b80861147e0
user10	891	264	1269075598516	0	0	ac9e383fa9dcb0cf6b80861147e0
user10	891	267	1269075598524	0	0	ac9e383fa9dcb0cf6b80861147e0
user10	891	271	1269075598532	0	0	ac9e383fa9dcb0cf6b80861147e0
user10	891	274	1269075598540	0	0	ac9e383fa9dcb0cf6b80861147e0
user10	891	276	1269075598548	0	0	ac9e383fa9dcb0cf6b80861147e0
user10	891	277	1269075598556	0	0	ac9e383fa9dcb0cf6b80861147e0
user10	891	278	1269075598564	0	0	ac9e383fa9dcb0cf6b80861147e0
user10	891	280	1269075598572	0	0	ac9e383fa9dcb0cf6b80861147e0
user10	891	282	1269075598580	0	0	ac9e383fa9dcb0cf6b80861147e0
user10	891	284	1269075598588	0	0	ac9e383fa9dcb0cf6b80861147e0
user10	891	286	1269075598596	0	0	ac9e383fa9dcb0cf6b80861147e0
user10	892	288	1269075598604	0	0	ac9e383fa9dcb0cf6b80861147e0
user10	892	289	1269075598612	0	0	ac9e383fa9dcb0cf6b80861147e0
user10	892	292	1269075598620	0	0	ac9e383fa9dcb0cf6b80861147e0
user10	892	293	1269075598628	0	0	ac9e383fa9dcb0cf6b80861147e0
user10	893	294	1269075598639	0	0	ac9e383fa9dcb0cf6b80861147e0
user10	893	295	1269075598644	0	0	ac9e383fa9dcb0cf6b80861147e0
user10	893	296	1269075598652	0	0	ac9e383fa9dcb0cf6b80861147e0
user10	893	297	1269075598660	0	0	ac9e383fa9dcb0cf6b80861147e0
user10	893	298	1269075598676	0	0	ac9e383fa9dcb0cf6b80861147e0
user10	893	299	1269075598684	0	0	ac9e383fa9dcb0cf6b80861147e0
user10	893	300	1269075598724	0	0	ac9e383fa9dcb0cf6b80861147e0
user10	894	300	1269075599068	0	0	ac9e383fa9dcb0cf6b80861147e0
user10	894	299	1269075599076	0	0	ac9e383fa9dcb0cf6b80861147e0
user10	894	298	1269075599108	0	0	ac9e383fa9dcb0cf6b80861147e0
user10	895	298	1269075599124	0	0	ac9e383fa9dcb0cf6b80861147e0
user10	896	298	1269075599148	0	0	ac9e383fa9dcb0cf6b80861147e0
user10	896	297	1269075599180	0	0	ac9e383fa9dcb0cf6b80861147e0
user10	897	297	1269075599188	0	0	ac9e383fa9dcb0cf6b80861147e0
user10	898	297	1269075599252	0	0	ac9e383fa9dcb0cf6b80861147e0
user10	899	297	1269075599940	0	0	ac9e383fa9dcb0cf6b80861147e0
user10	900	297	1269075599948	0	0	ac9e383fa9dcb0cf6b80861147e0
user10	901	298	1269075599956	0	0	ac9e383fa9dcb0cf6b80861147e0
user10	902	298	1269075599966	0	0	ac9e383fa9dcb0cf6b80861147e0
user10	903	298	1269075599972	0	0	ac9e383fa9dcb0cf6b80861147e0
user10	905	298	1269075599980	0	0	ac9e383fa9dcb0cf6b80861147e0
user10	906	298	1269075599997	0	0	ac9e383fa9dcb0cf6b80861147e0
user10	908	298	1269075600004	0	0	ac9e383fa9dcb0cf6b80861147e0
user10	909	298	1269075600012	0	0	ac9e383fa9dcb0cf6b80861147e0
user10	910	298	1269075600020	0	0	ac9e383fa9dcb0cf6b80861147e0
user10	912	298	1269075600028	0	0	ac9e383fa9dcb0cf6b80861147e0
user10	914	298	1269075600036	0	0	ac9e383fa9dcb0cf6b80861147e0
user10	917	298	1269075600044	0	0	ac9e383fa9dcb0cf6b80861147e0
user10	919	298	1269075600052	0	0	ac9e383fa9dcb0cf6b80861147e0
user10	921	298	1269075600061	0	0	ac9e383fa9dcb0cf6b80861147e0
user10	923	298	1269075600068	0	0	ac9e383fa9dcb0cf6b80861147e0
user10	925	298	1269075600077	0	0	ac9e383fa9dcb0cf6b80861147e0
user10	927	298	1269075600084	0	0	ac9e383fa9dcb0cf6b80861147e0
user10	929	299	1269075600092	0	0	ac9e383fa9dcb0cf6b80861147e0
user10	931	299	1269075600100	0	0	ac9e383fa9dcb0cf6b80861147e0
user10	932	300	1269075600108	0	0	ac9e383fa9dcb0cf6b80861147e0
user10	934	300	1269075600116	0	0	ac9e383fa9dcb0cf6b80861147e0
user10	934	301	1269075600124	0	0	ac9e383fa9dcb0cf6b80861147e0
user10	935	302	1269075600132	0	0	ac9e383fa9dcb0cf6b80861147e0
user10	936	302	1269075600140	0	0	ac9e383fa9dcb0cf6b80861147e0
user10	937	304	1269075600148	0	0	ac9e383fa9dcb0cf6b80861147e0
user10	938	306	1269075600164	0	0	ac9e383fa9dcb0cf6b80861147e0
user10	939	307	1269075600173	0	0	ac9e383fa9dcb0cf6b80861147e0
user10	941	307	1269075600180	0	0	ac9e383fa9dcb0cf6b80861147e0
user10	942	309	1269075600188	0	0	ac9e383fa9dcb0cf6b80861147e0
user10	943	309	1269075600196	0	0	ac9e383fa9dcb0cf6b80861147e0
user10	944	309	1269075600204	0	0	ac9e383fa9dcb0cf6b80861147e0
user10	945	309	1269075600212	0	0	ac9e383fa9dcb0cf6b80861147e0
user10	946	309	1269075600220	0	0	ac9e383fa9dcb0cf6b80861147e0
user10	948	309	1269075600228	0	0	ac9e383fa9dcb0cf6b80861147e0
user10	949	309	1269075600236	0	0	ac9e383fa9dcb0cf6b80861147e0
user10	951	308	1269075600245	0	0	ac9e383fa9dcb0cf6b80861147e0
user10	953	306	1269075600253	0	0	ac9e383fa9dcb0cf6b80861147e0
user10	956	305	1269075600260	0	0	ac9e383fa9dcb0cf6b80861147e0
user10	959	303	1269075600268	0	0	ac9e383fa9dcb0cf6b80861147e0
user10	962	302	1269075600276	0	0	ac9e383fa9dcb0cf6b80861147e0
user10	965	300	1269075600284	0	0	ac9e383fa9dcb0cf6b80861147e0
user10	969	298	1269075600292	0	0	ac9e383fa9dcb0cf6b80861147e0
user10	971	297	1269075600300	0	0	ac9e383fa9dcb0cf6b80861147e0
user10	974	295	1269075600308	0	0	ac9e383fa9dcb0cf6b80861147e0
user10	976	295	1269075600316	0	0	ac9e383fa9dcb0cf6b80861147e0
user10	978	294	1269075600324	0	0	ac9e383fa9dcb0cf6b80861147e0
user10	981	294	1269075600332	0	0	ac9e383fa9dcb0cf6b80861147e0
user10	982	293	1269075600340	0	0	ac9e383fa9dcb0cf6b80861147e0
user10	983	292	1269075600348	0	0	ac9e383fa9dcb0cf6b80861147e0
user10	984	292	1269075600388	0	0	ac9e383fa9dcb0cf6b80861147e0
user10	985	292	1269075600444	0	0	ac9e383fa9dcb0cf6b80861147e0
user10	985	291	1269075600452	0	0	ac9e383fa9dcb0cf6b80861147e0
user10	986	291	1269075600460	0	0	ac9e383fa9dcb0cf6b80861147e0
user10	987	291	1269075600468	0	0	ac9e383fa9dcb0cf6b80861147e0
user10	987	290	1269075600502	0	0	ac9e383fa9dcb0cf6b80861147e0
user10	988	290	1269075600508	0	0	ac9e383fa9dcb0cf6b80861147e0
user10	988	288	1269075600540	0	0	ac9e383fa9dcb0cf6b80861147e0
user10	989	288	1269075600548	0	0	ac9e383fa9dcb0cf6b80861147e0
user10	989	287	1269075600556	0	0	ac9e383fa9dcb0cf6b80861147e0
user10	990	285	1269075600572	0	0	ac9e383fa9dcb0cf6b80861147e0
user10	991	285	1269075600588	0	0	ac9e383fa9dcb0cf6b80861147e0
user10	991	284	1269075600597	0	0	ac9e383fa9dcb0cf6b80861147e0
user10	991	284	1269075600717	1269075600628	1269075600717	ac9e383fa9dcb0cf6b80861147e0
user10	527	58	1269075620763	0	0	ac9e383fa9dcb0cf6b80861147e0
user10	517	60	1269075620777	0	0	ac9e383fa9dcb0cf6b80861147e0
user10	513	62	1269075620780	0	0	ac9e383fa9dcb0cf6b80861147e0
user10	504	63	1269075620797	0	0	ac9e383fa9dcb0cf6b80861147e0
user10	496	64	1269075620833	0	0	ac9e383fa9dcb0cf6b80861147e0
user10	495	64	1269075620835	0	0	ac9e383fa9dcb0cf6b80861147e0
user10	495	64	1269075621242	0	0	ac9e383fa9dcb0cf6b80861147e0
user10	495	65	1269075621315	0	0	ac9e383fa9dcb0cf6b80861147e0
user10	494	68	1269075621332	0	0	ac9e383fa9dcb0cf6b80861147e0
user10	494	72	1269075621350	0	0	ac9e383fa9dcb0cf6b80861147e0
user10	494	77	1269075621359	0	0	ac9e383fa9dcb0cf6b80861147e0
user10	495	98	1269075621381	0	0	ac9e383fa9dcb0cf6b80861147e0
user10	498	119	1269075621399	0	0	ac9e383fa9dcb0cf6b80861147e0
user10	503	145	1269075621417	0	0	ac9e383fa9dcb0cf6b80861147e0
user10	506	157	1269075621419	0	0	ac9e383fa9dcb0cf6b80861147e0
user10	510	177	1269075621438	0	0	ac9e383fa9dcb0cf6b80861147e0
user10	511	186	1269075621444	0	0	ac9e383fa9dcb0cf6b80861147e0
user10	514	198	1269075621464	0	0	ac9e383fa9dcb0cf6b80861147e0
user10	514	204	1269075621468	0	0	ac9e383fa9dcb0cf6b80861147e0
user10	515	211	1269075621486	0	0	ac9e383fa9dcb0cf6b80861147e0
user10	515	213	1269075621505	0	0	ac9e383fa9dcb0cf6b80861147e0
user10	517	213	1269075622003	0	0	ac9e383fa9dcb0cf6b80861147e0
user10	520	213	1269075622017	0	0	ac9e383fa9dcb0cf6b80861147e0
user10	524	213	1269075622019	0	0	ac9e383fa9dcb0cf6b80861147e0
user10	539	213	1269075622037	0	0	ac9e383fa9dcb0cf6b80861147e0
user10	554	213	1269075622053	0	0	ac9e383fa9dcb0cf6b80861147e0
user10	568	213	1269075622067	0	0	ac9e383fa9dcb0cf6b80861147e0
user10	575	213	1269075622082	0	0	ac9e383fa9dcb0cf6b80861147e0
user10	581	213	1269075622084	0	0	ac9e383fa9dcb0cf6b80861147e0
user10	591	213	1269075622101	0	0	ac9e383fa9dcb0cf6b80861147e0
user10	597	213	1269075622117	0	0	ac9e383fa9dcb0cf6b80861147e0
user10	603	213	1269075622132	0	0	ac9e383fa9dcb0cf6b80861147e0
user10	609	213	1269075622147	0	0	ac9e383fa9dcb0cf6b80861147e0
user10	620	214	1269075622164	0	0	ac9e383fa9dcb0cf6b80861147e0
user10	627	214	1269075622176	0	0	ac9e383fa9dcb0cf6b80861147e0
user10	643	214	1269075622190	0	0	ac9e383fa9dcb0cf6b80861147e0
user10	659	214	1269075622206	0	0	ac9e383fa9dcb0cf6b80861147e0
user10	675	214	1269075622221	0	0	ac9e383fa9dcb0cf6b80861147e0
user10	688	211	1269075622236	0	0	ac9e383fa9dcb0cf6b80861147e0
user10	696	208	1269075622252	0	0	ac9e383fa9dcb0cf6b80861147e0
user10	704	204	1269075622268	0	0	ac9e383fa9dcb0cf6b80861147e0
user10	711	202	1269075622283	0	0	ac9e383fa9dcb0cf6b80861147e0
user10	714	200	1269075622296	0	0	ac9e383fa9dcb0cf6b80861147e0
user10	722	196	1269075622317	0	0	ac9e383fa9dcb0cf6b80861147e0
user10	726	191	1269075622333	0	0	ac9e383fa9dcb0cf6b80861147e0
user10	729	189	1269075622350	0	0	ac9e383fa9dcb0cf6b80861147e0
user10	730	186	1269075622352	0	0	ac9e383fa9dcb0cf6b80861147e0
user10	731	186	1269075622355	0	0	ac9e383fa9dcb0cf6b80861147e0
user10	733	185	1269075622372	0	0	ac9e383fa9dcb0cf6b80861147e0
user10	733	184	1269075622388	0	0	ac9e383fa9dcb0cf6b80861147e0
user10	734	184	1269075622407	0	0	ac9e383fa9dcb0cf6b80861147e0
user10	734	182	1269075622428	0	0	ac9e383fa9dcb0cf6b80861147e0
user10	734	181	1269075622449	0	0	ac9e383fa9dcb0cf6b80861147e0
user10	734	180	1269075622468	0	0	ac9e383fa9dcb0cf6b80861147e0
user10	734	179	1269075622486	0	0	ac9e383fa9dcb0cf6b80861147e0
user10	732	177	1269075622508	0	0	ac9e383fa9dcb0cf6b80861147e0
user10	730	175	1269075622525	0	0	ac9e383fa9dcb0cf6b80861147e0
user10	728	174	1269075622545	0	0	ac9e383fa9dcb0cf6b80861147e0
user10	727	174	1269075622552	0	0	ac9e383fa9dcb0cf6b80861147e0
user10	726	174	1269075622573	0	0	ac9e383fa9dcb0cf6b80861147e0
user10	726	174	1269075622731	1269075622659	1269075622731	ac9e383fa9dcb0cf6b80861147e0
user10	542	59	1269075627281	0	0	ac9e383fa9dcb0cf6b80861147e0
user10	541	59	1269075627410	0	0	ac9e383fa9dcb0cf6b80861147e0
user10	540	60	1269075627435	0	0	ac9e383fa9dcb0cf6b80861147e0
user10	539	60	1269075627450	0	0	ac9e383fa9dcb0cf6b80861147e0
user10	538	60	1269075627467	0	0	ac9e383fa9dcb0cf6b80861147e0
user10	538	61	1269075627480	0	0	ac9e383fa9dcb0cf6b80861147e0
user10	537	61	1269075627483	0	0	ac9e383fa9dcb0cf6b80861147e0
user10	536	61	1269075627515	0	0	ac9e383fa9dcb0cf6b80861147e0
user10	535	61	1269075627546	0	0	ac9e383fa9dcb0cf6b80861147e0
user10	534	61	1269075627563	0	0	ac9e383fa9dcb0cf6b80861147e0
user10	533	61	1269075627587	0	0	ac9e383fa9dcb0cf6b80861147e0
user10	532	61	1269075627612	0	0	ac9e383fa9dcb0cf6b80861147e0
user10	531	61	1269075627635	0	0	ac9e383fa9dcb0cf6b80861147e0
user10	530	61	1269075627675	0	0	ac9e383fa9dcb0cf6b80861147e0
user10	530	61	1269075627763	0	0	ac9e383fa9dcb0cf6b80861147e0
user10	530	62	1269075627914	0	0	ac9e383fa9dcb0cf6b80861147e0
user10	529	62	1269075627938	0	0	ac9e383fa9dcb0cf6b80861147e0
user10	529	63	1269075627954	0	0	ac9e383fa9dcb0cf6b80861147e0
user10	529	64	1269075628122	0	0	ac9e383fa9dcb0cf6b80861147e0
user10	529	65	1269075628163	0	0	ac9e383fa9dcb0cf6b80861147e0
user10	529	66	1269075628179	0	0	ac9e383fa9dcb0cf6b80861147e0
user10	529	67	1269075628195	0	0	ac9e383fa9dcb0cf6b80861147e0
user10	529	68	1269075628226	0	0	ac9e383fa9dcb0cf6b80861147e0
user10	529	69	1269075630363	0	0	ac9e383fa9dcb0cf6b80861147e0
user10	529	71	1269075630382	0	0	ac9e383fa9dcb0cf6b80861147e0
user10	529	72	1269075630393	0	0	ac9e383fa9dcb0cf6b80861147e0
user10	530	73	1269075630405	0	0	ac9e383fa9dcb0cf6b80861147e0
user10	530	75	1269075630419	0	0	ac9e383fa9dcb0cf6b80861147e0
user10	530	76	1269075630434	0	0	ac9e383fa9dcb0cf6b80861147e0
user10	696	183	1269075631174	0	0	ac9e383fa9dcb0cf6b80861147e0
user10	697	183	1269075631191	0	0	ac9e383fa9dcb0cf6b80861147e0
user10	698	181	1269075631206	0	0	ac9e383fa9dcb0cf6b80861147e0
user10	699	181	1269075631221	0	0	ac9e383fa9dcb0cf6b80861147e0
user10	700	180	1269075631237	0	0	ac9e383fa9dcb0cf6b80861147e0
user10	701	179	1269075631252	0	0	ac9e383fa9dcb0cf6b80861147e0
user10	703	179	1269075631264	0	0	ac9e383fa9dcb0cf6b80861147e0
user10	703	178	1269075631269	0	0	ac9e383fa9dcb0cf6b80861147e0
user10	704	178	1269075631281	0	0	ac9e383fa9dcb0cf6b80861147e0
user10	705	178	1269075631286	0	0	ac9e383fa9dcb0cf6b80861147e0
user10	708	177	1269075631304	0	0	ac9e383fa9dcb0cf6b80861147e0
user10	710	177	1269075631314	0	0	ac9e383fa9dcb0cf6b80861147e0
user10	711	176	1269075631320	0	0	ac9e383fa9dcb0cf6b80861147e0
user10	714	175	1269075631331	0	0	ac9e383fa9dcb0cf6b80861147e0
user10	715	175	1269075631345	0	0	ac9e383fa9dcb0cf6b80861147e0
user10	716	175	1269075631353	0	0	ac9e383fa9dcb0cf6b80861147e0
user10	717	175	1269075631355	0	0	ac9e383fa9dcb0cf6b80861147e0
user10	718	175	1269075631378	0	0	ac9e383fa9dcb0cf6b80861147e0
user10	718	175	1269075631475	1269075631394	1269075631475	ac9e383fa9dcb0cf6b80861147e0
user10	718	175	1269075631480	0	0	ac9e383fa9dcb0cf6b80861147e0
user10	718	175	1269075631495	0	0	ac9e383fa9dcb0cf6b80861147e0
user10	718	174	1269075631730	0	0	ac9e383fa9dcb0cf6b80861147e0
user10	718	173	1269075631786	0	0	ac9e383fa9dcb0cf6b80861147e0
user10	718	172	1269075631810	0	0	ac9e383fa9dcb0cf6b80861147e0
user10	718	171	1269075631850	0	0	ac9e383fa9dcb0cf6b80861147e0
user10	719	171	1269075631898	0	0	ac9e383fa9dcb0cf6b80861147e0
user10	718	171	1269075631914	0	0	ac9e383fa9dcb0cf6b80861147e0
user10	718	171	1269075632004	0	0	ac9e383fa9dcb0cf6b80861147e0
user10	718	170	1269075632082	0	0	ac9e383fa9dcb0cf6b80861147e0
user10	719	170	1269075632098	0	0	ac9e383fa9dcb0cf6b80861147e0
user10	719	169	1269075632114	0	0	ac9e383fa9dcb0cf6b80861147e0
user10	719	168	1269075632155	0	0	ac9e383fa9dcb0cf6b80861147e0
user10	720	168	1269075632178	0	0	ac9e383fa9dcb0cf6b80861147e0
user10	720	167	1269075632193	0	0	ac9e383fa9dcb0cf6b80861147e0
user10	721	167	1269075632204	0	0	ac9e383fa9dcb0cf6b80861147e0
user10	721	166	1269075632219	0	0	ac9e383fa9dcb0cf6b80861147e0
user10	722	166	1269075632235	0	0	ac9e383fa9dcb0cf6b80861147e0
user10	723	166	1269075632258	0	0	ac9e383fa9dcb0cf6b80861147e0
user10	724	166	1269075632315	0	0	ac9e383fa9dcb0cf6b80861147e0
user10	725	165	1269075632341	0	0	ac9e383fa9dcb0cf6b80861147e0
user10	726	165	1269075632370	0	0	ac9e383fa9dcb0cf6b80861147e0
user10	727	165	1269075632383	0	0	ac9e383fa9dcb0cf6b80861147e0
user10	728	165	1269075632398	0	0	ac9e383fa9dcb0cf6b80861147e0
user10	731	166	1269075632415	0	0	ac9e383fa9dcb0cf6b80861147e0
user10	732	166	1269075632427	0	0	ac9e383fa9dcb0cf6b80861147e0
user10	733	166	1269075632429	0	0	ac9e383fa9dcb0cf6b80861147e0
user10	733	167	1269075632442	0	0	ac9e383fa9dcb0cf6b80861147e0
user10	734	167	1269075632445	0	0	ac9e383fa9dcb0cf6b80861147e0
user10	736	170	1269075632461	0	0	ac9e383fa9dcb0cf6b80861147e0
user10	736	171	1269075632477	0	0	ac9e383fa9dcb0cf6b80861147e0
user10	737	173	1269075632489	0	0	ac9e383fa9dcb0cf6b80861147e0
user10	737	176	1269075632504	0	0	ac9e383fa9dcb0cf6b80861147e0
user10	736	181	1269075632519	0	0	ac9e383fa9dcb0cf6b80861147e0
user10	733	186	1269075632536	0	0	ac9e383fa9dcb0cf6b80861147e0
user10	730	188	1269075632551	0	0	ac9e383fa9dcb0cf6b80861147e0
user10	728	188	1269075632564	0	0	ac9e383fa9dcb0cf6b80861147e0
user10	727	188	1269075632580	0	0	ac9e383fa9dcb0cf6b80861147e0
user10	726	187	1269075632595	0	0	ac9e383fa9dcb0cf6b80861147e0
user10	726	186	1269075632614	0	0	ac9e383fa9dcb0cf6b80861147e0
user10	725	186	1269075632632	0	0	ac9e383fa9dcb0cf6b80861147e0
user10	725	185	1269075632635	0	0	ac9e383fa9dcb0cf6b80861147e0
user10	725	184	1269075632666	0	0	ac9e383fa9dcb0cf6b80861147e0
user10	726	183	1269075632682	0	0	ac9e383fa9dcb0cf6b80861147e0
user10	727	182	1269075632701	0	0	ac9e383fa9dcb0cf6b80861147e0
user10	728	182	1269075632715	0	0	ac9e383fa9dcb0cf6b80861147e0
user10	728	181	1269075632731	0	0	ac9e383fa9dcb0cf6b80861147e0
user10	729	181	1269075632745	0	0	ac9e383fa9dcb0cf6b80861147e0
user10	730	181	1269075632762	0	0	ac9e383fa9dcb0cf6b80861147e0
user10	730	180	1269075632773	0	0	ac9e383fa9dcb0cf6b80861147e0
user10	730	179	1269075632796	0	0	ac9e383fa9dcb0cf6b80861147e0
user10	730	178	1269075632811	0	0	ac9e383fa9dcb0cf6b80861147e0
user10	729	178	1269075632828	0	0	ac9e383fa9dcb0cf6b80861147e0
user10	729	177	1269075632840	0	0	ac9e383fa9dcb0cf6b80861147e0
user10	728	177	1269075632855	0	0	ac9e383fa9dcb0cf6b80861147e0
user10	728	176	1269075632871	0	0	ac9e383fa9dcb0cf6b80861147e0
user10	728	175	1269075632886	0	0	ac9e383fa9dcb0cf6b80861147e0
user10	727	174	1269075632903	0	0	ac9e383fa9dcb0cf6b80861147e0
user10	726	173	1269075632918	0	0	ac9e383fa9dcb0cf6b80861147e0
user10	725	172	1269075632932	0	0	ac9e383fa9dcb0cf6b80861147e0
user10	724	172	1269075632948	0	0	ac9e383fa9dcb0cf6b80861147e0
user10	723	171	1269075633130	0	0	ac9e383fa9dcb0cf6b80861147e0
user10	723	171	1269075633523	1269075633442	1269075633523	ac9e383fa9dcb0cf6b80861147e0
