User	X	Y	MouseTimeStamp	MouseDownTimeStamp	MouseUpTimeStamp	SessionID
user22	572	203	1271305852435	0	0	fbb82f11ac4a604001fd724e88db
user22	564	199	1271305852466	0	0	fbb82f11ac4a604001fd724e88db
user22	562	199	1271305852467	0	0	fbb82f11ac4a604001fd724e88db
user22	559	198	1271305852475	0	0	fbb82f11ac4a604001fd724e88db
user22	558	196	1271305852482	0	0	fbb82f11ac4a604001fd724e88db
user22	556	196	1271305852491	0	0	fbb82f11ac4a604001fd724e88db
user22	555	196	1271305852498	0	0	fbb82f11ac4a604001fd724e88db
user22	554	195	1271305852506	0	0	fbb82f11ac4a604001fd724e88db
user22	553	195	1271305852523	0	0	fbb82f11ac4a604001fd724e88db
user22	552	195	1271305852531	0	0	fbb82f11ac4a604001fd724e88db
user22	551	195	1271305852546	0	0	fbb82f11ac4a604001fd724e88db
user22	551	197	1271305852554	0	0	fbb82f11ac4a604001fd724e88db
user22	553	200	1271305852851	0	0	fbb82f11ac4a604001fd724e88db
user22	554	201	1271305852858	0	0	fbb82f11ac4a604001fd724e88db
user22	557	202	1271305852866	0	0	fbb82f11ac4a604001fd724e88db
user22	560	202	1271305852874	0	0	fbb82f11ac4a604001fd724e88db
user22	563	202	1271305852882	0	0	fbb82f11ac4a604001fd724e88db
user22	569	203	1271305852890	0	0	fbb82f11ac4a604001fd724e88db
user22	574	204	1271305852898	0	0	fbb82f11ac4a604001fd724e88db
user22	581	205	1271305852906	0	0	fbb82f11ac4a604001fd724e88db
user22	591	206	1271305852914	0	0	fbb82f11ac4a604001fd724e88db
user22	599	207	1271305852922	0	0	fbb82f11ac4a604001fd724e88db
user22	610	208	1271305852930	0	0	fbb82f11ac4a604001fd724e88db
user22	622	211	1271305852939	0	0	fbb82f11ac4a604001fd724e88db
user22	634	212	1271305852946	0	0	fbb82f11ac4a604001fd724e88db
user22	646	214	1271305852954	0	0	fbb82f11ac4a604001fd724e88db
user22	660	215	1271305852962	0	0	fbb82f11ac4a604001fd724e88db
user22	675	216	1271305852970	0	0	fbb82f11ac4a604001fd724e88db
user22	692	218	1271305852978	0	0	fbb82f11ac4a604001fd724e88db
user22	712	219	1271305852986	0	0	fbb82f11ac4a604001fd724e88db
user22	733	220	1271305852994	0	0	fbb82f11ac4a604001fd724e88db
user22	756	222	1271305853002	0	0	fbb82f11ac4a604001fd724e88db
user22	776	223	1271305853010	0	0	fbb82f11ac4a604001fd724e88db
user22	798	223	1271305853018	0	0	fbb82f11ac4a604001fd724e88db
user22	821	223	1271305853026	0	0	fbb82f11ac4a604001fd724e88db
user22	839	221	1271305853034	0	0	fbb82f11ac4a604001fd724e88db
user22	857	219	1271305853042	0	0	fbb82f11ac4a604001fd724e88db
user22	874	215	1271305853050	0	0	fbb82f11ac4a604001fd724e88db
user22	888	213	1271305853058	0	0	fbb82f11ac4a604001fd724e88db
user22	900	208	1271305853067	0	0	fbb82f11ac4a604001fd724e88db
user22	911	204	1271305853075	0	0	fbb82f11ac4a604001fd724e88db
user22	921	199	1271305853082	0	0	fbb82f11ac4a604001fd724e88db
user22	929	194	1271305853090	0	0	fbb82f11ac4a604001fd724e88db
user22	936	190	1271305853098	0	0	fbb82f11ac4a604001fd724e88db
user22	941	187	1271305853106	0	0	fbb82f11ac4a604001fd724e88db
user22	946	183	1271305853114	0	0	fbb82f11ac4a604001fd724e88db
user22	948	181	1271305853122	0	0	fbb82f11ac4a604001fd724e88db
user22	950	180	1271305853130	0	0	fbb82f11ac4a604001fd724e88db
user22	951	179	1271305853138	0	0	fbb82f11ac4a604001fd724e88db
user22	951	178	1271305853146	0	0	fbb82f11ac4a604001fd724e88db
user22	952	178	1271305853154	0	0	fbb82f11ac4a604001fd724e88db
user22	952	177	1271305853203	0	0	fbb82f11ac4a604001fd724e88db
user22	954	177	1271305853227	0	0	fbb82f11ac4a604001fd724e88db
user22	955	176	1271305853235	0	0	fbb82f11ac4a604001fd724e88db
user22	956	175	1271305853251	0	0	fbb82f11ac4a604001fd724e88db
user22	957	175	1271305853258	0	0	fbb82f11ac4a604001fd724e88db
user22	958	175	1271305853266	0	0	fbb82f11ac4a604001fd724e88db
user22	958	176	1271305853331	0	0	fbb82f11ac4a604001fd724e88db
user22	958	178	1271305853339	0	0	fbb82f11ac4a604001fd724e88db
user22	956	179	1271305853346	0	0	fbb82f11ac4a604001fd724e88db
user22	955	181	1271305853354	0	0	fbb82f11ac4a604001fd724e88db
user22	953	183	1271305853362	0	0	fbb82f11ac4a604001fd724e88db
user22	952	184	1271305853371	0	0	fbb82f11ac4a604001fd724e88db
user22	951	185	1271305853379	0	0	fbb82f11ac4a604001fd724e88db
user22	949	186	1271305853387	0	0	fbb82f11ac4a604001fd724e88db
user22	948	186	1271305853483	0	0	fbb82f11ac4a604001fd724e88db
user22	947	186	1271305853499	0	0	fbb82f11ac4a604001fd724e88db
user22	946	185	1271305853515	0	0	fbb82f11ac4a604001fd724e88db
user22	945	184	1271305853522	0	0	fbb82f11ac4a604001fd724e88db
user22	945	183	1271305853530	0	0	fbb82f11ac4a604001fd724e88db
user22	944	182	1271305853547	0	0	fbb82f11ac4a604001fd724e88db
user22	943	181	1271305853555	0	0	fbb82f11ac4a604001fd724e88db
user22	941	180	1271305853562	0	0	fbb82f11ac4a604001fd724e88db
user22	939	179	1271305853570	0	0	fbb82f11ac4a604001fd724e88db
user22	937	177	1271305853578	0	0	fbb82f11ac4a604001fd724e88db
user22	933	176	1271305853586	0	0	fbb82f11ac4a604001fd724e88db
user22	930	175	1271305853594	0	0	fbb82f11ac4a604001fd724e88db
user22	927	173	1271305853603	0	0	fbb82f11ac4a604001fd724e88db
user22	924	172	1271305853611	0	0	fbb82f11ac4a604001fd724e88db
user22	920	171	1271305853619	0	0	fbb82f11ac4a604001fd724e88db
user22	918	170	1271305853626	0	0	fbb82f11ac4a604001fd724e88db
user22	917	169	1271305853634	0	0	fbb82f11ac4a604001fd724e88db
user22	915	169	1271305853642	0	0	fbb82f11ac4a604001fd724e88db
user22	914	169	1271305853667	0	0	fbb82f11ac4a604001fd724e88db
user22	914	169	1271305853803	1271305853667	1271305853803	fbb82f11ac4a604001fd724e88db
user22	915	169	1271305858426	0	0	fbb82f11ac4a604001fd724e88db
user22	919	169	1271305858434	0	0	fbb82f11ac4a604001fd724e88db
user22	921	169	1271305858442	0	0	fbb82f11ac4a604001fd724e88db
user22	926	172	1271305858450	0	0	fbb82f11ac4a604001fd724e88db
user22	930	175	1271305858458	0	0	fbb82f11ac4a604001fd724e88db
user22	934	177	1271305858466	0	0	fbb82f11ac4a604001fd724e88db
user22	936	180	1271305858474	0	0	fbb82f11ac4a604001fd724e88db
user22	938	182	1271305858482	0	0	fbb82f11ac4a604001fd724e88db
user22	939	184	1271305858490	0	0	fbb82f11ac4a604001fd724e88db
user22	940	187	1271305858498	0	0	fbb82f11ac4a604001fd724e88db
user22	941	190	1271305858506	0	0	fbb82f11ac4a604001fd724e88db
user22	942	192	1271305858514	0	0	fbb82f11ac4a604001fd724e88db
user22	942	195	1271305858522	0	0	fbb82f11ac4a604001fd724e88db
user22	943	197	1271305858530	0	0	fbb82f11ac4a604001fd724e88db
user22	943	200	1271305858538	0	0	fbb82f11ac4a604001fd724e88db
user22	944	203	1271305858546	0	0	fbb82f11ac4a604001fd724e88db
user22	946	208	1271305858554	0	0	fbb82f11ac4a604001fd724e88db
user22	948	213	1271305858562	0	0	fbb82f11ac4a604001fd724e88db
user22	950	217	1271305858570	0	0	fbb82f11ac4a604001fd724e88db
user22	951	222	1271305858578	0	0	fbb82f11ac4a604001fd724e88db
user22	953	227	1271305858587	0	0	fbb82f11ac4a604001fd724e88db
user22	956	230	1271305858594	0	0	fbb82f11ac4a604001fd724e88db
user22	958	235	1271305858602	0	0	fbb82f11ac4a604001fd724e88db
user22	959	238	1271305858610	0	0	fbb82f11ac4a604001fd724e88db
user22	960	241	1271305858618	0	0	fbb82f11ac4a604001fd724e88db
user22	961	244	1271305858626	0	0	fbb82f11ac4a604001fd724e88db
user22	963	247	1271305858634	0	0	fbb82f11ac4a604001fd724e88db
user22	963	250	1271305858642	0	0	fbb82f11ac4a604001fd724e88db
user22	963	252	1271305858650	0	0	fbb82f11ac4a604001fd724e88db
user22	964	254	1271305858658	0	0	fbb82f11ac4a604001fd724e88db
user22	965	257	1271305858667	0	0	fbb82f11ac4a604001fd724e88db
user22	966	258	1271305858674	0	0	fbb82f11ac4a604001fd724e88db
user22	966	259	1271305858682	0	0	fbb82f11ac4a604001fd724e88db
user22	967	261	1271305858690	0	0	fbb82f11ac4a604001fd724e88db
user22	968	261	1271305858698	0	0	fbb82f11ac4a604001fd724e88db
user22	968	263	1271305858706	0	0	fbb82f11ac4a604001fd724e88db
user22	969	263	1271305858714	0	0	fbb82f11ac4a604001fd724e88db
user22	969	265	1271305858722	0	0	fbb82f11ac4a604001fd724e88db
user22	969	266	1271305858730	0	0	fbb82f11ac4a604001fd724e88db
user22	969	267	1271305858738	0	0	fbb82f11ac4a604001fd724e88db
user22	969	269	1271305858746	0	0	fbb82f11ac4a604001fd724e88db
user22	969	272	1271305858754	0	0	fbb82f11ac4a604001fd724e88db
user22	969	273	1271305858762	0	0	fbb82f11ac4a604001fd724e88db
user22	969	275	1271305858770	0	0	fbb82f11ac4a604001fd724e88db
user22	969	277	1271305858778	0	0	fbb82f11ac4a604001fd724e88db
user22	969	279	1271305858786	0	0	fbb82f11ac4a604001fd724e88db
user22	969	281	1271305858794	0	0	fbb82f11ac4a604001fd724e88db
user22	969	283	1271305858802	0	0	fbb82f11ac4a604001fd724e88db
user22	968	284	1271305858810	0	0	fbb82f11ac4a604001fd724e88db
user22	968	286	1271305858818	0	0	fbb82f11ac4a604001fd724e88db
user22	968	288	1271305858826	0	0	fbb82f11ac4a604001fd724e88db
user22	968	289	1271305858834	0	0	fbb82f11ac4a604001fd724e88db
user22	968	291	1271305858843	0	0	fbb82f11ac4a604001fd724e88db
user22	968	292	1271305858850	0	0	fbb82f11ac4a604001fd724e88db
user22	968	293	1271305858858	0	0	fbb82f11ac4a604001fd724e88db
user22	968	292	1271305858930	0	0	fbb82f11ac4a604001fd724e88db
user22	968	290	1271305858938	0	0	fbb82f11ac4a604001fd724e88db
user22	968	289	1271305858946	0	0	fbb82f11ac4a604001fd724e88db
user22	968	288	1271305858954	0	0	fbb82f11ac4a604001fd724e88db
user22	968	286	1271305858962	0	0	fbb82f11ac4a604001fd724e88db
user22	968	284	1271305858970	0	0	fbb82f11ac4a604001fd724e88db
user22	968	283	1271305858978	0	0	fbb82f11ac4a604001fd724e88db
user22	968	281	1271305858986	0	0	fbb82f11ac4a604001fd724e88db
user22	968	279	1271305858994	0	0	fbb82f11ac4a604001fd724e88db
user22	968	278	1271305859010	0	0	fbb82f11ac4a604001fd724e88db
user22	967	278	1271305859018	0	0	fbb82f11ac4a604001fd724e88db
user22	966	277	1271305859058	0	0	fbb82f11ac4a604001fd724e88db
user22	966	277	1271305859218	1271305859098	1271305859218	fbb82f11ac4a604001fd724e88db
user22	929	418	1271305864754	0	0	fbb82f11ac4a604001fd724e88db
user22	927	418	1271305864762	0	0	fbb82f11ac4a604001fd724e88db
user22	925	418	1271305864770	0	0	fbb82f11ac4a604001fd724e88db
user22	922	417	1271305864778	0	0	fbb82f11ac4a604001fd724e88db
user22	917	415	1271305864786	0	0	fbb82f11ac4a604001fd724e88db
user22	910	414	1271305864794	0	0	fbb82f11ac4a604001fd724e88db
user22	903	412	1271305864802	0	0	fbb82f11ac4a604001fd724e88db
user22	893	410	1271305864810	0	0	fbb82f11ac4a604001fd724e88db
user22	884	407	1271305864818	0	0	fbb82f11ac4a604001fd724e88db
user22	874	405	1271305864826	0	0	fbb82f11ac4a604001fd724e88db
user22	865	402	1271305864834	0	0	fbb82f11ac4a604001fd724e88db
user22	855	400	1271305864842	0	0	fbb82f11ac4a604001fd724e88db
user22	845	398	1271305864850	0	0	fbb82f11ac4a604001fd724e88db
user22	835	396	1271305864858	0	0	fbb82f11ac4a604001fd724e88db
user22	827	394	1271305864866	0	0	fbb82f11ac4a604001fd724e88db
user22	818	392	1271305864874	0	0	fbb82f11ac4a604001fd724e88db
user22	810	391	1271305864882	0	0	fbb82f11ac4a604001fd724e88db
user22	804	390	1271305864890	0	0	fbb82f11ac4a604001fd724e88db
user22	799	390	1271305864898	0	0	fbb82f11ac4a604001fd724e88db
user22	796	389	1271305864906	0	0	fbb82f11ac4a604001fd724e88db
user22	792	389	1271305864914	0	0	fbb82f11ac4a604001fd724e88db
user22	790	389	1271305864922	0	0	fbb82f11ac4a604001fd724e88db
user22	789	389	1271305864930	0	0	fbb82f11ac4a604001fd724e88db
user22	788	389	1271305864938	0	0	fbb82f11ac4a604001fd724e88db
user22	789	391	1271305864986	0	0	fbb82f11ac4a604001fd724e88db
user22	790	391	1271305864994	0	0	fbb82f11ac4a604001fd724e88db
user22	792	393	1271305865002	0	0	fbb82f11ac4a604001fd724e88db
user22	793	394	1271305865010	0	0	fbb82f11ac4a604001fd724e88db
user22	796	396	1271305865018	0	0	fbb82f11ac4a604001fd724e88db
user22	797	398	1271305865026	0	0	fbb82f11ac4a604001fd724e88db
user22	798	398	1271305865074	0	0	fbb82f11ac4a604001fd724e88db
user22	801	398	1271305865274	0	0	fbb82f11ac4a604001fd724e88db
user22	801	401	1271305865338	0	0	fbb82f11ac4a604001fd724e88db
user22	801	402	1271305865346	0	0	fbb82f11ac4a604001fd724e88db
user22	801	403	1271305865354	0	0	fbb82f11ac4a604001fd724e88db
user22	801	405	1271305865362	0	0	fbb82f11ac4a604001fd724e88db
user22	801	407	1271305865370	0	0	fbb82f11ac4a604001fd724e88db
user22	801	408	1271305865378	0	0	fbb82f11ac4a604001fd724e88db
user22	801	409	1271305865386	0	0	fbb82f11ac4a604001fd724e88db
user22	800	409	1271305865490	0	0	fbb82f11ac4a604001fd724e88db
user22	798	409	1271305865506	0	0	fbb82f11ac4a604001fd724e88db
user22	797	409	1271305865522	0	0	fbb82f11ac4a604001fd724e88db
user22	796	409	1271305865530	0	0	fbb82f11ac4a604001fd724e88db
user22	795	408	1271305865538	0	0	fbb82f11ac4a604001fd724e88db
user22	792	406	1271305865546	0	0	fbb82f11ac4a604001fd724e88db
user22	791	405	1271305865554	0	0	fbb82f11ac4a604001fd724e88db
user22	789	402	1271305865562	0	0	fbb82f11ac4a604001fd724e88db
user22	786	400	1271305865570	0	0	fbb82f11ac4a604001fd724e88db
user22	783	397	1271305865578	0	0	fbb82f11ac4a604001fd724e88db
user22	779	394	1271305865586	0	0	fbb82f11ac4a604001fd724e88db
user22	777	391	1271305865594	0	0	fbb82f11ac4a604001fd724e88db
user22	772	387	1271305865602	0	0	fbb82f11ac4a604001fd724e88db
user22	768	382	1271305865610	0	0	fbb82f11ac4a604001fd724e88db
user22	763	379	1271305865618	0	0	fbb82f11ac4a604001fd724e88db
user22	758	373	1271305865626	0	0	fbb82f11ac4a604001fd724e88db
user22	755	370	1271305865634	0	0	fbb82f11ac4a604001fd724e88db
user22	750	366	1271305865642	0	0	fbb82f11ac4a604001fd724e88db
user22	746	361	1271305865650	0	0	fbb82f11ac4a604001fd724e88db
user22	744	359	1271305865658	0	0	fbb82f11ac4a604001fd724e88db
user22	741	355	1271305865666	0	0	fbb82f11ac4a604001fd724e88db
user22	739	354	1271305865674	0	0	fbb82f11ac4a604001fd724e88db
user22	737	352	1271305865682	0	0	fbb82f11ac4a604001fd724e88db
user22	736	351	1271305865690	0	0	fbb82f11ac4a604001fd724e88db
user22	735	349	1271305865706	0	0	fbb82f11ac4a604001fd724e88db
user22	737	349	1271305865746	0	0	fbb82f11ac4a604001fd724e88db
user22	738	349	1271305865754	0	0	fbb82f11ac4a604001fd724e88db
user22	741	349	1271305865762	0	0	fbb82f11ac4a604001fd724e88db
user22	745	349	1271305865770	0	0	fbb82f11ac4a604001fd724e88db
user22	745	350	1271305865826	0	0	fbb82f11ac4a604001fd724e88db
user22	746	351	1271305865858	0	0	fbb82f11ac4a604001fd724e88db
user22	747	349	1271305866082	0	0	fbb82f11ac4a604001fd724e88db
user22	747	348	1271305866090	0	0	fbb82f11ac4a604001fd724e88db
user22	747	346	1271305866098	0	0	fbb82f11ac4a604001fd724e88db
user22	747	344	1271305866106	0	0	fbb82f11ac4a604001fd724e88db
user22	747	342	1271305866114	0	0	fbb82f11ac4a604001fd724e88db
user22	747	340	1271305866122	0	0	fbb82f11ac4a604001fd724e88db
user22	747	336	1271305866130	0	0	fbb82f11ac4a604001fd724e88db
user22	746	331	1271305866138	0	0	fbb82f11ac4a604001fd724e88db
user22	745	324	1271305866146	0	0	fbb82f11ac4a604001fd724e88db
user22	742	317	1271305866154	0	0	fbb82f11ac4a604001fd724e88db
user22	739	308	1271305866162	0	0	fbb82f11ac4a604001fd724e88db
user22	734	299	1271305866170	0	0	fbb82f11ac4a604001fd724e88db
user22	730	291	1271305866178	0	0	fbb82f11ac4a604001fd724e88db
user22	724	281	1271305866186	0	0	fbb82f11ac4a604001fd724e88db
user22	719	272	1271305866194	0	0	fbb82f11ac4a604001fd724e88db
user22	715	263	1271305866202	0	0	fbb82f11ac4a604001fd724e88db
user22	709	256	1271305866210	0	0	fbb82f11ac4a604001fd724e88db
user22	705	247	1271305866218	0	0	fbb82f11ac4a604001fd724e88db
user22	701	240	1271305866226	0	0	fbb82f11ac4a604001fd724e88db
user22	695	232	1271305866234	0	0	fbb82f11ac4a604001fd724e88db
user22	691	222	1271305866242	0	0	fbb82f11ac4a604001fd724e88db
user22	685	212	1271305866250	0	0	fbb82f11ac4a604001fd724e88db
user22	678	200	1271305866258	0	0	fbb82f11ac4a604001fd724e88db
user22	670	189	1271305866266	0	0	fbb82f11ac4a604001fd724e88db
user22	663	176	1271305866274	0	0	fbb82f11ac4a604001fd724e88db
user22	654	160	1271305866282	0	0	fbb82f11ac4a604001fd724e88db
user22	646	146	1271305866290	0	0	fbb82f11ac4a604001fd724e88db
user22	642	135	1271305866298	0	0	fbb82f11ac4a604001fd724e88db
user22	639	124	1271305866306	0	0	fbb82f11ac4a604001fd724e88db
user22	636	115	1271305866314	0	0	fbb82f11ac4a604001fd724e88db
user22	635	108	1271305866322	0	0	fbb82f11ac4a604001fd724e88db
user22	634	101	1271305866330	0	0	fbb82f11ac4a604001fd724e88db
user22	634	98	1271305866338	0	0	fbb82f11ac4a604001fd724e88db
user22	634	95	1271305866346	0	0	fbb82f11ac4a604001fd724e88db
user22	634	94	1271305866354	0	0	fbb82f11ac4a604001fd724e88db
user22	633	92	1271305866370	0	0	fbb82f11ac4a604001fd724e88db
user22	632	92	1271305866378	0	0	fbb82f11ac4a604001fd724e88db
user22	632	91	1271305866386	0	0	fbb82f11ac4a604001fd724e88db
user22	631	91	1271305866394	0	0	fbb82f11ac4a604001fd724e88db
user22	629	89	1271305866402	0	0	fbb82f11ac4a604001fd724e88db
user22	627	88	1271305866410	0	0	fbb82f11ac4a604001fd724e88db
user22	623	86	1271305866418	0	0	fbb82f11ac4a604001fd724e88db
user22	619	85	1271305866426	0	0	fbb82f11ac4a604001fd724e88db
user22	615	83	1271305866434	0	0	fbb82f11ac4a604001fd724e88db
user22	608	82	1271305866442	0	0	fbb82f11ac4a604001fd724e88db
user22	603	80	1271305866450	0	0	fbb82f11ac4a604001fd724e88db
user22	597	79	1271305866458	0	0	fbb82f11ac4a604001fd724e88db
user22	593	79	1271305866466	0	0	fbb82f11ac4a604001fd724e88db
user22	587	79	1271305866474	0	0	fbb82f11ac4a604001fd724e88db
user22	583	78	1271305866482	0	0	fbb82f11ac4a604001fd724e88db
user22	577	78	1271305866490	0	0	fbb82f11ac4a604001fd724e88db
user22	572	78	1271305866498	0	0	fbb82f11ac4a604001fd724e88db
user22	568	78	1271305866506	0	0	fbb82f11ac4a604001fd724e88db
user22	562	79	1271305866514	0	0	fbb82f11ac4a604001fd724e88db
user22	557	80	1271305866522	0	0	fbb82f11ac4a604001fd724e88db
user22	554	80	1271305866530	0	0	fbb82f11ac4a604001fd724e88db
user22	550	81	1271305866538	0	0	fbb82f11ac4a604001fd724e88db
user22	547	83	1271305866546	0	0	fbb82f11ac4a604001fd724e88db
user22	545	83	1271305866554	0	0	fbb82f11ac4a604001fd724e88db
user22	543	84	1271305866562	0	0	fbb82f11ac4a604001fd724e88db
user22	541	85	1271305866570	0	0	fbb82f11ac4a604001fd724e88db
user22	540	86	1271305866578	0	0	fbb82f11ac4a604001fd724e88db
user22	539	86	1271305866586	0	0	fbb82f11ac4a604001fd724e88db
user22	537	86	1271305866594	0	0	fbb82f11ac4a604001fd724e88db
user22	535	86	1271305866610	0	0	fbb82f11ac4a604001fd724e88db
user22	534	86	1271305866618	0	0	fbb82f11ac4a604001fd724e88db
user22	532	85	1271305866626	0	0	fbb82f11ac4a604001fd724e88db
user22	529	84	1271305866634	0	0	fbb82f11ac4a604001fd724e88db
user22	527	83	1271305866642	0	0	fbb82f11ac4a604001fd724e88db
user22	526	81	1271305866650	0	0	fbb82f11ac4a604001fd724e88db
user22	523	80	1271305866658	0	0	fbb82f11ac4a604001fd724e88db
user22	523	79	1271305866666	0	0	fbb82f11ac4a604001fd724e88db
user22	521	78	1271305866674	0	0	fbb82f11ac4a604001fd724e88db
user22	519	77	1271305866682	0	0	fbb82f11ac4a604001fd724e88db
user22	519	76	1271305866690	0	0	fbb82f11ac4a604001fd724e88db
user22	516	75	1271305866698	0	0	fbb82f11ac4a604001fd724e88db
user22	516	74	1271305866706	0	0	fbb82f11ac4a604001fd724e88db
user22	514	73	1271305866714	0	0	fbb82f11ac4a604001fd724e88db
user22	513	72	1271305866722	0	0	fbb82f11ac4a604001fd724e88db
user22	512	72	1271305866730	0	0	fbb82f11ac4a604001fd724e88db
user22	512	71	1271305866738	0	0	fbb82f11ac4a604001fd724e88db
user22	512	70	1271305866794	0	0	fbb82f11ac4a604001fd724e88db
user22	512	69	1271305866810	0	0	fbb82f11ac4a604001fd724e88db
user22	512	68	1271305866850	0	0	fbb82f11ac4a604001fd724e88db
user22	512	67	1271305867034	0	0	fbb82f11ac4a604001fd724e88db
user22	512	67	1271305867035	1271305866890	1271305867035	fbb82f11ac4a604001fd724e88db
user22	714	771	1271305874194	0	0	fbb82f11ac4a604001fd724e88db
user22	713	759	1271305874202	0	0	fbb82f11ac4a604001fd724e88db
user22	712	742	1271305874210	0	0	fbb82f11ac4a604001fd724e88db
user22	711	727	1271305874218	0	0	fbb82f11ac4a604001fd724e88db
user22	711	710	1271305874226	0	0	fbb82f11ac4a604001fd724e88db
user22	709	693	1271305874234	0	0	fbb82f11ac4a604001fd724e88db
user22	708	675	1271305874242	0	0	fbb82f11ac4a604001fd724e88db
user22	708	660	1271305874250	0	0	fbb82f11ac4a604001fd724e88db
user22	708	644	1271305874258	0	0	fbb82f11ac4a604001fd724e88db
user22	708	629	1271305874266	0	0	fbb82f11ac4a604001fd724e88db
user22	710	612	1271305874274	0	0	fbb82f11ac4a604001fd724e88db
user22	712	596	1271305874282	0	0	fbb82f11ac4a604001fd724e88db
user22	713	581	1271305874290	0	0	fbb82f11ac4a604001fd724e88db
user22	714	566	1271305874298	0	0	fbb82f11ac4a604001fd724e88db
user22	717	552	1271305874306	0	0	fbb82f11ac4a604001fd724e88db
user22	718	540	1271305874314	0	0	fbb82f11ac4a604001fd724e88db
user22	719	529	1271305874322	0	0	fbb82f11ac4a604001fd724e88db
user22	720	519	1271305874330	0	0	fbb82f11ac4a604001fd724e88db
user22	722	511	1271305874338	0	0	fbb82f11ac4a604001fd724e88db
user22	724	504	1271305874346	0	0	fbb82f11ac4a604001fd724e88db
user22	725	499	1271305874354	0	0	fbb82f11ac4a604001fd724e88db
user22	725	495	1271305874362	0	0	fbb82f11ac4a604001fd724e88db
user22	725	493	1271305874370	0	0	fbb82f11ac4a604001fd724e88db
user22	725	491	1271305874378	0	0	fbb82f11ac4a604001fd724e88db
user22	725	490	1271305874386	0	0	fbb82f11ac4a604001fd724e88db
user22	725	489	1271305874394	0	0	fbb82f11ac4a604001fd724e88db
user22	725	488	1271305874410	0	0	fbb82f11ac4a604001fd724e88db
user22	727	488	1271305874434	0	0	fbb82f11ac4a604001fd724e88db
user22	728	489	1271305874442	0	0	fbb82f11ac4a604001fd724e88db
user22	729	489	1271305874450	0	0	fbb82f11ac4a604001fd724e88db
user22	729	490	1271305874626	0	0	fbb82f11ac4a604001fd724e88db
user22	734	491	1271305874634	0	0	fbb82f11ac4a604001fd724e88db
user22	732	492	1271305874738	0	0	fbb82f11ac4a604001fd724e88db
user22	731	492	1271305874762	0	0	fbb82f11ac4a604001fd724e88db
user22	731	489	1271305874786	0	0	fbb82f11ac4a604001fd724e88db
user22	731	486	1271305874794	0	0	fbb82f11ac4a604001fd724e88db
user22	730	481	1271305874802	0	0	fbb82f11ac4a604001fd724e88db
user22	730	474	1271305874810	0	0	fbb82f11ac4a604001fd724e88db
user22	730	467	1271305874818	0	0	fbb82f11ac4a604001fd724e88db
user22	731	458	1271305874826	0	0	fbb82f11ac4a604001fd724e88db
user22	732	448	1271305874834	0	0	fbb82f11ac4a604001fd724e88db
user22	733	438	1271305874842	0	0	fbb82f11ac4a604001fd724e88db
user22	733	428	1271305874850	0	0	fbb82f11ac4a604001fd724e88db
user22	734	418	1271305874858	0	0	fbb82f11ac4a604001fd724e88db
user22	735	407	1271305874866	0	0	fbb82f11ac4a604001fd724e88db
user22	735	396	1271305874874	0	0	fbb82f11ac4a604001fd724e88db
user22	735	384	1271305874882	0	0	fbb82f11ac4a604001fd724e88db
user22	735	370	1271305874890	0	0	fbb82f11ac4a604001fd724e88db
user22	735	357	1271305874898	0	0	fbb82f11ac4a604001fd724e88db
user22	735	343	1271305874906	0	0	fbb82f11ac4a604001fd724e88db
user22	733	328	1271305874914	0	0	fbb82f11ac4a604001fd724e88db
user22	730	314	1271305874922	0	0	fbb82f11ac4a604001fd724e88db
user22	727	300	1271305874930	0	0	fbb82f11ac4a604001fd724e88db
user22	725	288	1271305874938	0	0	fbb82f11ac4a604001fd724e88db
user22	721	275	1271305874946	0	0	fbb82f11ac4a604001fd724e88db
user22	718	263	1271305874954	0	0	fbb82f11ac4a604001fd724e88db
user22	713	251	1271305874962	0	0	fbb82f11ac4a604001fd724e88db
user22	709	241	1271305874970	0	0	fbb82f11ac4a604001fd724e88db
user22	705	233	1271305874978	0	0	fbb82f11ac4a604001fd724e88db
user22	700	225	1271305874986	0	0	fbb82f11ac4a604001fd724e88db
user22	696	220	1271305874994	0	0	fbb82f11ac4a604001fd724e88db
user22	692	215	1271305875002	0	0	fbb82f11ac4a604001fd724e88db
user22	690	212	1271305875010	0	0	fbb82f11ac4a604001fd724e88db
user22	687	210	1271305875018	0	0	fbb82f11ac4a604001fd724e88db
user22	684	207	1271305875026	0	0	fbb82f11ac4a604001fd724e88db
user22	681	204	1271305875034	0	0	fbb82f11ac4a604001fd724e88db
user22	678	201	1271305875042	0	0	fbb82f11ac4a604001fd724e88db
user22	675	198	1271305875050	0	0	fbb82f11ac4a604001fd724e88db
user22	673	196	1271305875058	0	0	fbb82f11ac4a604001fd724e88db
user22	671	194	1271305875066	0	0	fbb82f11ac4a604001fd724e88db
user22	668	191	1271305875074	0	0	fbb82f11ac4a604001fd724e88db
user22	666	188	1271305875082	0	0	fbb82f11ac4a604001fd724e88db
user22	663	185	1271305875090	0	0	fbb82f11ac4a604001fd724e88db
user22	660	182	1271305875098	0	0	fbb82f11ac4a604001fd724e88db
user22	656	178	1271305875106	0	0	fbb82f11ac4a604001fd724e88db
user22	651	175	1271305875114	0	0	fbb82f11ac4a604001fd724e88db
user22	646	171	1271305875122	0	0	fbb82f11ac4a604001fd724e88db
user22	641	168	1271305875130	0	0	fbb82f11ac4a604001fd724e88db
user22	638	166	1271305875138	0	0	fbb82f11ac4a604001fd724e88db
user22	634	164	1271305875146	0	0	fbb82f11ac4a604001fd724e88db
user22	632	163	1271305875154	0	0	fbb82f11ac4a604001fd724e88db
user22	631	163	1271305875162	0	0	fbb82f11ac4a604001fd724e88db
user22	630	163	1271305875170	0	0	fbb82f11ac4a604001fd724e88db
user22	628	163	1271305875178	0	0	fbb82f11ac4a604001fd724e88db
user22	626	163	1271305875186	0	0	fbb82f11ac4a604001fd724e88db
user22	625	163	1271305875194	0	0	fbb82f11ac4a604001fd724e88db
user22	624	163	1271305875202	0	0	fbb82f11ac4a604001fd724e88db
user22	622	164	1271305875210	0	0	fbb82f11ac4a604001fd724e88db
user22	621	165	1271305875218	0	0	fbb82f11ac4a604001fd724e88db
user22	619	166	1271305875226	0	0	fbb82f11ac4a604001fd724e88db
user22	617	167	1271305875234	0	0	fbb82f11ac4a604001fd724e88db
user22	615	169	1271305875242	0	0	fbb82f11ac4a604001fd724e88db
user22	612	170	1271305875250	0	0	fbb82f11ac4a604001fd724e88db
user22	610	172	1271305875258	0	0	fbb82f11ac4a604001fd724e88db
user22	609	173	1271305875266	0	0	fbb82f11ac4a604001fd724e88db
user22	606	173	1271305875274	0	0	fbb82f11ac4a604001fd724e88db
user22	605	175	1271305875282	0	0	fbb82f11ac4a604001fd724e88db
user22	603	175	1271305875290	0	0	fbb82f11ac4a604001fd724e88db
user22	602	176	1271305875298	0	0	fbb82f11ac4a604001fd724e88db
user22	601	177	1271305875306	0	0	fbb82f11ac4a604001fd724e88db
user22	600	177	1271305875322	0	0	fbb82f11ac4a604001fd724e88db
user22	600	178	1271305875330	0	0	fbb82f11ac4a604001fd724e88db
user22	599	179	1271305875346	0	0	fbb82f11ac4a604001fd724e88db
user22	598	179	1271305875362	0	0	fbb82f11ac4a604001fd724e88db
user22	598	178	1271305875474	0	0	fbb82f11ac4a604001fd724e88db
user22	599	178	1271305875490	0	0	fbb82f11ac4a604001fd724e88db
user22	599	177	1271305875498	0	0	fbb82f11ac4a604001fd724e88db
user22	600	177	1271305875506	0	0	fbb82f11ac4a604001fd724e88db
user22	601	177	1271305875514	0	0	fbb82f11ac4a604001fd724e88db
user22	602	176	1271305875522	0	0	fbb82f11ac4a604001fd724e88db
user22	603	176	1271305875530	0	0	fbb82f11ac4a604001fd724e88db
user22	604	175	1271305875538	0	0	fbb82f11ac4a604001fd724e88db
user22	605	175	1271305875554	0	0	fbb82f11ac4a604001fd724e88db
user22	607	175	1271305875562	0	0	fbb82f11ac4a604001fd724e88db
user22	608	175	1271305875570	0	0	fbb82f11ac4a604001fd724e88db
user22	609	175	1271305875578	0	0	fbb82f11ac4a604001fd724e88db
user22	610	175	1271305875585	0	0	fbb82f11ac4a604001fd724e88db
user22	611	174	1271305875593	0	0	fbb82f11ac4a604001fd724e88db
user22	613	173	1271305875610	0	0	fbb82f11ac4a604001fd724e88db
user22	614	173	1271305875626	0	0	fbb82f11ac4a604001fd724e88db
user22	615	173	1271305875706	0	0	fbb82f11ac4a604001fd724e88db
user22	615	173	1271305875842	1271305875706	1271305875842	fbb82f11ac4a604001fd724e88db
user22	605	199	1271305880026	0	0	fbb82f11ac4a604001fd724e88db
user22	605	198	1271305880058	0	0	fbb82f11ac4a604001fd724e88db
user22	605	197	1271305880074	0	0	fbb82f11ac4a604001fd724e88db
user22	606	197	1271305880170	0	0	fbb82f11ac4a604001fd724e88db
user22	606	196	1271305880610	0	0	fbb82f11ac4a604001fd724e88db
user22	606	195	1271305880625	0	0	fbb82f11ac4a604001fd724e88db
user22	606	194	1271305880641	0	0	fbb82f11ac4a604001fd724e88db
user22	606	193	1271305880657	0	0	fbb82f11ac4a604001fd724e88db
user22	606	192	1271305880673	0	0	fbb82f11ac4a604001fd724e88db
user22	606	191	1271305880689	0	0	fbb82f11ac4a604001fd724e88db
user22	606	190	1271305880721	0	0	fbb82f11ac4a604001fd724e88db
user22	606	189	1271305880762	0	0	fbb82f11ac4a604001fd724e88db
user22	606	188	1271305881138	0	0	fbb82f11ac4a604001fd724e88db
user22	606	187	1271305881266	0	0	fbb82f11ac4a604001fd724e88db
user22	607	187	1271305881306	0	0	fbb82f11ac4a604001fd724e88db
user22	607	186	1271305881338	0	0	fbb82f11ac4a604001fd724e88db
user22	608	185	1271305881386	0	0	fbb82f11ac4a604001fd724e88db
user22	608	184	1271305881426	0	0	fbb82f11ac4a604001fd724e88db
user22	609	183	1271305881458	0	0	fbb82f11ac4a604001fd724e88db
user22	610	181	1271305881574	0	0	fbb82f11ac4a604001fd724e88db
user22	610	180	1271305881578	0	0	fbb82f11ac4a604001fd724e88db
user22	610	179	1271305881593	0	0	fbb82f11ac4a604001fd724e88db
user22	610	178	1271305881610	0	0	fbb82f11ac4a604001fd724e88db
user22	610	177	1271305881625	0	0	fbb82f11ac4a604001fd724e88db
user22	609	177	1271305881641	0	0	fbb82f11ac4a604001fd724e88db
user22	609	176	1271305881665	0	0	fbb82f11ac4a604001fd724e88db
user22	608	175	1271305881690	0	0	fbb82f11ac4a604001fd724e88db
user22	607	175	1271305881705	0	0	fbb82f11ac4a604001fd724e88db
user22	605	175	1271305881722	0	0	fbb82f11ac4a604001fd724e88db
user22	604	175	1271305881738	0	0	fbb82f11ac4a604001fd724e88db
user22	602	175	1271305881753	0	0	fbb82f11ac4a604001fd724e88db
user22	601	175	1271305881785	0	0	fbb82f11ac4a604001fd724e88db
user22	601	176	1271305881946	0	0	fbb82f11ac4a604001fd724e88db
user22	602	176	1271305881969	0	0	fbb82f11ac4a604001fd724e88db
user22	603	176	1271305881985	0	0	fbb82f11ac4a604001fd724e88db
user22	604	176	1271305882001	0	0	fbb82f11ac4a604001fd724e88db
user22	605	176	1271305882033	0	0	fbb82f11ac4a604001fd724e88db
user22	606	176	1271305882049	0	0	fbb82f11ac4a604001fd724e88db
user22	607	176	1271305882073	0	0	fbb82f11ac4a604001fd724e88db
user22	607	176	1271305882306	1271305882194	1271305882306	fbb82f11ac4a604001fd724e88db
user22	610	165	1271305885426	1271305885290	1271305885426	fbb82f11ac4a604001fd724e88db
user22	610	165	1271305887498	1271305887346	1271305887498	fbb82f11ac4a604001fd724e88db
user22	612	165	1271305896721	0	0	fbb82f11ac4a604001fd724e88db
user22	614	165	1271305896729	0	0	fbb82f11ac4a604001fd724e88db
user22	618	166	1271305896737	0	0	fbb82f11ac4a604001fd724e88db
user22	626	168	1271305896745	0	0	fbb82f11ac4a604001fd724e88db
user22	634	170	1271305896753	0	0	fbb82f11ac4a604001fd724e88db
user22	645	174	1271305896761	0	0	fbb82f11ac4a604001fd724e88db
user22	656	177	1271305896769	0	0	fbb82f11ac4a604001fd724e88db
user22	668	179	1271305896777	0	0	fbb82f11ac4a604001fd724e88db
user22	680	183	1271305896785	0	0	fbb82f11ac4a604001fd724e88db
user22	691	186	1271305896793	0	0	fbb82f11ac4a604001fd724e88db
user22	702	188	1271305896801	0	0	fbb82f11ac4a604001fd724e88db
user22	714	192	1271305896809	0	0	fbb82f11ac4a604001fd724e88db
user22	725	194	1271305896817	0	0	fbb82f11ac4a604001fd724e88db
user22	733	196	1271305896825	0	0	fbb82f11ac4a604001fd724e88db
user22	742	198	1271305896833	0	0	fbb82f11ac4a604001fd724e88db
user22	749	199	1271305896841	0	0	fbb82f11ac4a604001fd724e88db
user22	756	201	1271305896849	0	0	fbb82f11ac4a604001fd724e88db
user22	762	203	1271305896857	0	0	fbb82f11ac4a604001fd724e88db
user22	766	204	1271305896865	0	0	fbb82f11ac4a604001fd724e88db
user22	771	206	1271305896873	0	0	fbb82f11ac4a604001fd724e88db
user22	774	207	1271305896881	0	0	fbb82f11ac4a604001fd724e88db
user22	776	208	1271305896889	0	0	fbb82f11ac4a604001fd724e88db
user22	778	208	1271305896897	0	0	fbb82f11ac4a604001fd724e88db
user22	780	209	1271305896905	0	0	fbb82f11ac4a604001fd724e88db
user22	782	210	1271305896913	0	0	fbb82f11ac4a604001fd724e88db
user22	784	210	1271305896921	0	0	fbb82f11ac4a604001fd724e88db
user22	785	211	1271305896929	0	0	fbb82f11ac4a604001fd724e88db
user22	785	212	1271305896937	0	0	fbb82f11ac4a604001fd724e88db
user22	786	212	1271305896945	0	0	fbb82f11ac4a604001fd724e88db
user22	786	213	1271305896985	0	0	fbb82f11ac4a604001fd724e88db
user22	785	213	1271305896993	0	0	fbb82f11ac4a604001fd724e88db
user22	783	213	1271305897009	0	0	fbb82f11ac4a604001fd724e88db
user22	782	213	1271305897017	0	0	fbb82f11ac4a604001fd724e88db
user22	780	213	1271305897033	0	0	fbb82f11ac4a604001fd724e88db
user22	780	214	1271305897105	0	0	fbb82f11ac4a604001fd724e88db
user22	780	215	1271305897113	0	0	fbb82f11ac4a604001fd724e88db
user22	781	216	1271305897121	0	0	fbb82f11ac4a604001fd724e88db
user22	781	217	1271305897129	0	0	fbb82f11ac4a604001fd724e88db
user22	782	217	1271305897137	0	0	fbb82f11ac4a604001fd724e88db
user22	784	218	1271305897233	0	0	fbb82f11ac4a604001fd724e88db
user22	785	219	1271305897465	0	0	fbb82f11ac4a604001fd724e88db
user22	790	219	1271305897577	0	0	fbb82f11ac4a604001fd724e88db
user22	791	217	1271305897585	0	0	fbb82f11ac4a604001fd724e88db
user22	792	217	1271305897593	0	0	fbb82f11ac4a604001fd724e88db
user22	794	216	1271305897601	0	0	fbb82f11ac4a604001fd724e88db
user22	796	215	1271305897609	0	0	fbb82f11ac4a604001fd724e88db
user22	797	215	1271305897617	0	0	fbb82f11ac4a604001fd724e88db
user22	798	213	1271305897625	0	0	fbb82f11ac4a604001fd724e88db
user22	800	212	1271305897641	0	0	fbb82f11ac4a604001fd724e88db
user22	800	211	1271305897649	0	0	fbb82f11ac4a604001fd724e88db
user22	801	210	1271305897657	0	0	fbb82f11ac4a604001fd724e88db
user22	801	209	1271305897665	0	0	fbb82f11ac4a604001fd724e88db
user22	801	207	1271305897673	0	0	fbb82f11ac4a604001fd724e88db
user22	801	205	1271305897681	0	0	fbb82f11ac4a604001fd724e88db
user22	800	202	1271305897689	0	0	fbb82f11ac4a604001fd724e88db
user22	799	200	1271305897697	0	0	fbb82f11ac4a604001fd724e88db
user22	798	197	1271305897705	0	0	fbb82f11ac4a604001fd724e88db
user22	796	195	1271305897713	0	0	fbb82f11ac4a604001fd724e88db
user22	794	191	1271305897721	0	0	fbb82f11ac4a604001fd724e88db
user22	791	188	1271305897729	0	0	fbb82f11ac4a604001fd724e88db
user22	788	184	1271305897737	0	0	fbb82f11ac4a604001fd724e88db
user22	785	180	1271305897745	0	0	fbb82f11ac4a604001fd724e88db
user22	781	177	1271305897753	0	0	fbb82f11ac4a604001fd724e88db
user22	777	174	1271305897761	0	0	fbb82f11ac4a604001fd724e88db
user22	773	171	1271305897769	0	0	fbb82f11ac4a604001fd724e88db
user22	768	168	1271305897777	0	0	fbb82f11ac4a604001fd724e88db
user22	763	165	1271305897785	0	0	fbb82f11ac4a604001fd724e88db
user22	760	164	1271305897793	0	0	fbb82f11ac4a604001fd724e88db
user22	756	162	1271305897801	0	0	fbb82f11ac4a604001fd724e88db
user22	753	159	1271305897809	0	0	fbb82f11ac4a604001fd724e88db
user22	748	156	1271305897817	0	0	fbb82f11ac4a604001fd724e88db
user22	745	155	1271305897825	0	0	fbb82f11ac4a604001fd724e88db
user22	741	153	1271305897833	0	0	fbb82f11ac4a604001fd724e88db
user22	737	151	1271305897841	0	0	fbb82f11ac4a604001fd724e88db
user22	731	148	1271305897849	0	0	fbb82f11ac4a604001fd724e88db
user22	726	146	1271305897857	0	0	fbb82f11ac4a604001fd724e88db
user22	721	144	1271305897865	0	0	fbb82f11ac4a604001fd724e88db
user22	715	142	1271305897873	0	0	fbb82f11ac4a604001fd724e88db
user22	710	139	1271305897881	0	0	fbb82f11ac4a604001fd724e88db
user22	705	137	1271305897889	0	0	fbb82f11ac4a604001fd724e88db
user22	699	134	1271305897897	0	0	fbb82f11ac4a604001fd724e88db
user22	694	131	1271305897905	0	0	fbb82f11ac4a604001fd724e88db
user22	687	129	1271305897913	0	0	fbb82f11ac4a604001fd724e88db
user22	680	126	1271305897921	0	0	fbb82f11ac4a604001fd724e88db
user22	673	124	1271305897929	0	0	fbb82f11ac4a604001fd724e88db
user22	667	122	1271305897937	0	0	fbb82f11ac4a604001fd724e88db
user22	661	120	1271305897945	0	0	fbb82f11ac4a604001fd724e88db
user22	656	118	1271305897953	0	0	fbb82f11ac4a604001fd724e88db
user22	650	118	1271305897961	0	0	fbb82f11ac4a604001fd724e88db
user22	647	117	1271305897969	0	0	fbb82f11ac4a604001fd724e88db
user22	644	117	1271305897977	0	0	fbb82f11ac4a604001fd724e88db
user22	641	117	1271305897985	0	0	fbb82f11ac4a604001fd724e88db
user22	638	118	1271305897993	0	0	fbb82f11ac4a604001fd724e88db
user22	635	120	1271305898001	0	0	fbb82f11ac4a604001fd724e88db
user22	633	122	1271305898009	0	0	fbb82f11ac4a604001fd724e88db
user22	629	124	1271305898017	0	0	fbb82f11ac4a604001fd724e88db
user22	626	128	1271305898025	0	0	fbb82f11ac4a604001fd724e88db
user22	623	130	1271305898033	0	0	fbb82f11ac4a604001fd724e88db
user22	620	132	1271305898041	0	0	fbb82f11ac4a604001fd724e88db
user22	618	134	1271305898049	0	0	fbb82f11ac4a604001fd724e88db
user22	615	136	1271305898057	0	0	fbb82f11ac4a604001fd724e88db
user22	613	137	1271305898065	0	0	fbb82f11ac4a604001fd724e88db
user22	612	138	1271305898073	0	0	fbb82f11ac4a604001fd724e88db
user22	610	139	1271305898081	0	0	fbb82f11ac4a604001fd724e88db
user22	609	139	1271305898089	0	0	fbb82f11ac4a604001fd724e88db
user22	608	140	1271305898097	0	0	fbb82f11ac4a604001fd724e88db
user22	607	141	1271305898105	0	0	fbb82f11ac4a604001fd724e88db
user22	605	141	1271305898113	0	0	fbb82f11ac4a604001fd724e88db
user22	605	142	1271305898121	0	0	fbb82f11ac4a604001fd724e88db
user22	604	143	1271305898129	0	0	fbb82f11ac4a604001fd724e88db
user22	603	143	1271305898137	0	0	fbb82f11ac4a604001fd724e88db
user22	602	143	1271305898145	0	0	fbb82f11ac4a604001fd724e88db
user22	602	144	1271305898161	0	0	fbb82f11ac4a604001fd724e88db
user22	601	144	1271305898169	0	0	fbb82f11ac4a604001fd724e88db
user22	600	144	1271305898185	0	0	fbb82f11ac4a604001fd724e88db
user22	599	146	1271305898209	0	0	fbb82f11ac4a604001fd724e88db
user22	598	148	1271305898225	0	0	fbb82f11ac4a604001fd724e88db
user22	597	149	1271305898233	0	0	fbb82f11ac4a604001fd724e88db
user22	597	150	1271305898241	0	0	fbb82f11ac4a604001fd724e88db
user22	597	153	1271305898249	0	0	fbb82f11ac4a604001fd724e88db
user22	596	155	1271305898257	0	0	fbb82f11ac4a604001fd724e88db
user22	596	157	1271305898265	0	0	fbb82f11ac4a604001fd724e88db
user22	595	159	1271305898273	0	0	fbb82f11ac4a604001fd724e88db
user22	595	161	1271305898281	0	0	fbb82f11ac4a604001fd724e88db
user22	595	163	1271305898289	0	0	fbb82f11ac4a604001fd724e88db
user22	594	165	1271305898297	0	0	fbb82f11ac4a604001fd724e88db
user22	594	166	1271305898305	0	0	fbb82f11ac4a604001fd724e88db
user22	594	168	1271305898313	0	0	fbb82f11ac4a604001fd724e88db
user22	594	169	1271305898321	0	0	fbb82f11ac4a604001fd724e88db
user22	595	171	1271305898329	0	0	fbb82f11ac4a604001fd724e88db
user22	595	172	1271305898337	0	0	fbb82f11ac4a604001fd724e88db
user22	596	172	1271305898345	0	0	fbb82f11ac4a604001fd724e88db
user22	597	173	1271305898369	0	0	fbb82f11ac4a604001fd724e88db
user22	597	173	1271305898585	1271305898465	1271305898585	fbb82f11ac4a604001fd724e88db
user22	626	181	1271305905321	0	0	fbb82f11ac4a604001fd724e88db
user22	625	181	1271305905329	0	0	fbb82f11ac4a604001fd724e88db
user22	624	181	1271305905345	0	0	fbb82f11ac4a604001fd724e88db
user22	623	182	1271305905361	0	0	fbb82f11ac4a604001fd724e88db
user22	621	183	1271305905377	0	0	fbb82f11ac4a604001fd724e88db
user22	619	184	1271305905401	0	0	fbb82f11ac4a604001fd724e88db
user22	618	184	1271305905449	0	0	fbb82f11ac4a604001fd724e88db
user22	621	184	1271305905473	0	0	fbb82f11ac4a604001fd724e88db
user22	625	184	1271305905649	0	0	fbb82f11ac4a604001fd724e88db
user22	626	184	1271305905657	0	0	fbb82f11ac4a604001fd724e88db
user22	627	184	1271305905681	0	0	fbb82f11ac4a604001fd724e88db
user22	626	183	1271305905889	0	0	fbb82f11ac4a604001fd724e88db
user22	626	182	1271305905937	0	0	fbb82f11ac4a604001fd724e88db
user22	625	181	1271305905977	0	0	fbb82f11ac4a604001fd724e88db
user22	624	181	1271305905993	0	0	fbb82f11ac4a604001fd724e88db
user22	623	180	1271305906000	0	0	fbb82f11ac4a604001fd724e88db
user22	622	179	1271305906009	0	0	fbb82f11ac4a604001fd724e88db
user22	621	177	1271305906017	0	0	fbb82f11ac4a604001fd724e88db
user22	618	176	1271305906024	0	0	fbb82f11ac4a604001fd724e88db
user22	616	174	1271305906033	0	0	fbb82f11ac4a604001fd724e88db
user22	614	173	1271305906041	0	0	fbb82f11ac4a604001fd724e88db
user22	611	171	1271305906049	0	0	fbb82f11ac4a604001fd724e88db
user22	610	169	1271305906057	0	0	fbb82f11ac4a604001fd724e88db
user22	608	167	1271305906065	0	0	fbb82f11ac4a604001fd724e88db
user22	606	165	1271305906073	0	0	fbb82f11ac4a604001fd724e88db
user22	604	164	1271305906081	0	0	fbb82f11ac4a604001fd724e88db
user22	601	161	1271305906089	0	0	fbb82f11ac4a604001fd724e88db
user22	599	159	1271305906097	0	0	fbb82f11ac4a604001fd724e88db
user22	597	157	1271305906105	0	0	fbb82f11ac4a604001fd724e88db
user22	594	155	1271305906113	0	0	fbb82f11ac4a604001fd724e88db
user22	592	153	1271305906121	0	0	fbb82f11ac4a604001fd724e88db
user22	589	152	1271305906129	0	0	fbb82f11ac4a604001fd724e88db
user22	586	150	1271305906137	0	0	fbb82f11ac4a604001fd724e88db
user22	584	149	1271305906144	0	0	fbb82f11ac4a604001fd724e88db
user22	582	147	1271305906153	0	0	fbb82f11ac4a604001fd724e88db
user22	577	145	1271305906160	0	0	fbb82f11ac4a604001fd724e88db
user22	574	143	1271305906169	0	0	fbb82f11ac4a604001fd724e88db
user22	571	141	1271305906177	0	0	fbb82f11ac4a604001fd724e88db
user22	566	138	1271305906184	0	0	fbb82f11ac4a604001fd724e88db
user22	561	135	1271305906192	0	0	fbb82f11ac4a604001fd724e88db
user22	558	134	1271305906201	0	0	fbb82f11ac4a604001fd724e88db
user22	553	131	1271305906209	0	0	fbb82f11ac4a604001fd724e88db
user22	547	128	1271305906217	0	0	fbb82f11ac4a604001fd724e88db
user22	541	126	1271305906225	0	0	fbb82f11ac4a604001fd724e88db
user22	537	123	1271305906233	0	0	fbb82f11ac4a604001fd724e88db
user22	533	121	1271305906240	0	0	fbb82f11ac4a604001fd724e88db
user22	528	119	1271305906248	0	0	fbb82f11ac4a604001fd724e88db
user22	525	117	1271305906257	0	0	fbb82f11ac4a604001fd724e88db
user22	521	116	1271305906265	0	0	fbb82f11ac4a604001fd724e88db
user22	518	114	1271305906273	0	0	fbb82f11ac4a604001fd724e88db
user22	516	113	1271305906281	0	0	fbb82f11ac4a604001fd724e88db
user22	513	111	1271305906288	0	0	fbb82f11ac4a604001fd724e88db
user22	510	109	1271305906297	0	0	fbb82f11ac4a604001fd724e88db
user22	508	107	1271305906304	0	0	fbb82f11ac4a604001fd724e88db
user22	506	106	1271305906313	0	0	fbb82f11ac4a604001fd724e88db
user22	502	103	1271305906321	0	0	fbb82f11ac4a604001fd724e88db
user22	500	102	1271305906329	0	0	fbb82f11ac4a604001fd724e88db
user22	497	99	1271305906336	0	0	fbb82f11ac4a604001fd724e88db
user22	493	97	1271305906345	0	0	fbb82f11ac4a604001fd724e88db
user22	491	95	1271305906353	0	0	fbb82f11ac4a604001fd724e88db
user22	487	92	1271305906361	0	0	fbb82f11ac4a604001fd724e88db
user22	485	91	1271305906369	0	0	fbb82f11ac4a604001fd724e88db
user22	483	89	1271305906376	0	0	fbb82f11ac4a604001fd724e88db
user22	480	88	1271305906384	0	0	fbb82f11ac4a604001fd724e88db
user22	479	86	1271305906393	0	0	fbb82f11ac4a604001fd724e88db
user22	477	85	1271305906401	0	0	fbb82f11ac4a604001fd724e88db
user22	476	84	1271305906409	0	0	fbb82f11ac4a604001fd724e88db
user22	475	84	1271305906417	0	0	fbb82f11ac4a604001fd724e88db
user22	473	83	1271305906425	0	0	fbb82f11ac4a604001fd724e88db
user22	473	82	1271305906433	0	0	fbb82f11ac4a604001fd724e88db
user22	472	82	1271305906441	0	0	fbb82f11ac4a604001fd724e88db
user22	471	81	1271305906449	0	0	fbb82f11ac4a604001fd724e88db
user22	470	81	1271305906457	0	0	fbb82f11ac4a604001fd724e88db
user22	469	80	1271305906465	0	0	fbb82f11ac4a604001fd724e88db
user22	468	80	1271305906473	0	0	fbb82f11ac4a604001fd724e88db
user22	467	79	1271305906489	0	0	fbb82f11ac4a604001fd724e88db
user22	466	79	1271305906497	0	0	fbb82f11ac4a604001fd724e88db
user22	466	78	1271305906513	0	0	fbb82f11ac4a604001fd724e88db
user22	465	77	1271305906520	0	0	fbb82f11ac4a604001fd724e88db
user22	464	76	1271305906545	0	0	fbb82f11ac4a604001fd724e88db
user22	463	75	1271305906569	0	0	fbb82f11ac4a604001fd724e88db
user22	462	74	1271305906593	0	0	fbb82f11ac4a604001fd724e88db
user22	463	73	1271305906665	0	0	fbb82f11ac4a604001fd724e88db
user22	467	72	1271305906672	0	0	fbb82f11ac4a604001fd724e88db
user22	470	72	1271305906680	0	0	fbb82f11ac4a604001fd724e88db
user22	476	70	1271305906689	0	0	fbb82f11ac4a604001fd724e88db
user22	483	69	1271305906696	0	0	fbb82f11ac4a604001fd724e88db
user22	490	67	1271305906705	0	0	fbb82f11ac4a604001fd724e88db
user22	498	65	1271305906713	0	0	fbb82f11ac4a604001fd724e88db
user22	508	62	1271305906720	0	0	fbb82f11ac4a604001fd724e88db
user22	516	61	1271305906729	0	0	fbb82f11ac4a604001fd724e88db
user22	527	60	1271305906737	0	0	fbb82f11ac4a604001fd724e88db
user22	537	59	1271305906745	0	0	fbb82f11ac4a604001fd724e88db
user22	547	58	1271305906753	0	0	fbb82f11ac4a604001fd724e88db
user22	556	58	1271305906760	0	0	fbb82f11ac4a604001fd724e88db
user22	565	57	1271305906768	0	0	fbb82f11ac4a604001fd724e88db
user22	572	57	1271305906776	0	0	fbb82f11ac4a604001fd724e88db
user22	578	57	1271305906784	0	0	fbb82f11ac4a604001fd724e88db
user22	584	56	1271305906793	0	0	fbb82f11ac4a604001fd724e88db
user22	588	56	1271305906801	0	0	fbb82f11ac4a604001fd724e88db
user22	593	55	1271305906808	0	0	fbb82f11ac4a604001fd724e88db
user22	596	55	1271305906816	0	0	fbb82f11ac4a604001fd724e88db
user22	598	55	1271305906824	0	0	fbb82f11ac4a604001fd724e88db
user22	599	55	1271305906833	0	0	fbb82f11ac4a604001fd724e88db
user22	602	55	1271305906841	0	0	fbb82f11ac4a604001fd724e88db
user22	603	55	1271305906857	0	0	fbb82f11ac4a604001fd724e88db
user22	604	54	1271305906864	0	0	fbb82f11ac4a604001fd724e88db
user22	605	54	1271305906873	0	0	fbb82f11ac4a604001fd724e88db
user22	606	54	1271305906889	0	0	fbb82f11ac4a604001fd724e88db
user22	608	54	1271305906945	0	0	fbb82f11ac4a604001fd724e88db
user22	610	54	1271305906961	0	0	fbb82f11ac4a604001fd724e88db
user22	612	54	1271305906969	0	0	fbb82f11ac4a604001fd724e88db
user22	614	54	1271305906976	0	0	fbb82f11ac4a604001fd724e88db
user22	618	54	1271305906985	0	0	fbb82f11ac4a604001fd724e88db
user22	623	55	1271305906993	0	0	fbb82f11ac4a604001fd724e88db
user22	627	56	1271305907001	0	0	fbb82f11ac4a604001fd724e88db
user22	634	57	1271305907009	0	0	fbb82f11ac4a604001fd724e88db
user22	642	58	1271305907017	0	0	fbb82f11ac4a604001fd724e88db
user22	655	60	1271305907024	0	0	fbb82f11ac4a604001fd724e88db
user22	669	62	1271305907032	0	0	fbb82f11ac4a604001fd724e88db
user22	688	66	1271305907040	0	0	fbb82f11ac4a604001fd724e88db
user22	712	69	1271305907049	0	0	fbb82f11ac4a604001fd724e88db
user22	736	74	1271305907057	0	0	fbb82f11ac4a604001fd724e88db
user22	760	78	1271305907065	0	0	fbb82f11ac4a604001fd724e88db
user22	785	84	1271305907072	0	0	fbb82f11ac4a604001fd724e88db
user22	807	90	1271305907081	0	0	fbb82f11ac4a604001fd724e88db
user22	826	94	1271305907089	0	0	fbb82f11ac4a604001fd724e88db
user22	840	98	1271305907097	0	0	fbb82f11ac4a604001fd724e88db
user22	853	101	1271305907105	0	0	fbb82f11ac4a604001fd724e88db
user22	861	103	1271305907113	0	0	fbb82f11ac4a604001fd724e88db
user22	867	104	1271305907121	0	0	fbb82f11ac4a604001fd724e88db
user22	870	104	1271305907129	0	0	fbb82f11ac4a604001fd724e88db
user22	871	104	1271305907137	0	0	fbb82f11ac4a604001fd724e88db
user22	869	104	1271305907169	0	0	fbb82f11ac4a604001fd724e88db
user22	864	102	1271305907176	0	0	fbb82f11ac4a604001fd724e88db
user22	857	99	1271305907185	0	0	fbb82f11ac4a604001fd724e88db
user22	848	95	1271305907193	0	0	fbb82f11ac4a604001fd724e88db
user22	837	91	1271305907201	0	0	fbb82f11ac4a604001fd724e88db
user22	825	87	1271305907209	0	0	fbb82f11ac4a604001fd724e88db
user22	809	83	1271305907216	0	0	fbb82f11ac4a604001fd724e88db
user22	792	78	1271305907224	0	0	fbb82f11ac4a604001fd724e88db
user22	773	74	1271305907233	0	0	fbb82f11ac4a604001fd724e88db
user22	756	70	1271305907241	0	0	fbb82f11ac4a604001fd724e88db
user22	740	66	1271305907249	0	0	fbb82f11ac4a604001fd724e88db
user22	726	63	1271305907256	0	0	fbb82f11ac4a604001fd724e88db
user22	714	62	1271305907264	0	0	fbb82f11ac4a604001fd724e88db
user22	703	59	1271305907273	0	0	fbb82f11ac4a604001fd724e88db
user22	690	58	1271305907281	0	0	fbb82f11ac4a604001fd724e88db
user22	681	57	1271305907289	0	0	fbb82f11ac4a604001fd724e88db
user22	672	56	1271305907297	0	0	fbb82f11ac4a604001fd724e88db
user22	664	56	1271305907304	0	0	fbb82f11ac4a604001fd724e88db
user22	656	56	1271305907312	0	0	fbb82f11ac4a604001fd724e88db
user22	650	56	1271305907321	0	0	fbb82f11ac4a604001fd724e88db
user22	645	56	1271305907329	0	0	fbb82f11ac4a604001fd724e88db
user22	641	56	1271305907337	0	0	fbb82f11ac4a604001fd724e88db
user22	638	56	1271305907345	0	0	fbb82f11ac4a604001fd724e88db
user22	634	56	1271305907353	0	0	fbb82f11ac4a604001fd724e88db
user22	631	57	1271305907361	0	0	fbb82f11ac4a604001fd724e88db
user22	629	57	1271305907368	0	0	fbb82f11ac4a604001fd724e88db
user22	627	57	1271305907376	0	0	fbb82f11ac4a604001fd724e88db
user22	625	57	1271305907384	0	0	fbb82f11ac4a604001fd724e88db
user22	624	57	1271305907392	0	0	fbb82f11ac4a604001fd724e88db
user22	623	57	1271305907400	0	0	fbb82f11ac4a604001fd724e88db
user22	622	57	1271305907408	0	0	fbb82f11ac4a604001fd724e88db
user22	621	57	1271305907416	0	0	fbb82f11ac4a604001fd724e88db
user22	620	57	1271305907424	0	0	fbb82f11ac4a604001fd724e88db
user22	619	57	1271305907433	0	0	fbb82f11ac4a604001fd724e88db
user22	617	57	1271305907440	0	0	fbb82f11ac4a604001fd724e88db
user22	616	57	1271305907449	0	0	fbb82f11ac4a604001fd724e88db
user22	614	57	1271305907456	0	0	fbb82f11ac4a604001fd724e88db
user22	611	57	1271305907464	0	0	fbb82f11ac4a604001fd724e88db
user22	608	57	1271305907472	0	0	fbb82f11ac4a604001fd724e88db
user22	606	56	1271305907481	0	0	fbb82f11ac4a604001fd724e88db
user22	603	55	1271305907489	0	0	fbb82f11ac4a604001fd724e88db
user22	599	55	1271305907496	0	0	fbb82f11ac4a604001fd724e88db
user22	595	53	1271305907504	0	0	fbb82f11ac4a604001fd724e88db
user22	592	53	1271305907512	0	0	fbb82f11ac4a604001fd724e88db
user22	588	52	1271305907521	0	0	fbb82f11ac4a604001fd724e88db
user22	582	51	1271305907529	0	0	fbb82f11ac4a604001fd724e88db
user22	578	50	1271305907536	0	0	fbb82f11ac4a604001fd724e88db
user22	573	49	1271305907544	0	0	fbb82f11ac4a604001fd724e88db
user22	570	48	1271305907552	0	0	fbb82f11ac4a604001fd724e88db
user22	567	48	1271305907560	0	0	fbb82f11ac4a604001fd724e88db
user22	566	48	1271305907569	0	0	fbb82f11ac4a604001fd724e88db
user22	565	48	1271305907577	0	0	fbb82f11ac4a604001fd724e88db
user22	565	48	1271305907769	1271305907633	1271305907769	fbb82f11ac4a604001fd724e88db
