User	X	Y	MouseTimeStamp	MouseDownTimeStamp	MouseUpTimeStamp	SessionID
user20	278	326	1272048584481	0	0	c00e9fe8c50b2009efbf7a8c6caf
user20	283	328	1272048584489	0	0	c00e9fe8c50b2009efbf7a8c6caf
user20	291	330	1272048584497	0	0	c00e9fe8c50b2009efbf7a8c6caf
user20	300	330	1272048584504	0	0	c00e9fe8c50b2009efbf7a8c6caf
user20	306	330	1272048584513	0	0	c00e9fe8c50b2009efbf7a8c6caf
user20	308	330	1272048584520	0	0	c00e9fe8c50b2009efbf7a8c6caf
user20	308	329	1272048584528	0	0	c00e9fe8c50b2009efbf7a8c6caf
user20	725	93	1272048584646	0	0	c00e9fe8c50b2009efbf7a8c6caf
user20	845	74	1272048584676	0	0	c00e9fe8c50b2009efbf7a8c6caf
user20	862	72	1272048584680	0	0	c00e9fe8c50b2009efbf7a8c6caf
user20	871	72	1272048584689	0	0	c00e9fe8c50b2009efbf7a8c6caf
user20	875	72	1272048584696	0	0	c00e9fe8c50b2009efbf7a8c6caf
user20	878	73	1272048584705	0	0	c00e9fe8c50b2009efbf7a8c6caf
user20	878	74	1272048584712	0	0	c00e9fe8c50b2009efbf7a8c6caf
user20	878	75	1272048584737	0	0	c00e9fe8c50b2009efbf7a8c6caf
user20	878	78	1272048584745	0	0	c00e9fe8c50b2009efbf7a8c6caf
user20	878	80	1272048584753	0	0	c00e9fe8c50b2009efbf7a8c6caf
user20	878	84	1272048584761	0	0	c00e9fe8c50b2009efbf7a8c6caf
user20	879	89	1272048584768	0	0	c00e9fe8c50b2009efbf7a8c6caf
user20	880	97	1272048584776	0	0	c00e9fe8c50b2009efbf7a8c6caf
user20	880	102	1272048584784	0	0	c00e9fe8c50b2009efbf7a8c6caf
user20	880	109	1272048584793	0	0	c00e9fe8c50b2009efbf7a8c6caf
user20	883	117	1272048584801	0	0	c00e9fe8c50b2009efbf7a8c6caf
user20	884	122	1272048584809	0	0	c00e9fe8c50b2009efbf7a8c6caf
user20	884	129	1272048584817	0	0	c00e9fe8c50b2009efbf7a8c6caf
user20	884	137	1272048584825	0	0	c00e9fe8c50b2009efbf7a8c6caf
user20	884	148	1272048584833	0	0	c00e9fe8c50b2009efbf7a8c6caf
user20	884	162	1272048584841	0	0	c00e9fe8c50b2009efbf7a8c6caf
user20	884	176	1272048584849	0	0	c00e9fe8c50b2009efbf7a8c6caf
user20	884	193	1272048584857	0	0	c00e9fe8c50b2009efbf7a8c6caf
user20	884	211	1272048584865	0	0	c00e9fe8c50b2009efbf7a8c6caf
user20	889	233	1272048584873	0	0	c00e9fe8c50b2009efbf7a8c6caf
user20	901	252	1272048584881	0	0	c00e9fe8c50b2009efbf7a8c6caf
user20	913	270	1272048584889	0	0	c00e9fe8c50b2009efbf7a8c6caf
user20	926	283	1272048584897	0	0	c00e9fe8c50b2009efbf7a8c6caf
user20	937	296	1272048584905	0	0	c00e9fe8c50b2009efbf7a8c6caf
user20	945	302	1272048584913	0	0	c00e9fe8c50b2009efbf7a8c6caf
user20	951	307	1272048584921	0	0	c00e9fe8c50b2009efbf7a8c6caf
user20	955	311	1272048584929	0	0	c00e9fe8c50b2009efbf7a8c6caf
user20	960	317	1272048584937	0	0	c00e9fe8c50b2009efbf7a8c6caf
user20	964	318	1272048584945	0	0	c00e9fe8c50b2009efbf7a8c6caf
user20	964	319	1272048584953	0	0	c00e9fe8c50b2009efbf7a8c6caf
user20	964	320	1272048584961	0	0	c00e9fe8c50b2009efbf7a8c6caf
user20	966	320	1272048584969	0	0	c00e9fe8c50b2009efbf7a8c6caf
user20	966	319	1272048585073	0	0	c00e9fe8c50b2009efbf7a8c6caf
user20	966	314	1272048585081	0	0	c00e9fe8c50b2009efbf7a8c6caf
user20	966	307	1272048585089	0	0	c00e9fe8c50b2009efbf7a8c6caf
user20	966	302	1272048585097	0	0	c00e9fe8c50b2009efbf7a8c6caf
user20	967	294	1272048585105	0	0	c00e9fe8c50b2009efbf7a8c6caf
user20	967	291	1272048585113	0	0	c00e9fe8c50b2009efbf7a8c6caf
user20	967	287	1272048585121	0	0	c00e9fe8c50b2009efbf7a8c6caf
user20	967	285	1272048585129	0	0	c00e9fe8c50b2009efbf7a8c6caf
user20	967	284	1272048585137	0	0	c00e9fe8c50b2009efbf7a8c6caf
user20	967	283	1272048585145	0	0	c00e9fe8c50b2009efbf7a8c6caf
user20	967	283	1272048585409	1272048585329	1272048585409	c00e9fe8c50b2009efbf7a8c6caf
user20	964	283	1272048589129	0	0	c00e9fe8c50b2009efbf7a8c6caf
user20	959	281	1272048589137	0	0	c00e9fe8c50b2009efbf7a8c6caf
user20	947	281	1272048589145	0	0	c00e9fe8c50b2009efbf7a8c6caf
user20	933	281	1272048589152	0	0	c00e9fe8c50b2009efbf7a8c6caf
user20	921	281	1272048589161	0	0	c00e9fe8c50b2009efbf7a8c6caf
user20	905	281	1272048589168	0	0	c00e9fe8c50b2009efbf7a8c6caf
user20	891	281	1272048589177	0	0	c00e9fe8c50b2009efbf7a8c6caf
user20	875	281	1272048589184	0	0	c00e9fe8c50b2009efbf7a8c6caf
user20	856	282	1272048589192	0	0	c00e9fe8c50b2009efbf7a8c6caf
user20	835	284	1272048589201	0	0	c00e9fe8c50b2009efbf7a8c6caf
user20	816	284	1272048589208	0	0	c00e9fe8c50b2009efbf7a8c6caf
user20	802	284	1272048589216	0	0	c00e9fe8c50b2009efbf7a8c6caf
user20	786	284	1272048589225	0	0	c00e9fe8c50b2009efbf7a8c6caf
user20	772	284	1272048589232	0	0	c00e9fe8c50b2009efbf7a8c6caf
user20	755	282	1272048589241	0	0	c00e9fe8c50b2009efbf7a8c6caf
user20	739	282	1272048589248	0	0	c00e9fe8c50b2009efbf7a8c6caf
user20	720	282	1272048589257	0	0	c00e9fe8c50b2009efbf7a8c6caf
user20	704	282	1272048589264	0	0	c00e9fe8c50b2009efbf7a8c6caf
user20	688	282	1272048589273	0	0	c00e9fe8c50b2009efbf7a8c6caf
user20	674	282	1272048589281	0	0	c00e9fe8c50b2009efbf7a8c6caf
user20	657	282	1272048589289	0	0	c00e9fe8c50b2009efbf7a8c6caf
user20	643	282	1272048589297	0	0	c00e9fe8c50b2009efbf7a8c6caf
user20	632	282	1272048589304	0	0	c00e9fe8c50b2009efbf7a8c6caf
user20	620	282	1272048589313	0	0	c00e9fe8c50b2009efbf7a8c6caf
user20	610	282	1272048589320	0	0	c00e9fe8c50b2009efbf7a8c6caf
user20	601	282	1272048589329	0	0	c00e9fe8c50b2009efbf7a8c6caf
user20	596	280	1272048589336	0	0	c00e9fe8c50b2009efbf7a8c6caf
user20	592	280	1272048589344	0	0	c00e9fe8c50b2009efbf7a8c6caf
user20	590	280	1272048589352	0	0	c00e9fe8c50b2009efbf7a8c6caf
user20	589	280	1272048589360	0	0	c00e9fe8c50b2009efbf7a8c6caf
user20	588	280	1272048589417	0	0	c00e9fe8c50b2009efbf7a8c6caf
user20	587	280	1272048589425	0	0	c00e9fe8c50b2009efbf7a8c6caf
user20	586	280	1272048589433	0	0	c00e9fe8c50b2009efbf7a8c6caf
user20	583	280	1272048589440	0	0	c00e9fe8c50b2009efbf7a8c6caf
user20	582	280	1272048589448	0	0	c00e9fe8c50b2009efbf7a8c6caf
user20	580	280	1272048589456	0	0	c00e9fe8c50b2009efbf7a8c6caf
user20	579	280	1272048589465	0	0	c00e9fe8c50b2009efbf7a8c6caf
user20	578	280	1272048589473	0	0	c00e9fe8c50b2009efbf7a8c6caf
user20	577	280	1272048606024	0	0	c00e9fe8c50b2009efbf7a8c6caf
user20	574	277	1272048606032	0	0	c00e9fe8c50b2009efbf7a8c6caf
user20	570	271	1272048606040	0	0	c00e9fe8c50b2009efbf7a8c6caf
user20	563	265	1272048606048	0	0	c00e9fe8c50b2009efbf7a8c6caf
user20	557	259	1272048606056	0	0	c00e9fe8c50b2009efbf7a8c6caf
user20	552	253	1272048606064	0	0	c00e9fe8c50b2009efbf7a8c6caf
user20	548	249	1272048606072	0	0	c00e9fe8c50b2009efbf7a8c6caf
user20	544	243	1272048606080	0	0	c00e9fe8c50b2009efbf7a8c6caf
user20	541	240	1272048606088	0	0	c00e9fe8c50b2009efbf7a8c6caf
user20	537	236	1272048606096	0	0	c00e9fe8c50b2009efbf7a8c6caf
user20	531	233	1272048606104	0	0	c00e9fe8c50b2009efbf7a8c6caf
user20	529	232	1272048606112	0	0	c00e9fe8c50b2009efbf7a8c6caf
user20	525	229	1272048606120	0	0	c00e9fe8c50b2009efbf7a8c6caf
user20	523	229	1272048606128	0	0	c00e9fe8c50b2009efbf7a8c6caf
user20	521	229	1272048606136	0	0	c00e9fe8c50b2009efbf7a8c6caf
user20	520	229	1272048606144	0	0	c00e9fe8c50b2009efbf7a8c6caf
user20	519	229	1272048606152	0	0	c00e9fe8c50b2009efbf7a8c6caf
user20	518	229	1272048606160	0	0	c00e9fe8c50b2009efbf7a8c6caf
user20	518	226	1272048606312	0	0	c00e9fe8c50b2009efbf7a8c6caf
user20	518	224	1272048606320	0	0	c00e9fe8c50b2009efbf7a8c6caf
user20	516	222	1272048606328	0	0	c00e9fe8c50b2009efbf7a8c6caf
user20	515	221	1272048606336	0	0	c00e9fe8c50b2009efbf7a8c6caf
user20	515	220	1272048606344	0	0	c00e9fe8c50b2009efbf7a8c6caf
user20	515	218	1272048606352	0	0	c00e9fe8c50b2009efbf7a8c6caf
user20	515	217	1272048606360	0	0	c00e9fe8c50b2009efbf7a8c6caf
user20	513	214	1272048606368	0	0	c00e9fe8c50b2009efbf7a8c6caf
user20	513	213	1272048606376	0	0	c00e9fe8c50b2009efbf7a8c6caf
user20	512	212	1272048606384	0	0	c00e9fe8c50b2009efbf7a8c6caf
user20	512	212	1272048606640	1272048606544	1272048606640	c00e9fe8c50b2009efbf7a8c6caf
user20	512	212	1272048607744	1272048607640	1272048607744	c00e9fe8c50b2009efbf7a8c6caf
user20	512	212	1272048608640	1272048608544	1272048608640	c00e9fe8c50b2009efbf7a8c6caf
user20	512	212	1272048609568	1272048609496	1272048609568	c00e9fe8c50b2009efbf7a8c6caf
user20	514	212	1272048610240	0	0	c00e9fe8c50b2009efbf7a8c6caf
user20	515	212	1272048610248	0	0	c00e9fe8c50b2009efbf7a8c6caf
user20	518	214	1272048610256	0	0	c00e9fe8c50b2009efbf7a8c6caf
user20	519	215	1272048610264	0	0	c00e9fe8c50b2009efbf7a8c6caf
user20	521	215	1272048610272	0	0	c00e9fe8c50b2009efbf7a8c6caf
user20	522	215	1272048610280	0	0	c00e9fe8c50b2009efbf7a8c6caf
user20	523	215	1272048610288	0	0	c00e9fe8c50b2009efbf7a8c6caf
user20	524	215	1272048610296	0	0	c00e9fe8c50b2009efbf7a8c6caf
user20	525	215	1272048610312	0	0	c00e9fe8c50b2009efbf7a8c6caf
user20	525	215	1272048610584	1272048610472	1272048610584	c00e9fe8c50b2009efbf7a8c6caf
user20	528	221	1272048626304	0	0	c00e9fe8c50b2009efbf7a8c6caf
user20	533	229	1272048626312	0	0	c00e9fe8c50b2009efbf7a8c6caf
user20	540	237	1272048626320	0	0	c00e9fe8c50b2009efbf7a8c6caf
user20	548	242	1272048626328	0	0	c00e9fe8c50b2009efbf7a8c6caf
user20	554	248	1272048626336	0	0	c00e9fe8c50b2009efbf7a8c6caf
user20	562	252	1272048626344	0	0	c00e9fe8c50b2009efbf7a8c6caf
user20	570	255	1272048626352	0	0	c00e9fe8c50b2009efbf7a8c6caf
user20	574	259	1272048626360	0	0	c00e9fe8c50b2009efbf7a8c6caf
user20	577	260	1272048626368	0	0	c00e9fe8c50b2009efbf7a8c6caf
user20	579	262	1272048626376	0	0	c00e9fe8c50b2009efbf7a8c6caf
user20	580	263	1272048626384	0	0	c00e9fe8c50b2009efbf7a8c6caf
user20	581	263	1272048626392	0	0	c00e9fe8c50b2009efbf7a8c6caf
user20	582	263	1272048626400	0	0	c00e9fe8c50b2009efbf7a8c6caf
user20	583	263	1272048626416	0	0	c00e9fe8c50b2009efbf7a8c6caf
user20	584	263	1272048626432	0	0	c00e9fe8c50b2009efbf7a8c6caf
user20	585	263	1272048626448	0	0	c00e9fe8c50b2009efbf7a8c6caf
user20	586	263	1272048626456	0	0	c00e9fe8c50b2009efbf7a8c6caf
user20	587	263	1272048626464	0	0	c00e9fe8c50b2009efbf7a8c6caf
user20	589	263	1272048626472	0	0	c00e9fe8c50b2009efbf7a8c6caf
user20	590	263	1272048626480	0	0	c00e9fe8c50b2009efbf7a8c6caf
user20	592	263	1272048626488	0	0	c00e9fe8c50b2009efbf7a8c6caf
user20	593	263	1272048626504	0	0	c00e9fe8c50b2009efbf7a8c6caf
user20	593	262	1272048626576	0	0	c00e9fe8c50b2009efbf7a8c6caf
user20	593	261	1272048626600	0	0	c00e9fe8c50b2009efbf7a8c6caf
user20	594	261	1272048626648	0	0	c00e9fe8c50b2009efbf7a8c6caf
user20	594	260	1272048626720	0	0	c00e9fe8c50b2009efbf7a8c6caf
user20	594	259	1272048626728	0	0	c00e9fe8c50b2009efbf7a8c6caf
user20	594	258	1272048626743	0	0	c00e9fe8c50b2009efbf7a8c6caf
user20	594	257	1272048626752	0	0	c00e9fe8c50b2009efbf7a8c6caf
user20	595	256	1272048626776	0	0	c00e9fe8c50b2009efbf7a8c6caf
user20	596	255	1272048626784	0	0	c00e9fe8c50b2009efbf7a8c6caf
user20	596	254	1272048626792	0	0	c00e9fe8c50b2009efbf7a8c6caf
user20	596	253	1272048626800	0	0	c00e9fe8c50b2009efbf7a8c6caf
user20	597	252	1272048626816	0	0	c00e9fe8c50b2009efbf7a8c6caf
user20	597	251	1272048626864	0	0	c00e9fe8c50b2009efbf7a8c6caf
user20	597	250	1272048626880	0	0	c00e9fe8c50b2009efbf7a8c6caf
user20	597	249	1272048626888	0	0	c00e9fe8c50b2009efbf7a8c6caf
user20	594	249	1272048626904	0	0	c00e9fe8c50b2009efbf7a8c6caf
user20	594	248	1272048627520	0	0	c00e9fe8c50b2009efbf7a8c6caf
user20	594	245	1272048627528	0	0	c00e9fe8c50b2009efbf7a8c6caf
user20	594	243	1272048627571	0	0	c00e9fe8c50b2009efbf7a8c6caf
user20	594	243	1272048627808	1272048627704	1272048627808	c00e9fe8c50b2009efbf7a8c6caf
user20	545	275	1272048634590	0	0	c00e9fe8c50b2009efbf7a8c6caf
user20	538	281	1272048634592	0	0	c00e9fe8c50b2009efbf7a8c6caf
user20	532	286	1272048634599	0	0	c00e9fe8c50b2009efbf7a8c6caf
user20	528	294	1272048634607	0	0	c00e9fe8c50b2009efbf7a8c6caf
user20	521	299	1272048634615	0	0	c00e9fe8c50b2009efbf7a8c6caf
user20	519	303	1272048634623	0	0	c00e9fe8c50b2009efbf7a8c6caf
user20	513	307	1272048634631	0	0	c00e9fe8c50b2009efbf7a8c6caf
user20	511	309	1272048634639	0	0	c00e9fe8c50b2009efbf7a8c6caf
user20	508	312	1272048634647	0	0	c00e9fe8c50b2009efbf7a8c6caf
user20	507	313	1272048634656	0	0	c00e9fe8c50b2009efbf7a8c6caf
user20	506	314	1272048634663	0	0	c00e9fe8c50b2009efbf7a8c6caf
user20	506	315	1272048634672	0	0	c00e9fe8c50b2009efbf7a8c6caf
user20	507	310	1272048634855	0	0	c00e9fe8c50b2009efbf7a8c6caf
user20	510	302	1272048634863	0	0	c00e9fe8c50b2009efbf7a8c6caf
user20	513	287	1272048634871	0	0	c00e9fe8c50b2009efbf7a8c6caf
user20	519	270	1272048634879	0	0	c00e9fe8c50b2009efbf7a8c6caf
user20	527	251	1272048634887	0	0	c00e9fe8c50b2009efbf7a8c6caf
user20	532	236	1272048634895	0	0	c00e9fe8c50b2009efbf7a8c6caf
user20	540	217	1272048634904	0	0	c00e9fe8c50b2009efbf7a8c6caf
user20	543	207	1272048634912	0	0	c00e9fe8c50b2009efbf7a8c6caf
user20	547	197	1272048634920	0	0	c00e9fe8c50b2009efbf7a8c6caf
user20	548	192	1272048634928	0	0	c00e9fe8c50b2009efbf7a8c6caf
user20	549	189	1272048634935	0	0	c00e9fe8c50b2009efbf7a8c6caf
user20	551	187	1272048634944	0	0	c00e9fe8c50b2009efbf7a8c6caf
user20	551	186	1272048634951	0	0	c00e9fe8c50b2009efbf7a8c6caf
user20	551	187	1272048635263	0	0	c00e9fe8c50b2009efbf7a8c6caf
user20	550	188	1272048635271	0	0	c00e9fe8c50b2009efbf7a8c6caf
user20	550	189	1272048635280	0	0	c00e9fe8c50b2009efbf7a8c6caf
user20	550	190	1272048635287	0	0	c00e9fe8c50b2009efbf7a8c6caf
user20	551	185	1272048635535	0	0	c00e9fe8c50b2009efbf7a8c6caf
user20	551	181	1272048635543	0	0	c00e9fe8c50b2009efbf7a8c6caf
user20	551	176	1272048635551	0	0	c00e9fe8c50b2009efbf7a8c6caf
user20	551	169	1272048635560	0	0	c00e9fe8c50b2009efbf7a8c6caf
user20	552	166	1272048635568	0	0	c00e9fe8c50b2009efbf7a8c6caf
user20	552	163	1272048635575	0	0	c00e9fe8c50b2009efbf7a8c6caf
user20	552	157	1272048635583	0	0	c00e9fe8c50b2009efbf7a8c6caf
user20	553	152	1272048635591	0	0	c00e9fe8c50b2009efbf7a8c6caf
user20	553	148	1272048635600	0	0	c00e9fe8c50b2009efbf7a8c6caf
user20	554	145	1272048635607	0	0	c00e9fe8c50b2009efbf7a8c6caf
user20	554	139	1272048635615	0	0	c00e9fe8c50b2009efbf7a8c6caf
user20	554	136	1272048635623	0	0	c00e9fe8c50b2009efbf7a8c6caf
user20	555	130	1272048635631	0	0	c00e9fe8c50b2009efbf7a8c6caf
user20	555	126	1272048635639	0	0	c00e9fe8c50b2009efbf7a8c6caf
user20	555	120	1272048635647	0	0	c00e9fe8c50b2009efbf7a8c6caf
user20	556	114	1272048635655	0	0	c00e9fe8c50b2009efbf7a8c6caf
user20	556	109	1272048635663	0	0	c00e9fe8c50b2009efbf7a8c6caf
user20	557	105	1272048635671	0	0	c00e9fe8c50b2009efbf7a8c6caf
user20	557	103	1272048635679	0	0	c00e9fe8c50b2009efbf7a8c6caf
user20	558	100	1272048635687	0	0	c00e9fe8c50b2009efbf7a8c6caf
user20	558	97	1272048635695	0	0	c00e9fe8c50b2009efbf7a8c6caf
user20	559	94	1272048635703	0	0	c00e9fe8c50b2009efbf7a8c6caf
user20	560	90	1272048635711	0	0	c00e9fe8c50b2009efbf7a8c6caf
user20	561	85	1272048635719	0	0	c00e9fe8c50b2009efbf7a8c6caf
user20	563	83	1272048635727	0	0	c00e9fe8c50b2009efbf7a8c6caf
user20	563	80	1272048635735	0	0	c00e9fe8c50b2009efbf7a8c6caf
user20	563	79	1272048635743	0	0	c00e9fe8c50b2009efbf7a8c6caf
user20	564	79	1272048635751	0	0	c00e9fe8c50b2009efbf7a8c6caf
user20	564	78	1272048635759	0	0	c00e9fe8c50b2009efbf7a8c6caf
user20	564	77	1272048635775	0	0	c00e9fe8c50b2009efbf7a8c6caf
user20	564	76	1272048635783	0	0	c00e9fe8c50b2009efbf7a8c6caf
user20	564	75	1272048635791	0	0	c00e9fe8c50b2009efbf7a8c6caf
user20	564	74	1272048635799	0	0	c00e9fe8c50b2009efbf7a8c6caf
user20	564	73	1272048635807	0	0	c00e9fe8c50b2009efbf7a8c6caf
user20	564	72	1272048635815	0	0	c00e9fe8c50b2009efbf7a8c6caf
user20	564	69	1272048635823	0	0	c00e9fe8c50b2009efbf7a8c6caf
user20	564	68	1272048635840	0	0	c00e9fe8c50b2009efbf7a8c6caf
user20	564	67	1272048635855	0	0	c00e9fe8c50b2009efbf7a8c6caf
user20	564	66	1272048635863	0	0	c00e9fe8c50b2009efbf7a8c6caf
user20	564	65	1272048635873	0	0	c00e9fe8c50b2009efbf7a8c6caf
user20	565	63	1272048635879	0	0	c00e9fe8c50b2009efbf7a8c6caf
user20	566	62	1272048635887	0	0	c00e9fe8c50b2009efbf7a8c6caf
user20	566	61	1272048635895	0	0	c00e9fe8c50b2009efbf7a8c6caf
user20	566	60	1272048635904	0	0	c00e9fe8c50b2009efbf7a8c6caf
user20	566	58	1272048635911	0	0	c00e9fe8c50b2009efbf7a8c6caf
user20	566	57	1272048635927	0	0	c00e9fe8c50b2009efbf7a8c6caf
user20	566	57	1272048636128	1272048636056	1272048636128	c00e9fe8c50b2009efbf7a8c6caf
