User	X	Y	MouseTimeStamp	MouseDownTimeStamp	MouseUpTimeStamp	SessionID
user13	691	72	1270708396783	0	0	c1f34b46b8414080d2011ebd299e
user13	719	108	1270708396787	0	0	c1f34b46b8414080d2011ebd299e
user13	746	139	1270708396795	0	0	c1f34b46b8414080d2011ebd299e
user13	778	168	1270708396804	0	0	c1f34b46b8414080d2011ebd299e
user13	798	187	1270708396811	0	0	c1f34b46b8414080d2011ebd299e
user13	813	199	1270708396819	0	0	c1f34b46b8414080d2011ebd299e
user13	825	210	1270708396827	0	0	c1f34b46b8414080d2011ebd299e
user13	831	217	1270708396835	0	0	c1f34b46b8414080d2011ebd299e
user13	836	221	1270708396843	0	0	c1f34b46b8414080d2011ebd299e
user13	840	223	1270708396851	0	0	c1f34b46b8414080d2011ebd299e
user13	840	224	1270708396859	0	0	c1f34b46b8414080d2011ebd299e
user13	841	223	1270708396939	0	0	c1f34b46b8414080d2011ebd299e
user13	843	221	1270708396947	0	0	c1f34b46b8414080d2011ebd299e
user13	845	221	1270708396955	0	0	c1f34b46b8414080d2011ebd299e
user13	848	219	1270708396964	0	0	c1f34b46b8414080d2011ebd299e
user13	853	218	1270708396971	0	0	c1f34b46b8414080d2011ebd299e
user13	856	217	1270708396979	0	0	c1f34b46b8414080d2011ebd299e
user13	860	214	1270708396987	0	0	c1f34b46b8414080d2011ebd299e
user13	863	212	1270708396995	0	0	c1f34b46b8414080d2011ebd299e
user13	868	209	1270708397004	0	0	c1f34b46b8414080d2011ebd299e
user13	870	206	1270708397011	0	0	c1f34b46b8414080d2011ebd299e
user13	875	204	1270708397019	0	0	c1f34b46b8414080d2011ebd299e
user13	876	203	1270708397027	0	0	c1f34b46b8414080d2011ebd299e
user13	880	200	1270708397035	0	0	c1f34b46b8414080d2011ebd299e
user13	882	200	1270708397051	0	0	c1f34b46b8414080d2011ebd299e
user13	882	199	1270708397059	0	0	c1f34b46b8414080d2011ebd299e
user13	883	198	1270708397075	0	0	c1f34b46b8414080d2011ebd299e
user13	883	197	1270708397084	0	0	c1f34b46b8414080d2011ebd299e
user13	884	196	1270708397091	0	0	c1f34b46b8414080d2011ebd299e
user13	885	196	1270708397107	0	0	c1f34b46b8414080d2011ebd299e
user13	886	195	1270708397115	0	0	c1f34b46b8414080d2011ebd299e
user13	887	194	1270708397123	0	0	c1f34b46b8414080d2011ebd299e
user13	888	194	1270708397131	0	0	c1f34b46b8414080d2011ebd299e
user13	890	192	1270708397139	0	0	c1f34b46b8414080d2011ebd299e
user13	891	191	1270708397147	0	0	c1f34b46b8414080d2011ebd299e
user13	893	189	1270708397155	0	0	c1f34b46b8414080d2011ebd299e
user13	895	187	1270708397171	0	0	c1f34b46b8414080d2011ebd299e
user13	896	186	1270708397179	0	0	c1f34b46b8414080d2011ebd299e
user13	898	185	1270708397187	0	0	c1f34b46b8414080d2011ebd299e
user13	900	185	1270708397195	0	0	c1f34b46b8414080d2011ebd299e
user13	900	184	1270708397203	0	0	c1f34b46b8414080d2011ebd299e
user13	901	184	1270708397291	0	0	c1f34b46b8414080d2011ebd299e
user13	901	184	1270708397427	1270708397307	1270708397427	c1f34b46b8414080d2011ebd299e
user13	904	194	1270708403500	0	0	c1f34b46b8414080d2011ebd299e
user13	912	211	1270708403507	0	0	c1f34b46b8414080d2011ebd299e
user13	933	241	1270708403515	0	0	c1f34b46b8414080d2011ebd299e
user13	952	264	1270708403524	0	0	c1f34b46b8414080d2011ebd299e
user13	969	284	1270708403531	0	0	c1f34b46b8414080d2011ebd299e
user13	985	299	1270708403539	0	0	c1f34b46b8414080d2011ebd299e
user13	1002	319	1270708403547	0	0	c1f34b46b8414080d2011ebd299e
user13	1010	329	1270708403555	0	0	c1f34b46b8414080d2011ebd299e
user13	1017	337	1270708403563	0	0	c1f34b46b8414080d2011ebd299e
user13	1021	341	1270708403571	0	0	c1f34b46b8414080d2011ebd299e
user13	1022	344	1270708403579	0	0	c1f34b46b8414080d2011ebd299e
user13	1023	344	1270708403587	0	0	c1f34b46b8414080d2011ebd299e
user13	1022	343	1270708403627	0	0	c1f34b46b8414080d2011ebd299e
user13	1021	343	1270708403635	0	0	c1f34b46b8414080d2011ebd299e
user13	1018	341	1270708403643	0	0	c1f34b46b8414080d2011ebd299e
user13	1016	340	1270708403651	0	0	c1f34b46b8414080d2011ebd299e
user13	1014	339	1270708403659	0	0	c1f34b46b8414080d2011ebd299e
user13	1013	338	1270708403667	0	0	c1f34b46b8414080d2011ebd299e
user13	1010	337	1270708403675	0	0	c1f34b46b8414080d2011ebd299e
user13	1009	336	1270708403683	0	0	c1f34b46b8414080d2011ebd299e
user13	1007	336	1270708403691	0	0	c1f34b46b8414080d2011ebd299e
user13	1006	335	1270708403699	0	0	c1f34b46b8414080d2011ebd299e
user13	1004	335	1270708403707	0	0	c1f34b46b8414080d2011ebd299e
user13	1002	334	1270708403715	0	0	c1f34b46b8414080d2011ebd299e
user13	1000	333	1270708403723	0	0	c1f34b46b8414080d2011ebd299e
user13	998	331	1270708403731	0	0	c1f34b46b8414080d2011ebd299e
user13	997	330	1270708403739	0	0	c1f34b46b8414080d2011ebd299e
user13	995	328	1270708403747	0	0	c1f34b46b8414080d2011ebd299e
user13	993	328	1270708403755	0	0	c1f34b46b8414080d2011ebd299e
user13	993	327	1270708403763	0	0	c1f34b46b8414080d2011ebd299e
user13	993	326	1270708403779	0	0	c1f34b46b8414080d2011ebd299e
user13	993	325	1270708403795	0	0	c1f34b46b8414080d2011ebd299e
user13	993	324	1270708403803	0	0	c1f34b46b8414080d2011ebd299e
user13	993	323	1270708403811	0	0	c1f34b46b8414080d2011ebd299e
user13	993	322	1270708403835	0	0	c1f34b46b8414080d2011ebd299e
user13	993	321	1270708403843	0	0	c1f34b46b8414080d2011ebd299e
user13	993	320	1270708403851	0	0	c1f34b46b8414080d2011ebd299e
user13	993	318	1270708403859	0	0	c1f34b46b8414080d2011ebd299e
user13	993	315	1270708403867	0	0	c1f34b46b8414080d2011ebd299e
user13	993	312	1270708403875	0	0	c1f34b46b8414080d2011ebd299e
user13	992	310	1270708403883	0	0	c1f34b46b8414080d2011ebd299e
user13	992	306	1270708403891	0	0	c1f34b46b8414080d2011ebd299e
user13	990	303	1270708403899	0	0	c1f34b46b8414080d2011ebd299e
user13	989	300	1270708403907	0	0	c1f34b46b8414080d2011ebd299e
user13	987	297	1270708403915	0	0	c1f34b46b8414080d2011ebd299e
user13	986	296	1270708403923	0	0	c1f34b46b8414080d2011ebd299e
user13	984	295	1270708403931	0	0	c1f34b46b8414080d2011ebd299e
user13	984	294	1270708403939	0	0	c1f34b46b8414080d2011ebd299e
user13	982	292	1270708403948	0	0	c1f34b46b8414080d2011ebd299e
user13	981	292	1270708403955	0	0	c1f34b46b8414080d2011ebd299e
user13	980	292	1270708403963	0	0	c1f34b46b8414080d2011ebd299e
user13	980	291	1270708403971	0	0	c1f34b46b8414080d2011ebd299e
user13	979	290	1270708404060	0	0	c1f34b46b8414080d2011ebd299e
user13	978	290	1270708404075	0	0	c1f34b46b8414080d2011ebd299e
user13	977	290	1270708404083	0	0	c1f34b46b8414080d2011ebd299e
user13	976	289	1270708404091	0	0	c1f34b46b8414080d2011ebd299e
user13	975	288	1270708404099	0	0	c1f34b46b8414080d2011ebd299e
user13	973	288	1270708404107	0	0	c1f34b46b8414080d2011ebd299e
user13	973	287	1270708404115	0	0	c1f34b46b8414080d2011ebd299e
user13	972	287	1270708404123	0	0	c1f34b46b8414080d2011ebd299e
user13	972	286	1270708404131	0	0	c1f34b46b8414080d2011ebd299e
user13	970	285	1270708404139	0	0	c1f34b46b8414080d2011ebd299e
user13	969	284	1270708404148	0	0	c1f34b46b8414080d2011ebd299e
user13	969	282	1270708404155	0	0	c1f34b46b8414080d2011ebd299e
user13	969	281	1270708404171	0	0	c1f34b46b8414080d2011ebd299e
user13	969	281	1270708404388	1270708404251	1270708404388	c1f34b46b8414080d2011ebd299e
user13	1235	19	1270708408475	0	0	c1f34b46b8414080d2011ebd299e
user13	1233	20	1270708408483	0	0	c1f34b46b8414080d2011ebd299e
user13	1224	25	1270708408491	0	0	c1f34b46b8414080d2011ebd299e
user13	1212	31	1270708408499	0	0	c1f34b46b8414080d2011ebd299e
user13	1198	37	1270708408507	0	0	c1f34b46b8414080d2011ebd299e
user13	1181	43	1270708408515	0	0	c1f34b46b8414080d2011ebd299e
user13	1148	52	1270708408523	0	0	c1f34b46b8414080d2011ebd299e
user13	1118	62	1270708408531	0	0	c1f34b46b8414080d2011ebd299e
user13	710	174	1270708408604	0	0	c1f34b46b8414080d2011ebd299e
user13	677	185	1270708408611	0	0	c1f34b46b8414080d2011ebd299e
user13	657	192	1270708408619	0	0	c1f34b46b8414080d2011ebd299e
user13	626	206	1270708408627	0	0	c1f34b46b8414080d2011ebd299e
user13	609	214	1270708408636	0	0	c1f34b46b8414080d2011ebd299e
user13	599	219	1270708408644	0	0	c1f34b46b8414080d2011ebd299e
user13	591	225	1270708408651	0	0	c1f34b46b8414080d2011ebd299e
user13	589	226	1270708408659	0	0	c1f34b46b8414080d2011ebd299e
user13	588	227	1270708408667	0	0	c1f34b46b8414080d2011ebd299e
user13	586	229	1270708408675	0	0	c1f34b46b8414080d2011ebd299e
user13	585	230	1270708408683	0	0	c1f34b46b8414080d2011ebd299e
user13	583	233	1270708408692	0	0	c1f34b46b8414080d2011ebd299e
user13	580	234	1270708408699	0	0	c1f34b46b8414080d2011ebd299e
user13	578	235	1270708408707	0	0	c1f34b46b8414080d2011ebd299e
user13	575	236	1270708408715	0	0	c1f34b46b8414080d2011ebd299e
user13	574	236	1270708408723	0	0	c1f34b46b8414080d2011ebd299e
user13	573	236	1270708408731	0	0	c1f34b46b8414080d2011ebd299e
user13	572	236	1270708408739	0	0	c1f34b46b8414080d2011ebd299e
user13	570	238	1270708408748	0	0	c1f34b46b8414080d2011ebd299e
user13	569	238	1270708408755	0	0	c1f34b46b8414080d2011ebd299e
user13	569	239	1270708408771	0	0	c1f34b46b8414080d2011ebd299e
user13	569	237	1270708408779	0	0	c1f34b46b8414080d2011ebd299e
user13	570	237	1270708408787	0	0	c1f34b46b8414080d2011ebd299e
user13	572	236	1270708408835	0	0	c1f34b46b8414080d2011ebd299e
user13	570	239	1270708408851	0	0	c1f34b46b8414080d2011ebd299e
user13	569	239	1270708408867	0	0	c1f34b46b8414080d2011ebd299e
user13	569	233	1270708409195	0	0	c1f34b46b8414080d2011ebd299e
user13	568	230	1270708409204	0	0	c1f34b46b8414080d2011ebd299e
user13	566	223	1270708409211	0	0	c1f34b46b8414080d2011ebd299e
user13	564	213	1270708409219	0	0	c1f34b46b8414080d2011ebd299e
user13	559	198	1270708409228	0	0	c1f34b46b8414080d2011ebd299e
user13	556	186	1270708409235	0	0	c1f34b46b8414080d2011ebd299e
user13	552	172	1270708409243	0	0	c1f34b46b8414080d2011ebd299e
user13	550	160	1270708409251	0	0	c1f34b46b8414080d2011ebd299e
user13	546	148	1270708409259	0	0	c1f34b46b8414080d2011ebd299e
user13	544	138	1270708409267	0	0	c1f34b46b8414080d2011ebd299e
user13	540	128	1270708409275	0	0	c1f34b46b8414080d2011ebd299e
user13	537	121	1270708409283	0	0	c1f34b46b8414080d2011ebd299e
user13	535	115	1270708409291	0	0	c1f34b46b8414080d2011ebd299e
user13	533	111	1270708409299	0	0	c1f34b46b8414080d2011ebd299e
user13	531	105	1270708409307	0	0	c1f34b46b8414080d2011ebd299e
user13	530	103	1270708409315	0	0	c1f34b46b8414080d2011ebd299e
user13	530	100	1270708409323	0	0	c1f34b46b8414080d2011ebd299e
user13	528	98	1270708409331	0	0	c1f34b46b8414080d2011ebd299e
user13	528	97	1270708409347	0	0	c1f34b46b8414080d2011ebd299e
user13	528	95	1270708409355	0	0	c1f34b46b8414080d2011ebd299e
user13	528	94	1270708409363	0	0	c1f34b46b8414080d2011ebd299e
user13	528	92	1270708409387	0	0	c1f34b46b8414080d2011ebd299e
user13	527	91	1270708409403	0	0	c1f34b46b8414080d2011ebd299e
user13	527	90	1270708409419	0	0	c1f34b46b8414080d2011ebd299e
user13	527	89	1270708409427	0	0	c1f34b46b8414080d2011ebd299e
user13	526	88	1270708409443	0	0	c1f34b46b8414080d2011ebd299e
user13	526	87	1270708409452	0	0	c1f34b46b8414080d2011ebd299e
user13	525	86	1270708409459	0	0	c1f34b46b8414080d2011ebd299e
user13	524	85	1270708409467	0	0	c1f34b46b8414080d2011ebd299e
user13	523	84	1270708409475	0	0	c1f34b46b8414080d2011ebd299e
user13	522	82	1270708409483	0	0	c1f34b46b8414080d2011ebd299e
user13	521	80	1270708409491	0	0	c1f34b46b8414080d2011ebd299e
user13	520	78	1270708409499	0	0	c1f34b46b8414080d2011ebd299e
user13	519	76	1270708409507	0	0	c1f34b46b8414080d2011ebd299e
user13	517	74	1270708409515	0	0	c1f34b46b8414080d2011ebd299e
user13	516	71	1270708409523	0	0	c1f34b46b8414080d2011ebd299e
user13	516	69	1270708409531	0	0	c1f34b46b8414080d2011ebd299e
user13	514	66	1270708409539	0	0	c1f34b46b8414080d2011ebd299e
user13	513	65	1270708409547	0	0	c1f34b46b8414080d2011ebd299e
user13	513	63	1270708409555	0	0	c1f34b46b8414080d2011ebd299e
user13	513	62	1270708409563	0	0	c1f34b46b8414080d2011ebd299e
user13	511	61	1270708409571	0	0	c1f34b46b8414080d2011ebd299e
user13	511	59	1270708409579	0	0	c1f34b46b8414080d2011ebd299e
user13	511	58	1270708409587	0	0	c1f34b46b8414080d2011ebd299e
user13	510	58	1270708409595	0	0	c1f34b46b8414080d2011ebd299e
user13	510	56	1270708409603	0	0	c1f34b46b8414080d2011ebd299e
user13	509	55	1270708409611	0	0	c1f34b46b8414080d2011ebd299e
user13	509	53	1270708409619	0	0	c1f34b46b8414080d2011ebd299e
user13	509	51	1270708409627	0	0	c1f34b46b8414080d2011ebd299e
user13	509	50	1270708409635	0	0	c1f34b46b8414080d2011ebd299e
user13	507	49	1270708409643	0	0	c1f34b46b8414080d2011ebd299e
user13	507	49	1270708409923	1270708409820	1270708409923	c1f34b46b8414080d2011ebd299e
user13	660	538	1270708646268	0	0	c1f34b46b8414080d2011ebd299e
user13	659	539	1270708646371	0	0	c1f34b46b8414080d2011ebd299e
user13	658	539	1270708646403	0	0	c1f34b46b8414080d2011ebd299e
user13	652	538	1270708646411	0	0	c1f34b46b8414080d2011ebd299e
user13	648	537	1270708646419	0	0	c1f34b46b8414080d2011ebd299e
user13	648	536	1270708646427	0	0	c1f34b46b8414080d2011ebd299e
user13	646	535	1270708646436	0	0	c1f34b46b8414080d2011ebd299e
user13	644	533	1270708646444	0	0	c1f34b46b8414080d2011ebd299e
user13	641	527	1270708646451	0	0	c1f34b46b8414080d2011ebd299e
user13	638	522	1270708646459	0	0	c1f34b46b8414080d2011ebd299e
user13	635	520	1270708646467	0	0	c1f34b46b8414080d2011ebd299e
user13	629	514	1270708646475	0	0	c1f34b46b8414080d2011ebd299e
user13	622	508	1270708646483	0	0	c1f34b46b8414080d2011ebd299e
user13	621	508	1270708646491	0	0	c1f34b46b8414080d2011ebd299e
user13	619	504	1270708646499	0	0	c1f34b46b8414080d2011ebd299e
user13	618	497	1270708646507	0	0	c1f34b46b8414080d2011ebd299e
user13	619	493	1270708646516	0	0	c1f34b46b8414080d2011ebd299e
user13	621	488	1270708646523	0	0	c1f34b46b8414080d2011ebd299e
user13	630	481	1270708646531	0	0	c1f34b46b8414080d2011ebd299e
user13	639	474	1270708646539	0	0	c1f34b46b8414080d2011ebd299e
user13	645	469	1270708646547	0	0	c1f34b46b8414080d2011ebd299e
user13	652	462	1270708646555	0	0	c1f34b46b8414080d2011ebd299e
user13	658	455	1270708646563	0	0	c1f34b46b8414080d2011ebd299e
user13	664	448	1270708646571	0	0	c1f34b46b8414080d2011ebd299e
user13	667	443	1270708646579	0	0	c1f34b46b8414080d2011ebd299e
user13	671	436	1270708646587	0	0	c1f34b46b8414080d2011ebd299e
user13	673	433	1270708646595	0	0	c1f34b46b8414080d2011ebd299e
user13	676	429	1270708646603	0	0	c1f34b46b8414080d2011ebd299e
user13	677	426	1270708646611	0	0	c1f34b46b8414080d2011ebd299e
user13	677	424	1270708646619	0	0	c1f34b46b8414080d2011ebd299e
user13	678	421	1270708646627	0	0	c1f34b46b8414080d2011ebd299e
user13	678	419	1270708646635	0	0	c1f34b46b8414080d2011ebd299e
user13	678	416	1270708646643	0	0	c1f34b46b8414080d2011ebd299e
user13	677	414	1270708646651	0	0	c1f34b46b8414080d2011ebd299e
user13	676	413	1270708646659	0	0	c1f34b46b8414080d2011ebd299e
user13	676	412	1270708646667	0	0	c1f34b46b8414080d2011ebd299e
user13	676	411	1270708646675	0	0	c1f34b46b8414080d2011ebd299e
user13	675	410	1270708646683	0	0	c1f34b46b8414080d2011ebd299e
user13	674	410	1270708646691	0	0	c1f34b46b8414080d2011ebd299e
user13	674	409	1270708646699	0	0	c1f34b46b8414080d2011ebd299e
user13	674	407	1270708647204	0	0	c1f34b46b8414080d2011ebd299e
user13	674	403	1270708647211	0	0	c1f34b46b8414080d2011ebd299e
user13	674	402	1270708647219	0	0	c1f34b46b8414080d2011ebd299e
user13	674	401	1270708647227	0	0	c1f34b46b8414080d2011ebd299e
user13	673	400	1270708647235	0	0	c1f34b46b8414080d2011ebd299e
user13	673	399	1270708647243	0	0	c1f34b46b8414080d2011ebd299e
user13	673	398	1270708647251	0	0	c1f34b46b8414080d2011ebd299e
user13	673	397	1270708647259	0	0	c1f34b46b8414080d2011ebd299e
user13	673	396	1270708647267	0	0	c1f34b46b8414080d2011ebd299e
user13	673	395	1270708647275	0	0	c1f34b46b8414080d2011ebd299e
user13	673	394	1270708647291	0	0	c1f34b46b8414080d2011ebd299e
user13	673	393	1270708647315	0	0	c1f34b46b8414080d2011ebd299e
user13	673	392	1270708647323	0	0	c1f34b46b8414080d2011ebd299e
user13	673	391	1270708647331	0	0	c1f34b46b8414080d2011ebd299e
user13	673	390	1270708647443	0	0	c1f34b46b8414080d2011ebd299e
user13	670	389	1270708651323	0	0	c1f34b46b8414080d2011ebd299e
user13	664	381	1270708651331	0	0	c1f34b46b8414080d2011ebd299e
user13	661	374	1270708651339	0	0	c1f34b46b8414080d2011ebd299e
user13	658	365	1270708651347	0	0	c1f34b46b8414080d2011ebd299e
user13	653	356	1270708651355	0	0	c1f34b46b8414080d2011ebd299e
user13	649	343	1270708651363	0	0	c1f34b46b8414080d2011ebd299e
user13	646	335	1270708651371	0	0	c1f34b46b8414080d2011ebd299e
user13	644	323	1270708651379	0	0	c1f34b46b8414080d2011ebd299e
user13	641	311	1270708651387	0	0	c1f34b46b8414080d2011ebd299e
user13	637	298	1270708651395	0	0	c1f34b46b8414080d2011ebd299e
user13	632	286	1270708651403	0	0	c1f34b46b8414080d2011ebd299e
user13	623	267	1270708651411	0	0	c1f34b46b8414080d2011ebd299e
user13	617	255	1270708651419	0	0	c1f34b46b8414080d2011ebd299e
user13	612	245	1270708651427	0	0	c1f34b46b8414080d2011ebd299e
user13	607	236	1270708651435	0	0	c1f34b46b8414080d2011ebd299e
user13	607	230	1270708651443	0	0	c1f34b46b8414080d2011ebd299e
user13	607	225	1270708651451	0	0	c1f34b46b8414080d2011ebd299e
user13	609	215	1270708651459	0	0	c1f34b46b8414080d2011ebd299e
user13	609	208	1270708651467	0	0	c1f34b46b8414080d2011ebd299e
user13	609	202	1270708651475	0	0	c1f34b46b8414080d2011ebd299e
user13	609	197	1270708651483	0	0	c1f34b46b8414080d2011ebd299e
user13	610	192	1270708651491	0	0	c1f34b46b8414080d2011ebd299e
user13	611	189	1270708651499	0	0	c1f34b46b8414080d2011ebd299e
user13	614	181	1270708651507	0	0	c1f34b46b8414080d2011ebd299e
user13	615	178	1270708651515	0	0	c1f34b46b8414080d2011ebd299e
user13	617	174	1270708651523	0	0	c1f34b46b8414080d2011ebd299e
user13	619	169	1270708651531	0	0	c1f34b46b8414080d2011ebd299e
user13	620	165	1270708651539	0	0	c1f34b46b8414080d2011ebd299e
user13	621	162	1270708651547	0	0	c1f34b46b8414080d2011ebd299e
user13	622	157	1270708651555	0	0	c1f34b46b8414080d2011ebd299e
user13	620	148	1270708651563	0	0	c1f34b46b8414080d2011ebd299e
user13	620	144	1270708651571	0	0	c1f34b46b8414080d2011ebd299e
user13	619	141	1270708651579	0	0	c1f34b46b8414080d2011ebd299e
user13	617	136	1270708651587	0	0	c1f34b46b8414080d2011ebd299e
user13	614	131	1270708651595	0	0	c1f34b46b8414080d2011ebd299e
user13	613	128	1270708651603	0	0	c1f34b46b8414080d2011ebd299e
user13	610	123	1270708651611	0	0	c1f34b46b8414080d2011ebd299e
user13	607	120	1270708651619	0	0	c1f34b46b8414080d2011ebd299e
user13	605	116	1270708651627	0	0	c1f34b46b8414080d2011ebd299e
user13	603	112	1270708651635	0	0	c1f34b46b8414080d2011ebd299e
user13	600	108	1270708651643	0	0	c1f34b46b8414080d2011ebd299e
user13	598	105	1270708651651	0	0	c1f34b46b8414080d2011ebd299e
user13	595	100	1270708651659	0	0	c1f34b46b8414080d2011ebd299e
user13	593	98	1270708651667	0	0	c1f34b46b8414080d2011ebd299e
user13	591	95	1270708651675	0	0	c1f34b46b8414080d2011ebd299e
user13	586	90	1270708651683	0	0	c1f34b46b8414080d2011ebd299e
user13	584	85	1270708651691	0	0	c1f34b46b8414080d2011ebd299e
user13	581	82	1270708651699	0	0	c1f34b46b8414080d2011ebd299e
user13	580	80	1270708651707	0	0	c1f34b46b8414080d2011ebd299e
user13	569	60	1270708651778	0	0	c1f34b46b8414080d2011ebd299e
user13	568	59	1270708651780	0	0	c1f34b46b8414080d2011ebd299e
user13	567	57	1270708651787	0	0	c1f34b46b8414080d2011ebd299e
user13	567	56	1270708651803	0	0	c1f34b46b8414080d2011ebd299e
user13	567	55	1270708651811	0	0	c1f34b46b8414080d2011ebd299e
user13	567	54	1270708651883	0	0	c1f34b46b8414080d2011ebd299e
user13	566	54	1270708652011	0	0	c1f34b46b8414080d2011ebd299e
user13	566	53	1270708652019	0	0	c1f34b46b8414080d2011ebd299e
user13	561	52	1270708652027	0	0	c1f34b46b8414080d2011ebd299e
user13	554	52	1270708652035	0	0	c1f34b46b8414080d2011ebd299e
user13	542	54	1270708652043	0	0	c1f34b46b8414080d2011ebd299e
user13	530	54	1270708652051	0	0	c1f34b46b8414080d2011ebd299e
user13	516	55	1270708652060	0	0	c1f34b46b8414080d2011ebd299e
user13	504	55	1270708652067	0	0	c1f34b46b8414080d2011ebd299e
user13	493	57	1270708652075	0	0	c1f34b46b8414080d2011ebd299e
user13	482	57	1270708652083	0	0	c1f34b46b8414080d2011ebd299e
user13	473	55	1270708652091	0	0	c1f34b46b8414080d2011ebd299e
user13	466	54	1270708652099	0	0	c1f34b46b8414080d2011ebd299e
user13	460	54	1270708652107	0	0	c1f34b46b8414080d2011ebd299e
user13	459	54	1270708652115	0	0	c1f34b46b8414080d2011ebd299e
user13	458	54	1270708652123	0	0	c1f34b46b8414080d2011ebd299e
user13	457	54	1270708652131	0	0	c1f34b46b8414080d2011ebd299e
user13	457	53	1270708652259	0	0	c1f34b46b8414080d2011ebd299e
user13	456	53	1270708652267	0	0	c1f34b46b8414080d2011ebd299e
user13	454	53	1270708652275	0	0	c1f34b46b8414080d2011ebd299e
user13	449	53	1270708652283	0	0	c1f34b46b8414080d2011ebd299e
user13	442	53	1270708652291	0	0	c1f34b46b8414080d2011ebd299e
user13	434	55	1270708652299	0	0	c1f34b46b8414080d2011ebd299e
user13	426	55	1270708652307	0	0	c1f34b46b8414080d2011ebd299e
user13	416	53	1270708652315	0	0	c1f34b46b8414080d2011ebd299e
user13	406	53	1270708652323	0	0	c1f34b46b8414080d2011ebd299e
user13	397	53	1270708652331	0	0	c1f34b46b8414080d2011ebd299e
user13	384	52	1270708652339	0	0	c1f34b46b8414080d2011ebd299e
user13	379	51	1270708652347	0	0	c1f34b46b8414080d2011ebd299e
user13	372	50	1270708652355	0	0	c1f34b46b8414080d2011ebd299e
user13	371	50	1270708652363	0	0	c1f34b46b8414080d2011ebd299e
user13	369	50	1270708652371	0	0	c1f34b46b8414080d2011ebd299e
user13	370	50	1270708652539	0	0	c1f34b46b8414080d2011ebd299e
user13	372	50	1270708652547	0	0	c1f34b46b8414080d2011ebd299e
user13	374	50	1270708652555	0	0	c1f34b46b8414080d2011ebd299e
user13	376	50	1270708652563	0	0	c1f34b46b8414080d2011ebd299e
user13	379	50	1270708652571	0	0	c1f34b46b8414080d2011ebd299e
user13	381	49	1270708652579	0	0	c1f34b46b8414080d2011ebd299e
user13	386	49	1270708652587	0	0	c1f34b46b8414080d2011ebd299e
user13	389	49	1270708652595	0	0	c1f34b46b8414080d2011ebd299e
user13	394	49	1270708652603	0	0	c1f34b46b8414080d2011ebd299e
user13	397	49	1270708652611	0	0	c1f34b46b8414080d2011ebd299e
user13	403	49	1270708652619	0	0	c1f34b46b8414080d2011ebd299e
user13	404	50	1270708652627	0	0	c1f34b46b8414080d2011ebd299e
user13	407	50	1270708652635	0	0	c1f34b46b8414080d2011ebd299e
user13	408	51	1270708652643	0	0	c1f34b46b8414080d2011ebd299e
user13	409	51	1270708652651	0	0	c1f34b46b8414080d2011ebd299e
user13	409	51	1270708652835	1270708652715	1270708652835	c1f34b46b8414080d2011ebd299e
user13	714	296	1270708656023	0	0	c1f34b46b8414080d2011ebd299e
user13	712	296	1270708656039	0	0	c1f34b46b8414080d2011ebd299e
user13	711	296	1270708656043	0	0	c1f34b46b8414080d2011ebd299e
user13	708	296	1270708656051	0	0	c1f34b46b8414080d2011ebd299e
user13	707	296	1270708656059	0	0	c1f34b46b8414080d2011ebd299e
user13	706	296	1270708656067	0	0	c1f34b46b8414080d2011ebd299e
user13	704	296	1270708656075	0	0	c1f34b46b8414080d2011ebd299e
user13	704	297	1270708656411	0	0	c1f34b46b8414080d2011ebd299e
user13	703	296	1270708656419	0	0	c1f34b46b8414080d2011ebd299e
user13	702	295	1270708656427	0	0	c1f34b46b8414080d2011ebd299e
user13	699	292	1270708656435	0	0	c1f34b46b8414080d2011ebd299e
user13	693	288	1270708656443	0	0	c1f34b46b8414080d2011ebd299e
user13	682	283	1270708656451	0	0	c1f34b46b8414080d2011ebd299e
user13	671	280	1270708656459	0	0	c1f34b46b8414080d2011ebd299e
user13	653	272	1270708656467	0	0	c1f34b46b8414080d2011ebd299e
user13	638	266	1270708656475	0	0	c1f34b46b8414080d2011ebd299e
user13	623	258	1270708656483	0	0	c1f34b46b8414080d2011ebd299e
user13	612	253	1270708656491	0	0	c1f34b46b8414080d2011ebd299e
user13	603	247	1270708656499	0	0	c1f34b46b8414080d2011ebd299e
user13	598	242	1270708656508	0	0	c1f34b46b8414080d2011ebd299e
user13	594	237	1270708656515	0	0	c1f34b46b8414080d2011ebd299e
user13	592	233	1270708656523	0	0	c1f34b46b8414080d2011ebd299e
user13	591	229	1270708656532	0	0	c1f34b46b8414080d2011ebd299e
user13	589	228	1270708656539	0	0	c1f34b46b8414080d2011ebd299e
user13	589	227	1270708656547	0	0	c1f34b46b8414080d2011ebd299e
user13	588	225	1270708656555	0	0	c1f34b46b8414080d2011ebd299e
user13	586	221	1270708656563	0	0	c1f34b46b8414080d2011ebd299e
user13	586	220	1270708656572	0	0	c1f34b46b8414080d2011ebd299e
user13	585	217	1270708656579	0	0	c1f34b46b8414080d2011ebd299e
user13	583	214	1270708656587	0	0	c1f34b46b8414080d2011ebd299e
user13	582	213	1270708656603	0	0	c1f34b46b8414080d2011ebd299e
user13	582	212	1270708656619	0	0	c1f34b46b8414080d2011ebd299e
user13	580	212	1270708656627	0	0	c1f34b46b8414080d2011ebd299e
user13	579	211	1270708656699	0	0	c1f34b46b8414080d2011ebd299e
user13	579	210	1270708656707	0	0	c1f34b46b8414080d2011ebd299e
user13	578	209	1270708656715	0	0	c1f34b46b8414080d2011ebd299e
user13	577	208	1270708656723	0	0	c1f34b46b8414080d2011ebd299e
user13	577	206	1270708656731	0	0	c1f34b46b8414080d2011ebd299e
user13	577	204	1270708656747	0	0	c1f34b46b8414080d2011ebd299e
user13	577	203	1270708656755	0	0	c1f34b46b8414080d2011ebd299e
user13	576	202	1270708656773	0	0	c1f34b46b8414080d2011ebd299e
user13	575	202	1270708656851	0	0	c1f34b46b8414080d2011ebd299e
user13	575	201	1270708656875	0	0	c1f34b46b8414080d2011ebd299e
user13	575	201	1270708656924	1270708656820	1270708656924	c1f34b46b8414080d2011ebd299e
user13	574	201	1270708656988	0	0	c1f34b46b8414080d2011ebd299e
user13	574	200	1270708656995	0	0	c1f34b46b8414080d2011ebd299e
user13	578	205	1270708663595	0	0	c1f34b46b8414080d2011ebd299e
user13	579	206	1270708663603	0	0	c1f34b46b8414080d2011ebd299e
user13	584	212	1270708663611	0	0	c1f34b46b8414080d2011ebd299e
user13	588	218	1270708663619	0	0	c1f34b46b8414080d2011ebd299e
user13	593	223	1270708663627	0	0	c1f34b46b8414080d2011ebd299e
user13	596	226	1270708663635	0	0	c1f34b46b8414080d2011ebd299e
user13	597	229	1270708663643	0	0	c1f34b46b8414080d2011ebd299e
user13	598	230	1270708663651	0	0	c1f34b46b8414080d2011ebd299e
user13	599	229	1270708663691	0	0	c1f34b46b8414080d2011ebd299e
user13	599	230	1270708663963	0	0	c1f34b46b8414080d2011ebd299e
user13	599	230	1270708663971	1270708663875	1270708663971	c1f34b46b8414080d2011ebd299e
user13	599	232	1270708663980	0	0	c1f34b46b8414080d2011ebd299e
user13	599	231	1270708663987	0	0	c1f34b46b8414080d2011ebd299e
user13	599	232	1270708664019	0	0	c1f34b46b8414080d2011ebd299e
user13	599	233	1270708664027	0	0	c1f34b46b8414080d2011ebd299e
user13	599	234	1270708664035	0	0	c1f34b46b8414080d2011ebd299e
user13	599	235	1270708664043	0	0	c1f34b46b8414080d2011ebd299e
user13	599	236	1270708664051	0	0	c1f34b46b8414080d2011ebd299e
user13	599	237	1270708664059	0	0	c1f34b46b8414080d2011ebd299e
user13	600	239	1270708664067	0	0	c1f34b46b8414080d2011ebd299e
user13	600	239	1270708664299	1270708664203	1270708664299	c1f34b46b8414080d2011ebd299e
user13	731	256	1270708668331	0	0	c1f34b46b8414080d2011ebd299e
user13	725	254	1270708668339	0	0	c1f34b46b8414080d2011ebd299e
user13	720	250	1270708668347	0	0	c1f34b46b8414080d2011ebd299e
user13	711	245	1270708668355	0	0	c1f34b46b8414080d2011ebd299e
user13	706	243	1270708668363	0	0	c1f34b46b8414080d2011ebd299e
user13	701	240	1270708668371	0	0	c1f34b46b8414080d2011ebd299e
user13	698	238	1270708668379	0	0	c1f34b46b8414080d2011ebd299e
user13	695	237	1270708668387	0	0	c1f34b46b8414080d2011ebd299e
user13	693	236	1270708668395	0	0	c1f34b46b8414080d2011ebd299e
user13	691	236	1270708668403	0	0	c1f34b46b8414080d2011ebd299e
user13	691	235	1270708668411	0	0	c1f34b46b8414080d2011ebd299e
user13	690	234	1270708668419	0	0	c1f34b46b8414080d2011ebd299e
user13	690	236	1270708669292	0	0	c1f34b46b8414080d2011ebd299e
user13	690	238	1270708669299	0	0	c1f34b46b8414080d2011ebd299e
user13	690	241	1270708669307	0	0	c1f34b46b8414080d2011ebd299e
user13	688	243	1270708669315	0	0	c1f34b46b8414080d2011ebd299e
user13	686	245	1270708669324	0	0	c1f34b46b8414080d2011ebd299e
user13	685	245	1270708669331	0	0	c1f34b46b8414080d2011ebd299e
user13	682	246	1270708669340	0	0	c1f34b46b8414080d2011ebd299e
user13	682	247	1270708669371	0	0	c1f34b46b8414080d2011ebd299e
user13	681	247	1270708669379	0	0	c1f34b46b8414080d2011ebd299e
user13	679	249	1270708669395	0	0	c1f34b46b8414080d2011ebd299e
user13	679	248	1270708669427	0	0	c1f34b46b8414080d2011ebd299e
user13	679	247	1270708669459	0	0	c1f34b46b8414080d2011ebd299e
user13	678	247	1270708669467	0	0	c1f34b46b8414080d2011ebd299e
user13	678	249	1270708669475	0	0	c1f34b46b8414080d2011ebd299e
user13	678	251	1270708669483	0	0	c1f34b46b8414080d2011ebd299e
user13	680	253	1270708669491	0	0	c1f34b46b8414080d2011ebd299e
user13	681	253	1270708669499	0	0	c1f34b46b8414080d2011ebd299e
user13	681	254	1270708669507	0	0	c1f34b46b8414080d2011ebd299e
user13	682	255	1270708669555	0	0	c1f34b46b8414080d2011ebd299e
user13	682	256	1270708669563	0	0	c1f34b46b8414080d2011ebd299e
user13	683	257	1270708669571	0	0	c1f34b46b8414080d2011ebd299e
user13	687	259	1270708669579	0	0	c1f34b46b8414080d2011ebd299e
user13	690	260	1270708669587	0	0	c1f34b46b8414080d2011ebd299e
user13	692	262	1270708669596	0	0	c1f34b46b8414080d2011ebd299e
user13	693	262	1270708669603	0	0	c1f34b46b8414080d2011ebd299e
user13	697	263	1270708669611	0	0	c1f34b46b8414080d2011ebd299e
user13	699	265	1270708669619	0	0	c1f34b46b8414080d2011ebd299e
user13	702	266	1270708669627	0	0	c1f34b46b8414080d2011ebd299e
user13	705	266	1270708669635	0	0	c1f34b46b8414080d2011ebd299e
user13	708	266	1270708669643	0	0	c1f34b46b8414080d2011ebd299e
user13	710	267	1270708669651	0	0	c1f34b46b8414080d2011ebd299e
user13	712	267	1270708669659	0	0	c1f34b46b8414080d2011ebd299e
user13	713	268	1270708669667	0	0	c1f34b46b8414080d2011ebd299e
user13	714	268	1270708669675	0	0	c1f34b46b8414080d2011ebd299e
user13	713	266	1270708669731	0	0	c1f34b46b8414080d2011ebd299e
user13	712	266	1270708669739	0	0	c1f34b46b8414080d2011ebd299e
user13	712	265	1270708669755	0	0	c1f34b46b8414080d2011ebd299e
user13	711	264	1270708670011	0	0	c1f34b46b8414080d2011ebd299e
user13	709	261	1270708670019	0	0	c1f34b46b8414080d2011ebd299e
user13	706	255	1270708670027	0	0	c1f34b46b8414080d2011ebd299e
user13	701	251	1270708670035	0	0	c1f34b46b8414080d2011ebd299e
user13	688	241	1270708670043	0	0	c1f34b46b8414080d2011ebd299e
user13	669	230	1270708670051	0	0	c1f34b46b8414080d2011ebd299e
user13	650	218	1270708670060	0	0	c1f34b46b8414080d2011ebd299e
user13	624	203	1270708670067	0	0	c1f34b46b8414080d2011ebd299e
user13	609	199	1270708670075	0	0	c1f34b46b8414080d2011ebd299e
user13	596	190	1270708670083	0	0	c1f34b46b8414080d2011ebd299e
user13	583	183	1270708670091	0	0	c1f34b46b8414080d2011ebd299e
user13	574	176	1270708670099	0	0	c1f34b46b8414080d2011ebd299e
user13	567	170	1270708670107	0	0	c1f34b46b8414080d2011ebd299e
user13	560	163	1270708670115	0	0	c1f34b46b8414080d2011ebd299e
user13	557	158	1270708670123	0	0	c1f34b46b8414080d2011ebd299e
user13	554	153	1270708670131	0	0	c1f34b46b8414080d2011ebd299e
user13	552	150	1270708670139	0	0	c1f34b46b8414080d2011ebd299e
user13	551	148	1270708670148	0	0	c1f34b46b8414080d2011ebd299e
user13	551	145	1270708670155	0	0	c1f34b46b8414080d2011ebd299e
user13	551	140	1270708670163	0	0	c1f34b46b8414080d2011ebd299e
user13	551	137	1270708670171	0	0	c1f34b46b8414080d2011ebd299e
user13	551	136	1270708670179	0	0	c1f34b46b8414080d2011ebd299e
user13	551	132	1270708670187	0	0	c1f34b46b8414080d2011ebd299e
user13	552	128	1270708670195	0	0	c1f34b46b8414080d2011ebd299e
user13	552	125	1270708670203	0	0	c1f34b46b8414080d2011ebd299e
user13	552	121	1270708670211	0	0	c1f34b46b8414080d2011ebd299e
user13	552	120	1270708670219	0	0	c1f34b46b8414080d2011ebd299e
user13	552	118	1270708670227	0	0	c1f34b46b8414080d2011ebd299e
user13	552	115	1270708670235	0	0	c1f34b46b8414080d2011ebd299e
user13	552	110	1270708670243	0	0	c1f34b46b8414080d2011ebd299e
user13	551	108	1270708670251	0	0	c1f34b46b8414080d2011ebd299e
user13	551	102	1270708670259	0	0	c1f34b46b8414080d2011ebd299e
user13	551	98	1270708670267	0	0	c1f34b46b8414080d2011ebd299e
user13	551	95	1270708670275	0	0	c1f34b46b8414080d2011ebd299e
user13	551	93	1270708670283	0	0	c1f34b46b8414080d2011ebd299e
user13	551	91	1270708670291	0	0	c1f34b46b8414080d2011ebd299e
user13	551	90	1270708670299	0	0	c1f34b46b8414080d2011ebd299e
user13	551	88	1270708670307	0	0	c1f34b46b8414080d2011ebd299e
user13	551	85	1270708670315	0	0	c1f34b46b8414080d2011ebd299e
user13	552	84	1270708670323	0	0	c1f34b46b8414080d2011ebd299e
user13	553	81	1270708670331	0	0	c1f34b46b8414080d2011ebd299e
user13	553	80	1270708670339	0	0	c1f34b46b8414080d2011ebd299e
user13	555	78	1270708670347	0	0	c1f34b46b8414080d2011ebd299e
user13	556	76	1270708670355	0	0	c1f34b46b8414080d2011ebd299e
user13	556	75	1270708670363	0	0	c1f34b46b8414080d2011ebd299e
user13	559	73	1270708670371	0	0	c1f34b46b8414080d2011ebd299e
user13	559	71	1270708670379	0	0	c1f34b46b8414080d2011ebd299e
user13	561	70	1270708670387	0	0	c1f34b46b8414080d2011ebd299e
user13	562	68	1270708670396	0	0	c1f34b46b8414080d2011ebd299e
user13	563	66	1270708670403	0	0	c1f34b46b8414080d2011ebd299e
user13	565	65	1270708670419	0	0	c1f34b46b8414080d2011ebd299e
user13	567	64	1270708670435	0	0	c1f34b46b8414080d2011ebd299e
user13	568	63	1270708670443	0	0	c1f34b46b8414080d2011ebd299e
user13	569	62	1270708670451	0	0	c1f34b46b8414080d2011ebd299e
user13	570	60	1270708670459	0	0	c1f34b46b8414080d2011ebd299e
user13	571	60	1270708670467	0	0	c1f34b46b8414080d2011ebd299e
user13	572	58	1270708670483	0	0	c1f34b46b8414080d2011ebd299e
user13	574	58	1270708670499	0	0	c1f34b46b8414080d2011ebd299e
user13	574	57	1270708670507	0	0	c1f34b46b8414080d2011ebd299e
user13	575	57	1270708670523	0	0	c1f34b46b8414080d2011ebd299e
user13	577	55	1270708670539	0	0	c1f34b46b8414080d2011ebd299e
user13	578	55	1270708670555	0	0	c1f34b46b8414080d2011ebd299e
user13	578	54	1270708670563	0	0	c1f34b46b8414080d2011ebd299e
user13	578	54	1270708671484	1270708671355	1270708671484	c1f34b46b8414080d2011ebd299e
user13	497	49	1270709008518	0	0	c1f34b46b8414080d2011ebd299e
user13	497	52	1270709008525	0	0	c1f34b46b8414080d2011ebd299e
user13	497	59	1270709008533	0	0	c1f34b46b8414080d2011ebd299e
user13	501	69	1270709008541	0	0	c1f34b46b8414080d2011ebd299e
user13	506	80	1270709008549	0	0	c1f34b46b8414080d2011ebd299e
user13	514	91	1270709008557	0	0	c1f34b46b8414080d2011ebd299e
user13	530	104	1270709008565	0	0	c1f34b46b8414080d2011ebd299e
user13	550	121	1270709008573	0	0	c1f34b46b8414080d2011ebd299e
user13	574	135	1270709008581	0	0	c1f34b46b8414080d2011ebd299e
user13	607	159	1270709008589	0	0	c1f34b46b8414080d2011ebd299e
user13	628	173	1270709008597	0	0	c1f34b46b8414080d2011ebd299e
user13	647	183	1270709008606	0	0	c1f34b46b8414080d2011ebd299e
user13	658	191	1270709008613	0	0	c1f34b46b8414080d2011ebd299e
user13	668	196	1270709008621	0	0	c1f34b46b8414080d2011ebd299e
user13	675	201	1270709008629	0	0	c1f34b46b8414080d2011ebd299e
user13	681	207	1270709008637	0	0	c1f34b46b8414080d2011ebd299e
user13	683	209	1270709008645	0	0	c1f34b46b8414080d2011ebd299e
user13	683	210	1270709008653	0	0	c1f34b46b8414080d2011ebd299e
user13	683	211	1270709008661	0	0	c1f34b46b8414080d2011ebd299e
user13	684	209	1270709008797	0	0	c1f34b46b8414080d2011ebd299e
user13	683	208	1270709008805	0	0	c1f34b46b8414080d2011ebd299e
user13	683	206	1270709008813	0	0	c1f34b46b8414080d2011ebd299e
user13	682	203	1270709008821	0	0	c1f34b46b8414080d2011ebd299e
user13	681	200	1270709008829	0	0	c1f34b46b8414080d2011ebd299e
user13	680	195	1270709008837	0	0	c1f34b46b8414080d2011ebd299e
user13	679	193	1270709008845	0	0	c1f34b46b8414080d2011ebd299e
user13	677	189	1270709008853	0	0	c1f34b46b8414080d2011ebd299e
user13	677	186	1270709008861	0	0	c1f34b46b8414080d2011ebd299e
user13	675	181	1270709008869	0	0	c1f34b46b8414080d2011ebd299e
user13	673	178	1270709008877	0	0	c1f34b46b8414080d2011ebd299e
user13	672	176	1270709008885	0	0	c1f34b46b8414080d2011ebd299e
user13	671	173	1270709008893	0	0	c1f34b46b8414080d2011ebd299e
user13	670	172	1270709008901	0	0	c1f34b46b8414080d2011ebd299e
user13	670	171	1270709008909	0	0	c1f34b46b8414080d2011ebd299e
user13	669	169	1270709008917	0	0	c1f34b46b8414080d2011ebd299e
user13	669	168	1270709008933	0	0	c1f34b46b8414080d2011ebd299e
user13	669	166	1270709008973	0	0	c1f34b46b8414080d2011ebd299e
user13	669	165	1270709008989	0	0	c1f34b46b8414080d2011ebd299e
user13	669	164	1270709009005	0	0	c1f34b46b8414080d2011ebd299e
user13	669	163	1270709009013	0	0	c1f34b46b8414080d2011ebd299e
user13	669	162	1270709009037	0	0	c1f34b46b8414080d2011ebd299e
user13	669	162	1270709009205	1270709009109	1270709009205	c1f34b46b8414080d2011ebd299e
user13	677	171	1270709010877	1270709010741	1270709010877	c1f34b46b8414080d2011ebd299e
user13	677	171	1270709011853	1270709011742	1270709011853	c1f34b46b8414080d2011ebd299e
user13	677	170	1270709012437	0	0	c1f34b46b8414080d2011ebd299e
user13	677	170	1270709013093	1270709012973	1270709013093	c1f34b46b8414080d2011ebd299e
